date,count,cumulative,package
2016-01-09,5,5,ggrepel
2016-01-10,42,47,ggrepel
2016-01-11,106,153,ggrepel
2016-01-12,151,304,ggrepel
2016-01-13,155,459,ggrepel
2016-01-14,99,558,ggrepel
2016-01-15,102,660,ggrepel
2016-01-16,23,683,ggrepel
2016-01-17,40,723,ggrepel
2016-01-18,67,790,ggrepel
2016-01-19,77,867,ggrepel
2016-01-20,55,922,ggrepel
2016-01-21,68,990,ggrepel
2016-01-22,67,1057,ggrepel
2016-01-23,33,1090,ggrepel
2016-01-24,42,1132,ggrepel
2016-01-25,120,1252,ggrepel
2016-01-26,84,1336,ggrepel
2016-01-27,73,1409,ggrepel
2016-01-28,81,1490,ggrepel
2016-01-29,57,1547,ggrepel
2016-01-30,45,1592,ggrepel
2016-01-31,38,1630,ggrepel
2016-02-01,73,1703,ggrepel
2016-02-02,82,1785,ggrepel
2016-02-03,155,1940,ggrepel
2016-02-04,72,2012,ggrepel
2016-02-05,99,2111,ggrepel
2016-02-06,81,2192,ggrepel
2016-02-07,65,2257,ggrepel
2016-02-08,185,2442,ggrepel
2016-02-09,187,2629,ggrepel
2016-02-10,163,2792,ggrepel
2016-02-11,142,2934,ggrepel
2016-02-12,131,3065,ggrepel
2016-02-13,56,3121,ggrepel
2016-02-14,62,3183,ggrepel
2016-02-15,125,3308,ggrepel
2016-02-16,175,3483,ggrepel
2016-02-17,130,3613,ggrepel
2016-02-18,133,3746,ggrepel
2016-02-19,109,3855,ggrepel
2016-02-20,85,3940,ggrepel
2016-02-21,72,4012,ggrepel
2016-02-22,144,4156,ggrepel
2016-02-23,120,4276,ggrepel
2016-02-24,108,4384,ggrepel
2016-02-25,130,4514,ggrepel
2016-02-26,145,4659,ggrepel
2016-02-27,56,4715,ggrepel
2016-02-28,47,4762,ggrepel
2016-02-29,129,4891,ggrepel
2016-03-01,142,5033,ggrepel
2016-03-02,137,5170,ggrepel
2016-03-03,117,5287,ggrepel
2016-03-04,100,5387,ggrepel
2016-03-05,66,5453,ggrepel
2016-03-06,60,5513,ggrepel
2016-03-07,149,5662,ggrepel
2016-03-08,151,5813,ggrepel
2016-03-09,104,5917,ggrepel
2016-03-10,129,6046,ggrepel
2016-03-11,92,6138,ggrepel
2016-03-12,42,6180,ggrepel
2016-03-13,38,6218,ggrepel
2016-03-14,122,6340,ggrepel
2016-03-15,121,6461,ggrepel
2016-03-16,117,6578,ggrepel
2016-03-17,144,6722,ggrepel
2016-03-18,95,6817,ggrepel
2016-03-19,40,6857,ggrepel
2016-03-20,82,6939,ggrepel
2016-03-21,90,7029,ggrepel
2016-03-22,124,7153,ggrepel
2016-03-23,102,7255,ggrepel
2016-03-24,97,7352,ggrepel
2016-03-25,74,7426,ggrepel
2016-03-26,42,7468,ggrepel
2016-03-27,55,7523,ggrepel
2016-03-28,154,7677,ggrepel
2016-03-29,182,7859,ggrepel
2016-03-30,146,8005,ggrepel
2016-03-31,117,8122,ggrepel
2016-04-01,103,8225,ggrepel
2016-04-02,55,8280,ggrepel
2016-04-03,71,8351,ggrepel
2016-04-04,127,8478,ggrepel
2016-04-05,164,8642,ggrepel
2016-04-06,178,8820,ggrepel
2016-04-07,135,8955,ggrepel
2016-04-08,114,9069,ggrepel
2016-04-09,64,9133,ggrepel
2016-04-10,71,9204,ggrepel
2016-04-11,139,9343,ggrepel
2016-04-12,214,9557,ggrepel
2016-04-13,174,9731,ggrepel
2016-04-14,96,9827,ggrepel
2016-04-15,108,9935,ggrepel
2016-04-16,47,9982,ggrepel
2016-04-17,84,10066,ggrepel
2016-04-18,150,10216,ggrepel
2016-04-19,152,10368,ggrepel
2016-04-20,169,10537,ggrepel
2016-04-21,112,10649,ggrepel
2016-04-22,119,10768,ggrepel
2016-04-23,68,10836,ggrepel
2016-04-24,74,10910,ggrepel
2016-04-25,128,11038,ggrepel
2016-04-26,136,11174,ggrepel
2016-04-27,211,11385,ggrepel
2016-04-28,264,11649,ggrepel
2016-04-29,126,11775,ggrepel
2016-04-30,66,11841,ggrepel
2016-05-01,74,11915,ggrepel
2016-05-02,132,12047,ggrepel
2016-05-03,194,12241,ggrepel
2016-05-04,216,12457,ggrepel
2016-05-05,197,12654,ggrepel
2016-05-06,148,12802,ggrepel
2016-05-07,78,12880,ggrepel
2016-05-08,86,12966,ggrepel
2016-05-09,240,13206,ggrepel
2016-05-10,198,13404,ggrepel
2016-05-11,221,13625,ggrepel
2016-05-12,206,13831,ggrepel
2016-05-13,154,13985,ggrepel
2016-05-14,121,14106,ggrepel
2016-05-15,71,14177,ggrepel
2016-05-16,205,14382,ggrepel
2016-05-17,221,14603,ggrepel
2016-05-18,233,14836,ggrepel
2016-05-19,194,15030,ggrepel
2016-05-20,163,15193,ggrepel
2016-05-21,75,15268,ggrepel
2016-05-22,80,15348,ggrepel
2016-05-23,194,15542,ggrepel
2016-05-24,209,15751,ggrepel
2016-05-25,259,16010,ggrepel
2016-05-26,192,16202,ggrepel
2016-05-27,171,16373,ggrepel
2016-05-28,79,16452,ggrepel
2016-05-29,67,16519,ggrepel
2016-05-30,199,16718,ggrepel
2016-05-31,209,16927,ggrepel
2016-06-01,203,17130,ggrepel
2016-06-02,260,17390,ggrepel
2016-06-03,272,17662,ggrepel
2016-06-04,98,17760,ggrepel
2016-06-05,99,17859,ggrepel
2016-06-06,223,18082,ggrepel
2016-06-07,196,18278,ggrepel
2016-06-08,248,18526,ggrepel
2016-06-09,211,18737,ggrepel
2016-06-10,191,18928,ggrepel
2016-06-11,79,19007,ggrepel
2016-06-12,109,19116,ggrepel
2016-06-13,182,19298,ggrepel
2016-06-14,260,19558,ggrepel
2016-06-15,240,19798,ggrepel
2016-06-16,209,20007,ggrepel
2016-06-17,210,20217,ggrepel
2016-06-18,100,20317,ggrepel
2016-06-19,88,20405,ggrepel
2016-06-20,217,20622,ggrepel
2016-06-21,240,20862,ggrepel
2016-06-22,251,21113,ggrepel
2016-06-23,245,21358,ggrepel
2016-06-24,163,21521,ggrepel
2016-06-25,139,21660,ggrepel
2016-06-26,113,21773,ggrepel
2016-06-27,217,21990,ggrepel
2016-06-28,306,22296,ggrepel
2016-06-29,268,22564,ggrepel
2016-06-30,354,22918,ggrepel
2016-07-01,257,23175,ggrepel
2016-07-02,123,23298,ggrepel
2016-07-03,107,23405,ggrepel
2016-07-04,247,23652,ggrepel
2016-07-05,333,23985,ggrepel
2016-07-06,210,24195,ggrepel
2016-07-07,234,24429,ggrepel
2016-07-08,225,24654,ggrepel
2016-07-09,170,24824,ggrepel
2016-07-10,232,25056,ggrepel
2016-07-11,287,25343,ggrepel
2016-07-12,252,25595,ggrepel
2016-07-13,216,25811,ggrepel
2016-07-14,210,26021,ggrepel
2016-07-15,173,26194,ggrepel
2016-07-16,84,26278,ggrepel
2016-07-17,115,26393,ggrepel
2016-07-18,183,26576,ggrepel
2016-07-19,229,26805,ggrepel
2016-07-20,209,27014,ggrepel
2016-07-21,238,27252,ggrepel
2016-07-22,189,27441,ggrepel
2016-07-23,90,27531,ggrepel
2016-07-24,80,27611,ggrepel
2016-07-25,241,27852,ggrepel
2016-07-26,227,28079,ggrepel
2016-07-27,245,28324,ggrepel
2016-07-28,217,28541,ggrepel
2016-07-29,265,28806,ggrepel
2016-07-30,113,28919,ggrepel
2016-07-31,108,29027,ggrepel
2016-08-01,254,29281,ggrepel
2016-08-02,278,29559,ggrepel
2016-08-03,242,29801,ggrepel
2016-08-04,231,30032,ggrepel
2016-08-05,231,30263,ggrepel
2016-08-06,86,30349,ggrepel
2016-08-07,127,30476,ggrepel
2016-08-08,232,30708,ggrepel
2016-08-09,217,30925,ggrepel
2016-08-10,321,31246,ggrepel
2016-08-11,287,31533,ggrepel
2016-08-12,260,31793,ggrepel
2016-08-13,97,31890,ggrepel
2016-08-14,110,32000,ggrepel
2016-08-15,266,32266,ggrepel
2016-08-16,312,32578,ggrepel
2016-08-17,271,32849,ggrepel
2016-08-18,293,33142,ggrepel
2016-08-19,221,33363,ggrepel
2016-08-20,115,33478,ggrepel
2016-08-21,108,33586,ggrepel
2016-08-22,239,33825,ggrepel
2016-08-23,266,34091,ggrepel
2016-08-24,282,34373,ggrepel
2016-08-25,317,34690,ggrepel
2016-08-26,234,34924,ggrepel
2016-08-27,78,35002,ggrepel
2016-08-28,106,35108,ggrepel
2016-08-29,266,35374,ggrepel
2016-08-30,211,35585,ggrepel
2016-08-31,215,35800,ggrepel
2016-09-01,264,36064,ggrepel
2016-09-02,202,36266,ggrepel
2016-09-03,89,36355,ggrepel
2016-09-04,96,36451,ggrepel
2016-09-05,209,36660,ggrepel
2016-09-06,264,36924,ggrepel
2016-09-07,321,37245,ggrepel
2016-09-08,315,37560,ggrepel
2016-09-09,256,37816,ggrepel
2016-09-10,129,37945,ggrepel
2016-09-11,124,38069,ggrepel
2016-09-12,300,38369,ggrepel
2016-09-13,330,38699,ggrepel
2016-09-14,259,38958,ggrepel
2016-09-15,268,39226,ggrepel
2016-09-16,261,39487,ggrepel
2016-09-17,91,39578,ggrepel
2016-09-18,109,39687,ggrepel
2016-09-19,382,40069,ggrepel
2016-09-20,371,40440,ggrepel
2016-09-21,359,40799,ggrepel
2016-09-22,498,41297,ggrepel
2016-09-23,316,41613,ggrepel
2016-09-24,171,41784,ggrepel
2016-09-25,173,41957,ggrepel
2016-09-26,316,42273,ggrepel
2016-09-27,425,42698,ggrepel
2016-09-28,391,43089,ggrepel
2016-09-29,346,43435,ggrepel
2016-09-30,242,43677,ggrepel
2016-10-01,152,43829,ggrepel
2016-10-02,133,43962,ggrepel
2016-10-03,350,44312,ggrepel
2016-10-04,331,44643,ggrepel
2016-10-05,389,45032,ggrepel
2016-10-06,461,45493,ggrepel
2016-10-07,326,45819,ggrepel
2016-10-08,121,45940,ggrepel
2016-10-09,166,46106,ggrepel
2016-10-10,367,46473,ggrepel
2016-10-11,435,46908,ggrepel
2016-10-12,533,47441,ggrepel
2016-10-13,520,47961,ggrepel
2016-10-14,414,48375,ggrepel
2016-10-15,166,48541,ggrepel
2016-10-16,177,48718,ggrepel
2016-10-17,411,49129,ggrepel
2016-10-18,516,49645,ggrepel
2016-10-19,420,50065,ggrepel
2016-10-20,1034,51099,ggrepel
2016-10-21,908,52007,ggrepel
2016-10-22,356,52363,ggrepel
2016-10-23,322,52685,ggrepel
2016-10-24,763,53448,ggrepel
2016-10-25,725,54173,ggrepel
2016-10-26,783,54956,ggrepel
2016-10-27,855,55811,ggrepel
2016-10-28,541,56352,ggrepel
2016-10-29,261,56613,ggrepel
2016-10-30,224,56837,ggrepel
2016-10-31,570,57407,ggrepel
2016-11-01,531,57938,ggrepel
2016-11-02,824,58762,ggrepel
2016-11-03,642,59404,ggrepel
2016-11-04,585,59989,ggrepel
2016-11-05,280,60269,ggrepel
2016-11-06,285,60554,ggrepel
2016-11-07,635,61189,ggrepel
2016-11-08,675,61864,ggrepel
2016-11-09,594,62458,ggrepel
2016-11-10,693,63151,ggrepel
2016-11-11,503,63654,ggrepel
2016-11-12,316,63970,ggrepel
2016-11-13,337,64307,ggrepel
2016-11-14,745,65052,ggrepel
2016-11-15,758,65810,ggrepel
2016-11-16,851,66661,ggrepel
2016-11-17,745,67406,ggrepel
2016-11-18,627,68033,ggrepel
2016-11-19,254,68287,ggrepel
2016-11-20,312,68599,ggrepel
2016-11-21,632,69231,ggrepel
2016-11-22,736,69967,ggrepel
2016-11-23,592,70559,ggrepel
2016-11-24,1674,72233,ggrepel
2016-11-25,1155,73388,ggrepel
2016-11-26,444,73832,ggrepel
2016-11-27,484,74316,ggrepel
2016-11-28,1139,75455,ggrepel
2016-11-29,970,76425,ggrepel
2016-11-30,928,77353,ggrepel
2016-12-01,845,78198,ggrepel
2016-12-02,829,79027,ggrepel
2016-12-03,354,79381,ggrepel
2016-12-04,375,79756,ggrepel
2016-12-05,856,80612,ggrepel
2016-12-06,747,81359,ggrepel
2016-12-07,879,82238,ggrepel
2016-12-08,746,82984,ggrepel
2016-12-09,764,83748,ggrepel
2016-12-10,397,84145,ggrepel
2016-12-11,353,84498,ggrepel
2016-12-12,905,85403,ggrepel
2016-12-13,758,86161,ggrepel
2016-12-14,643,86804,ggrepel
2016-12-15,775,87579,ggrepel
2016-12-16,572,88151,ggrepel
2016-12-17,256,88407,ggrepel
2016-12-18,254,88661,ggrepel
2016-12-19,532,89193,ggrepel
2016-12-20,539,89732,ggrepel
2016-12-21,586,90318,ggrepel
2016-12-22,455,90773,ggrepel
2016-12-23,279,91052,ggrepel
2016-12-24,189,91241,ggrepel
2016-12-25,160,91401,ggrepel
2016-12-26,210,91611,ggrepel
2016-12-27,321,91932,ggrepel
2016-12-28,279,92211,ggrepel
2016-12-29,315,92526,ggrepel
2016-12-30,224,92750,ggrepel
2016-12-31,136,92886,ggrepel
2017-01-01,145,93031,ggrepel
2017-01-02,305,93336,ggrepel
2017-01-03,447,93783,ggrepel
2017-01-04,532,94315,ggrepel
2017-01-05,504,94819,ggrepel
2017-01-06,462,95281,ggrepel
2017-01-07,236,95517,ggrepel
2017-01-08,226,95743,ggrepel
2017-01-09,542,96285,ggrepel
2017-01-10,541,96826,ggrepel
2017-01-11,620,97446,ggrepel
2017-01-12,622,98068,ggrepel
2017-01-13,516,98584,ggrepel
2017-01-14,250,98834,ggrepel
2017-01-15,383,99217,ggrepel
2017-01-16,695,99912,ggrepel
2017-01-17,649,100561,ggrepel
2017-01-18,716,101277,ggrepel
2017-01-19,712,101989,ggrepel
2017-01-20,513,102502,ggrepel
2017-01-21,278,102780,ggrepel
2017-01-22,252,103032,ggrepel
2017-01-23,624,103656,ggrepel
2017-01-24,631,104287,ggrepel
2017-01-25,629,104916,ggrepel
2017-01-26,681,105597,ggrepel
2017-01-27,606,106203,ggrepel
2017-01-28,242,106445,ggrepel
2017-01-29,331,106776,ggrepel
2017-01-30,603,107379,ggrepel
2017-01-31,737,108116,ggrepel
2017-02-01,684,108800,ggrepel
2017-02-02,627,109427,ggrepel
2017-02-03,704,110131,ggrepel
2017-02-04,302,110433,ggrepel
2017-02-05,250,110683,ggrepel
2017-02-06,765,111448,ggrepel
2017-02-07,693,112141,ggrepel
2017-02-08,757,112898,ggrepel
2017-02-09,945,113843,ggrepel
2017-02-10,693,114536,ggrepel
2017-02-11,279,114815,ggrepel
2017-02-12,309,115124,ggrepel
2017-02-13,774,115898,ggrepel
2017-02-14,785,116683,ggrepel
2017-02-15,761,117444,ggrepel
2017-02-16,696,118140,ggrepel
2017-02-17,662,118802,ggrepel
2017-02-18,306,119108,ggrepel
2017-02-19,253,119361,ggrepel
2017-02-20,744,120105,ggrepel
2017-02-21,766,120871,ggrepel
2017-02-22,796,121667,ggrepel
2017-02-23,752,122419,ggrepel
2017-02-24,686,123105,ggrepel
2017-02-25,316,123421,ggrepel
2017-02-26,338,123759,ggrepel
2017-02-27,693,124452,ggrepel
2017-02-28,744,125196,ggrepel
2017-03-01,497,125693,ggrepel
2017-03-02,886,126579,ggrepel
2017-03-03,656,127235,ggrepel
2017-03-04,378,127613,ggrepel
2017-03-05,357,127970,ggrepel
2017-03-06,712,128682,ggrepel
2017-03-07,799,129481,ggrepel
2017-03-08,689,130170,ggrepel
2017-03-09,776,130946,ggrepel
2017-03-10,678,131624,ggrepel
2017-03-11,349,131973,ggrepel
2017-03-12,349,132322,ggrepel
2017-03-13,708,133030,ggrepel
2017-03-14,700,133730,ggrepel
2017-03-15,759,134489,ggrepel
2017-03-16,748,135237,ggrepel
2017-03-17,662,135899,ggrepel
2017-03-18,311,136210,ggrepel
2017-03-19,337,136547,ggrepel
2017-03-20,766,137313,ggrepel
2017-03-21,901,138214,ggrepel
2017-03-22,766,138980,ggrepel
2017-03-23,901,139881,ggrepel
2017-03-24,745,140626,ggrepel
2017-03-25,426,141052,ggrepel
2017-03-26,454,141506,ggrepel
2017-03-27,826,142332,ggrepel
2017-03-28,853,143185,ggrepel
2017-03-29,750,143935,ggrepel
2017-03-30,743,144678,ggrepel
2017-03-31,725,145403,ggrepel
2017-04-01,425,145828,ggrepel
2017-04-02,343,146171,ggrepel
2017-04-03,711,146882,ggrepel
2017-04-04,868,147750,ggrepel
2017-04-05,811,148561,ggrepel
2017-04-06,792,149353,ggrepel
2017-04-07,739,150092,ggrepel
2017-04-08,306,150398,ggrepel
2017-04-09,362,150760,ggrepel
2017-04-10,733,151493,ggrepel
2017-04-11,752,152245,ggrepel
2017-04-12,672,152917,ggrepel
2017-04-13,661,153578,ggrepel
2017-04-14,512,154090,ggrepel
2017-04-15,273,154363,ggrepel
2017-04-16,262,154625,ggrepel
2017-04-17,487,155112,ggrepel
2017-04-18,831,155943,ggrepel
2017-04-19,787,156730,ggrepel
2017-04-20,762,157492,ggrepel
2017-04-21,775,158267,ggrepel
2017-04-22,333,158600,ggrepel
2017-04-23,389,158989,ggrepel
2017-04-24,1020,160009,ggrepel
2017-04-25,1130,161139,ggrepel
2017-04-26,1001,162140,ggrepel
2017-04-27,1010,163150,ggrepel
2017-04-28,720,163870,ggrepel
2017-04-29,347,164217,ggrepel
2017-04-30,400,164617,ggrepel
2017-05-01,646,165263,ggrepel
2017-05-02,914,166177,ggrepel
2017-05-03,949,167126,ggrepel
2017-05-04,851,167977,ggrepel
2017-05-05,756,168733,ggrepel
2017-05-06,356,169089,ggrepel
2017-05-07,364,169453,ggrepel
2017-05-08,871,170324,ggrepel
2017-05-09,909,171233,ggrepel
2017-05-10,846,172079,ggrepel
2017-05-11,897,172976,ggrepel
2017-05-12,701,173677,ggrepel
2017-05-13,318,173995,ggrepel
2017-05-14,332,174327,ggrepel
2017-05-15,885,175212,ggrepel
2017-05-16,1108,176320,ggrepel
2017-05-17,956,177276,ggrepel
2017-05-18,788,178064,ggrepel
2017-05-19,739,178803,ggrepel
2017-05-20,316,179119,ggrepel
2017-05-21,310,179429,ggrepel
2017-05-22,721,180150,ggrepel
2017-05-23,887,181037,ggrepel
2017-05-24,944,181981,ggrepel
2017-05-25,714,182695,ggrepel
2017-05-26,729,183424,ggrepel
2017-05-27,294,183718,ggrepel
2017-05-28,303,184021,ggrepel
2017-05-29,613,184634,ggrepel
2017-05-30,757,185391,ggrepel
2017-05-31,777,186168,ggrepel
2017-06-01,767,186935,ggrepel
2017-06-02,647,187582,ggrepel
2017-06-03,298,187880,ggrepel
2017-06-04,315,188195,ggrepel
2017-06-05,687,188882,ggrepel
2017-06-06,799,189681,ggrepel
2017-06-07,726,190407,ggrepel
2017-06-08,781,191188,ggrepel
2017-06-09,795,191983,ggrepel
2017-06-10,362,192345,ggrepel
2017-06-11,307,192652,ggrepel
2017-06-12,738,193390,ggrepel
2017-06-13,750,194140,ggrepel
2017-06-14,751,194891,ggrepel
2017-06-15,871,195762,ggrepel
2017-06-16,684,196446,ggrepel
2017-06-17,316,196762,ggrepel
2017-06-18,290,197052,ggrepel
2017-06-19,701,197753,ggrepel
2017-06-20,749,198502,ggrepel
2017-06-21,824,199326,ggrepel
2017-06-22,736,200062,ggrepel
2017-06-23,619,200681,ggrepel
2017-06-24,278,200959,ggrepel
2017-06-25,278,201237,ggrepel
2017-06-26,663,201900,ggrepel
2017-06-27,738,202638,ggrepel
2017-06-28,831,203469,ggrepel
2017-06-29,744,204213,ggrepel
2017-06-30,727,204940,ggrepel
2017-07-01,303,205243,ggrepel
2017-07-02,245,205488,ggrepel
2017-07-03,598,206086,ggrepel
2017-07-04,555,206641,ggrepel
2017-07-05,695,207336,ggrepel
2017-07-06,860,208196,ggrepel
2017-07-07,707,208903,ggrepel
2017-07-08,326,209229,ggrepel
2017-07-09,323,209552,ggrepel
2017-07-10,724,210276,ggrepel
2017-07-11,790,211066,ggrepel
2017-07-12,750,211816,ggrepel
2017-07-13,699,212515,ggrepel
2017-07-14,646,213161,ggrepel
2017-07-15,264,213425,ggrepel
2017-07-16,272,213697,ggrepel
2017-07-17,642,214339,ggrepel
2017-07-18,828,215167,ggrepel
2017-07-19,875,216042,ggrepel
2017-07-20,787,216829,ggrepel
2017-07-21,699,217528,ggrepel
2017-07-22,296,217824,ggrepel
2017-07-23,313,218137,ggrepel
2017-07-24,750,218887,ggrepel
2017-07-25,706,219593,ggrepel
2017-07-26,778,220371,ggrepel
2017-07-27,804,221175,ggrepel
2017-07-28,698,221873,ggrepel
2017-07-29,260,222133,ggrepel
2017-07-30,303,222436,ggrepel
2017-07-31,703,223139,ggrepel
2017-08-01,815,223954,ggrepel
2017-08-02,874,224828,ggrepel
2017-08-03,821,225649,ggrepel
2017-08-04,619,226268,ggrepel
2017-08-05,259,226527,ggrepel
2017-08-06,248,226775,ggrepel
2017-08-07,656,227431,ggrepel
2017-08-08,747,228178,ggrepel
2017-08-09,759,228937,ggrepel
2017-08-10,807,229744,ggrepel
2017-08-11,732,230476,ggrepel
2017-08-12,263,230739,ggrepel
2017-08-13,270,231009,ggrepel
2017-08-14,650,231659,ggrepel
2017-08-15,649,232308,ggrepel
2017-08-16,749,233057,ggrepel
2017-08-17,734,233791,ggrepel
2017-08-18,725,234516,ggrepel
2017-08-19,270,234786,ggrepel
2017-08-20,306,235092,ggrepel
2017-08-21,700,235792,ggrepel
2017-08-22,824,236616,ggrepel
2017-08-23,873,237489,ggrepel
2017-08-24,866,238355,ggrepel
2017-08-25,705,239060,ggrepel
2017-08-26,320,239380,ggrepel
2017-08-27,294,239674,ggrepel
2017-08-28,809,240483,ggrepel
2017-08-29,932,241415,ggrepel
2017-08-30,851,242266,ggrepel
2017-08-31,826,243092,ggrepel
2017-09-01,694,243786,ggrepel
2017-09-02,339,244125,ggrepel
2017-09-03,329,244454,ggrepel
2017-09-04,676,245130,ggrepel
2017-09-05,870,246000,ggrepel
2017-09-06,896,246896,ggrepel
2017-09-07,943,247839,ggrepel
2017-09-08,701,248540,ggrepel
2017-09-09,336,248876,ggrepel
2017-09-10,347,249223,ggrepel
2017-09-11,943,250166,ggrepel
2017-09-12,996,251162,ggrepel
2017-09-13,1196,252358,ggrepel
2017-09-14,1094,253452,ggrepel
2017-09-15,862,254314,ggrepel
2017-09-16,422,254736,ggrepel
2017-09-17,428,255164,ggrepel
2017-09-18,916,256080,ggrepel
2017-09-19,978,257058,ggrepel
2017-09-20,1165,258223,ggrepel
2017-09-21,880,259103,ggrepel
2017-09-22,845,259948,ggrepel
2017-09-23,422,260370,ggrepel
2017-09-24,413,260783,ggrepel
2017-09-25,975,261758,ggrepel
2017-09-26,1047,262805,ggrepel
2017-09-27,1113,263918,ggrepel
2017-09-28,896,264814,ggrepel
2017-09-29,931,265745,ggrepel
2017-09-30,1822,267567,ggrepel
2017-10-01,1009,268576,ggrepel
2017-10-02,2093,270669,ggrepel
2017-10-03,1830,272499,ggrepel
2017-10-04,1916,274415,ggrepel
2017-10-05,1662,276077,ggrepel
2017-10-06,1400,277477,ggrepel
2017-10-07,726,278203,ggrepel
2017-10-08,710,278913,ggrepel
2017-10-09,1533,280446,ggrepel
2017-10-10,1879,282325,ggrepel
2017-10-11,1785,284110,ggrepel
2017-10-12,1557,285667,ggrepel
2017-10-13,1310,286977,ggrepel
2017-10-14,692,287669,ggrepel
2017-10-15,669,288338,ggrepel
2017-10-16,1624,289962,ggrepel
2017-10-17,1675,291637,ggrepel
2017-10-18,1394,293031,ggrepel
2017-10-19,1534,294565,ggrepel
2017-10-20,1334,295899,ggrepel
2017-10-21,638,296537,ggrepel
2017-10-22,750,297287,ggrepel
2017-10-23,1590,298877,ggrepel
2017-10-24,1679,300556,ggrepel
2017-10-25,1708,302264,ggrepel
2017-10-26,1650,303914,ggrepel
2017-10-27,1447,305361,ggrepel
2017-10-28,595,305956,ggrepel
2017-10-29,701,306657,ggrepel
2017-10-30,1473,308130,ggrepel
2017-10-31,1592,309722,ggrepel
2017-11-01,1461,311183,ggrepel
2017-11-02,1579,312762,ggrepel
2017-11-03,1391,314153,ggrepel
2017-11-04,658,314811,ggrepel
2017-11-05,728,315539,ggrepel
2017-11-06,1581,317120,ggrepel
2017-11-07,1577,318697,ggrepel
2017-11-08,1616,320313,ggrepel
2017-11-09,1780,322093,ggrepel
2017-11-10,1389,323482,ggrepel
2017-11-11,653,324135,ggrepel
2017-11-12,758,324893,ggrepel
2017-11-13,1634,326527,ggrepel
2017-11-14,1896,328423,ggrepel
2017-11-15,1552,329975,ggrepel
2017-11-16,1833,331808,ggrepel
2017-11-17,1413,333221,ggrepel
2017-11-18,674,333895,ggrepel
2017-11-19,693,334588,ggrepel
2017-11-20,1576,336164,ggrepel
2017-11-21,1768,337932,ggrepel
2017-11-22,1527,339459,ggrepel
2017-11-23,1259,340718,ggrepel
2017-11-24,1155,341873,ggrepel
2017-11-25,650,342523,ggrepel
2017-11-26,753,343276,ggrepel
2017-11-27,1719,344995,ggrepel
2017-11-28,1742,346737,ggrepel
2017-11-29,1715,348452,ggrepel
2017-11-30,1560,350012,ggrepel
2017-12-01,1449,351461,ggrepel
2017-12-02,719,352180,ggrepel
2017-12-03,814,352994,ggrepel
2017-12-04,1577,354571,ggrepel
2017-12-05,1762,356333,ggrepel
2017-12-06,1599,357932,ggrepel
2017-12-07,1541,359473,ggrepel
2017-12-08,1231,360704,ggrepel
2017-12-09,690,361394,ggrepel
2017-12-10,677,362071,ggrepel
2017-12-11,1593,363664,ggrepel
2017-12-12,1537,365201,ggrepel
2017-12-13,1530,366731,ggrepel
2017-12-14,1685,368416,ggrepel
2017-12-15,1406,369822,ggrepel
2017-12-16,700,370522,ggrepel
2017-12-17,579,371101,ggrepel
2017-12-18,1453,372554,ggrepel
2017-12-19,1322,373876,ggrepel
2017-12-20,1588,375464,ggrepel
2017-12-21,1256,376720,ggrepel
2017-12-22,1035,377755,ggrepel
2017-12-23,404,378159,ggrepel
2017-12-24,336,378495,ggrepel
2017-12-25,380,378875,ggrepel
2017-12-26,519,379394,ggrepel
2017-12-27,643,380037,ggrepel
2017-12-28,707,380744,ggrepel
2017-12-29,577,381321,ggrepel
2017-12-30,382,381703,ggrepel
2017-12-31,283,381986,ggrepel
2018-01-01,286,382272,ggrepel
2018-01-02,861,383133,ggrepel
2018-01-03,1061,384194,ggrepel
2018-01-04,1290,385484,ggrepel
2018-01-05,1132,386616,ggrepel
2018-01-06,587,387203,ggrepel
2018-01-07,521,387724,ggrepel
2018-01-08,1280,389004,ggrepel
2018-01-09,1340,390344,ggrepel
2018-01-10,1463,391807,ggrepel
2018-01-11,1710,393517,ggrepel
2018-01-12,1467,394984,ggrepel
2018-01-13,626,395610,ggrepel
2018-01-14,682,396292,ggrepel
2018-01-15,1481,397773,ggrepel
2018-01-16,1502,399275,ggrepel
2018-01-17,1661,400936,ggrepel
2018-01-18,1744,402680,ggrepel
2018-01-19,1446,404126,ggrepel
2018-01-20,538,404664,ggrepel
2018-01-21,640,405304,ggrepel
2018-01-22,1610,406914,ggrepel
2018-01-23,1902,408816,ggrepel
2018-01-24,1815,410631,ggrepel
2018-01-25,1703,412334,ggrepel
2018-01-26,1504,413838,ggrepel
2018-01-27,780,414618,ggrepel
2018-01-28,729,415347,ggrepel
2018-01-29,1896,417243,ggrepel
2018-01-30,2539,419782,ggrepel
2018-01-31,1811,421593,ggrepel
2018-02-01,1615,423208,ggrepel
2018-02-02,1559,424767,ggrepel
2018-02-03,825,425592,ggrepel
2018-02-04,692,426284,ggrepel
2018-02-05,1699,427983,ggrepel
2018-02-06,1691,429674,ggrepel
2018-02-07,1831,431505,ggrepel
2018-02-08,1647,433152,ggrepel
2018-02-09,2052,435204,ggrepel
2018-02-10,879,436083,ggrepel
2018-02-11,771,436854,ggrepel
2018-02-12,1921,438775,ggrepel
2018-02-13,1786,440561,ggrepel
2018-02-14,1810,442371,ggrepel
2018-02-15,1752,444123,ggrepel
2018-02-16,1608,445731,ggrepel
2018-02-17,586,446317,ggrepel
2018-02-18,740,447057,ggrepel
2018-02-19,1388,448445,ggrepel
2018-02-20,1679,450124,ggrepel
2018-02-21,1899,452023,ggrepel
2018-02-22,2000,454023,ggrepel
2018-02-23,1453,455476,ggrepel
2018-02-24,865,456341,ggrepel
2018-02-25,837,457178,ggrepel
2018-02-26,1884,459062,ggrepel
2018-02-27,2027,461089,ggrepel
2018-02-28,2118,463207,ggrepel
2018-03-01,2113,465320,ggrepel
2018-03-02,1671,466991,ggrepel
2018-03-03,841,467832,ggrepel
2018-03-04,768,468600,ggrepel
2018-03-05,1905,470505,ggrepel
2018-03-06,2266,472771,ggrepel
2018-03-07,2025,474796,ggrepel
2018-03-08,1930,476726,ggrepel
2018-03-09,1754,478480,ggrepel
2018-03-10,825,479305,ggrepel
2018-03-11,818,480123,ggrepel
2018-03-12,1658,481781,ggrepel
2018-03-13,1833,483614,ggrepel
2018-03-14,1946,485560,ggrepel
2018-03-15,1933,487493,ggrepel
2018-03-16,1631,489124,ggrepel
2018-03-17,938,490062,ggrepel
2018-03-18,802,490864,ggrepel
2018-03-19,1979,492843,ggrepel
2018-03-20,2187,495030,ggrepel
2018-03-21,2236,497266,ggrepel
2018-03-22,2044,499310,ggrepel
2018-03-23,1913,501223,ggrepel
2018-03-24,791,502014,ggrepel
2018-03-25,1002,503016,ggrepel
2018-03-26,2025,505041,ggrepel
2018-03-27,2258,507299,ggrepel
2018-03-28,2208,509507,ggrepel
2018-03-29,1906,511413,ggrepel
2018-03-30,1311,512724,ggrepel
2018-03-31,754,513478,ggrepel
2018-04-01,657,514135,ggrepel
2018-04-02,1438,515573,ggrepel
2018-04-03,2047,517620,ggrepel
2018-04-04,2105,519725,ggrepel
2018-04-05,1984,521709,ggrepel
2018-04-06,1815,523524,ggrepel
2018-04-07,1195,524719,ggrepel
2018-04-08,964,525683,ggrepel
2018-04-09,2121,527804,ggrepel
2018-04-10,2546,530350,ggrepel
2018-04-11,1987,532337,ggrepel
2018-04-12,1858,534195,ggrepel
2018-04-13,1970,536165,ggrepel
2018-04-14,1015,537180,ggrepel
2018-04-15,906,538086,ggrepel
2018-04-16,1952,540038,ggrepel
2018-04-17,2069,542107,ggrepel
2018-04-18,2003,544110,ggrepel
2018-04-19,1928,546038,ggrepel
2018-04-20,1833,547871,ggrepel
2018-04-21,829,548700,ggrepel
2018-04-22,976,549676,ggrepel
2018-04-23,2148,551824,ggrepel
2018-04-24,2921,554745,ggrepel
2018-04-25,2898,557643,ggrepel
2018-04-26,2501,560144,ggrepel
2018-04-27,2062,562206,ggrepel
2018-04-28,1175,563381,ggrepel
2018-04-29,1020,564401,ggrepel
2018-04-30,2131,566532,ggrepel
2018-05-01,2026,568558,ggrepel
2018-05-02,2183,570741,ggrepel
2018-05-03,2387,573128,ggrepel
2018-05-04,2012,575140,ggrepel
2018-05-05,1092,576232,ggrepel
2018-05-06,1004,577236,ggrepel
2018-05-07,2150,579386,ggrepel
2018-05-08,2107,581493,ggrepel
2018-05-09,3616,585109,ggrepel
2018-05-10,4454,589563,ggrepel
2018-05-11,3779,593342,ggrepel
2018-05-12,1575,594917,ggrepel
2018-05-13,1464,596381,ggrepel
2018-05-14,3508,599889,ggrepel
2018-05-15,3299,603188,ggrepel
2018-05-16,3191,606379,ggrepel
2018-05-17,3110,609489,ggrepel
2018-05-18,2721,612210,ggrepel
2018-05-19,1314,613524,ggrepel
2018-05-20,1268,614792,ggrepel
2018-05-21,2671,617463,ggrepel
2018-05-22,3133,620596,ggrepel
2018-05-23,3275,623871,ggrepel
2018-05-24,3003,626874,ggrepel
2018-05-25,2410,629284,ggrepel
2018-05-26,1092,630376,ggrepel
2018-05-27,1118,631494,ggrepel
2018-05-28,2318,633812,ggrepel
2018-05-29,3060,636872,ggrepel
2018-05-30,2843,639715,ggrepel
2018-05-31,2933,642648,ggrepel
2018-06-01,2397,645045,ggrepel
2018-06-02,1163,646208,ggrepel
2018-06-03,1047,647255,ggrepel
2018-06-04,2775,650030,ggrepel
2018-06-05,2869,652899,ggrepel
2018-06-06,3014,655913,ggrepel
2018-06-07,2695,658608,ggrepel
2018-06-08,2262,660870,ggrepel
2018-06-09,1171,662041,ggrepel
2018-06-10,1060,663101,ggrepel
2018-06-11,2354,665455,ggrepel
2018-06-12,2839,668294,ggrepel
2018-06-13,2506,670800,ggrepel
2018-06-14,2507,673307,ggrepel
2018-06-15,2150,675457,ggrepel
2018-06-16,1148,676605,ggrepel
2018-06-17,872,677477,ggrepel
2018-06-18,2306,679783,ggrepel
2018-06-19,2373,682156,ggrepel
2018-06-20,2471,684627,ggrepel
2018-06-21,2436,687063,ggrepel
2018-06-22,2138,689201,ggrepel
2018-06-23,940,690141,ggrepel
2018-06-24,900,691041,ggrepel
2018-06-25,2189,693230,ggrepel
2018-06-26,2633,695863,ggrepel
2018-06-27,2532,698395,ggrepel
2018-06-28,2314,700709,ggrepel
2018-06-29,2135,702844,ggrepel
2018-06-30,951,703795,ggrepel
2018-07-01,857,704652,ggrepel
2018-07-02,2073,706725,ggrepel
2018-07-03,2482,709207,ggrepel
2018-07-04,2026,711233,ggrepel
2018-07-05,2337,713570,ggrepel
2018-07-06,1776,715346,ggrepel
2018-07-07,869,716215,ggrepel
2018-07-08,825,717040,ggrepel
2018-07-09,2367,719407,ggrepel
2018-07-10,2572,721979,ggrepel
2018-07-11,2367,724346,ggrepel
2018-07-12,2555,726901,ggrepel
2018-07-13,2135,729036,ggrepel
2018-07-14,1115,730151,ggrepel
2018-07-15,925,731076,ggrepel
2018-07-16,2268,733344,ggrepel
2018-07-17,2359,735703,ggrepel
2018-07-18,2425,738128,ggrepel
2018-07-19,2372,740500,ggrepel
2018-07-20,2003,742503,ggrepel
2018-07-21,957,743460,ggrepel
2018-07-22,969,744429,ggrepel
2018-07-23,2247,746676,ggrepel
2018-07-24,2518,749194,ggrepel
2018-07-25,2361,751555,ggrepel
2018-07-26,2224,753779,ggrepel
2018-07-27,1938,755717,ggrepel
2018-07-28,987,756704,ggrepel
2018-07-29,1019,757723,ggrepel
2018-07-30,2140,759863,ggrepel
2018-07-31,2200,762063,ggrepel
2018-08-01,2034,764097,ggrepel
2018-08-02,2087,766184,ggrepel
2018-08-03,1873,768057,ggrepel
2018-08-04,827,768884,ggrepel
2018-08-05,867,769751,ggrepel
2018-08-06,2020,771771,ggrepel
2018-08-07,2111,773882,ggrepel
2018-08-08,2183,776065,ggrepel
2018-08-09,2004,778069,ggrepel
2018-08-10,1794,779863,ggrepel
2018-08-11,968,780831,ggrepel
2018-08-12,982,781813,ggrepel
2018-08-13,2244,784057,ggrepel
2018-08-14,2226,786283,ggrepel
2018-08-15,1985,788268,ggrepel
2018-08-16,2088,790356,ggrepel
2018-08-17,1906,792262,ggrepel
2018-08-18,902,793164,ggrepel
2018-08-19,880,794044,ggrepel
2018-08-20,2088,796132,ggrepel
2018-08-21,2167,798299,ggrepel
2018-08-22,2398,800697,ggrepel
2018-08-23,2246,802943,ggrepel
2018-08-24,2332,805275,ggrepel
2018-08-25,923,806198,ggrepel
2018-08-26,945,807143,ggrepel
2018-08-27,2254,809397,ggrepel
2018-08-28,2459,811856,ggrepel
2018-08-29,2492,814348,ggrepel
2018-08-30,2687,817035,ggrepel
2018-08-31,2095,819130,ggrepel
2018-09-01,855,819985,ggrepel
2018-09-02,1004,820989,ggrepel
2018-09-03,1971,822960,ggrepel
2018-09-04,2665,825625,ggrepel
2018-09-05,2895,828520,ggrepel
2018-09-06,2891,831411,ggrepel
2018-09-07,2563,833974,ggrepel
2018-09-08,1228,835202,ggrepel
2018-09-09,1270,836472,ggrepel
2018-09-10,2786,839258,ggrepel
2018-09-11,2888,842146,ggrepel
2018-09-12,3510,845656,ggrepel
2018-09-13,3999,849655,ggrepel
2018-09-14,4061,853716,ggrepel
2018-09-15,1685,855401,ggrepel
2018-09-16,1541,856942,ggrepel
2018-09-17,4168,861110,ggrepel
2018-09-18,3754,864864,ggrepel
2018-09-19,4026,868890,ggrepel
2018-09-20,3804,872694,ggrepel
2018-09-21,3314,876008,ggrepel
2018-09-22,1657,877665,ggrepel
2018-09-23,1762,879427,ggrepel
2018-09-24,3746,883173,ggrepel
2018-09-25,3764,886937,ggrepel
2018-09-26,3980,890917,ggrepel
2018-09-27,4179,895096,ggrepel
2018-09-28,3398,898494,ggrepel
2018-09-29,1746,900240,ggrepel
2018-09-30,1742,901982,ggrepel
2018-10-01,3714,905696,ggrepel
2018-10-02,4019,909715,ggrepel
2018-10-03,4109,913824,ggrepel
2018-10-04,4324,918148,ggrepel
2018-10-05,3712,921860,ggrepel
2018-10-06,1746,923606,ggrepel
2018-10-07,1827,925433,ggrepel
2018-10-08,3748,929181,ggrepel
2018-10-09,4029,933210,ggrepel
2018-10-10,4290,937500,ggrepel
2018-10-11,4277,941777,ggrepel
2018-10-12,3608,945385,ggrepel
2018-10-13,2042,947427,ggrepel
2018-10-14,2192,949619,ggrepel
2018-10-15,3870,953489,ggrepel
2018-10-16,4280,957769,ggrepel
2018-10-17,4357,962126,ggrepel
2018-10-18,4579,966705,ggrepel
2018-10-19,3740,970445,ggrepel
2018-10-20,2174,972619,ggrepel
2018-10-21,2143,974762,ggrepel
2018-10-22,4314,979076,ggrepel
2018-10-23,4193,983269,ggrepel
2018-10-24,4340,987609,ggrepel
2018-10-25,4261,991870,ggrepel
2018-10-26,3989,995859,ggrepel
2018-10-27,1906,997765,ggrepel
2018-10-28,1820,999585,ggrepel
2018-10-29,4319,1003904,ggrepel
2018-10-30,4426,1008330,ggrepel
2018-10-31,4031,1012361,ggrepel
2018-11-01,3910,1016271,ggrepel
2018-11-02,3505,1019776,ggrepel
2018-11-03,2211,1021987,ggrepel
2018-11-04,2147,1024134,ggrepel
2018-11-05,4158,1028292,ggrepel
2018-11-06,4427,1032719,ggrepel
2018-11-07,4349,1037068,ggrepel
2018-11-08,4343,1041411,ggrepel
2018-11-09,3958,1045369,ggrepel
2018-11-10,2189,1047558,ggrepel
2018-11-11,2049,1049607,ggrepel
2018-11-12,4069,1053676,ggrepel
2018-11-13,4600,1058276,ggrepel
2018-11-14,4572,1062848,ggrepel
2018-11-15,4265,1067113,ggrepel
2018-11-16,3953,1071066,ggrepel
2018-11-17,2145,1073211,ggrepel
2018-11-18,2149,1075360,ggrepel
2018-11-19,4237,1079597,ggrepel
2018-11-20,4271,1083868,ggrepel
2018-11-21,3856,1087724,ggrepel
2018-11-22,3494,1091218,ggrepel
2018-11-23,3155,1094373,ggrepel
2018-11-24,2305,1096678,ggrepel
2018-11-25,2251,1098929,ggrepel
2018-11-26,4236,1103165,ggrepel
2018-11-27,4916,1108081,ggrepel
2018-11-28,4501,1112582,ggrepel
2018-11-29,4410,1116992,ggrepel
2018-11-30,4310,1121302,ggrepel
2018-12-01,2363,1123665,ggrepel
2018-12-02,2254,1125919,ggrepel
2018-12-03,4604,1130523,ggrepel
2018-12-04,4578,1135101,ggrepel
2018-12-05,4253,1139354,ggrepel
2018-12-06,4480,1143834,ggrepel
2018-12-07,3728,1147562,ggrepel
2018-12-08,2112,1149674,ggrepel
2018-12-09,2160,1151834,ggrepel
2018-12-10,4007,1155841,ggrepel
2018-12-11,4187,1160028,ggrepel
2018-12-12,3932,1163960,ggrepel
2018-12-13,3865,1167825,ggrepel
2018-12-14,3359,1171184,ggrepel
2018-12-15,2131,1173315,ggrepel
2018-12-16,2123,1175438,ggrepel
2018-12-17,3485,1178923,ggrepel
2018-12-18,3678,1182601,ggrepel
2018-12-19,3699,1186300,ggrepel
2018-12-20,3431,1189731,ggrepel
2018-12-21,2686,1192417,ggrepel
2018-12-22,1513,1193930,ggrepel
2018-12-23,1512,1195442,ggrepel
2018-12-24,1555,1196997,ggrepel
2018-12-25,1304,1198301,ggrepel
2018-12-26,1783,1200084,ggrepel
2018-12-27,2024,1202108,ggrepel
2018-12-28,2080,1204188,ggrepel
2018-12-29,1213,1205401,ggrepel
2018-12-30,1162,1206563,ggrepel
2018-12-31,1306,1207869,ggrepel
2019-01-01,1002,1208871,ggrepel
2019-01-02,2503,1211374,ggrepel
2019-01-03,2958,1214332,ggrepel
2019-01-04,2985,1217317,ggrepel
2019-01-05,1773,1219090,ggrepel
2019-01-06,1665,1220755,ggrepel
2019-01-07,3622,1224377,ggrepel
2019-01-08,4026,1228403,ggrepel
2019-01-09,6129,1234532,ggrepel
2019-01-10,5695,1240227,ggrepel
2019-01-11,4239,1244466,ggrepel
2019-01-12,2766,1247232,ggrepel
2019-01-13,2647,1249879,ggrepel
2019-01-14,5550,1255429,ggrepel
2019-01-15,5621,1261050,ggrepel
2019-01-16,5136,1266186,ggrepel
2019-01-17,4598,1270784,ggrepel
2019-01-18,5656,1276440,ggrepel
2019-01-19,2916,1279356,ggrepel
2019-01-20,2624,1281980,ggrepel
2019-01-21,5337,1287317,ggrepel
2019-01-22,6653,1293970,ggrepel
2019-01-23,5182,1299152,ggrepel
2019-01-24,5532,1304684,ggrepel
2019-01-25,6118,1310802,ggrepel
2019-01-26,3137,1313939,ggrepel
2019-01-27,3161,1317100,ggrepel
2019-01-28,6194,1323294,ggrepel
2019-01-29,6069,1329363,ggrepel
2019-01-30,5941,1335304,ggrepel
2019-01-31,4638,1339942,ggrepel
2019-02-01,5951,1345893,ggrepel
2019-02-02,3442,1349335,ggrepel
2019-02-03,3076,1352411,ggrepel
2019-02-04,5849,1358260,ggrepel
2019-02-05,5675,1363935,ggrepel
2019-02-06,5692,1369627,ggrepel
2019-02-07,6315,1375942,ggrepel
2019-02-08,5653,1381595,ggrepel
2019-02-09,3506,1385101,ggrepel
2019-02-10,3515,1388616,ggrepel
2019-02-11,6216,1394832,ggrepel
2019-02-12,7054,1401886,ggrepel
2019-02-13,7659,1409545,ggrepel
2019-02-14,5218,1414763,ggrepel
2019-02-15,9788,1424551,ggrepel
2019-02-16,3436,1427987,ggrepel
2019-02-17,3597,1431584,ggrepel
2019-02-18,5950,1437534,ggrepel
2019-02-19,6429,1443963,ggrepel
2019-02-20,7191,1451154,ggrepel
2019-02-21,7739,1458893,ggrepel
2019-02-22,6668,1465561,ggrepel
2019-02-23,3842,1469403,ggrepel
2019-02-24,2850,1472253,ggrepel
2019-02-25,6262,1478515,ggrepel
2019-02-26,6649,1485164,ggrepel
2019-02-27,6338,1491502,ggrepel
2019-02-28,5689,1497191,ggrepel
2019-03-01,4942,1502133,ggrepel
2019-03-02,2464,1504597,ggrepel
2019-03-03,2588,1507185,ggrepel
2019-03-04,4743,1511928,ggrepel
2019-03-05,5239,1517167,ggrepel
2019-03-06,5659,1522826,ggrepel
2019-03-07,5471,1528297,ggrepel
2019-03-08,4757,1533054,ggrepel
2019-03-09,3130,1536184,ggrepel
2019-03-10,2877,1539061,ggrepel
2019-03-11,5228,1544289,ggrepel
2019-03-12,5466,1549755,ggrepel
2019-03-13,5233,1554988,ggrepel
2019-03-14,5212,1560200,ggrepel
2019-03-15,4461,1564661,ggrepel
2019-03-16,2722,1567383,ggrepel
2019-03-17,2561,1569944,ggrepel
2019-03-18,5320,1575264,ggrepel
2019-03-19,5197,1580461,ggrepel
2019-03-20,5612,1586073,ggrepel
2019-03-21,5176,1591249,ggrepel
2019-03-22,4949,1596198,ggrepel
2019-03-23,2693,1598891,ggrepel
2019-03-24,2585,1601476,ggrepel
2019-03-25,4766,1606242,ggrepel
2019-03-26,5676,1611918,ggrepel
2019-03-27,5387,1617305,ggrepel
2019-03-28,5434,1622739,ggrepel
2019-03-29,4290,1627029,ggrepel
2019-03-30,2661,1629690,ggrepel
2019-03-31,2689,1632379,ggrepel
2019-04-01,5171,1637550,ggrepel
2019-04-02,5386,1642936,ggrepel
2019-04-03,5707,1648643,ggrepel
2019-04-04,6014,1654657,ggrepel
2019-04-05,5117,1659774,ggrepel
2019-04-06,2287,1662061,ggrepel
2019-04-07,2511,1664572,ggrepel
2019-04-08,5564,1670136,ggrepel
2019-04-09,5577,1675713,ggrepel
2019-04-10,5743,1681456,ggrepel
2019-04-11,5379,1686835,ggrepel
2019-04-12,4829,1691664,ggrepel
2019-04-13,2776,1694440,ggrepel
2019-04-14,2668,1697108,ggrepel
2019-04-15,5460,1702568,ggrepel
2019-04-16,5335,1707903,ggrepel
2019-04-17,5517,1713420,ggrepel
2019-04-18,5093,1718513,ggrepel
2019-04-19,3966,1722479,ggrepel
2019-04-20,2696,1725175,ggrepel
2019-04-21,2515,1727690,ggrepel
2019-04-22,4205,1731895,ggrepel
2019-04-23,5361,1737256,ggrepel
2019-04-24,5078,1742334,ggrepel
2019-04-25,4903,1747237,ggrepel
2019-04-26,4899,1752136,ggrepel
2019-04-27,3229,1755365,ggrepel
2019-04-28,3009,1758374,ggrepel
2019-04-29,5537,1763911,ggrepel
2019-04-30,5841,1769752,ggrepel
2019-05-01,5246,1774998,ggrepel
2019-05-02,5906,1780904,ggrepel
2019-05-03,5125,1786029,ggrepel
2019-05-04,2465,1788494,ggrepel
2019-05-05,2910,1791404,ggrepel
2019-05-06,5907,1797311,ggrepel
2019-05-07,9513,1806824,ggrepel
2019-05-08,10832,1817656,ggrepel
2019-05-09,9384,1827040,ggrepel
2019-05-10,8042,1835082,ggrepel
2019-05-11,3511,1838593,ggrepel
2019-05-12,3911,1842504,ggrepel
2019-05-13,7792,1850296,ggrepel
2019-05-14,7786,1858082,ggrepel
2019-05-15,7424,1865506,ggrepel
2019-05-16,7161,1872667,ggrepel
2019-05-17,6229,1878896,ggrepel
2019-05-18,3592,1882488,ggrepel
2019-05-19,3443,1885931,ggrepel
2019-05-20,6643,1892574,ggrepel
2019-05-21,6747,1899321,ggrepel
2019-05-22,6301,1905622,ggrepel
2019-05-23,6514,1912136,ggrepel
2019-05-24,5989,1918125,ggrepel
2019-05-25,3036,1921161,ggrepel
2019-05-26,3011,1924172,ggrepel
2019-05-27,5131,1929303,ggrepel
2019-05-28,6410,1935713,ggrepel
2019-05-29,5847,1941560,ggrepel
2019-05-30,5623,1947183,ggrepel
2019-05-31,5311,1952494,ggrepel
2019-06-01,3030,1955524,ggrepel
2019-06-02,2896,1958420,ggrepel
2019-06-03,6618,1965038,ggrepel
2019-06-04,6586,1971624,ggrepel
2019-06-05,6597,1978221,ggrepel
2019-06-06,6286,1984507,ggrepel
2019-06-07,5412,1989919,ggrepel
2019-06-08,3028,1992947,ggrepel
2019-06-09,3012,1995959,ggrepel
2019-06-10,5564,2001523,ggrepel
2019-06-11,6369,2007892,ggrepel
2019-06-12,6079,2013971,ggrepel
2019-06-13,5956,2019927,ggrepel
2019-06-14,5573,2025500,ggrepel
2019-06-15,3061,2028561,ggrepel
2019-06-16,3214,2031775,ggrepel
2019-06-17,7468,2039243,ggrepel
2019-06-18,9668,2048911,ggrepel
2019-06-19,7491,2056402,ggrepel
2019-06-20,5927,2062329,ggrepel
2019-06-21,4969,2067298,ggrepel
2019-06-22,2338,2069636,ggrepel
2019-06-23,2347,2071983,ggrepel
2019-06-24,4952,2076935,ggrepel
2019-06-25,5512,2082447,ggrepel
2019-06-26,5032,2087479,ggrepel
2019-06-27,5260,2092739,ggrepel
2019-06-28,5234,2097973,ggrepel
2019-06-29,3049,2101022,ggrepel
2019-06-30,2917,2103939,ggrepel
2019-07-01,5724,2109663,ggrepel
2019-07-02,6213,2115876,ggrepel
2019-07-03,6457,2122333,ggrepel
2019-07-04,4812,2127145,ggrepel
2019-07-05,4781,2131926,ggrepel
2019-07-06,2848,2134774,ggrepel
2019-07-07,2806,2137580,ggrepel
2019-07-08,6010,2143590,ggrepel
2019-07-09,6338,2149928,ggrepel
2019-07-10,5306,2155234,ggrepel
2019-07-11,5376,2160610,ggrepel
2019-07-12,4283,2164893,ggrepel
2019-07-13,1890,2166783,ggrepel
2019-07-14,2000,2168783,ggrepel
2019-07-15,4536,2173319,ggrepel
2019-07-16,5488,2178807,ggrepel
2019-07-17,5591,2184398,ggrepel
2019-07-18,5414,2189812,ggrepel
2019-07-19,4347,2194159,ggrepel
2019-07-20,2052,2196211,ggrepel
2019-07-21,2407,2198618,ggrepel
2019-07-22,4904,2203522,ggrepel
2019-07-23,4894,2208416,ggrepel
2019-07-24,5339,2213755,ggrepel
2019-07-25,5004,2218759,ggrepel
2019-07-26,4506,2223265,ggrepel
2019-07-27,2315,2225580,ggrepel
2019-07-28,2257,2227837,ggrepel
2019-07-29,4862,2232699,ggrepel
2019-07-30,5000,2237699,ggrepel
2019-07-31,4724,2242423,ggrepel
2019-08-01,4569,2246992,ggrepel
2019-08-02,4348,2251340,ggrepel
2019-08-03,2193,2253533,ggrepel
2019-08-04,2060,2255593,ggrepel
2019-08-05,4646,2260239,ggrepel
2019-08-06,5195,2265434,ggrepel
2019-08-07,5057,2270491,ggrepel
2019-08-08,5795,2276286,ggrepel
2019-08-09,4255,2280541,ggrepel
2019-08-10,2419,2282960,ggrepel
2019-08-11,2440,2285400,ggrepel
2019-08-12,4829,2290229,ggrepel
2019-08-13,5034,2295263,ggrepel
2019-08-14,4856,2300119,ggrepel
2019-08-15,4403,2304522,ggrepel
2019-08-16,4217,2308739,ggrepel
2019-08-17,2540,2311279,ggrepel
2019-08-18,2505,2313784,ggrepel
2019-08-19,5484,2319268,ggrepel
2019-08-20,5219,2324487,ggrepel
2019-08-21,4957,2329444,ggrepel
2019-08-22,5505,2334949,ggrepel
2019-08-23,4115,2339064,ggrepel
2019-08-24,2573,2341637,ggrepel
2019-08-25,2490,2344127,ggrepel
2019-08-26,5189,2349316,ggrepel
2019-08-27,5911,2355227,ggrepel
2019-08-28,6132,2361359,ggrepel
2019-08-29,5796,2367155,ggrepel
2019-08-30,5421,2372576,ggrepel
2019-08-31,2698,2375274,ggrepel
2019-09-01,2736,2378010,ggrepel
2019-09-02,4396,2382406,ggrepel
2019-09-03,5910,2388316,ggrepel
2019-09-04,6325,2394641,ggrepel
2019-09-05,6079,2400720,ggrepel
2019-09-06,5127,2405847,ggrepel
2019-09-07,2948,2408795,ggrepel
2019-09-08,3075,2411870,ggrepel
2019-09-09,6637,2418507,ggrepel
2019-09-10,6339,2424846,ggrepel
2019-09-11,6311,2431157,ggrepel
2019-09-12,6124,2437281,ggrepel
2019-09-13,5233,2442514,ggrepel
2019-09-14,3457,2445971,ggrepel
2019-09-15,3468,2449439,ggrepel
2019-09-16,7069,2456508,ggrepel
2019-09-17,7177,2463685,ggrepel
2019-09-18,7901,2471586,ggrepel
2019-09-19,7370,2478956,ggrepel
2019-09-20,6590,2485546,ggrepel
2019-09-21,3839,2489385,ggrepel
2019-09-22,3983,2493368,ggrepel
2019-09-23,7259,2500627,ggrepel
2019-09-24,7811,2508438,ggrepel
2019-09-25,8099,2516537,ggrepel
2019-09-26,7696,2524233,ggrepel
2019-09-27,7126,2531359,ggrepel
2019-09-28,3540,2534899,ggrepel
2019-09-29,3807,2538706,ggrepel
2019-09-30,7433,2546139,ggrepel
2019-10-01,7265,2553404,ggrepel
2019-10-02,7038,2560442,ggrepel
2019-10-03,6522,2566964,ggrepel
2019-10-04,6473,2573437,ggrepel
2019-10-05,3354,2576791,ggrepel
2019-10-06,3575,2580366,ggrepel
2019-10-07,7589,2587955,ggrepel
2019-10-08,7550,2595505,ggrepel
2019-10-09,7931,2603436,ggrepel
2019-10-10,7581,2611017,ggrepel
2019-10-11,7501,2618518,ggrepel
2019-10-12,3506,2622024,ggrepel
2019-10-13,3693,2625717,ggrepel
2019-10-14,7004,2632721,ggrepel
2019-10-15,7626,2640347,ggrepel
2019-10-16,7469,2647816,ggrepel
2019-10-17,7508,2655324,ggrepel
2019-10-18,6763,2662087,ggrepel
2019-10-19,3655,2665742,ggrepel
2019-10-20,3815,2669557,ggrepel
2019-10-21,7526,2677083,ggrepel
2019-10-22,8478,2685561,ggrepel
2019-10-23,8158,2693719,ggrepel
2019-10-24,7974,2701693,ggrepel
2019-10-25,6727,2708420,ggrepel
2019-10-26,3775,2712195,ggrepel
2019-10-27,3833,2716028,ggrepel
2019-10-28,7277,2723305,ggrepel
2019-10-29,7218,2730523,ggrepel
2019-10-30,7350,2737873,ggrepel
2019-10-31,7038,2744911,ggrepel
2019-11-01,5675,2750586,ggrepel
2019-11-02,3261,2753847,ggrepel
2019-11-03,3500,2757347,ggrepel
2019-11-04,7627,2764974,ggrepel
2019-11-05,7638,2772612,ggrepel
2019-11-06,6770,2779382,ggrepel
2019-11-07,6740,2786122,ggrepel
2019-11-08,6206,2792328,ggrepel
2019-11-09,3474,2795802,ggrepel
2019-11-10,3405,2799207,ggrepel
2019-11-11,6579,2805786,ggrepel
2019-11-12,7140,2812926,ggrepel
2019-11-13,7004,2819930,ggrepel
2019-11-14,7128,2827058,ggrepel
2019-11-15,6025,2833083,ggrepel
2019-11-16,3600,2836683,ggrepel
2019-11-17,3554,2840237,ggrepel
2019-11-18,7605,2847842,ggrepel
2019-11-19,8058,2855900,ggrepel
2019-11-20,7494,2863394,ggrepel
2019-11-21,7362,2870756,ggrepel
2019-11-22,6776,2877532,ggrepel
2019-11-23,3332,2880864,ggrepel
2019-11-24,3436,2884300,ggrepel
2019-11-25,7556,2891856,ggrepel
2019-11-26,8500,2900356,ggrepel
2019-11-27,7841,2908197,ggrepel
2019-11-28,6372,2914569,ggrepel
2019-11-29,5790,2920359,ggrepel
2019-11-30,3476,2923835,ggrepel
2019-12-01,3645,2927480,ggrepel
2019-12-02,8415,2935895,ggrepel
2019-12-03,8804,2944699,ggrepel
2019-12-04,8199,2952898,ggrepel
2019-12-05,8099,2960997,ggrepel
2019-12-06,7423,2968420,ggrepel
2019-12-07,3463,2971883,ggrepel
2019-12-08,3917,2975800,ggrepel
2019-12-09,7934,2983734,ggrepel
2019-12-10,7906,2991640,ggrepel
2019-12-11,7667,2999307,ggrepel
2019-12-12,7894,3007201,ggrepel
2019-12-13,6618,3013819,ggrepel
2019-12-14,4264,3018083,ggrepel
2019-12-15,3657,3021740,ggrepel
2019-12-16,6703,3028443,ggrepel
2019-12-17,7290,3035733,ggrepel
2019-12-18,7280,3043013,ggrepel
2019-12-19,6830,3049843,ggrepel
2019-12-20,5481,3055324,ggrepel
2019-12-21,2933,3058257,ggrepel
2019-12-22,3042,3061299,ggrepel
2019-12-23,4619,3065918,ggrepel
2019-12-24,3730,3069648,ggrepel
2019-12-25,2816,3072464,ggrepel
2019-12-26,3690,3076154,ggrepel
2019-12-27,3665,3079819,ggrepel
2019-12-28,2848,3082667,ggrepel
2019-12-29,2980,3085647,ggrepel
2019-12-30,4024,3089671,ggrepel
2019-12-31,3160,3092831,ggrepel
2020-01-01,2405,3095236,ggrepel
2020-01-02,5105,3100341,ggrepel
2020-01-03,5203,3105544,ggrepel
2020-01-04,3245,3108789,ggrepel
2020-01-05,3485,3112274,ggrepel
2020-01-06,6033,3118307,ggrepel
2020-01-07,6969,3125276,ggrepel
2020-01-08,6936,3132212,ggrepel
2020-01-09,7152,3139364,ggrepel
2020-01-10,6550,3145914,ggrepel
2020-01-11,3575,3149489,ggrepel
2020-01-12,3650,3153139,ggrepel
2020-01-13,7263,3160402,ggrepel
2020-01-14,8294,3168696,ggrepel
2020-01-15,8049,3176745,ggrepel
2020-01-16,7498,3184243,ggrepel
2020-01-17,6741,3190984,ggrepel
2020-01-18,3316,3194300,ggrepel
2020-01-19,3404,3197704,ggrepel
2020-01-20,6796,3204500,ggrepel
2020-01-21,7207,3211707,ggrepel
2020-01-22,8016,3219723,ggrepel
2020-01-23,7342,3227065,ggrepel
2020-01-24,6830,3233895,ggrepel
2020-01-25,3521,3237416,ggrepel
2020-01-26,3925,3241341,ggrepel
2020-01-27,7893,3249234,ggrepel
2020-01-28,7837,3257071,ggrepel
2020-01-29,8552,3265623,ggrepel
2020-01-30,8553,3274176,ggrepel
2020-01-31,7254,3281430,ggrepel
2020-02-01,3761,3285191,ggrepel
2020-02-02,3751,3288942,ggrepel
2020-02-03,8389,3297331,ggrepel
2020-02-04,8793,3306124,ggrepel
2020-02-05,8689,3314813,ggrepel
2020-02-06,8827,3323640,ggrepel
2020-02-07,8121,3331761,ggrepel
2020-02-08,3775,3335536,ggrepel
2020-02-09,3955,3339491,ggrepel
2020-02-10,7943,3347434,ggrepel
2020-02-11,8741,3356175,ggrepel
2020-02-12,9248,3365423,ggrepel
2020-02-13,9285,3374708,ggrepel
2020-02-14,8479,3383187,ggrepel
2020-02-15,4262,3387449,ggrepel
2020-02-16,4198,3391647,ggrepel
2020-02-17,7673,3399320,ggrepel
2020-02-18,10091,3409411,ggrepel
2020-02-19,10018,3419429,ggrepel
2020-02-20,9852,3429281,ggrepel
2020-02-21,8647,3437928,ggrepel
2020-02-22,5439,3443367,ggrepel
2020-02-23,5223,3448590,ggrepel
2020-02-24,8194,3456784,ggrepel
2020-02-25,8833,3465617,ggrepel
2020-02-26,10138,3475755,ggrepel
2020-02-27,9144,3484899,ggrepel
2020-02-28,8385,3493284,ggrepel
2020-02-29,1253,3494537,ggrepel
2020-03-01,5253,3499790,ggrepel
2020-03-02,9686,3509476,ggrepel
2020-03-03,10172,3519648,ggrepel
2020-03-04,10454,3530102,ggrepel
2020-03-05,9966,3540068,ggrepel
2020-03-06,9153,3549221,ggrepel
2020-03-07,5404,3554625,ggrepel
2020-03-08,5831,3560456,ggrepel
2020-03-09,17033,3577489,ggrepel
2020-03-10,15960,3593449,ggrepel
2020-03-11,15209,3608658,ggrepel
2020-03-12,14980,3623638,ggrepel
2020-03-13,10810,3634448,ggrepel
2020-03-14,6494,3640942,ggrepel
2020-03-15,6706,3647648,ggrepel
2020-03-16,11663,3659311,ggrepel
2020-03-17,11604,3670915,ggrepel
2020-03-18,12133,3683048,ggrepel
2020-03-19,11830,3694878,ggrepel
2020-03-20,10676,3705554,ggrepel
2020-03-21,6735,3712289,ggrepel
2020-03-22,7121,3719410,ggrepel
2020-03-23,11933,3731343,ggrepel
2020-03-24,11664,3743007,ggrepel
2020-03-25,11251,3754258,ggrepel
2020-03-26,12212,3766470,ggrepel
2020-03-27,11478,3777948,ggrepel
2020-03-28,7172,3785120,ggrepel
2020-03-29,7286,3792406,ggrepel
2020-03-30,11970,3804376,ggrepel
2020-03-31,12557,3816933,ggrepel
2020-04-01,12029,3828962,ggrepel
2020-04-02,12103,3841065,ggrepel
2020-04-03,11241,3852306,ggrepel
2020-04-04,7298,3859604,ggrepel
2020-04-05,6147,3865751,ggrepel
2020-04-06,11843,3877594,ggrepel
2020-04-07,10704,3888298,ggrepel
2020-04-08,11335,3899633,ggrepel
2020-04-09,10022,3909655,ggrepel
2020-04-10,8415,3918070,ggrepel
2020-04-11,6275,3924345,ggrepel
2020-04-12,5909,3930254,ggrepel
2020-04-13,9507,3939761,ggrepel
2020-04-14,11090,3950851,ggrepel
2020-04-15,10824,3961675,ggrepel
2020-04-16,10238,3971913,ggrepel
2020-04-17,9151,3981064,ggrepel
2020-04-18,6017,3987081,ggrepel
2020-04-19,6075,3993156,ggrepel
2020-04-20,9290,4002446,ggrepel
2020-04-21,10400,4012846,ggrepel
2020-04-22,10912,4023758,ggrepel
2020-04-23,10123,4033881,ggrepel
2020-04-24,10506,4044387,ggrepel
2020-04-25,6824,4051211,ggrepel
2020-04-26,7062,4058273,ggrepel
2020-04-27,11911,4070184,ggrepel
2020-04-28,12080,4082264,ggrepel
2020-04-29,11767,4094031,ggrepel
2020-04-30,10764,4104795,ggrepel
2020-05-01,8455,4113250,ggrepel
2020-05-02,6940,4120190,ggrepel
2020-05-03,6881,4127071,ggrepel
2020-05-04,10904,4137975,ggrepel
2020-05-05,11197,4149172,ggrepel
2020-05-06,11135,4160307,ggrepel
2020-05-07,10373,4170680,ggrepel
2020-05-08,8995,4179675,ggrepel
2020-05-09,6803,4186478,ggrepel
2020-05-10,6591,4193069,ggrepel
2020-05-11,10833,4203902,ggrepel
2020-05-12,11203,4215105,ggrepel
2020-05-13,10894,4225999,ggrepel
2020-05-14,10898,4236897,ggrepel
2020-05-15,9448,4246345,ggrepel
2020-05-16,5970,4252315,ggrepel
2020-05-17,5980,4258295,ggrepel
2020-05-18,9893,4268188,ggrepel
2020-05-19,10012,4278200,ggrepel
2020-05-20,9143,4287343,ggrepel
2020-05-21,9225,4296568,ggrepel
2020-05-22,8085,4304653,ggrepel
2020-05-23,5635,4310288,ggrepel
2020-05-24,5681,4315969,ggrepel
2020-05-25,8278,4324247,ggrepel
2020-05-26,9913,4334160,ggrepel
2020-05-27,10149,4344309,ggrepel
2020-05-28,9696,4354005,ggrepel
2020-05-29,9053,4363058,ggrepel
2020-05-30,5334,4368392,ggrepel
2020-05-31,5368,4373760,ggrepel
2020-06-01,8789,4382549,ggrepel
2020-06-02,9821,4392370,ggrepel
2020-06-03,9727,4402097,ggrepel
2020-06-04,9632,4411729,ggrepel
2020-06-05,8790,4420519,ggrepel
2020-06-06,5531,4426050,ggrepel
2020-06-07,5598,4431648,ggrepel
2020-06-08,9553,4441201,ggrepel
2020-06-09,10369,4451570,ggrepel
2020-06-10,9523,4461093,ggrepel
2020-06-11,9329,4470422,ggrepel
2020-06-12,8448,4478870,ggrepel
2020-06-13,5202,4484072,ggrepel
2020-06-14,5777,4489849,ggrepel
2020-06-15,9560,4499409,ggrepel
2020-06-16,9451,4508860,ggrepel
2020-06-17,10127,4518987,ggrepel
2020-06-18,9454,4528441,ggrepel
2020-06-19,8566,4537007,ggrepel
2020-06-20,5320,4542327,ggrepel
2020-06-21,5262,4547589,ggrepel
2020-06-22,9854,4557443,ggrepel
2020-06-23,9542,4566985,ggrepel
2020-06-24,8821,4575806,ggrepel
2020-06-25,8882,4584688,ggrepel
2020-06-26,8814,4593502,ggrepel
2020-06-27,4876,4598378,ggrepel
2020-06-28,5033,4603411,ggrepel
2020-06-29,8759,4612170,ggrepel
2020-06-30,9254,4621424,ggrepel
2020-07-01,8949,4630373,ggrepel
2020-07-02,8585,4638958,ggrepel
2020-07-03,6991,4645949,ggrepel
2020-07-04,4598,4650547,ggrepel
2020-07-05,4847,4655394,ggrepel
2020-07-06,8461,4663855,ggrepel
2020-07-07,8554,4672409,ggrepel
2020-07-08,8567,4680976,ggrepel
2020-07-09,8983,4689959,ggrepel
2020-07-10,8036,4697995,ggrepel
2020-07-11,4780,4702775,ggrepel
2020-07-12,4792,4707567,ggrepel
2020-07-13,8340,4715907,ggrepel
2020-07-14,8839,4724746,ggrepel
2020-07-15,8715,4733461,ggrepel
2020-07-16,9471,4742932,ggrepel
2020-07-17,8312,4751244,ggrepel
2020-07-18,4697,4755941,ggrepel
2020-07-19,4603,4760544,ggrepel
2020-07-20,9208,4769752,ggrepel
2020-07-21,9196,4778948,ggrepel
2020-07-22,9383,4788331,ggrepel
2020-07-23,8691,4797022,ggrepel
2020-07-24,7992,4805014,ggrepel
2020-07-25,4536,4809550,ggrepel
2020-07-26,5017,4814567,ggrepel
2020-07-27,8972,4823539,ggrepel
2020-07-28,9548,4833087,ggrepel
2020-07-29,8696,4841783,ggrepel
2020-07-30,8401,4850184,ggrepel
2020-07-31,7956,4858140,ggrepel
2020-08-01,4554,4862694,ggrepel
2020-08-02,4751,4867445,ggrepel
2020-08-03,8884,4876329,ggrepel
2020-08-04,8782,4885111,ggrepel
2020-08-05,9271,4894382,ggrepel
2020-08-06,8767,4903149,ggrepel
2020-08-07,8349,4911498,ggrepel
2020-08-08,4867,4916365,ggrepel
2020-08-09,4956,4921321,ggrepel
2020-08-10,8869,4930190,ggrepel
2020-08-11,8858,4939048,ggrepel
2020-08-12,9073,4948121,ggrepel
2020-08-13,8701,4956822,ggrepel
2020-08-14,7737,4964559,ggrepel
2020-08-15,4792,4969351,ggrepel
2020-08-16,4663,4974014,ggrepel
2020-08-17,8289,4982303,ggrepel
2020-08-18,9099,4991402,ggrepel
2020-08-19,9297,5000699,ggrepel
2020-08-20,8476,5009175,ggrepel
2020-08-21,7746,5016921,ggrepel
2020-08-22,4882,5021803,ggrepel
2020-08-23,5153,5026956,ggrepel
2020-08-24,8609,5035565,ggrepel
2020-08-25,9190,5044755,ggrepel
2020-08-26,9255,5054010,ggrepel
2020-08-27,9654,5063664,ggrepel
2020-08-28,8125,5071789,ggrepel
2020-08-29,4640,5076429,ggrepel
2020-08-30,5404,5081833,ggrepel
2020-08-31,9093,5090926,ggrepel
2020-09-01,9155,5100081,ggrepel
2020-09-02,9512,5109593,ggrepel
2020-09-03,9964,5119557,ggrepel
2020-09-04,8194,5127751,ggrepel
2020-09-05,4645,5132396,ggrepel
2020-09-06,4606,5137002,ggrepel
2020-09-07,7765,5144767,ggrepel
2020-09-08,9509,5154276,ggrepel
2020-09-09,10544,5164820,ggrepel
2020-09-10,9466,5174286,ggrepel
2020-09-11,9265,5183551,ggrepel
2020-09-12,5030,5188581,ggrepel
2020-09-13,5696,5194277,ggrepel
2020-09-14,10567,5204844,ggrepel
2020-09-15,11100,5215944,ggrepel
2020-09-16,10763,5226707,ggrepel
2020-09-17,10859,5237566,ggrepel
2020-09-18,9856,5247422,ggrepel
2020-09-19,5363,5252785,ggrepel
2020-09-20,5930,5258715,ggrepel
2020-09-21,10876,5269591,ggrepel
2020-09-22,11062,5280653,ggrepel
2020-09-23,10543,5291196,ggrepel
2020-09-24,10535,5301731,ggrepel
2020-09-25,9280,5311011,ggrepel
2020-09-26,5810,5316821,ggrepel
2020-09-27,6084,5322905,ggrepel
2020-09-28,10988,5333893,ggrepel
2020-09-29,10884,5344777,ggrepel
2020-09-30,11079,5355856,ggrepel
2020-10-01,11464,5367320,ggrepel
2020-10-02,11441,5378761,ggrepel
2020-10-03,6475,5385236,ggrepel
2020-10-04,7004,5392240,ggrepel
2020-10-05,12626,5404866,ggrepel
2020-10-06,12265,5417131,ggrepel
2020-10-07,12479,5429610,ggrepel
2020-10-08,11603,5441213,ggrepel
2020-10-09,10790,5452003,ggrepel
2020-10-10,6471,5458474,ggrepel
2020-10-11,6917,5465391,ggrepel
2020-10-12,11030,5476421,ggrepel
2020-10-13,12173,5488594,ggrepel
2020-10-14,12063,5500657,ggrepel
2020-10-15,11805,5512462,ggrepel
2020-10-16,11424,5523886,ggrepel
2020-10-17,6560,5530446,ggrepel
2020-10-18,6634,5537080,ggrepel
2020-10-19,12094,5549174,ggrepel
2020-10-20,11852,5561026,ggrepel
2020-10-21,12357,5573383,ggrepel
2020-10-22,11986,5585369,ggrepel
2020-10-23,10578,5595947,ggrepel
2020-10-24,6484,5602431,ggrepel
2020-10-25,6746,5609177,ggrepel
2020-10-26,11240,5620417,ggrepel
2020-10-27,12384,5632801,ggrepel
2020-10-28,11981,5644782,ggrepel
2020-10-29,11766,5656548,ggrepel
2020-10-30,10983,5667531,ggrepel
2020-10-31,6539,5674070,ggrepel
2020-11-01,6736,5680806,ggrepel
2020-11-02,12272,5693078,ggrepel
2020-11-03,12802,5705880,ggrepel
2020-11-04,11758,5717638,ggrepel
2020-11-05,12543,5730181,ggrepel
2020-11-06,11147,5741328,ggrepel
2020-11-07,6585,5747913,ggrepel
2020-11-08,6636,5754549,ggrepel
2020-11-09,12761,5767310,ggrepel
2020-11-10,12915,5780225,ggrepel
2020-11-11,11507,5791732,ggrepel
2020-11-12,12376,5804108,ggrepel
2020-11-13,11753,5815861,ggrepel
2020-11-14,6453,5822314,ggrepel
2020-11-15,7028,5829342,ggrepel
2020-11-16,12131,5841473,ggrepel
2020-11-17,13087,5854560,ggrepel
2020-11-18,12550,5867110,ggrepel
2020-11-19,12168,5879278,ggrepel
2020-11-20,11016,5890294,ggrepel
2020-11-21,6526,5896820,ggrepel
2020-11-22,7037,5903857,ggrepel
2020-11-23,11338,5915195,ggrepel
2020-11-24,11867,5927062,ggrepel
2020-11-25,9407,5936469,ggrepel
2020-11-26,9832,5946301,ggrepel
2020-11-27,9262,5955563,ggrepel
2020-11-28,6325,5961888,ggrepel
2020-11-29,6585,5968473,ggrepel
2020-11-30,10872,5979345,ggrepel
2020-12-01,11820,5991165,ggrepel
2020-12-02,12162,6003327,ggrepel
2020-12-03,12447,6015774,ggrepel
2020-12-04,12155,6027929,ggrepel
2020-12-05,6815,6034744,ggrepel
2020-12-06,7007,6041751,ggrepel
2020-12-07,11539,6053290,ggrepel
2020-12-08,11768,6065058,ggrepel
2020-12-09,11559,6076617,ggrepel
2020-12-10,11137,6087754,ggrepel
2020-12-11,10461,6098215,ggrepel
2020-12-12,6332,6104547,ggrepel
2020-12-13,7630,6112177,ggrepel
2020-12-14,11740,6123917,ggrepel
2020-12-15,12024,6135941,ggrepel
2020-12-16,14716,6150657,ggrepel
2020-12-17,18114,6168771,ggrepel
2020-12-18,14275,6183046,ggrepel
2020-12-19,8026,6191072,ggrepel
2020-12-20,8293,6199365,ggrepel
2020-12-21,12786,6212151,ggrepel
2020-12-22,13437,6225588,ggrepel
2020-12-23,10854,6236442,ggrepel
2020-12-24,8177,6244619,ggrepel
2020-12-25,5825,6250444,ggrepel
2020-12-26,6107,6256551,ggrepel
2020-12-27,7774,6264325,ggrepel
2020-12-28,9995,6274320,ggrepel
2020-12-29,8395,6282715,ggrepel
2020-12-30,8919,6291634,ggrepel
2020-12-31,8107,6299741,ggrepel
2021-01-01,7002,6306743,ggrepel
2021-01-02,7041,6313784,ggrepel
2021-01-03,8124,6321908,ggrepel
2021-01-04,12045,6333953,ggrepel
2021-01-05,12781,6346734,ggrepel
2021-01-06,11531,6358265,ggrepel
2021-01-07,12043,6370308,ggrepel
2021-01-08,11574,6381882,ggrepel
2021-01-09,6938,6388820,ggrepel
2021-01-10,7406,6396226,ggrepel
2021-01-11,12708,6408934,ggrepel
2021-01-12,13293,6422227,ggrepel
2021-01-13,14433,6436660,ggrepel
2021-01-14,13768,6450428,ggrepel
2021-01-15,12338,6462766,ggrepel
2021-01-16,10040,6472806,ggrepel
2021-01-17,9965,6482771,ggrepel
2021-01-18,15838,6498609,ggrepel
2021-01-19,16124,6514733,ggrepel
2021-01-20,15854,6530587,ggrepel
2021-01-21,14773,6545360,ggrepel
2021-01-22,13944,6559304,ggrepel
2021-01-23,7276,6566580,ggrepel
2021-01-24,7641,6574221,ggrepel
2021-01-25,13037,6587258,ggrepel
2021-01-26,13881,6601139,ggrepel
2021-01-27,13483,6614622,ggrepel
2021-01-28,13174,6627796,ggrepel
2021-01-29,11781,6639577,ggrepel
2021-01-30,7268,6646845,ggrepel
2021-01-31,7817,6654662,ggrepel
2021-02-01,13623,6668285,ggrepel
2021-02-02,13734,6682019,ggrepel
2021-02-03,13450,6695469,ggrepel
2021-02-04,13910,6709379,ggrepel
2021-02-05,12627,6722006,ggrepel
2021-02-06,6989,6728995,ggrepel
2021-02-07,7193,6736188,ggrepel
2021-02-08,13589,6749777,ggrepel
2021-02-09,13971,6763748,ggrepel
2021-02-10,13591,6777339,ggrepel
2021-02-11,12868,6790207,ggrepel
2021-02-12,12102,6802309,ggrepel
2021-02-13,6375,6808684,ggrepel
2021-02-14,6376,6815060,ggrepel
2021-02-15,9961,6825021,ggrepel
2021-02-16,11309,6836330,ggrepel
2021-02-17,13221,6849551,ggrepel
2021-02-18,12787,6862338,ggrepel
2021-02-19,11335,6873673,ggrepel
2021-02-20,6872,6880545,ggrepel
2021-02-21,8039,6888584,ggrepel
2021-02-22,13573,6902157,ggrepel
2021-02-23,13850,6916007,ggrepel
2021-02-24,12452,6928459,ggrepel
2021-02-25,12678,6941137,ggrepel
2021-02-26,12554,6953691,ggrepel
2021-02-27,8188,6961879,ggrepel
2021-02-28,7593,6969472,ggrepel
2021-03-01,13553,6983025,ggrepel
2021-03-02,13504,6996529,ggrepel
2021-03-03,14078,7010607,ggrepel
2021-03-04,13628,7024235,ggrepel
2021-03-05,12289,7036524,ggrepel
2021-03-06,6639,7043163,ggrepel
2021-03-07,7620,7050783,ggrepel
2021-03-08,13199,7063982,ggrepel
2021-03-09,14665,7078647,ggrepel
2021-03-10,15038,7093685,ggrepel
2021-03-11,13708,7107393,ggrepel
2021-03-12,12228,7119621,ggrepel
2021-03-13,6716,7126337,ggrepel
2021-03-14,7430,7133767,ggrepel
2021-03-15,13244,7147011,ggrepel
2021-03-16,16013,7163024,ggrepel
2021-03-17,14381,7177405,ggrepel
2021-03-18,13564,7190969,ggrepel
2021-03-19,11604,7202573,ggrepel
2021-03-20,6760,7209333,ggrepel
2021-03-21,6663,7215996,ggrepel
2021-03-22,12871,7228867,ggrepel
2021-03-23,12985,7241852,ggrepel
2021-03-24,12550,7254402,ggrepel
2021-03-25,12745,7267147,ggrepel
2021-03-26,10245,7277392,ggrepel
2021-03-27,6490,7283882,ggrepel
2021-03-28,6789,7290671,ggrepel
2021-03-29,12136,7302807,ggrepel
2021-03-30,12479,7315286,ggrepel
2021-03-31,12328,7327614,ggrepel
2021-04-01,12217,7339831,ggrepel
2021-04-02,10820,7350651,ggrepel
2021-04-03,8396,7359047,ggrepel
2021-04-04,7342,7366389,ggrepel
2021-04-05,11078,7377467,ggrepel
2021-04-06,12248,7389715,ggrepel
2021-04-07,12538,7402253,ggrepel
2021-04-08,11871,7414124,ggrepel
2021-04-09,11369,7425493,ggrepel
2021-04-10,5898,7431391,ggrepel
2021-04-11,6435,7437826,ggrepel
2021-04-12,12680,7450506,ggrepel
2021-04-13,12403,7462909,ggrepel
2021-04-14,12666,7475575,ggrepel
2021-04-15,13478,7489053,ggrepel
2021-04-16,11068,7500121,ggrepel
2021-04-17,5981,7506102,ggrepel
2021-04-18,7153,7513255,ggrepel
2021-04-19,12130,7525385,ggrepel
2021-04-20,11862,7537247,ggrepel
2021-04-21,12178,7549425,ggrepel
2021-04-22,11915,7561340,ggrepel
2021-04-23,10711,7572051,ggrepel
2021-04-24,5807,7577858,ggrepel
2021-04-25,6090,7583948,ggrepel
2021-04-26,11255,7595203,ggrepel
2021-04-27,10646,7605849,ggrepel
2021-04-28,10945,7616794,ggrepel
2021-04-29,10797,7627591,ggrepel
2021-04-30,9076,7636667,ggrepel
2021-05-01,5362,7642029,ggrepel
2021-05-02,5659,7647688,ggrepel
2021-05-03,10141,7657829,ggrepel
2021-05-04,10626,7668455,ggrepel
2021-05-05,10696,7679151,ggrepel
2021-05-06,9551,7688702,ggrepel
2021-05-07,8942,7697644,ggrepel
2021-05-08,5541,7703185,ggrepel
2021-05-09,5487,7708672,ggrepel
2021-05-10,10272,7718944,ggrepel
2021-05-11,9795,7728739,ggrepel
2021-05-12,10165,7738904,ggrepel
2021-05-13,9273,7748177,ggrepel
2021-05-14,8755,7756932,ggrepel
2021-05-15,5227,7762159,ggrepel
2021-05-16,5385,7767544,ggrepel
2021-05-17,10910,7778454,ggrepel
2021-05-18,11349,7789803,ggrepel
2021-05-19,12266,7802069,ggrepel
2021-05-20,11601,7813670,ggrepel
2021-05-21,11029,7824699,ggrepel
2021-05-22,6024,7830723,ggrepel
2021-05-23,6405,7837128,ggrepel
2021-05-24,10926,7848054,ggrepel
2021-05-25,11377,7859431,ggrepel
2021-05-26,12071,7871502,ggrepel
2021-05-27,11422,7882924,ggrepel
2021-05-28,9398,7892322,ggrepel
2021-05-29,5502,7897824,ggrepel
2021-05-30,5523,7903347,ggrepel
2021-05-31,9327,7912674,ggrepel
2021-06-01,11817,7924491,ggrepel
2021-06-02,11253,7935744,ggrepel
2021-06-03,10397,7946141,ggrepel
2021-06-04,10375,7956516,ggrepel
2021-06-05,5956,7962472,ggrepel
2021-06-06,6468,7968940,ggrepel
2021-06-07,11198,7980138,ggrepel
2021-06-08,11698,7991836,ggrepel
2021-06-09,12202,8004038,ggrepel
2021-06-10,11725,8015763,ggrepel
2021-06-11,10513,8026276,ggrepel
2021-06-12,5387,8031663,ggrepel
2021-06-13,5600,8037263,ggrepel
2021-06-14,11529,8048792,ggrepel
2021-06-15,12534,8061326,ggrepel
2021-06-16,11708,8073034,ggrepel
2021-06-17,12271,8085305,ggrepel
2021-06-18,9917,8095222,ggrepel
2021-06-19,5742,8100964,ggrepel
2021-06-20,5828,8106792,ggrepel
2021-06-21,10496,8117288,ggrepel
2021-06-22,11462,8128750,ggrepel
2021-06-23,10737,8139487,ggrepel
2021-06-24,11499,8150986,ggrepel
2021-06-25,10706,8161692,ggrepel
2021-06-26,5860,8167552,ggrepel
2021-06-27,5891,8173443,ggrepel
2021-06-28,11261,8184704,ggrepel
2021-06-29,11402,8196106,ggrepel
2021-06-30,10935,8207041,ggrepel
2021-07-01,10641,8217682,ggrepel
2021-07-02,10583,8228265,ggrepel
2021-07-03,7003,8235268,ggrepel
2021-07-04,6896,8242164,ggrepel
2021-07-05,10815,8252979,ggrepel
2021-07-06,12163,8265142,ggrepel
2021-07-07,12421,8277563,ggrepel
2021-07-08,12623,8290186,ggrepel
2021-07-09,11647,8301833,ggrepel
2021-07-10,8489,8310322,ggrepel
2021-07-11,8363,8318685,ggrepel
2021-07-12,13426,8332111,ggrepel
2021-07-13,12808,8344919,ggrepel
2021-07-14,12990,8357909,ggrepel
2021-07-15,12858,8370767,ggrepel
2021-07-16,11971,8382738,ggrepel
2021-07-17,8110,8390848,ggrepel
2021-07-18,8364,8399212,ggrepel
2021-07-19,13304,8412516,ggrepel
2021-07-20,13452,8425968,ggrepel
2021-07-21,12962,8438930,ggrepel
2021-07-22,12873,8451803,ggrepel
2021-07-23,11882,8463685,ggrepel
2021-07-24,7561,8471246,ggrepel
2021-07-25,8072,8479318,ggrepel
2021-07-26,13675,8492993,ggrepel
2021-07-27,13291,8506284,ggrepel
2021-07-28,13709,8519993,ggrepel
2021-07-29,12789,8532782,ggrepel
2021-07-30,12306,8545088,ggrepel
2021-07-31,8545,8553633,ggrepel
2021-08-01,7907,8561540,ggrepel
2021-08-02,13150,8574690,ggrepel
2021-08-03,13586,8588276,ggrepel
2021-08-04,12931,8601207,ggrepel
2021-08-05,13857,8615064,ggrepel
2021-08-06,12356,8627420,ggrepel
2021-08-07,7790,8635210,ggrepel
2021-08-08,8398,8643608,ggrepel
2021-08-09,14596,8658204,ggrepel
2021-08-10,14688,8672892,ggrepel
2021-08-11,13223,8686115,ggrepel
2021-08-12,13976,8700091,ggrepel
2021-08-13,13982,8714073,ggrepel
2021-08-14,9159,8723232,ggrepel
2021-08-15,8451,8731683,ggrepel
2021-08-16,13889,8745572,ggrepel
2021-08-17,13232,8758804,ggrepel
2021-08-18,13476,8772280,ggrepel
2021-08-19,12783,8785063,ggrepel
2021-08-20,13813,8798876,ggrepel
2021-08-21,7950,8806826,ggrepel
2021-08-22,5438,8812264,ggrepel
2021-08-23,13047,8825311,ggrepel
2021-08-24,14016,8839327,ggrepel
2021-08-25,14904,8854231,ggrepel
2021-08-26,14732,8868963,ggrepel
2021-08-27,13810,8882773,ggrepel
2021-08-28,8659,8891432,ggrepel
2021-08-29,8313,8899745,ggrepel
2021-08-30,15257,8915002,ggrepel
2021-08-31,16748,8931750,ggrepel
2021-09-01,15643,8947393,ggrepel
2021-09-02,14392,8961785,ggrepel
2021-09-03,12366,8974151,ggrepel
2021-09-04,8590,8982741,ggrepel
2021-09-05,8163,8990904,ggrepel
2021-09-06,11648,9002552,ggrepel
2021-09-07,13447,9015999,ggrepel
2021-09-08,14482,9030481,ggrepel
2021-09-09,14697,9045178,ggrepel
2021-09-10,13886,9059064,ggrepel
2021-09-11,8634,9067698,ggrepel
2021-09-12,8808,9076506,ggrepel
2021-09-13,14698,9091204,ggrepel
2021-09-14,15082,9106286,ggrepel
2021-09-15,14622,9120908,ggrepel
2021-09-16,13136,9134044,ggrepel
2021-09-17,13538,9147582,ggrepel
2021-09-18,8869,9156451,ggrepel
2021-09-19,9228,9165679,ggrepel
2021-09-20,14871,9180550,ggrepel
2021-09-21,15800,9196350,ggrepel
2021-09-22,14267,9210617,ggrepel
2021-09-23,15584,9226201,ggrepel
2021-09-24,14508,9240709,ggrepel
2021-09-25,8764,9249473,ggrepel
2021-09-26,9962,9259435,ggrepel
2021-09-27,16940,9276375,ggrepel
2021-09-28,15754,9292129,ggrepel
2021-09-29,18040,9310169,ggrepel
2021-09-30,16766,9326935,ggrepel
2021-10-01,15573,9342508,ggrepel
2021-10-02,8937,9351445,ggrepel
2021-10-03,8995,9360440,ggrepel
2021-10-04,16551,9376991,ggrepel
2021-10-05,17597,9394588,ggrepel
2021-10-06,17386,9411974,ggrepel
2021-10-07,19971,9431945,ggrepel
2021-10-08,16588,9448533,ggrepel
2021-10-09,9041,9457574,ggrepel
2021-10-10,9903,9467477,ggrepel
2021-10-11,16709,9484186,ggrepel
2021-10-12,15749,9499935,ggrepel
2021-10-13,17295,9517230,ggrepel
2021-10-14,18725,9535955,ggrepel
2021-10-15,19251,9555206,ggrepel
2021-10-16,9989,9565195,ggrepel
2021-10-17,9615,9574810,ggrepel
2021-10-18,21322,9596132,ggrepel
2021-10-19,21432,9617564,ggrepel
2021-10-20,20446,9638010,ggrepel
2021-10-21,20532,9658542,ggrepel
2021-10-22,19031,9677573,ggrepel
2021-10-23,10145,9687718,ggrepel
2021-10-24,10308,9698026,ggrepel
2021-10-25,21748,9719774,ggrepel
2021-10-26,22872,9742646,ggrepel
2021-10-27,21290,9763936,ggrepel
2021-10-28,22507,9786443,ggrepel
2021-10-29,18634,9805077,ggrepel
2021-10-30,11413,9816490,ggrepel
2021-10-31,10311,9826801,ggrepel
2021-11-01,18969,9845770,ggrepel
2021-11-02,17308,9863078,ggrepel
2021-11-03,22834,9885912,ggrepel
2021-11-04,21603,9907515,ggrepel
2021-11-05,19466,9926981,ggrepel
2021-11-06,11516,9938497,ggrepel
2021-11-07,11023,9949520,ggrepel
2021-11-08,18688,9968208,ggrepel
2021-11-09,20082,9988290,ggrepel
2021-11-10,18930,10007220,ggrepel
2021-11-11,19512,10026732,ggrepel
2021-11-12,17843,10044575,ggrepel
2021-11-13,10327,10054902,ggrepel
2021-11-14,10866,10065768,ggrepel
2021-11-15,15959,10081727,ggrepel
2021-11-16,21151,10102878,ggrepel
2021-11-17,20056,10122934,ggrepel
2021-11-18,20744,10143678,ggrepel
2021-11-19,18203,10161881,ggrepel
2021-11-20,10776,10172657,ggrepel
2021-11-21,10914,10183571,ggrepel
2021-11-22,19064,10202635,ggrepel
2021-11-23,19255,10221890,ggrepel
2021-11-24,20151,10242041,ggrepel
2021-11-25,19927,10261968,ggrepel
2021-11-26,17069,10279037,ggrepel
2021-11-27,10552,10289589,ggrepel
2021-11-28,10552,10300141,ggrepel
2021-11-29,20323,10320464,ggrepel
2021-11-30,20248,10340712,ggrepel
2021-12-01,19267,10359979,ggrepel
2021-12-02,20716,10380695,ggrepel
2021-12-03,19034,10399729,ggrepel
2021-12-04,10634,10410363,ggrepel
2021-12-05,11141,10421504,ggrepel
2021-12-06,22271,10443775,ggrepel
2021-12-07,17537,10461312,ggrepel
2021-12-08,24261,10485573,ggrepel
2021-12-09,20702,10506275,ggrepel
2021-12-10,19847,10526122,ggrepel
2021-12-11,10507,10536629,ggrepel
2021-12-12,9495,10546124,ggrepel
2021-12-13,18277,10564401,ggrepel
2021-12-14,20987,10585388,ggrepel
2021-12-15,18200,10603588,ggrepel
2021-12-16,15967,10619555,ggrepel
2021-12-17,15183,10634738,ggrepel
2021-12-18,6682,10641420,ggrepel
2021-12-19,6961,10648381,ggrepel
2021-12-20,15677,10664058,ggrepel
2021-12-21,13835,10677893,ggrepel
2021-12-22,15316,10693209,ggrepel
2021-12-23,11887,10705096,ggrepel
2021-12-24,7512,10712608,ggrepel
2021-12-25,5089,10717697,ggrepel
2021-12-26,5275,10722972,ggrepel
2021-12-27,8091,10731063,ggrepel
2021-12-28,9265,10740328,ggrepel
2021-12-29,9292,10749620,ggrepel
2021-12-30,8815,10758435,ggrepel
2021-12-31,6190,10764625,ggrepel
2022-01-01,5170,10769795,ggrepel
2022-01-02,5473,10775268,ggrepel
2022-01-03,11475,10786743,ggrepel
2022-01-04,12265,10799008,ggrepel
2022-01-05,12190,10811198,ggrepel
2022-01-06,13074,10824272,ggrepel
2022-01-07,11971,10836243,ggrepel
2022-01-08,6487,10842730,ggrepel
2022-01-09,7000,10849730,ggrepel
2022-01-10,13663,10863393,ggrepel
2022-01-11,13478,10876871,ggrepel
2022-01-12,13264,10890135,ggrepel
2022-01-13,13260,10903395,ggrepel
2022-01-14,13417,10916812,ggrepel
2022-01-15,6699,10923511,ggrepel
2022-01-16,6641,10930152,ggrepel
2022-01-17,13651,10943803,ggrepel
2022-01-18,15604,10959407,ggrepel
2022-01-19,16040,10975447,ggrepel
2022-01-20,14744,10990191,ggrepel
2022-01-21,13963,11004154,ggrepel
2022-01-22,6492,11010646,ggrepel
2022-01-23,6681,11017327,ggrepel
2022-01-24,14950,11032277,ggrepel
2022-01-25,13685,11045962,ggrepel
2022-01-26,16100,11062062,ggrepel
2022-01-27,15273,11077335,ggrepel
2022-01-28,12973,11090308,ggrepel
2022-01-29,6807,11097115,ggrepel
2022-01-30,6655,11103770,ggrepel
2022-01-31,13995,11117765,ggrepel
2022-02-01,12395,11130160,ggrepel
2022-02-02,13787,11143947,ggrepel
2022-02-03,13307,11157254,ggrepel
2022-02-04,11498,11168752,ggrepel
2022-02-05,7262,11176014,ggrepel
2022-02-06,6789,11182803,ggrepel
2022-02-07,14495,11197298,ggrepel
2022-02-08,13300,11210598,ggrepel
2022-02-09,13734,11224332,ggrepel
2022-02-10,21187,11245519,ggrepel
2022-02-11,12353,11257872,ggrepel
2022-02-12,5274,11263146,ggrepel
2022-02-13,5650,11268796,ggrepel
2022-02-14,13602,11282398,ggrepel
2022-02-15,13324,11295722,ggrepel
2022-02-16,14769,11310491,ggrepel
2022-02-17,13432,11323923,ggrepel
2022-02-18,11630,11335553,ggrepel
2022-02-19,6235,11341788,ggrepel
2022-02-20,5593,11347381,ggrepel
2022-02-21,14058,11361439,ggrepel
2022-02-22,14603,11376042,ggrepel
2022-02-23,13992,11390034,ggrepel
2022-02-24,13662,11403696,ggrepel
2022-02-25,12280,11415976,ggrepel
2022-02-26,5572,11421548,ggrepel
2022-02-27,6006,11427554,ggrepel
2022-02-28,10101,11437655,ggrepel
2022-03-01,11171,11448826,ggrepel
2022-03-02,12566,11461392,ggrepel
2022-03-03,13468,11474860,ggrepel
2022-03-04,11578,11486438,ggrepel
2022-03-05,5372,11491810,ggrepel
2022-03-06,5492,11497302,ggrepel
2022-03-07,12870,11510172,ggrepel
2022-03-08,14335,11524507,ggrepel
2022-03-09,13851,11538358,ggrepel
2022-03-10,12758,11551116,ggrepel
2022-03-11,12816,11563932,ggrepel
2022-03-12,6361,11570293,ggrepel
2022-03-13,5999,11576292,ggrepel
2022-03-14,14344,11590636,ggrepel
2022-03-15,13571,11604207,ggrepel
2022-03-16,14275,11618482,ggrepel
2022-03-17,16330,11634812,ggrepel
2022-03-18,19603,11654415,ggrepel
2022-03-19,7393,11661808,ggrepel
2022-03-20,5899,11667707,ggrepel
2022-03-21,19490,11687197,ggrepel
2022-03-22,14580,11701777,ggrepel
2022-03-23,14657,11716434,ggrepel
2022-03-24,15112,11731546,ggrepel
2022-03-25,12995,11744541,ggrepel
2022-03-26,5411,11749952,ggrepel
2022-03-27,6331,11756283,ggrepel
2022-03-28,13398,11769681,ggrepel
2022-03-29,15228,11784909,ggrepel
2022-03-30,14948,11799857,ggrepel
2022-03-31,15665,11815522,ggrepel
2022-04-01,13709,11829231,ggrepel
2022-04-02,5592,11834823,ggrepel
2022-04-03,6597,11841420,ggrepel
2022-04-04,15644,11857064,ggrepel
2022-04-05,17920,11874984,ggrepel
2022-04-06,19332,11894316,ggrepel
2022-04-07,16663,11910979,ggrepel
2022-04-08,13230,11924209,ggrepel
2022-04-09,7222,11931431,ggrepel
2022-04-10,6637,11938068,ggrepel
2022-04-11,14788,11952856,ggrepel
2022-04-12,14323,11967179,ggrepel
2022-04-13,17988,11985167,ggrepel
2022-04-14,19529,12004696,ggrepel
2022-04-15,10672,12015368,ggrepel
2022-04-16,6870,12022238,ggrepel
2022-04-17,7031,12029269,ggrepel
2022-04-18,20219,12049488,ggrepel
2022-04-19,22962,12072450,ggrepel
2022-04-20,20030,12092480,ggrepel
2022-04-21,17896,12110376,ggrepel
2022-04-22,18503,12128879,ggrepel
2022-04-23,8449,12137328,ggrepel
2022-04-24,9036,12146364,ggrepel
2022-04-25,24775,12171139,ggrepel
2022-04-26,21755,12192894,ggrepel
2022-04-27,18380,12211274,ggrepel
2022-04-28,16853,12228127,ggrepel
2022-04-29,24147,12252274,ggrepel
2022-04-30,7623,12259897,ggrepel
2022-05-01,7933,12267830,ggrepel
2022-05-02,22044,12289874,ggrepel
2022-05-03,21449,12311323,ggrepel
2022-05-04,21688,12333011,ggrepel
2022-05-05,23863,12356874,ggrepel
2022-05-06,22978,12379852,ggrepel
2022-05-07,7601,12387453,ggrepel
2022-05-08,7977,12395430,ggrepel
2022-05-09,21203,12416633,ggrepel
2022-05-10,24577,12441210,ggrepel
2022-05-11,18754,12459964,ggrepel
2022-05-12,17327,12477291,ggrepel
2022-05-13,15480,12492771,ggrepel
2022-05-14,6945,12499716,ggrepel
2022-05-15,7077,12506793,ggrepel
2022-05-16,17792,12524585,ggrepel
2022-05-17,23755,12548340,ggrepel
2022-05-18,20906,12569246,ggrepel
2022-05-19,25696,12594942,ggrepel
2022-05-20,17412,12612354,ggrepel
2022-05-21,6607,12618961,ggrepel
2022-05-22,7613,12626574,ggrepel
2022-05-23,17192,12643766,ggrepel
2022-05-24,20626,12664392,ggrepel
2022-05-25,18341,12682733,ggrepel
2022-05-26,17708,12700441,ggrepel
2022-05-27,11853,12712294,ggrepel
2022-05-28,6618,12718912,ggrepel
2022-05-29,6578,12725490,ggrepel
2022-05-30,13417,12738907,ggrepel
2022-05-31,14345,12753252,ggrepel
2022-06-01,17040,12770292,ggrepel
2022-06-02,14775,12785067,ggrepel
2022-06-03,13089,12798156,ggrepel
2022-06-04,6595,12804751,ggrepel
2022-06-05,6139,12810890,ggrepel
2022-06-06,16059,12826949,ggrepel
2022-06-07,20301,12847250,ggrepel
2022-06-08,20494,12867744,ggrepel
2022-06-09,18352,12886096,ggrepel
2022-06-10,19206,12905302,ggrepel
2022-06-11,5588,12910890,ggrepel
2022-06-12,5286,12916176,ggrepel
2022-06-13,13690,12929866,ggrepel
2022-06-14,15457,12945323,ggrepel
2022-06-15,17352,12962675,ggrepel
2022-06-16,11846,12974521,ggrepel
2022-06-17,12499,12987020,ggrepel
2022-06-18,5017,12992037,ggrepel
2022-06-19,5018,12997055,ggrepel
2022-06-20,15474,13012529,ggrepel
2022-06-21,17543,13030072,ggrepel
2022-06-22,17497,13047569,ggrepel
2022-06-23,14441,13062010,ggrepel
2022-06-24,14089,13076099,ggrepel
2022-06-25,4913,13081012,ggrepel
2022-06-26,4615,13085627,ggrepel
2022-06-27,14953,13100580,ggrepel
2022-06-28,16371,13116951,ggrepel
2022-06-29,16103,13133054,ggrepel
2022-06-30,20242,13153296,ggrepel
2022-07-01,12956,13166252,ggrepel
2022-07-02,4415,13170667,ggrepel
2022-07-03,5879,13176546,ggrepel
2022-07-04,13064,13189610,ggrepel
2022-07-05,13230,13202840,ggrepel
2022-07-06,14921,13217761,ggrepel
2022-07-07,13984,13231745,ggrepel
2022-07-08,12595,13244340,ggrepel
2022-07-09,5288,13249628,ggrepel
2022-07-10,5476,13255104,ggrepel
2022-07-11,14914,13270018,ggrepel
2022-07-12,15512,13285530,ggrepel
2022-07-13,14588,13300118,ggrepel
2022-07-14,17423,13317541,ggrepel
2022-07-15,16490,13334031,ggrepel
2022-07-16,5440,13339471,ggrepel
2022-07-17,5305,13344776,ggrepel
2022-07-18,18759,13363535,ggrepel
2022-07-19,19224,13382759,ggrepel
2022-07-20,16888,13399647,ggrepel
2022-07-21,18056,13417703,ggrepel
2022-07-22,14359,13432062,ggrepel
2022-07-23,5014,13437076,ggrepel
2022-07-24,6788,13443864,ggrepel
2022-07-25,18310,13462174,ggrepel
2022-07-26,19459,13481633,ggrepel
2022-07-27,18870,13500503,ggrepel
2022-07-28,30534,13531037,ggrepel
2022-07-29,27744,13558781,ggrepel
2022-07-30,24038,13582819,ggrepel
2022-07-31,23812,13606631,ggrepel
2022-08-01,33572,13640203,ggrepel
2022-08-02,32452,13672655,ggrepel
2022-08-03,30866,13703521,ggrepel
2022-08-04,31459,13734980,ggrepel
2022-08-05,27306,13762286,ggrepel
2022-08-06,21548,13783834,ggrepel
2022-08-07,23436,13807270,ggrepel
2022-08-08,33646,13840916,ggrepel
2022-08-09,31948,13872864,ggrepel
2022-08-10,31529,13904393,ggrepel
2022-08-11,31376,13935769,ggrepel
2022-08-12,28928,13964697,ggrepel
2022-08-13,22741,13987438,ggrepel
2022-08-14,21652,14009090,ggrepel
2022-08-15,28270,14037360,ggrepel
2022-08-16,32638,14069998,ggrepel
2022-08-17,17292,14087290,ggrepel
2022-08-18,15864,14103154,ggrepel
2022-08-19,20925,14124079,ggrepel
2022-08-20,24651,14148730,ggrepel
2022-08-21,27293,14176023,ggrepel
2022-08-22,29385,14205408,ggrepel
2022-08-23,31766,14237174,ggrepel
2022-08-24,23941,14261115,ggrepel
2022-08-25,27960,14289075,ggrepel
2022-08-26,20177,14309252,ggrepel
2022-08-27,14465,14323717,ggrepel
2022-08-28,14144,14337861,ggrepel
2022-08-29,23829,14361690,ggrepel
2022-08-30,21429,14383119,ggrepel
2022-08-31,22996,14406115,ggrepel
2022-09-01,22460,14428575,ggrepel
2022-09-02,20227,14448802,ggrepel
2022-09-03,13907,14462709,ggrepel
2022-09-04,12831,14475540,ggrepel
2022-09-05,19885,14495425,ggrepel
2022-09-06,21047,14516472,ggrepel
2022-09-07,17366,14533838,ggrepel
2022-09-08,18775,14552613,ggrepel
2022-09-09,17352,14569965,ggrepel
2022-09-10,12799,14582764,ggrepel
2022-09-11,13498,14596262,ggrepel
2022-09-12,17566,14613828,ggrepel
2022-09-13,13904,14627732,ggrepel
2022-09-14,14351,14642083,ggrepel
2022-09-15,12197,14654280,ggrepel
2022-09-16,11930,14666210,ggrepel
2022-09-17,4574,14670784,ggrepel
2022-09-18,5226,14676010,ggrepel
2022-09-19,12913,14688923,ggrepel
2022-09-20,13025,14701948,ggrepel
2022-09-21,15379,14717327,ggrepel
2022-09-22,13258,14730585,ggrepel
2022-09-23,10992,14741577,ggrepel
2022-09-24,5103,14746680,ggrepel
2022-09-25,4659,14751339,ggrepel
2022-09-26,12504,14763843,ggrepel
2022-09-27,13191,14777034,ggrepel
2022-09-28,15599,14792633,ggrepel
2022-09-29,15852,14808485,ggrepel
2022-09-30,11780,14820265,ggrepel
2022-10-01,4741,14825006,ggrepel
2022-10-02,4535,14829541,ggrepel
2022-10-03,13770,14843311,ggrepel
2022-10-04,12256,14855567,ggrepel
2022-10-05,12615,14868182,ggrepel
2022-10-06,13965,14882147,ggrepel
2022-10-07,10049,14892196,ggrepel
2022-10-08,4951,14897147,ggrepel
2022-10-09,5044,14902191,ggrepel
2022-10-10,11634,14913825,ggrepel
2022-10-11,12157,14925982,ggrepel
2022-10-12,11961,14937943,ggrepel
2022-10-13,13430,14951373,ggrepel
2022-10-14,10488,14961861,ggrepel
2022-10-15,5023,14966884,ggrepel
2022-10-16,5259,14972143,ggrepel
2022-10-17,14709,14986852,ggrepel
2022-10-18,14054,15000906,ggrepel
2022-10-19,13119,15014025,ggrepel
2022-10-20,13633,15027658,ggrepel
2022-10-21,12335,15039993,ggrepel
2022-10-22,5074,15045067,ggrepel
2022-10-23,5461,15050528,ggrepel
2022-10-24,15881,15066409,ggrepel
2022-10-25,15403,15081812,ggrepel
2022-10-26,15200,15097012,ggrepel
2022-10-27,15899,15112911,ggrepel
2022-10-28,14395,15127306,ggrepel
2022-10-29,5669,15132975,ggrepel
2022-10-30,5197,15138172,ggrepel
2022-10-31,14803,15152975,ggrepel
2022-11-01,12986,15165961,ggrepel
2022-11-02,18455,15184416,ggrepel
2022-11-03,18147,15202563,ggrepel
2022-11-04,12583,15215146,ggrepel
2022-11-05,5424,15220570,ggrepel
2022-11-06,6943,15227513,ggrepel
2022-11-07,27652,15255165,ggrepel
2022-11-08,23936,15279101,ggrepel
2022-11-09,22729,15301830,ggrepel
2022-11-10,22788,15324618,ggrepel
2022-11-11,16881,15341499,ggrepel
2022-11-12,7437,15348936,ggrepel
2022-11-13,8385,15357321,ggrepel
2022-11-14,19354,15376675,ggrepel
2022-11-15,19117,15395792,ggrepel
2022-11-16,21593,15417385,ggrepel
2022-11-17,20759,15438144,ggrepel
2022-11-18,17852,15455996,ggrepel
2022-11-19,7688,15463684,ggrepel
2022-11-20,14606,15478290,ggrepel
2022-11-21,19119,15497409,ggrepel
2022-11-22,18752,15516161,ggrepel
2022-11-23,20778,15536939,ggrepel
2022-11-24,16086,15553025,ggrepel
2022-11-25,14639,15567664,ggrepel
2022-11-26,6894,15574558,ggrepel
2022-11-27,7984,15582542,ggrepel
2022-11-28,16020,15598562,ggrepel
2022-11-29,18095,15616657,ggrepel
2022-11-30,17017,15633674,ggrepel
2022-12-01,16912,15650586,ggrepel
2022-12-02,13907,15664493,ggrepel
2022-12-03,6750,15671243,ggrepel
2022-12-04,7806,15679049,ggrepel
2022-12-05,17580,15696629,ggrepel
2022-12-06,16604,15713233,ggrepel
2022-12-07,15699,15728932,ggrepel
2022-12-08,13540,15742472,ggrepel
2022-12-09,11106,15753578,ggrepel
2022-12-10,5947,15759525,ggrepel
2022-12-11,6092,15765617,ggrepel
2022-12-12,13112,15778729,ggrepel
2022-12-13,11996,15790725,ggrepel
2022-12-14,11463,15802188,ggrepel
2022-12-15,11124,15813312,ggrepel
2022-12-16,8781,15822093,ggrepel
2022-12-17,4955,15827048,ggrepel
2022-12-18,5920,15832968,ggrepel
2022-12-19,9487,15842455,ggrepel
2022-12-20,9902,15852357,ggrepel
2022-12-21,10267,15862624,ggrepel
2022-12-22,8222,15870846,ggrepel
2022-12-23,5739,15876585,ggrepel
2022-12-24,3073,15879658,ggrepel
2022-12-25,2712,15882370,ggrepel
2022-12-26,4403,15886773,ggrepel
2022-12-27,5503,15892276,ggrepel
2022-12-28,6061,15898337,ggrepel
2022-12-29,5841,15904178,ggrepel
2022-12-30,4706,15908884,ggrepel
2022-12-31,2764,15911648,ggrepel
2023-01-01,2767,15914415,ggrepel
2023-01-02,5786,15920201,ggrepel
2023-01-03,8067,15928268,ggrepel
2023-01-04,8695,15936963,ggrepel
2023-01-05,8730,15945693,ggrepel
2023-01-06,7596,15953289,ggrepel
2023-01-07,4163,15957452,ggrepel
2023-01-08,4213,15961665,ggrepel
2023-01-09,9155,15970820,ggrepel
2023-01-10,10069,15980889,ggrepel
2023-01-11,10077,15990966,ggrepel
2023-01-12,9644,16000610,ggrepel
2023-01-13,8045,16008655,ggrepel
2023-01-14,3823,16012478,ggrepel
2023-01-15,4187,16016665,ggrepel
2023-01-16,8446,16025111,ggrepel
2023-01-17,9454,16034565,ggrepel
2023-01-18,9490,16044055,ggrepel
2023-01-19,9738,16053793,ggrepel
2023-01-20,8146,16061939,ggrepel
2023-01-21,3575,16065514,ggrepel
2023-01-22,4025,16069539,ggrepel
2023-01-23,8966,16078505,ggrepel
2023-01-24,10028,16088533,ggrepel
2023-01-25,9525,16098058,ggrepel
2023-01-26,9651,16107709,ggrepel
2023-01-27,8581,16116290,ggrepel
2023-01-28,4001,16120291,ggrepel
2023-01-29,4262,16124553,ggrepel
2023-01-30,9512,16134065,ggrepel
2023-01-31,10532,16144597,ggrepel
2023-02-01,10537,16155134,ggrepel
2023-02-02,10458,16165592,ggrepel
2023-02-03,13624,16179216,ggrepel
2023-02-04,7743,16186959,ggrepel
2023-02-05,7338,16194297,ggrepel
2023-02-06,16363,16210660,ggrepel
2023-02-07,16429,16227089,ggrepel
2023-02-08,15893,16242982,ggrepel
2023-02-09,15438,16258420,ggrepel
2023-02-10,12863,16271283,ggrepel
2023-02-11,6708,16277991,ggrepel
2023-02-12,6345,16284336,ggrepel
2023-02-13,13437,16297773,ggrepel
2023-02-14,14522,16312295,ggrepel
2023-02-15,13092,16325387,ggrepel
2023-02-16,13875,16339262,ggrepel
2023-02-17,11466,16350728,ggrepel
2023-02-18,5427,16356155,ggrepel
2023-02-19,5331,16361486,ggrepel
2023-02-20,11690,16373176,ggrepel
2023-02-21,13360,16386536,ggrepel
2023-02-22,12740,16399276,ggrepel
2023-02-23,12794,16412070,ggrepel
2023-02-24,11725,16423795,ggrepel
2023-02-25,5512,16429307,ggrepel
2023-02-26,5917,16435224,ggrepel
2023-02-27,12531,16447755,ggrepel
2023-02-28,13108,16460863,ggrepel
2023-03-01,13278,16474141,ggrepel
2023-03-02,12777,16486918,ggrepel
2023-03-03,11145,16498063,ggrepel
2023-03-04,6536,16504599,ggrepel
2023-03-05,5721,16510320,ggrepel
2023-03-06,13691,16524011,ggrepel
2023-03-07,12999,16537010,ggrepel
2023-03-08,13161,16550171,ggrepel
2023-03-09,13847,16564018,ggrepel
2023-03-10,10936,16574954,ggrepel
2023-03-11,5713,16580667,ggrepel
2023-03-12,6802,16587469,ggrepel
2023-03-13,13013,16600482,ggrepel
2023-03-14,13282,16613764,ggrepel
2023-03-15,12980,16626744,ggrepel
2023-03-16,13288,16640032,ggrepel
2023-03-17,10353,16650385,ggrepel
2023-03-18,5466,16655851,ggrepel
2023-03-19,5768,16661619,ggrepel
2023-03-20,12479,16674098,ggrepel
2023-03-21,13197,16687295,ggrepel
2023-03-22,13344,16700639,ggrepel
2023-03-23,13243,16713882,ggrepel
2023-03-24,11554,16725436,ggrepel
2023-03-25,5671,16731107,ggrepel
2023-03-26,5805,16736912,ggrepel
2023-03-27,13022,16749934,ggrepel
2023-03-28,13394,16763328,ggrepel
2023-03-29,12930,16776258,ggrepel
2023-03-30,12468,16788726,ggrepel
2023-03-31,10344,16799070,ggrepel
2023-04-01,5356,16804426,ggrepel
2023-04-02,5415,16809841,ggrepel
2023-04-03,12022,16821863,ggrepel
2023-04-04,12365,16834228,ggrepel
2023-04-05,11343,16845571,ggrepel
2023-04-06,11446,16857017,ggrepel
2023-04-07,8006,16865023,ggrepel
2023-04-08,4953,16869976,ggrepel
2023-04-09,4614,16874590,ggrepel
2023-04-10,9385,16883975,ggrepel
2023-04-11,12362,16896337,ggrepel
2023-04-12,12515,16908852,ggrepel
2023-04-13,12307,16921159,ggrepel
2023-04-14,10233,16931392,ggrepel
2023-04-15,5402,16936794,ggrepel
2023-04-16,5356,16942150,ggrepel
2023-04-17,11527,16953677,ggrepel
2023-04-18,12086,16965763,ggrepel
2023-04-19,12261,16978024,ggrepel
2023-04-20,11839,16989863,ggrepel
2023-04-21,9778,16999641,ggrepel
2023-04-22,5597,17005238,ggrepel
2023-04-23,6402,17011640,ggrepel
2023-04-24,14113,17025753,ggrepel
2023-04-25,13253,17039006,ggrepel
2023-04-26,12923,17051929,ggrepel
2023-04-27,12359,17064288,ggrepel
2023-04-28,9960,17074248,ggrepel
2023-04-29,5236,17079484,ggrepel
2023-04-30,5146,17084630,ggrepel
2023-05-01,8779,17093409,ggrepel
2023-05-02,11727,17105136,ggrepel
2023-05-03,11827,17116963,ggrepel
2023-05-04,12468,17129431,ggrepel
2023-05-05,9844,17139275,ggrepel
2023-05-06,5490,17144765,ggrepel
2023-05-07,5175,17149940,ggrepel
2023-05-08,10808,17160748,ggrepel
2023-05-09,11710,17172458,ggrepel
2023-05-10,11630,17184088,ggrepel
2023-05-11,12075,17196163,ggrepel
2023-05-12,9862,17206025,ggrepel
2023-05-13,5239,17211264,ggrepel
2023-05-14,5211,17216475,ggrepel
2023-05-15,11835,17228310,ggrepel
2023-05-16,12672,17240982,ggrepel
2023-05-17,11678,17252660,ggrepel
2023-05-18,10814,17263474,ggrepel
2023-05-19,9960,17273434,ggrepel
2023-05-20,5067,17278501,ggrepel
2023-05-21,5056,17283557,ggrepel
2023-05-22,11074,17294631,ggrepel
2023-05-23,11560,17306191,ggrepel
2023-05-24,11297,17317488,ggrepel
2023-05-25,11240,17328728,ggrepel
2023-05-26,9104,17337832,ggrepel
2023-05-27,4829,17342661,ggrepel
2023-05-28,4743,17347404,ggrepel
2023-05-29,8144,17355548,ggrepel
2023-05-30,10649,17366197,ggrepel
2023-05-31,10696,17376893,ggrepel
2023-06-01,10322,17387215,ggrepel
2023-06-02,8758,17395973,ggrepel
2023-06-03,4489,17400462,ggrepel
2023-06-04,4457,17404919,ggrepel
2023-06-05,10262,17415181,ggrepel
2023-06-06,10349,17425530,ggrepel
2023-06-07,10336,17435866,ggrepel
2023-06-08,9549,17445415,ggrepel
2023-06-09,8672,17454087,ggrepel
2023-06-10,4694,17458781,ggrepel
2023-06-11,4840,17463621,ggrepel
2023-06-12,10323,17473944,ggrepel
2023-06-13,10422,17484366,ggrepel
2023-06-14,10638,17495004,ggrepel
2023-06-15,10686,17505690,ggrepel
2023-06-16,8584,17514274,ggrepel
2023-06-17,4370,17518644,ggrepel
2023-06-18,4536,17523180,ggrepel
2023-06-19,9582,17532762,ggrepel
2023-06-20,10361,17543123,ggrepel
2023-06-21,9516,17552639,ggrepel
2023-06-22,8821,17561460,ggrepel
2023-06-23,7263,17568723,ggrepel
2023-06-24,3811,17572534,ggrepel
2023-06-25,4254,17576788,ggrepel
2023-06-26,8806,17585594,ggrepel
2023-06-27,9079,17594673,ggrepel
2023-06-28,8528,17603201,ggrepel
2023-06-29,8336,17611537,ggrepel
2023-06-30,7097,17618634,ggrepel
2023-07-01,3735,17622369,ggrepel
2023-07-02,3777,17626146,ggrepel
2023-07-03,8046,17634192,ggrepel
2023-07-04,7465,17641657,ggrepel
2023-07-05,8839,17650496,ggrepel
2023-07-06,8967,17659463,ggrepel
2023-07-07,7851,17667314,ggrepel
2023-07-08,3760,17671074,ggrepel
2023-07-09,3713,17674787,ggrepel
2023-07-10,9163,17683950,ggrepel
2023-07-11,9297,17693247,ggrepel
2023-07-12,9478,17702725,ggrepel
2023-07-13,9059,17711784,ggrepel
2023-07-14,7516,17719300,ggrepel
2023-07-15,4083,17723383,ggrepel
2023-07-16,3991,17727374,ggrepel
2023-07-17,8571,17735945,ggrepel
2023-07-18,9120,17745065,ggrepel
2023-07-19,8685,17753750,ggrepel
2023-07-20,8871,17762621,ggrepel
2023-07-21,7031,17769652,ggrepel
2023-07-22,3609,17773261,ggrepel
2023-07-23,3557,17776818,ggrepel
2023-07-24,8164,17784982,ggrepel
2023-07-25,8566,17793548,ggrepel
2023-07-26,8407,17801955,ggrepel
2023-07-27,7449,17809404,ggrepel
2023-07-28,6751,17816155,ggrepel
2023-07-29,3494,17819649,ggrepel
2023-07-30,3618,17823267,ggrepel
2023-07-31,7895,17831162,ggrepel
2023-08-01,7632,17838794,ggrepel
2023-08-02,7726,17846520,ggrepel
2023-08-03,7827,17854347,ggrepel
2023-08-04,7139,17861486,ggrepel
2023-08-05,3508,17864994,ggrepel
2023-08-06,3515,17868509,ggrepel
2023-08-07,7529,17876038,ggrepel
2023-08-08,7961,17883999,ggrepel
2023-08-09,7726,17891725,ggrepel
2023-08-10,7998,17899723,ggrepel
2023-08-11,6649,17906372,ggrepel
2023-08-12,3550,17909922,ggrepel
2023-08-13,3845,17913767,ggrepel
2023-08-14,7696,17921463,ggrepel
2023-08-15,7337,17928800,ggrepel
2023-08-16,7841,17936641,ggrepel
2023-08-17,8116,17944757,ggrepel
2023-08-18,7124,17951881,ggrepel
2023-08-19,3745,17955626,ggrepel
2023-08-20,3910,17959536,ggrepel
2023-08-21,7720,17967256,ggrepel
2023-08-22,8220,17975476,ggrepel
2023-08-23,8813,17984289,ggrepel
2023-08-24,8120,17992409,ggrepel
2023-08-25,8148,18000557,ggrepel
2023-08-26,4048,18004605,ggrepel
2023-08-27,4234,18008839,ggrepel
2023-08-28,8827,18017666,ggrepel
2023-08-29,8758,18026424,ggrepel
2023-08-30,9036,18035460,ggrepel
2023-08-31,8843,18044303,ggrepel
2023-09-01,7192,18051495,ggrepel
2023-09-02,4134,18055629,ggrepel
2023-09-03,4011,18059640,ggrepel
2023-09-04,7342,18066982,ggrepel
2023-09-05,9819,18076801,ggrepel
2023-09-06,9434,18086235,ggrepel
2023-09-07,9161,18095396,ggrepel
2023-09-08,8209,18103605,ggrepel
2023-09-09,4177,18107782,ggrepel
2023-09-10,4548,18112330,ggrepel
2023-09-11,8988,18121318,ggrepel
2023-09-12,9996,18131314,ggrepel
2023-09-13,9973,18141287,ggrepel
2023-09-14,10019,18151306,ggrepel
2023-09-15,8208,18159514,ggrepel
2023-09-16,4033,18163547,ggrepel
2023-09-17,4300,18167847,ggrepel
2023-09-18,9485,18177332,ggrepel
2023-09-19,9786,18187118,ggrepel
2023-09-20,10276,18197394,ggrepel
2023-09-21,10273,18207667,ggrepel
2023-09-22,8451,18216118,ggrepel
2023-09-23,4379,18220497,ggrepel
2023-09-24,4453,18224950,ggrepel
2023-09-25,9810,18234760,ggrepel
2023-09-26,9900,18244660,ggrepel
2023-09-27,10045,18254705,ggrepel
2023-09-28,9817,18264522,ggrepel
2023-09-29,7537,18272059,ggrepel
2023-09-30,4172,18276231,ggrepel
2023-10-01,4385,18280616,ggrepel
2023-10-02,9543,18290159,ggrepel
2023-10-03,9956,18300115,ggrepel
2023-10-04,9858,18309973,ggrepel
2023-10-05,10292,18320265,ggrepel
2023-10-06,8780,18329045,ggrepel
2023-10-07,4834,18333879,ggrepel
2023-10-08,4995,18338874,ggrepel
2023-10-09,10107,18348981,ggrepel
2023-10-10,10748,18359729,ggrepel
2023-10-11,11239,18370968,ggrepel
2023-10-12,10685,18381653,ggrepel
2023-10-13,16664,18398317,ggrepel
2023-10-14,7159,18405476,ggrepel
2023-10-15,7194,18412670,ggrepel
2023-10-16,16337,18429007,ggrepel
2023-10-17,16253,18445260,ggrepel
2023-10-18,15078,18460338,ggrepel
2023-10-19,14520,18474858,ggrepel
2023-10-20,12595,18487453,ggrepel
2023-10-21,6723,18494176,ggrepel
2023-10-22,6671,18500847,ggrepel
2023-10-23,13843,18514690,ggrepel
2023-10-24,14518,18529208,ggrepel
2023-10-25,13691,18542899,ggrepel
2023-10-26,13969,18556868,ggrepel
2023-10-27,10572,18567440,ggrepel
2023-10-28,5530,18572970,ggrepel
2023-10-29,5647,18578617,ggrepel
2023-10-30,12082,18590699,ggrepel
2023-10-31,13395,18604094,ggrepel
2023-11-01,12065,18616159,ggrepel
2023-11-02,14958,18631117,ggrepel
2023-11-03,11755,18642872,ggrepel
2023-11-04,5815,18648687,ggrepel
2023-11-05,5808,18654495,ggrepel
2023-11-06,13767,18668262,ggrepel
2023-11-07,13889,18682151,ggrepel
2023-11-08,13880,18696031,ggrepel
2023-11-09,13262,18709293,ggrepel
2023-11-10,11203,18720496,ggrepel
2023-11-11,5572,18726068,ggrepel
2023-11-12,5578,18731646,ggrepel
2023-11-13,13335,18744981,ggrepel
2023-11-14,13888,18758869,ggrepel
2023-11-15,13277,18772146,ggrepel
2023-11-16,13415,18785561,ggrepel
2023-11-17,10871,18796432,ggrepel
2023-11-18,5257,18801689,ggrepel
2023-11-19,5683,18807372,ggrepel
2023-11-20,13276,18820648,ggrepel
2023-11-21,13318,18833966,ggrepel
2023-11-22,12419,18846385,ggrepel
2023-11-23,11115,18857500,ggrepel
2023-11-24,9148,18866648,ggrepel
2023-11-25,5278,18871926,ggrepel
2023-11-26,5891,18877817,ggrepel
2023-11-27,13202,18891019,ggrepel
2023-11-28,13312,18904331,ggrepel
2023-11-29,13167,18917498,ggrepel
2023-11-30,12788,18930286,ggrepel
2023-12-01,10548,18940834,ggrepel
2023-12-02,6068,18946902,ggrepel
2023-12-03,6198,18953100,ggrepel
2023-12-04,13140,18966240,ggrepel
2023-12-05,12636,18978876,ggrepel
2023-12-06,12122,18990998,ggrepel
2023-12-07,11785,19002783,ggrepel
2023-12-08,10017,19012800,ggrepel
2023-12-09,5687,19018487,ggrepel
2023-12-10,6076,19024563,ggrepel
2023-12-11,11760,19036323,ggrepel
2023-12-12,11992,19048315,ggrepel
2023-12-13,11280,19059595,ggrepel
2023-12-14,11108,19070703,ggrepel
2023-12-15,8778,19079481,ggrepel
2023-12-16,4743,19084224,ggrepel
2023-12-17,5087,19089311,ggrepel
2023-12-18,9314,19098625,ggrepel
2023-12-19,9700,19108325,ggrepel
2023-12-20,9613,19117938,ggrepel
2023-12-21,8637,19126575,ggrepel
2023-12-22,6435,19133010,ggrepel
2023-12-23,3543,19136553,ggrepel
2023-12-24,3175,19139728,ggrepel
2023-12-25,3929,19143657,ggrepel
2023-12-26,5075,19148732,ggrepel
2023-12-27,5852,19154584,ggrepel
2023-12-28,5764,19160348,ggrepel
2023-12-29,4955,19165303,ggrepel
2023-12-30,3558,19168861,ggrepel
2023-12-31,2758,19171619,ggrepel
2024-01-01,2971,19174590,ggrepel
2024-01-02,6661,19181251,ggrepel
2024-01-03,7241,19188492,ggrepel
2024-01-04,7836,19196328,ggrepel
2024-01-05,7226,19203554,ggrepel
2024-01-06,4225,19207779,ggrepel
2024-01-07,4112,19211891,ggrepel
2024-01-08,9139,19221030,ggrepel
2024-01-09,9824,19230854,ggrepel
2024-01-10,10213,19241067,ggrepel
2024-01-11,16943,19258010,ggrepel
2024-01-12,13412,19271422,ggrepel
2024-01-13,6134,19277556,ggrepel
2024-01-14,6283,19283839,ggrepel
2024-01-15,12029,19295868,ggrepel
2024-01-16,13695,19309563,ggrepel
2024-01-17,13343,19322906,ggrepel
2024-01-18,13707,19336613,ggrepel
2024-01-19,11096,19347709,ggrepel
2024-01-20,5900,19353609,ggrepel
2024-01-21,6039,19359648,ggrepel
2024-01-22,13167,19372815,ggrepel
2024-01-23,13277,19386092,ggrepel
2024-01-24,12838,19398930,ggrepel
2024-01-25,12581,19411511,ggrepel
2024-01-26,9818,19421329,ggrepel
2024-01-27,5050,19426379,ggrepel
2024-01-28,5429,19431808,ggrepel
2024-01-29,11870,19443678,ggrepel
2024-01-30,12400,19456078,ggrepel
2024-01-31,11498,19467576,ggrepel
2024-02-01,11357,19478933,ggrepel
2024-02-02,10361,19489294,ggrepel
2024-02-03,4510,19493804,ggrepel
2024-02-04,5295,19499099,ggrepel
2024-02-05,11037,19510136,ggrepel
2024-02-06,11906,19522042,ggrepel
2024-02-07,11096,19533138,ggrepel
2024-02-08,10881,19544019,ggrepel
2024-02-09,8716,19552735,ggrepel
2024-02-10,3948,19556683,ggrepel
2024-02-11,4070,19560753,ggrepel
2024-02-12,9735,19570488,ggrepel
2024-02-13,10891,19581379,ggrepel
2024-02-14,10187,19591566,ggrepel
2024-02-15,10956,19602522,ggrepel
2024-02-16,9268,19611790,ggrepel
2024-02-17,4976,19616766,ggrepel
2024-02-18,5184,19621950,ggrepel
2024-02-19,10395,19632345,ggrepel
2024-02-20,12016,19644361,ggrepel
2024-02-21,11756,19656117,ggrepel
2024-02-22,11896,19668013,ggrepel
2024-02-23,9850,19677863,ggrepel
2024-02-24,4648,19682511,ggrepel
2024-02-25,5115,19687626,ggrepel
2024-02-26,11610,19699236,ggrepel
2024-02-27,12584,19711820,ggrepel
2024-02-28,11760,19723580,ggrepel
2024-02-29,11660,19735240,ggrepel
2024-03-01,9950,19745190,ggrepel
2024-03-02,5000,19750190,ggrepel
2024-03-03,5724,19755914,ggrepel
2024-03-04,11483,19767397,ggrepel
2024-03-05,12904,19780301,ggrepel
2024-03-06,12085,19792386,ggrepel
2024-03-07,12055,19804441,ggrepel
2024-03-08,9762,19814203,ggrepel
2024-03-09,4668,19818871,ggrepel
2024-03-10,5339,19824210,ggrepel
2024-03-11,11482,19835692,ggrepel
2024-03-12,12847,19848539,ggrepel
2024-03-13,11643,19860182,ggrepel
2024-03-14,11710,19871892,ggrepel
2024-03-15,9875,19881767,ggrepel
2024-03-16,4840,19886607,ggrepel
2024-03-17,5149,19891756,ggrepel
2024-03-18,11674,19903430,ggrepel
2024-03-19,12527,19915957,ggrepel
2024-03-20,11946,19927903,ggrepel
2024-03-21,11936,19939839,ggrepel
2024-03-22,9738,19949577,ggrepel
2024-03-23,5084,19954661,ggrepel
2024-03-24,5051,19959712,ggrepel
2024-03-25,10762,19970474,ggrepel
2024-03-26,11741,19982215,ggrepel
2024-03-27,11501,19993716,ggrepel
2024-03-28,10207,20003923,ggrepel
2024-03-29,7230,20011153,ggrepel
2024-03-30,4542,20015695,ggrepel
2024-03-31,4491,20020186,ggrepel
2024-04-01,8329,20028515,ggrepel
2024-04-02,11106,20039621,ggrepel
2024-04-03,11156,20050777,ggrepel
2024-04-04,10584,20061361,ggrepel
2024-04-05,8996,20070357,ggrepel
2024-04-06,4774,20075131,ggrepel
2024-04-07,5684,20080815,ggrepel
2024-04-08,11215,20092030,ggrepel
2024-04-09,11238,20103268,ggrepel
2024-04-10,10818,20114086,ggrepel
2024-04-11,10776,20124862,ggrepel
2024-04-12,9354,20134216,ggrepel
2024-04-13,4800,20139016,ggrepel
2024-04-14,5120,20144136,ggrepel
2024-04-15,11210,20155346,ggrepel
2024-04-16,11354,20166700,ggrepel
2024-04-17,11312,20178012,ggrepel
2024-04-18,11468,20189480,ggrepel
2024-04-19,9501,20198981,ggrepel
2024-04-20,6076,20205057,ggrepel
2024-04-21,5686,20210743,ggrepel
2024-04-22,11217,20221960,ggrepel
2024-04-23,11343,20233303,ggrepel
2024-04-24,11003,20244306,ggrepel
2024-04-25,11639,20255945,ggrepel
2024-04-26,9996,20265941,ggrepel
2024-04-27,5327,20271268,ggrepel
2024-04-28,6133,20277401,ggrepel
2024-04-29,12317,20289718,ggrepel
2024-04-30,11995,20301713,ggrepel
2024-05-01,11513,20313226,ggrepel
2024-05-02,12206,20325432,ggrepel
2024-05-03,10212,20335644,ggrepel
2024-05-04,5407,20341051,ggrepel
2024-05-05,5548,20346599,ggrepel
2024-05-06,12105,20358704,ggrepel
2024-05-07,12136,20370840,ggrepel
2024-05-08,11375,20382215,ggrepel
2024-05-09,10534,20392749,ggrepel
2024-05-10,9329,20402078,ggrepel
2024-05-11,5006,20407084,ggrepel
2024-05-12,4712,20411796,ggrepel
2024-05-13,11331,20423127,ggrepel
2024-05-14,11834,20434961,ggrepel
2024-05-15,11560,20446521,ggrepel
2024-05-16,11525,20458046,ggrepel
2024-05-17,9832,20467878,ggrepel
2024-05-18,5170,20473048,ggrepel
2024-05-19,4983,20478031,ggrepel
2024-05-20,10126,20488157,ggrepel
2024-05-21,11706,20499863,ggrepel
2024-05-22,12398,20512261,ggrepel
2024-05-23,11116,20523377,ggrepel
2024-05-24,9759,20533136,ggrepel
2024-05-25,4897,20538033,ggrepel
2024-05-26,5255,20543288,ggrepel
2024-05-27,9806,20553094,ggrepel
2024-05-28,11714,20564808,ggrepel
2024-05-29,11436,20576244,ggrepel
2024-05-30,10689,20586933,ggrepel
2024-05-31,9534,20596467,ggrepel
2024-06-01,4711,20601178,ggrepel
2024-06-02,5035,20606213,ggrepel
2024-06-03,10663,20616876,ggrepel
2024-06-04,10760,20627636,ggrepel
2024-06-05,10641,20638277,ggrepel
2024-06-06,10123,20648400,ggrepel
2024-06-07,8505,20656905,ggrepel
2024-06-08,4238,20661143,ggrepel
2024-06-09,4594,20665737,ggrepel
2024-06-10,9547,20675284,ggrepel
2024-06-11,10538,20685822,ggrepel
2024-06-12,10217,20696039,ggrepel
2024-06-13,11341,20707380,ggrepel
2024-06-14,8130,20715510,ggrepel
2024-06-15,3886,20719396,ggrepel
2024-06-16,4216,20723612,ggrepel
2024-06-17,9559,20733171,ggrepel
2024-06-18,9880,20743051,ggrepel
2024-06-19,9422,20752473,ggrepel
2024-06-20,9890,20762363,ggrepel
2024-06-21,7880,20770243,ggrepel
2024-06-22,4165,20774408,ggrepel
2024-06-23,4176,20778584,ggrepel
2024-06-24,9240,20787824,ggrepel
2024-06-25,9450,20797274,ggrepel
2024-06-26,9087,20806361,ggrepel
2024-06-27,9380,20815741,ggrepel
2024-06-28,7531,20823272,ggrepel
2024-06-29,3494,20826766,ggrepel
2024-06-30,4130,20830896,ggrepel
2024-07-01,8698,20839594,ggrepel
2024-07-02,9531,20849125,ggrepel
2024-07-03,9169,20858294,ggrepel
2024-07-04,7962,20866256,ggrepel
2024-07-05,7307,20873563,ggrepel
2024-07-06,3752,20877315,ggrepel
2024-07-07,3761,20881076,ggrepel
2024-07-08,8732,20889808,ggrepel
2024-07-09,8888,20898696,ggrepel
2024-07-10,8672,20907368,ggrepel
2024-07-11,9124,20916492,ggrepel
2024-07-12,7443,20923935,ggrepel
2024-07-13,3819,20927754,ggrepel
2024-07-14,3757,20931511,ggrepel
2024-07-15,8549,20940060,ggrepel
2024-07-16,8719,20948779,ggrepel
2024-07-17,8650,20957429,ggrepel
2024-07-18,8487,20965916,ggrepel
2024-07-19,7312,20973228,ggrepel
2024-07-20,3789,20977017,ggrepel
2024-07-21,3761,20980778,ggrepel
2024-07-22,8604,20989382,ggrepel
2024-07-23,8326,20997708,ggrepel
2024-07-24,8310,21006018,ggrepel
2024-07-25,9078,21015096,ggrepel
2024-07-26,6922,21022018,ggrepel
2024-07-27,3513,21025531,ggrepel
2024-07-28,3331,21028862,ggrepel
2024-07-29,8130,21036992,ggrepel
2024-07-30,8327,21045319,ggrepel
2024-07-31,7732,21053051,ggrepel
2024-08-01,7876,21060927,ggrepel
2024-08-02,6907,21067834,ggrepel
2024-08-03,3483,21071317,ggrepel
2024-08-04,3832,21075149,ggrepel
2024-08-05,7255,21082404,ggrepel
2024-08-06,7988,21090392,ggrepel
2024-08-07,7775,21098167,ggrepel
2024-08-08,7582,21105749,ggrepel
2024-08-09,6382,21112131,ggrepel
2024-08-10,3950,21116081,ggrepel
2024-08-11,3547,21119628,ggrepel
2024-08-12,7490,21127118,ggrepel
2024-08-13,7976,21135094,ggrepel
2024-08-14,7489,21142583,ggrepel
2024-08-15,6892,21149475,ggrepel
2024-08-16,6969,21156444,ggrepel
2024-08-17,3480,21159924,ggrepel
2024-08-18,3452,21163376,ggrepel
2024-08-19,8230,21171606,ggrepel
2024-08-20,8925,21180531,ggrepel
2024-08-21,8396,21188927,ggrepel
2024-08-22,8530,21197457,ggrepel
2024-08-23,7994,21205451,ggrepel
2024-08-24,3891,21209342,ggrepel
2024-08-25,3790,21213132,ggrepel
2024-08-26,7985,21221117,ggrepel
2024-08-27,8354,21229471,ggrepel
2024-08-28,8495,21237966,ggrepel
2024-08-29,9350,21247316,ggrepel
2024-08-30,7367,21254683,ggrepel
2024-08-31,3988,21258671,ggrepel
2024-09-01,4018,21262689,ggrepel
2024-09-02,8012,21270701,ggrepel
2024-09-03,9230,21279931,ggrepel
2024-09-04,9380,21289311,ggrepel
2024-09-05,9483,21298794,ggrepel
2024-09-06,8280,21307074,ggrepel
2024-09-07,4271,21311345,ggrepel
2024-09-08,8886,21320231,ggrepel
2024-09-09,15472,21335703,ggrepel
2024-09-10,15686,21351389,ggrepel
2024-09-11,15278,21366667,ggrepel
2024-09-12,14297,21380964,ggrepel
2024-09-13,11586,21392550,ggrepel
2024-09-14,5590,21398140,ggrepel
2024-09-15,5487,21403627,ggrepel
2024-09-16,12404,21416031,ggrepel
2024-09-17,13654,21429685,ggrepel
2024-09-18,13999,21443684,ggrepel
2024-09-19,15135,21458819,ggrepel
2024-09-20,12465,21471284,ggrepel
2024-09-21,6447,21477731,ggrepel
2024-09-22,6401,21484132,ggrepel
2024-09-23,14236,21498368,ggrepel
2024-09-24,15369,21513737,ggrepel
2024-09-25,14207,21527944,ggrepel
2024-09-26,13203,21541147,ggrepel
2024-09-27,11257,21552404,ggrepel
2024-09-28,5909,21558313,ggrepel
2024-09-29,6000,21564313,ggrepel
2024-09-30,12225,21576538,ggrepel
2024-10-01,12681,21589219,ggrepel
2024-10-02,12108,21601327,ggrepel
2024-10-03,11766,21613093,ggrepel
2024-10-04,9897,21622990,ggrepel
2024-10-05,5227,21628217,ggrepel
2024-10-06,5479,21633696,ggrepel
2024-10-07,13180,21646876,ggrepel
2024-10-08,15000,21661876,ggrepel
2024-10-09,14375,21676251,ggrepel
2024-10-10,13651,21689902,ggrepel
2024-10-11,11499,21701401,ggrepel
2024-10-12,5886,21707287,ggrepel
2024-10-13,5584,21712871,ggrepel
2024-10-14,12392,21725263,ggrepel
2024-10-15,13728,21738991,ggrepel
2024-10-16,15021,21754012,ggrepel
2024-10-17,13829,21767841,ggrepel
2024-10-18,11450,21779291,ggrepel
2024-10-19,4973,21784264,ggrepel
2024-10-20,5373,21789637,ggrepel
2024-10-21,12782,21802419,ggrepel
2024-10-22,14489,21816908,ggrepel
2024-10-23,14442,21831350,ggrepel
2024-10-24,13390,21844740,ggrepel
2024-10-25,11981,21856721,ggrepel
2024-10-26,5148,21861869,ggrepel
2024-10-27,5763,21867632,ggrepel
2024-10-28,13277,21880909,ggrepel
2024-10-29,14311,21895220,ggrepel
2024-10-30,14554,21909774,ggrepel
2024-10-31,14145,21923919,ggrepel
2024-11-01,9238,21933157,ggrepel
2024-11-02,5472,21938629,ggrepel
2024-11-03,5610,21944239,ggrepel
2024-11-04,13271,21957510,ggrepel
2024-11-05,14289,21971799,ggrepel
2024-11-06,13251,21985050,ggrepel
2024-11-07,13132,21998182,ggrepel
2024-11-08,11364,22009546,ggrepel
2024-11-09,5812,22015358,ggrepel
2024-11-10,6161,22021519,ggrepel
2024-11-11,12692,22034211,ggrepel
2024-11-12,13862,22048073,ggrepel
2024-11-13,14098,22062171,ggrepel
2024-11-14,13355,22075526,ggrepel
2024-11-15,11225,22086751,ggrepel
2024-11-16,5651,22092402,ggrepel
2024-11-17,6135,22098537,ggrepel
2024-11-18,14387,22112924,ggrepel
2024-11-19,15327,22128251,ggrepel
2024-11-20,14573,22142824,ggrepel
2024-11-21,13353,22156177,ggrepel
2024-11-22,11154,22167331,ggrepel
2024-11-23,5880,22173211,ggrepel
2024-11-24,6257,22179468,ggrepel
2024-11-25,13052,22192520,ggrepel
2024-11-26,13472,22205992,ggrepel
2024-11-27,12157,22218149,ggrepel
2024-11-28,11021,22229170,ggrepel
2024-11-29,9745,22238915,ggrepel
2024-11-30,5793,22244708,ggrepel
2024-12-01,6175,22250883,ggrepel
2024-12-02,12718,22263601,ggrepel
2024-12-03,12906,22276507,ggrepel
2024-12-04,13229,22289736,ggrepel
2024-12-05,12361,22302097,ggrepel
2024-12-06,10001,22312098,ggrepel
2024-12-07,5993,22318091,ggrepel
2024-12-08,5810,22323901,ggrepel
2024-12-09,12031,22335932,ggrepel
2024-12-10,12419,22348351,ggrepel
2024-12-11,12857,22361208,ggrepel
2024-12-12,10975,22372183,ggrepel
2024-12-13,9131,22381314,ggrepel
2024-12-14,5037,22386351,ggrepel
2024-12-15,5480,22391831,ggrepel
2024-12-16,10607,22402438,ggrepel
2024-12-17,11072,22413510,ggrepel
2024-12-18,10780,22424290,ggrepel
2024-12-19,9927,22434217,ggrepel
2024-12-20,8041,22442258,ggrepel
2024-12-21,4216,22446474,ggrepel
2024-12-22,4259,22450733,ggrepel
2024-12-23,5934,22456667,ggrepel
2024-12-24,5333,22462000,ggrepel
2024-12-25,4186,22466186,ggrepel
2024-12-26,4816,22471002,ggrepel
2024-12-27,4982,22475984,ggrepel
2024-12-28,3512,22479496,ggrepel
2024-12-29,4394,22483890,ggrepel
2024-12-30,6415,22490305,ggrepel
2024-12-31,6394,22496699,ggrepel
2025-01-01,3283,22499982,ggrepel
2025-01-02,6310,22506292,ggrepel
2025-01-03,6522,22512814,ggrepel
2025-01-04,4091,22516905,ggrepel
2025-01-05,4126,22521031,ggrepel
2025-01-06,8573,22529604,ggrepel
2025-01-07,9202,22538806,ggrepel
2025-01-08,9649,22548455,ggrepel
2025-01-09,9385,22557840,ggrepel
2025-01-10,8483,22566323,ggrepel
2025-01-11,3914,22570237,ggrepel
2025-01-12,4373,22574610,ggrepel
2025-01-13,9493,22584103,ggrepel
2025-01-14,10663,22594766,ggrepel
2025-01-15,10970,22605736,ggrepel
2025-01-16,9900,22615636,ggrepel
2025-01-17,8636,22624272,ggrepel
2025-01-18,4069,22628341,ggrepel
2025-01-19,4578,22632919,ggrepel
2025-01-20,9100,22642019,ggrepel
2025-01-21,10671,22652690,ggrepel
2025-01-22,10302,22662992,ggrepel
2025-01-23,10181,22673173,ggrepel
2025-01-24,8834,22682007,ggrepel
2025-01-25,4289,22686296,ggrepel
2025-01-26,4521,22690817,ggrepel
2025-01-27,9203,22700020,ggrepel
2025-01-28,10701,22710721,ggrepel
2025-01-29,9981,22720702,ggrepel
2025-01-30,9656,22730358,ggrepel
2025-01-31,8612,22738970,ggrepel
2025-02-01,4427,22743397,ggrepel
2025-02-02,4521,22747918,ggrepel
2025-02-03,9791,22757709,ggrepel
2025-02-04,11096,22768805,ggrepel
2025-02-05,10991,22779796,ggrepel
2025-02-06,10870,22790666,ggrepel
2025-02-07,10173,22800839,ggrepel
2025-02-08,5165,22806004,ggrepel
2025-02-09,5341,22811345,ggrepel
2025-02-10,10828,22822173,ggrepel
2025-02-11,11930,22834103,ggrepel
2025-02-12,11567,22845670,ggrepel
2025-02-13,11528,22857198,ggrepel
2025-02-14,9999,22867197,ggrepel
2025-02-15,4836,22872033,ggrepel
2025-02-16,5564,22877597,ggrepel
2025-02-17,11030,22888627,ggrepel
2025-02-18,12604,22901231,ggrepel
2025-02-19,12486,22913717,ggrepel
2025-02-20,11568,22925285,ggrepel
2025-02-21,9792,22935077,ggrepel
2025-02-22,5272,22940349,ggrepel
2025-02-23,5297,22945646,ggrepel
2025-02-24,12097,22957743,ggrepel
2025-02-25,12913,22970656,ggrepel
2025-02-26,12716,22983372,ggrepel
2025-02-27,13003,22996375,ggrepel
2025-02-28,10467,23006842,ggrepel
2025-03-01,5142,23011984,ggrepel
2025-03-02,6182,23018166,ggrepel
2025-03-03,11892,23030058,ggrepel
2025-03-04,13474,23043532,ggrepel
2025-03-05,13982,23057514,ggrepel
2025-03-06,13891,23071405,ggrepel
2025-03-07,10877,23082282,ggrepel
2025-03-08,5514,23087796,ggrepel
2025-03-09,5872,23093668,ggrepel
2025-03-10,13488,23107156,ggrepel
2025-03-11,13441,23120597,ggrepel
2025-03-12,13325,23133922,ggrepel
2025-03-13,13208,23147130,ggrepel
2025-03-14,10680,23157810,ggrepel
2025-03-15,5661,23163471,ggrepel
2025-03-16,5827,23169298,ggrepel
2025-03-17,12826,23182124,ggrepel
2025-03-18,14809,23196933,ggrepel
2025-03-19,14567,23211500,ggrepel
2025-03-20,14245,23225745,ggrepel
2025-03-21,12550,23238295,ggrepel
2025-03-22,5701,23243996,ggrepel
2025-03-23,5518,23249514,ggrepel
2025-03-24,14313,23263827,ggrepel
2025-03-25,16546,23280373,ggrepel
2025-03-26,16258,23296631,ggrepel
2025-03-27,13728,23310359,ggrepel
2025-03-28,10792,23321151,ggrepel
2025-03-29,6177,23327328,ggrepel
2025-03-30,6000,23333328,ggrepel
2016-01-09,5,5,ggrepel
2016-01-10,42,47,ggrepel
2016-01-11,106,153,ggrepel
2016-01-12,151,304,ggrepel
2016-01-13,155,459,ggrepel
2016-01-14,99,558,ggrepel
2016-01-15,102,660,ggrepel
2016-01-16,23,683,ggrepel
2016-01-17,40,723,ggrepel
2016-01-18,67,790,ggrepel
2016-01-19,77,867,ggrepel
2016-01-20,55,922,ggrepel
2016-01-21,68,990,ggrepel
2016-01-22,67,1057,ggrepel
2016-01-23,33,1090,ggrepel
2016-01-24,42,1132,ggrepel
2016-01-25,120,1252,ggrepel
2016-01-26,84,1336,ggrepel
2016-01-27,73,1409,ggrepel
2016-01-28,81,1490,ggrepel
2016-01-29,57,1547,ggrepel
2016-01-30,45,1592,ggrepel
2016-01-31,38,1630,ggrepel
2016-02-01,73,1703,ggrepel
2016-02-02,82,1785,ggrepel
2016-02-03,155,1940,ggrepel
2016-02-04,72,2012,ggrepel
2016-02-05,99,2111,ggrepel
2016-02-06,81,2192,ggrepel
2016-02-07,65,2257,ggrepel
2016-02-08,185,2442,ggrepel
2016-02-09,187,2629,ggrepel
2016-02-10,163,2792,ggrepel
2016-02-11,142,2934,ggrepel
2016-02-12,131,3065,ggrepel
2016-02-13,56,3121,ggrepel
2016-02-14,62,3183,ggrepel
2016-02-15,125,3308,ggrepel
2016-02-16,175,3483,ggrepel
2016-02-17,130,3613,ggrepel
2016-02-18,133,3746,ggrepel
2016-02-19,109,3855,ggrepel
2016-02-20,85,3940,ggrepel
2016-02-21,72,4012,ggrepel
2016-02-22,144,4156,ggrepel
2016-02-23,120,4276,ggrepel
2016-02-24,108,4384,ggrepel
2016-02-25,130,4514,ggrepel
2016-02-26,145,4659,ggrepel
2016-02-27,56,4715,ggrepel
2016-02-28,47,4762,ggrepel
2016-02-29,129,4891,ggrepel
2016-03-01,142,5033,ggrepel
2016-03-02,137,5170,ggrepel
2016-03-03,117,5287,ggrepel
2016-03-04,100,5387,ggrepel
2016-03-05,66,5453,ggrepel
2016-03-06,60,5513,ggrepel
2016-03-07,149,5662,ggrepel
2016-03-08,151,5813,ggrepel
2016-03-09,104,5917,ggrepel
2016-03-10,129,6046,ggrepel
2016-03-11,92,6138,ggrepel
2016-03-12,42,6180,ggrepel
2016-03-13,38,6218,ggrepel
2016-03-14,122,6340,ggrepel
2016-03-15,121,6461,ggrepel
2016-03-16,117,6578,ggrepel
2016-03-17,144,6722,ggrepel
2016-03-18,95,6817,ggrepel
2016-03-19,40,6857,ggrepel
2016-03-20,82,6939,ggrepel
2016-03-21,90,7029,ggrepel
2016-03-22,124,7153,ggrepel
2016-03-23,102,7255,ggrepel
2016-03-24,97,7352,ggrepel
2016-03-25,74,7426,ggrepel
2016-03-26,42,7468,ggrepel
2016-03-27,55,7523,ggrepel
2016-03-28,154,7677,ggrepel
2016-03-29,182,7859,ggrepel
2016-03-30,146,8005,ggrepel
2016-03-31,117,8122,ggrepel
2016-04-01,103,8225,ggrepel
2016-04-02,55,8280,ggrepel
2016-04-03,71,8351,ggrepel
2016-04-04,127,8478,ggrepel
2016-04-05,164,8642,ggrepel
2016-04-06,178,8820,ggrepel
2016-04-07,135,8955,ggrepel
2016-04-08,114,9069,ggrepel
2016-04-09,64,9133,ggrepel
2016-04-10,71,9204,ggrepel
2016-04-11,139,9343,ggrepel
2016-04-12,214,9557,ggrepel
2016-04-13,174,9731,ggrepel
2016-04-14,96,9827,ggrepel
2016-04-15,108,9935,ggrepel
2016-04-16,47,9982,ggrepel
2016-04-17,84,10066,ggrepel
2016-04-18,150,10216,ggrepel
2016-04-19,152,10368,ggrepel
2016-04-20,169,10537,ggrepel
2016-04-21,112,10649,ggrepel
2016-04-22,119,10768,ggrepel
2016-04-23,68,10836,ggrepel
2016-04-24,74,10910,ggrepel
2016-04-25,128,11038,ggrepel
2016-04-26,136,11174,ggrepel
2016-04-27,211,11385,ggrepel
2016-04-28,264,11649,ggrepel
2016-04-29,126,11775,ggrepel
2016-04-30,66,11841,ggrepel
2016-05-01,74,11915,ggrepel
2016-05-02,132,12047,ggrepel
2016-05-03,194,12241,ggrepel
2016-05-04,216,12457,ggrepel
2016-05-05,197,12654,ggrepel
2016-05-06,148,12802,ggrepel
2016-05-07,78,12880,ggrepel
2016-05-08,86,12966,ggrepel
2016-05-09,240,13206,ggrepel
2016-05-10,198,13404,ggrepel
2016-05-11,221,13625,ggrepel
2016-05-12,206,13831,ggrepel
2016-05-13,154,13985,ggrepel
2016-05-14,121,14106,ggrepel
2016-05-15,71,14177,ggrepel
2016-05-16,205,14382,ggrepel
2016-05-17,221,14603,ggrepel
2016-05-18,233,14836,ggrepel
2016-05-19,194,15030,ggrepel
2016-05-20,163,15193,ggrepel
2016-05-21,75,15268,ggrepel
2016-05-22,80,15348,ggrepel
2016-05-23,194,15542,ggrepel
2016-05-24,209,15751,ggrepel
2016-05-25,259,16010,ggrepel
2016-05-26,192,16202,ggrepel
2016-05-27,171,16373,ggrepel
2016-05-28,79,16452,ggrepel
2016-05-29,67,16519,ggrepel
2016-05-30,199,16718,ggrepel
2016-05-31,209,16927,ggrepel
2016-06-01,203,17130,ggrepel
2016-06-02,260,17390,ggrepel
2016-06-03,272,17662,ggrepel
2016-06-04,98,17760,ggrepel
2016-06-05,99,17859,ggrepel
2016-06-06,223,18082,ggrepel
2016-06-07,196,18278,ggrepel
2016-06-08,248,18526,ggrepel
2016-06-09,211,18737,ggrepel
2016-06-10,191,18928,ggrepel
2016-06-11,79,19007,ggrepel
2016-06-12,109,19116,ggrepel
2016-06-13,182,19298,ggrepel
2016-06-14,260,19558,ggrepel
2016-06-15,240,19798,ggrepel
2016-06-16,209,20007,ggrepel
2016-06-17,210,20217,ggrepel
2016-06-18,100,20317,ggrepel
2016-06-19,88,20405,ggrepel
2016-06-20,217,20622,ggrepel
2016-06-21,240,20862,ggrepel
2016-06-22,251,21113,ggrepel
2016-06-23,245,21358,ggrepel
2016-06-24,163,21521,ggrepel
2016-06-25,139,21660,ggrepel
2016-06-26,113,21773,ggrepel
2016-06-27,217,21990,ggrepel
2016-06-28,306,22296,ggrepel
2016-06-29,268,22564,ggrepel
2016-06-30,354,22918,ggrepel
2016-07-01,257,23175,ggrepel
2016-07-02,123,23298,ggrepel
2016-07-03,107,23405,ggrepel
2016-07-04,247,23652,ggrepel
2016-07-05,333,23985,ggrepel
2016-07-06,210,24195,ggrepel
2016-07-07,234,24429,ggrepel
2016-07-08,225,24654,ggrepel
2016-07-09,170,24824,ggrepel
2016-07-10,232,25056,ggrepel
2016-07-11,287,25343,ggrepel
2016-07-12,252,25595,ggrepel
2016-07-13,216,25811,ggrepel
2016-07-14,210,26021,ggrepel
2016-07-15,173,26194,ggrepel
2016-07-16,84,26278,ggrepel
2016-07-17,115,26393,ggrepel
2016-07-18,183,26576,ggrepel
2016-07-19,229,26805,ggrepel
2016-07-20,209,27014,ggrepel
2016-07-21,238,27252,ggrepel
2016-07-22,189,27441,ggrepel
2016-07-23,90,27531,ggrepel
2016-07-24,80,27611,ggrepel
2016-07-25,241,27852,ggrepel
2016-07-26,227,28079,ggrepel
2016-07-27,245,28324,ggrepel
2016-07-28,217,28541,ggrepel
2016-07-29,265,28806,ggrepel
2016-07-30,113,28919,ggrepel
2016-07-31,108,29027,ggrepel
2016-08-01,254,29281,ggrepel
2016-08-02,278,29559,ggrepel
2016-08-03,242,29801,ggrepel
2016-08-04,231,30032,ggrepel
2016-08-05,231,30263,ggrepel
2016-08-06,86,30349,ggrepel
2016-08-07,127,30476,ggrepel
2016-08-08,232,30708,ggrepel
2016-08-09,217,30925,ggrepel
2016-08-10,321,31246,ggrepel
2016-08-11,287,31533,ggrepel
2016-08-12,260,31793,ggrepel
2016-08-13,97,31890,ggrepel
2016-08-14,110,32000,ggrepel
2016-08-15,266,32266,ggrepel
2016-08-16,312,32578,ggrepel
2016-08-17,271,32849,ggrepel
2016-08-18,293,33142,ggrepel
2016-08-19,221,33363,ggrepel
2016-08-20,115,33478,ggrepel
2016-08-21,108,33586,ggrepel
2016-08-22,239,33825,ggrepel
2016-08-23,266,34091,ggrepel
2016-08-24,282,34373,ggrepel
2016-08-25,317,34690,ggrepel
2016-08-26,234,34924,ggrepel
2016-08-27,78,35002,ggrepel
2016-08-28,106,35108,ggrepel
2016-08-29,266,35374,ggrepel
2016-08-30,211,35585,ggrepel
2016-08-31,215,35800,ggrepel
2016-09-01,264,36064,ggrepel
2016-09-02,202,36266,ggrepel
2016-09-03,89,36355,ggrepel
2016-09-04,96,36451,ggrepel
2016-09-05,209,36660,ggrepel
2016-09-06,264,36924,ggrepel
2016-09-07,321,37245,ggrepel
2016-09-08,315,37560,ggrepel
2016-09-09,256,37816,ggrepel
2016-09-10,129,37945,ggrepel
2016-09-11,124,38069,ggrepel
2016-09-12,300,38369,ggrepel
2016-09-13,330,38699,ggrepel
2016-09-14,259,38958,ggrepel
2016-09-15,268,39226,ggrepel
2016-09-16,261,39487,ggrepel
2016-09-17,91,39578,ggrepel
2016-09-18,109,39687,ggrepel
2016-09-19,382,40069,ggrepel
2016-09-20,371,40440,ggrepel
2016-09-21,359,40799,ggrepel
2016-09-22,498,41297,ggrepel
2016-09-23,316,41613,ggrepel
2016-09-24,171,41784,ggrepel
2016-09-25,173,41957,ggrepel
2016-09-26,316,42273,ggrepel
2016-09-27,425,42698,ggrepel
2016-09-28,391,43089,ggrepel
2016-09-29,346,43435,ggrepel
2016-09-30,242,43677,ggrepel
2016-10-01,152,43829,ggrepel
2016-10-02,133,43962,ggrepel
2016-10-03,350,44312,ggrepel
2016-10-04,331,44643,ggrepel
2016-10-05,389,45032,ggrepel
2016-10-06,461,45493,ggrepel
2016-10-07,326,45819,ggrepel
2016-10-08,121,45940,ggrepel
2016-10-09,166,46106,ggrepel
2016-10-10,367,46473,ggrepel
2016-10-11,435,46908,ggrepel
2016-10-12,533,47441,ggrepel
2016-10-13,520,47961,ggrepel
2016-10-14,414,48375,ggrepel
2016-10-15,166,48541,ggrepel
2016-10-16,177,48718,ggrepel
2016-10-17,411,49129,ggrepel
2016-10-18,516,49645,ggrepel
2016-10-19,420,50065,ggrepel
2016-10-20,1034,51099,ggrepel
2016-10-21,908,52007,ggrepel
2016-10-22,356,52363,ggrepel
2016-10-23,322,52685,ggrepel
2016-10-24,763,53448,ggrepel
2016-10-25,725,54173,ggrepel
2016-10-26,783,54956,ggrepel
2016-10-27,855,55811,ggrepel
2016-10-28,541,56352,ggrepel
2016-10-29,261,56613,ggrepel
2016-10-30,224,56837,ggrepel
2016-10-31,570,57407,ggrepel
2016-11-01,531,57938,ggrepel
2016-11-02,824,58762,ggrepel
2016-11-03,642,59404,ggrepel
2016-11-04,585,59989,ggrepel
2016-11-05,280,60269,ggrepel
2016-11-06,285,60554,ggrepel
2016-11-07,635,61189,ggrepel
2016-11-08,675,61864,ggrepel
2016-11-09,594,62458,ggrepel
2016-11-10,693,63151,ggrepel
2016-11-11,503,63654,ggrepel
2016-11-12,316,63970,ggrepel
2016-11-13,337,64307,ggrepel
2016-11-14,745,65052,ggrepel
2016-11-15,758,65810,ggrepel
2016-11-16,851,66661,ggrepel
2016-11-17,745,67406,ggrepel
2016-11-18,627,68033,ggrepel
2016-11-19,254,68287,ggrepel
2016-11-20,312,68599,ggrepel
2016-11-21,632,69231,ggrepel
2016-11-22,736,69967,ggrepel
2016-11-23,592,70559,ggrepel
2016-11-24,1674,72233,ggrepel
2016-11-25,1155,73388,ggrepel
2016-11-26,444,73832,ggrepel
2016-11-27,484,74316,ggrepel
2016-11-28,1139,75455,ggrepel
2016-11-29,970,76425,ggrepel
2016-11-30,928,77353,ggrepel
2016-12-01,845,78198,ggrepel
2016-12-02,829,79027,ggrepel
2016-12-03,354,79381,ggrepel
2016-12-04,375,79756,ggrepel
2016-12-05,856,80612,ggrepel
2016-12-06,747,81359,ggrepel
2016-12-07,879,82238,ggrepel
2016-12-08,746,82984,ggrepel
2016-12-09,764,83748,ggrepel
2016-12-10,397,84145,ggrepel
2016-12-11,353,84498,ggrepel
2016-12-12,905,85403,ggrepel
2016-12-13,758,86161,ggrepel
2016-12-14,643,86804,ggrepel
2016-12-15,775,87579,ggrepel
2016-12-16,572,88151,ggrepel
2016-12-17,256,88407,ggrepel
2016-12-18,254,88661,ggrepel
2016-12-19,532,89193,ggrepel
2016-12-20,539,89732,ggrepel
2016-12-21,586,90318,ggrepel
2016-12-22,455,90773,ggrepel
2016-12-23,279,91052,ggrepel
2016-12-24,189,91241,ggrepel
2016-12-25,160,91401,ggrepel
2016-12-26,210,91611,ggrepel
2016-12-27,321,91932,ggrepel
2016-12-28,279,92211,ggrepel
2016-12-29,315,92526,ggrepel
2016-12-30,224,92750,ggrepel
2016-12-31,136,92886,ggrepel
2017-01-01,145,93031,ggrepel
2017-01-02,305,93336,ggrepel
2017-01-03,447,93783,ggrepel
2017-01-04,532,94315,ggrepel
2017-01-05,504,94819,ggrepel
2017-01-06,462,95281,ggrepel
2017-01-07,236,95517,ggrepel
2017-01-08,226,95743,ggrepel
2017-01-09,542,96285,ggrepel
2017-01-10,541,96826,ggrepel
2017-01-11,620,97446,ggrepel
2017-01-12,622,98068,ggrepel
2017-01-13,516,98584,ggrepel
2017-01-14,250,98834,ggrepel
2017-01-15,383,99217,ggrepel
2017-01-16,695,99912,ggrepel
2017-01-17,649,100561,ggrepel
2017-01-18,716,101277,ggrepel
2017-01-19,712,101989,ggrepel
2017-01-20,513,102502,ggrepel
2017-01-21,278,102780,ggrepel
2017-01-22,252,103032,ggrepel
2017-01-23,624,103656,ggrepel
2017-01-24,631,104287,ggrepel
2017-01-25,629,104916,ggrepel
2017-01-26,681,105597,ggrepel
2017-01-27,606,106203,ggrepel
2017-01-28,242,106445,ggrepel
2017-01-29,331,106776,ggrepel
2017-01-30,603,107379,ggrepel
2017-01-31,737,108116,ggrepel
2017-02-01,684,108800,ggrepel
2017-02-02,627,109427,ggrepel
2017-02-03,704,110131,ggrepel
2017-02-04,302,110433,ggrepel
2017-02-05,250,110683,ggrepel
2017-02-06,765,111448,ggrepel
2017-02-07,693,112141,ggrepel
2017-02-08,757,112898,ggrepel
2017-02-09,945,113843,ggrepel
2017-02-10,693,114536,ggrepel
2017-02-11,279,114815,ggrepel
2017-02-12,309,115124,ggrepel
2017-02-13,774,115898,ggrepel
2017-02-14,785,116683,ggrepel
2017-02-15,761,117444,ggrepel
2017-02-16,696,118140,ggrepel
2017-02-17,662,118802,ggrepel
2017-02-18,306,119108,ggrepel
2017-02-19,253,119361,ggrepel
2017-02-20,744,120105,ggrepel
2017-02-21,766,120871,ggrepel
2017-02-22,796,121667,ggrepel
2017-02-23,752,122419,ggrepel
2017-02-24,686,123105,ggrepel
2017-02-25,316,123421,ggrepel
2017-02-26,338,123759,ggrepel
2017-02-27,693,124452,ggrepel
2017-02-28,744,125196,ggrepel
2017-03-01,497,125693,ggrepel
2017-03-02,886,126579,ggrepel
2017-03-03,656,127235,ggrepel
2017-03-04,378,127613,ggrepel
2017-03-05,357,127970,ggrepel
2017-03-06,712,128682,ggrepel
2017-03-07,799,129481,ggrepel
2017-03-08,689,130170,ggrepel
2017-03-09,776,130946,ggrepel
2017-03-10,678,131624,ggrepel
2017-03-11,349,131973,ggrepel
2017-03-12,349,132322,ggrepel
2017-03-13,708,133030,ggrepel
2017-03-14,700,133730,ggrepel
2017-03-15,759,134489,ggrepel
2017-03-16,748,135237,ggrepel
2017-03-17,662,135899,ggrepel
2017-03-18,311,136210,ggrepel
2017-03-19,337,136547,ggrepel
2017-03-20,766,137313,ggrepel
2017-03-21,901,138214,ggrepel
2017-03-22,766,138980,ggrepel
2017-03-23,901,139881,ggrepel
2017-03-24,745,140626,ggrepel
2017-03-25,426,141052,ggrepel
2017-03-26,454,141506,ggrepel
2017-03-27,826,142332,ggrepel
2017-03-28,853,143185,ggrepel
2017-03-29,750,143935,ggrepel
2017-03-30,743,144678,ggrepel
2017-03-31,725,145403,ggrepel
2017-04-01,425,145828,ggrepel
2017-04-02,343,146171,ggrepel
2017-04-03,711,146882,ggrepel
2017-04-04,868,147750,ggrepel
2017-04-05,811,148561,ggrepel
2017-04-06,792,149353,ggrepel
2017-04-07,739,150092,ggrepel
2017-04-08,306,150398,ggrepel
2017-04-09,362,150760,ggrepel
2017-04-10,733,151493,ggrepel
2017-04-11,752,152245,ggrepel
2017-04-12,672,152917,ggrepel
2017-04-13,661,153578,ggrepel
2017-04-14,512,154090,ggrepel
2017-04-15,273,154363,ggrepel
2017-04-16,262,154625,ggrepel
2017-04-17,487,155112,ggrepel
2017-04-18,831,155943,ggrepel
2017-04-19,787,156730,ggrepel
2017-04-20,762,157492,ggrepel
2017-04-21,775,158267,ggrepel
2017-04-22,333,158600,ggrepel
2017-04-23,389,158989,ggrepel
2017-04-24,1020,160009,ggrepel
2017-04-25,1130,161139,ggrepel
2017-04-26,1001,162140,ggrepel
2017-04-27,1010,163150,ggrepel
2017-04-28,720,163870,ggrepel
2017-04-29,347,164217,ggrepel
2017-04-30,400,164617,ggrepel
2017-05-01,646,165263,ggrepel
2017-05-02,914,166177,ggrepel
2017-05-03,949,167126,ggrepel
2017-05-04,851,167977,ggrepel
2017-05-05,756,168733,ggrepel
2017-05-06,356,169089,ggrepel
2017-05-07,364,169453,ggrepel
2017-05-08,871,170324,ggrepel
2017-05-09,909,171233,ggrepel
2017-05-10,846,172079,ggrepel
2017-05-11,897,172976,ggrepel
2017-05-12,701,173677,ggrepel
2017-05-13,318,173995,ggrepel
2017-05-14,332,174327,ggrepel
2017-05-15,885,175212,ggrepel
2017-05-16,1108,176320,ggrepel
2017-05-17,956,177276,ggrepel
2017-05-18,788,178064,ggrepel
2017-05-19,739,178803,ggrepel
2017-05-20,316,179119,ggrepel
2017-05-21,310,179429,ggrepel
2017-05-22,721,180150,ggrepel
2017-05-23,887,181037,ggrepel
2017-05-24,944,181981,ggrepel
2017-05-25,714,182695,ggrepel
2017-05-26,729,183424,ggrepel
2017-05-27,294,183718,ggrepel
2017-05-28,303,184021,ggrepel
2017-05-29,613,184634,ggrepel
2017-05-30,757,185391,ggrepel
2017-05-31,777,186168,ggrepel
2017-06-01,767,186935,ggrepel
2017-06-02,647,187582,ggrepel
2017-06-03,298,187880,ggrepel
2017-06-04,315,188195,ggrepel
2017-06-05,687,188882,ggrepel
2017-06-06,799,189681,ggrepel
2017-06-07,726,190407,ggrepel
2017-06-08,781,191188,ggrepel
2017-06-09,795,191983,ggrepel
2017-06-10,362,192345,ggrepel
2017-06-11,307,192652,ggrepel
2017-06-12,738,193390,ggrepel
2017-06-13,750,194140,ggrepel
2017-06-14,751,194891,ggrepel
2017-06-15,871,195762,ggrepel
2017-06-16,684,196446,ggrepel
2017-06-17,316,196762,ggrepel
2017-06-18,290,197052,ggrepel
2017-06-19,701,197753,ggrepel
2017-06-20,749,198502,ggrepel
2017-06-21,824,199326,ggrepel
2017-06-22,736,200062,ggrepel
2017-06-23,619,200681,ggrepel
2017-06-24,278,200959,ggrepel
2017-06-25,278,201237,ggrepel
2017-06-26,663,201900,ggrepel
2017-06-27,738,202638,ggrepel
2017-06-28,831,203469,ggrepel
2017-06-29,744,204213,ggrepel
2017-06-30,727,204940,ggrepel
2017-07-01,303,205243,ggrepel
2017-07-02,245,205488,ggrepel
2017-07-03,598,206086,ggrepel
2017-07-04,555,206641,ggrepel
2017-07-05,695,207336,ggrepel
2017-07-06,860,208196,ggrepel
2017-07-07,707,208903,ggrepel
2017-07-08,326,209229,ggrepel
2017-07-09,323,209552,ggrepel
2017-07-10,724,210276,ggrepel
2017-07-11,790,211066,ggrepel
2017-07-12,750,211816,ggrepel
2017-07-13,699,212515,ggrepel
2017-07-14,646,213161,ggrepel
2017-07-15,264,213425,ggrepel
2017-07-16,272,213697,ggrepel
2017-07-17,642,214339,ggrepel
2017-07-18,828,215167,ggrepel
2017-07-19,875,216042,ggrepel
2017-07-20,787,216829,ggrepel
2017-07-21,699,217528,ggrepel
2017-07-22,296,217824,ggrepel
2017-07-23,313,218137,ggrepel
2017-07-24,750,218887,ggrepel
2017-07-25,706,219593,ggrepel
2017-07-26,778,220371,ggrepel
2017-07-27,804,221175,ggrepel
2017-07-28,698,221873,ggrepel
2017-07-29,260,222133,ggrepel
2017-07-30,303,222436,ggrepel
2017-07-31,703,223139,ggrepel
2017-08-01,815,223954,ggrepel
2017-08-02,874,224828,ggrepel
2017-08-03,821,225649,ggrepel
2017-08-04,619,226268,ggrepel
2017-08-05,259,226527,ggrepel
2017-08-06,248,226775,ggrepel
2017-08-07,656,227431,ggrepel
2017-08-08,747,228178,ggrepel
2017-08-09,759,228937,ggrepel
2017-08-10,807,229744,ggrepel
2017-08-11,732,230476,ggrepel
2017-08-12,263,230739,ggrepel
2017-08-13,270,231009,ggrepel
2017-08-14,650,231659,ggrepel
2017-08-15,649,232308,ggrepel
2017-08-16,749,233057,ggrepel
2017-08-17,734,233791,ggrepel
2017-08-18,725,234516,ggrepel
2017-08-19,270,234786,ggrepel
2017-08-20,306,235092,ggrepel
2017-08-21,700,235792,ggrepel
2017-08-22,824,236616,ggrepel
2017-08-23,873,237489,ggrepel
2017-08-24,866,238355,ggrepel
2017-08-25,705,239060,ggrepel
2017-08-26,320,239380,ggrepel
2017-08-27,294,239674,ggrepel
2017-08-28,809,240483,ggrepel
2017-08-29,932,241415,ggrepel
2017-08-30,851,242266,ggrepel
2017-08-31,826,243092,ggrepel
2017-09-01,694,243786,ggrepel
2017-09-02,339,244125,ggrepel
2017-09-03,329,244454,ggrepel
2017-09-04,676,245130,ggrepel
2017-09-05,870,246000,ggrepel
2017-09-06,896,246896,ggrepel
2017-09-07,943,247839,ggrepel
2017-09-08,701,248540,ggrepel
2017-09-09,336,248876,ggrepel
2017-09-10,347,249223,ggrepel
2017-09-11,943,250166,ggrepel
2017-09-12,996,251162,ggrepel
2017-09-13,1196,252358,ggrepel
2017-09-14,1094,253452,ggrepel
2017-09-15,862,254314,ggrepel
2017-09-16,422,254736,ggrepel
2017-09-17,428,255164,ggrepel
2017-09-18,916,256080,ggrepel
2017-09-19,978,257058,ggrepel
2017-09-20,1165,258223,ggrepel
2017-09-21,880,259103,ggrepel
2017-09-22,845,259948,ggrepel
2017-09-23,422,260370,ggrepel
2017-09-24,413,260783,ggrepel
2017-09-25,975,261758,ggrepel
2017-09-26,1047,262805,ggrepel
2017-09-27,1113,263918,ggrepel
2017-09-28,896,264814,ggrepel
2017-09-29,931,265745,ggrepel
2017-09-30,1822,267567,ggrepel
2017-10-01,1009,268576,ggrepel
2017-10-02,2093,270669,ggrepel
2017-10-03,1830,272499,ggrepel
2017-10-04,1916,274415,ggrepel
2017-10-05,1662,276077,ggrepel
2017-10-06,1400,277477,ggrepel
2017-10-07,726,278203,ggrepel
2017-10-08,710,278913,ggrepel
2017-10-09,1533,280446,ggrepel
2017-10-10,1879,282325,ggrepel
2017-10-11,1785,284110,ggrepel
2017-10-12,1557,285667,ggrepel
2017-10-13,1310,286977,ggrepel
2017-10-14,692,287669,ggrepel
2017-10-15,669,288338,ggrepel
2017-10-16,1624,289962,ggrepel
2017-10-17,1675,291637,ggrepel
2017-10-18,1394,293031,ggrepel
2017-10-19,1534,294565,ggrepel
2017-10-20,1334,295899,ggrepel
2017-10-21,638,296537,ggrepel
2017-10-22,750,297287,ggrepel
2017-10-23,1590,298877,ggrepel
2017-10-24,1679,300556,ggrepel
2017-10-25,1708,302264,ggrepel
2017-10-26,1650,303914,ggrepel
2017-10-27,1447,305361,ggrepel
2017-10-28,595,305956,ggrepel
2017-10-29,701,306657,ggrepel
2017-10-30,1473,308130,ggrepel
2017-10-31,1592,309722,ggrepel
2017-11-01,1461,311183,ggrepel
2017-11-02,1579,312762,ggrepel
2017-11-03,1391,314153,ggrepel
2017-11-04,658,314811,ggrepel
2017-11-05,728,315539,ggrepel
2017-11-06,1581,317120,ggrepel
2017-11-07,1577,318697,ggrepel
2017-11-08,1616,320313,ggrepel
2017-11-09,1780,322093,ggrepel
2017-11-10,1389,323482,ggrepel
2017-11-11,653,324135,ggrepel
2017-11-12,758,324893,ggrepel
2017-11-13,1634,326527,ggrepel
2017-11-14,1896,328423,ggrepel
2017-11-15,1552,329975,ggrepel
2017-11-16,1833,331808,ggrepel
2017-11-17,1413,333221,ggrepel
2017-11-18,674,333895,ggrepel
2017-11-19,693,334588,ggrepel
2017-11-20,1576,336164,ggrepel
2017-11-21,1768,337932,ggrepel
2017-11-22,1527,339459,ggrepel
2017-11-23,1259,340718,ggrepel
2017-11-24,1155,341873,ggrepel
2017-11-25,650,342523,ggrepel
2017-11-26,753,343276,ggrepel
2017-11-27,1719,344995,ggrepel
2017-11-28,1742,346737,ggrepel
2017-11-29,1715,348452,ggrepel
2017-11-30,1560,350012,ggrepel
2017-12-01,1449,351461,ggrepel
2017-12-02,719,352180,ggrepel
2017-12-03,814,352994,ggrepel
2017-12-04,1577,354571,ggrepel
2017-12-05,1762,356333,ggrepel
2017-12-06,1599,357932,ggrepel
2017-12-07,1541,359473,ggrepel
2017-12-08,1231,360704,ggrepel
2017-12-09,690,361394,ggrepel
2017-12-10,677,362071,ggrepel
2017-12-11,1593,363664,ggrepel
2017-12-12,1537,365201,ggrepel
2017-12-13,1530,366731,ggrepel
2017-12-14,1685,368416,ggrepel
2017-12-15,1406,369822,ggrepel
2017-12-16,700,370522,ggrepel
2017-12-17,579,371101,ggrepel
2017-12-18,1453,372554,ggrepel
2017-12-19,1322,373876,ggrepel
2017-12-20,1588,375464,ggrepel
2017-12-21,1256,376720,ggrepel
2017-12-22,1035,377755,ggrepel
2017-12-23,404,378159,ggrepel
2017-12-24,336,378495,ggrepel
2017-12-25,380,378875,ggrepel
2017-12-26,519,379394,ggrepel
2017-12-27,643,380037,ggrepel
2017-12-28,707,380744,ggrepel
2017-12-29,577,381321,ggrepel
2017-12-30,382,381703,ggrepel
2017-12-31,283,381986,ggrepel
2018-01-01,286,382272,ggrepel
2018-01-02,861,383133,ggrepel
2018-01-03,1061,384194,ggrepel
2018-01-04,1290,385484,ggrepel
2018-01-05,1132,386616,ggrepel
2018-01-06,587,387203,ggrepel
2018-01-07,521,387724,ggrepel
2018-01-08,1280,389004,ggrepel
2018-01-09,1340,390344,ggrepel
2018-01-10,1463,391807,ggrepel
2018-01-11,1710,393517,ggrepel
2018-01-12,1467,394984,ggrepel
2018-01-13,626,395610,ggrepel
2018-01-14,682,396292,ggrepel
2018-01-15,1481,397773,ggrepel
2018-01-16,1502,399275,ggrepel
2018-01-17,1661,400936,ggrepel
2018-01-18,1744,402680,ggrepel
2018-01-19,1446,404126,ggrepel
2018-01-20,538,404664,ggrepel
2018-01-21,640,405304,ggrepel
2018-01-22,1610,406914,ggrepel
2018-01-23,1902,408816,ggrepel
2018-01-24,1815,410631,ggrepel
2018-01-25,1703,412334,ggrepel
2018-01-26,1504,413838,ggrepel
2018-01-27,780,414618,ggrepel
2018-01-28,729,415347,ggrepel
2018-01-29,1896,417243,ggrepel
2018-01-30,2539,419782,ggrepel
2018-01-31,1811,421593,ggrepel
2018-02-01,1615,423208,ggrepel
2018-02-02,1559,424767,ggrepel
2018-02-03,825,425592,ggrepel
2018-02-04,692,426284,ggrepel
2018-02-05,1699,427983,ggrepel
2018-02-06,1691,429674,ggrepel
2018-02-07,1831,431505,ggrepel
2018-02-08,1647,433152,ggrepel
2018-02-09,2052,435204,ggrepel
2018-02-10,879,436083,ggrepel
2018-02-11,771,436854,ggrepel
2018-02-12,1921,438775,ggrepel
2018-02-13,1786,440561,ggrepel
2018-02-14,1810,442371,ggrepel
2018-02-15,1752,444123,ggrepel
2018-02-16,1608,445731,ggrepel
2018-02-17,586,446317,ggrepel
2018-02-18,740,447057,ggrepel
2018-02-19,1388,448445,ggrepel
2018-02-20,1679,450124,ggrepel
2018-02-21,1899,452023,ggrepel
2018-02-22,2000,454023,ggrepel
2018-02-23,1453,455476,ggrepel
2018-02-24,865,456341,ggrepel
2018-02-25,837,457178,ggrepel
2018-02-26,1884,459062,ggrepel
2018-02-27,2027,461089,ggrepel
2018-02-28,2118,463207,ggrepel
2018-03-01,2113,465320,ggrepel
2018-03-02,1671,466991,ggrepel
2018-03-03,841,467832,ggrepel
2018-03-04,768,468600,ggrepel
2018-03-05,1905,470505,ggrepel
2018-03-06,2266,472771,ggrepel
2018-03-07,2025,474796,ggrepel
2018-03-08,1930,476726,ggrepel
2018-03-09,1754,478480,ggrepel
2018-03-10,825,479305,ggrepel
2018-03-11,818,480123,ggrepel
2018-03-12,1658,481781,ggrepel
2018-03-13,1833,483614,ggrepel
2018-03-14,1946,485560,ggrepel
2018-03-15,1933,487493,ggrepel
2018-03-16,1631,489124,ggrepel
2018-03-17,938,490062,ggrepel
2018-03-18,802,490864,ggrepel
2018-03-19,1979,492843,ggrepel
2018-03-20,2187,495030,ggrepel
2018-03-21,2236,497266,ggrepel
2018-03-22,2044,499310,ggrepel
2018-03-23,1913,501223,ggrepel
2018-03-24,791,502014,ggrepel
2018-03-25,1002,503016,ggrepel
2018-03-26,2025,505041,ggrepel
2018-03-27,2258,507299,ggrepel
2018-03-28,2208,509507,ggrepel
2018-03-29,1906,511413,ggrepel
2018-03-30,1311,512724,ggrepel
2018-03-31,754,513478,ggrepel
2018-04-01,657,514135,ggrepel
2018-04-02,1438,515573,ggrepel
2018-04-03,2047,517620,ggrepel
2018-04-04,2105,519725,ggrepel
2018-04-05,1984,521709,ggrepel
2018-04-06,1815,523524,ggrepel
2018-04-07,1195,524719,ggrepel
2018-04-08,964,525683,ggrepel
2018-04-09,2121,527804,ggrepel
2018-04-10,2546,530350,ggrepel
2018-04-11,1987,532337,ggrepel
2018-04-12,1858,534195,ggrepel
2018-04-13,1970,536165,ggrepel
2018-04-14,1015,537180,ggrepel
2018-04-15,906,538086,ggrepel
2018-04-16,1952,540038,ggrepel
2018-04-17,2069,542107,ggrepel
2018-04-18,2003,544110,ggrepel
2018-04-19,1928,546038,ggrepel
2018-04-20,1833,547871,ggrepel
2018-04-21,829,548700,ggrepel
2018-04-22,976,549676,ggrepel
2018-04-23,2148,551824,ggrepel
2018-04-24,2921,554745,ggrepel
2018-04-25,2898,557643,ggrepel
2018-04-26,2501,560144,ggrepel
2018-04-27,2062,562206,ggrepel
2018-04-28,1175,563381,ggrepel
2018-04-29,1020,564401,ggrepel
2018-04-30,2131,566532,ggrepel
2018-05-01,2026,568558,ggrepel
2018-05-02,2183,570741,ggrepel
2018-05-03,2387,573128,ggrepel
2018-05-04,2012,575140,ggrepel
2018-05-05,1092,576232,ggrepel
2018-05-06,1004,577236,ggrepel
2018-05-07,2150,579386,ggrepel
2018-05-08,2107,581493,ggrepel
2018-05-09,3616,585109,ggrepel
2018-05-10,4454,589563,ggrepel
2018-05-11,3779,593342,ggrepel
2018-05-12,1575,594917,ggrepel
2018-05-13,1464,596381,ggrepel
2018-05-14,3508,599889,ggrepel
2018-05-15,3299,603188,ggrepel
2018-05-16,3191,606379,ggrepel
2018-05-17,3110,609489,ggrepel
2018-05-18,2721,612210,ggrepel
2018-05-19,1314,613524,ggrepel
2018-05-20,1268,614792,ggrepel
2018-05-21,2671,617463,ggrepel
2018-05-22,3133,620596,ggrepel
2018-05-23,3275,623871,ggrepel
2018-05-24,3003,626874,ggrepel
2018-05-25,2410,629284,ggrepel
2018-05-26,1092,630376,ggrepel
2018-05-27,1118,631494,ggrepel
2018-05-28,2318,633812,ggrepel
2018-05-29,3060,636872,ggrepel
2018-05-30,2843,639715,ggrepel
2018-05-31,2933,642648,ggrepel
2018-06-01,2397,645045,ggrepel
2018-06-02,1163,646208,ggrepel
2018-06-03,1047,647255,ggrepel
2018-06-04,2775,650030,ggrepel
2018-06-05,2869,652899,ggrepel
2018-06-06,3014,655913,ggrepel
2018-06-07,2695,658608,ggrepel
2018-06-08,2262,660870,ggrepel
2018-06-09,1171,662041,ggrepel
2018-06-10,1060,663101,ggrepel
2018-06-11,2354,665455,ggrepel
2018-06-12,2839,668294,ggrepel
2018-06-13,2506,670800,ggrepel
2018-06-14,2507,673307,ggrepel
2018-06-15,2150,675457,ggrepel
2018-06-16,1148,676605,ggrepel
2018-06-17,872,677477,ggrepel
2018-06-18,2306,679783,ggrepel
2018-06-19,2373,682156,ggrepel
2018-06-20,2471,684627,ggrepel
2018-06-21,2436,687063,ggrepel
2018-06-22,2138,689201,ggrepel
2018-06-23,940,690141,ggrepel
2018-06-24,900,691041,ggrepel
2018-06-25,2189,693230,ggrepel
2018-06-26,2633,695863,ggrepel
2018-06-27,2532,698395,ggrepel
2018-06-28,2314,700709,ggrepel
2018-06-29,2135,702844,ggrepel
2018-06-30,951,703795,ggrepel
2018-07-01,857,704652,ggrepel
2018-07-02,2073,706725,ggrepel
2018-07-03,2482,709207,ggrepel
2018-07-04,2026,711233,ggrepel
2018-07-05,2337,713570,ggrepel
2018-07-06,1776,715346,ggrepel
2018-07-07,869,716215,ggrepel
2018-07-08,825,717040,ggrepel
2018-07-09,2367,719407,ggrepel
2018-07-10,2572,721979,ggrepel
2018-07-11,2367,724346,ggrepel
2018-07-12,2555,726901,ggrepel
2018-07-13,2135,729036,ggrepel
2018-07-14,1115,730151,ggrepel
2018-07-15,925,731076,ggrepel
2018-07-16,2268,733344,ggrepel
2018-07-17,2359,735703,ggrepel
2018-07-18,2425,738128,ggrepel
2018-07-19,2372,740500,ggrepel
2018-07-20,2003,742503,ggrepel
2018-07-21,957,743460,ggrepel
2018-07-22,969,744429,ggrepel
2018-07-23,2247,746676,ggrepel
2018-07-24,2518,749194,ggrepel
2018-07-25,2361,751555,ggrepel
2018-07-26,2224,753779,ggrepel
2018-07-27,1938,755717,ggrepel
2018-07-28,987,756704,ggrepel
2018-07-29,1019,757723,ggrepel
2018-07-30,2140,759863,ggrepel
2018-07-31,2200,762063,ggrepel
2018-08-01,2034,764097,ggrepel
2018-08-02,2087,766184,ggrepel
2018-08-03,1873,768057,ggrepel
2018-08-04,827,768884,ggrepel
2018-08-05,867,769751,ggrepel
2018-08-06,2020,771771,ggrepel
2018-08-07,2111,773882,ggrepel
2018-08-08,2183,776065,ggrepel
2018-08-09,2004,778069,ggrepel
2018-08-10,1794,779863,ggrepel
2018-08-11,968,780831,ggrepel
2018-08-12,982,781813,ggrepel
2018-08-13,2244,784057,ggrepel
2018-08-14,2226,786283,ggrepel
2018-08-15,1985,788268,ggrepel
2018-08-16,2088,790356,ggrepel
2018-08-17,1906,792262,ggrepel
2018-08-18,902,793164,ggrepel
2018-08-19,880,794044,ggrepel
2018-08-20,2088,796132,ggrepel
2018-08-21,2167,798299,ggrepel
2018-08-22,2398,800697,ggrepel
2018-08-23,2246,802943,ggrepel
2018-08-24,2332,805275,ggrepel
2018-08-25,923,806198,ggrepel
2018-08-26,945,807143,ggrepel
2018-08-27,2254,809397,ggrepel
2018-08-28,2459,811856,ggrepel
2018-08-29,2492,814348,ggrepel
2018-08-30,2687,817035,ggrepel
2018-08-31,2095,819130,ggrepel
2018-09-01,855,819985,ggrepel
2018-09-02,1004,820989,ggrepel
2018-09-03,1971,822960,ggrepel
2018-09-04,2665,825625,ggrepel
2018-09-05,2895,828520,ggrepel
2018-09-06,2891,831411,ggrepel
2018-09-07,2563,833974,ggrepel
2018-09-08,1228,835202,ggrepel
2018-09-09,1270,836472,ggrepel
2018-09-10,2786,839258,ggrepel
2018-09-11,2888,842146,ggrepel
2018-09-12,3510,845656,ggrepel
2018-09-13,3999,849655,ggrepel
2018-09-14,4061,853716,ggrepel
2018-09-15,1685,855401,ggrepel
2018-09-16,1541,856942,ggrepel
2018-09-17,4168,861110,ggrepel
2018-09-18,3754,864864,ggrepel
2018-09-19,4026,868890,ggrepel
2018-09-20,3804,872694,ggrepel
2018-09-21,3314,876008,ggrepel
2018-09-22,1657,877665,ggrepel
2018-09-23,1762,879427,ggrepel
2018-09-24,3746,883173,ggrepel
2018-09-25,3764,886937,ggrepel
2018-09-26,3980,890917,ggrepel
2018-09-27,4179,895096,ggrepel
2018-09-28,3398,898494,ggrepel
2018-09-29,1746,900240,ggrepel
2018-09-30,1742,901982,ggrepel
2018-10-01,3714,905696,ggrepel
2018-10-02,4019,909715,ggrepel
2018-10-03,4109,913824,ggrepel
2018-10-04,4324,918148,ggrepel
2018-10-05,3712,921860,ggrepel
2018-10-06,1746,923606,ggrepel
2018-10-07,1827,925433,ggrepel
2018-10-08,3748,929181,ggrepel
2018-10-09,4029,933210,ggrepel
2018-10-10,4290,937500,ggrepel
2018-10-11,4277,941777,ggrepel
2018-10-12,3608,945385,ggrepel
2018-10-13,2042,947427,ggrepel
2018-10-14,2192,949619,ggrepel
2018-10-15,3870,953489,ggrepel
2018-10-16,4280,957769,ggrepel
2018-10-17,4357,962126,ggrepel
2018-10-18,4579,966705,ggrepel
2018-10-19,3740,970445,ggrepel
2018-10-20,2174,972619,ggrepel
2018-10-21,2143,974762,ggrepel
2018-10-22,4314,979076,ggrepel
2018-10-23,4193,983269,ggrepel
2018-10-24,4340,987609,ggrepel
2018-10-25,4261,991870,ggrepel
2018-10-26,3989,995859,ggrepel
2018-10-27,1906,997765,ggrepel
2018-10-28,1820,999585,ggrepel
2018-10-29,4319,1003904,ggrepel
2018-10-30,4426,1008330,ggrepel
2018-10-31,4031,1012361,ggrepel
2018-11-01,3910,1016271,ggrepel
2018-11-02,3505,1019776,ggrepel
2018-11-03,2211,1021987,ggrepel
2018-11-04,2147,1024134,ggrepel
2018-11-05,4158,1028292,ggrepel
2018-11-06,4427,1032719,ggrepel
2018-11-07,4349,1037068,ggrepel
2018-11-08,4343,1041411,ggrepel
2018-11-09,3958,1045369,ggrepel
2018-11-10,2189,1047558,ggrepel
2018-11-11,2049,1049607,ggrepel
2018-11-12,4069,1053676,ggrepel
2018-11-13,4600,1058276,ggrepel
2018-11-14,4572,1062848,ggrepel
2018-11-15,4265,1067113,ggrepel
2018-11-16,3953,1071066,ggrepel
2018-11-17,2145,1073211,ggrepel
2018-11-18,2149,1075360,ggrepel
2018-11-19,4237,1079597,ggrepel
2018-11-20,4271,1083868,ggrepel
2018-11-21,3856,1087724,ggrepel
2018-11-22,3494,1091218,ggrepel
2018-11-23,3155,1094373,ggrepel
2018-11-24,2305,1096678,ggrepel
2018-11-25,2251,1098929,ggrepel
2018-11-26,4236,1103165,ggrepel
2018-11-27,4916,1108081,ggrepel
2018-11-28,4501,1112582,ggrepel
2018-11-29,4410,1116992,ggrepel
2018-11-30,4310,1121302,ggrepel
2018-12-01,2363,1123665,ggrepel
2018-12-02,2254,1125919,ggrepel
2018-12-03,4604,1130523,ggrepel
2018-12-04,4578,1135101,ggrepel
2018-12-05,4253,1139354,ggrepel
2018-12-06,4480,1143834,ggrepel
2018-12-07,3728,1147562,ggrepel
2018-12-08,2112,1149674,ggrepel
2018-12-09,2160,1151834,ggrepel
2018-12-10,4007,1155841,ggrepel
2018-12-11,4187,1160028,ggrepel
2018-12-12,3932,1163960,ggrepel
2018-12-13,3865,1167825,ggrepel
2018-12-14,3359,1171184,ggrepel
2018-12-15,2131,1173315,ggrepel
2018-12-16,2123,1175438,ggrepel
2018-12-17,3485,1178923,ggrepel
2018-12-18,3678,1182601,ggrepel
2018-12-19,3699,1186300,ggrepel
2018-12-20,3431,1189731,ggrepel
2018-12-21,2686,1192417,ggrepel
2018-12-22,1513,1193930,ggrepel
2018-12-23,1512,1195442,ggrepel
2018-12-24,1555,1196997,ggrepel
2018-12-25,1304,1198301,ggrepel
2018-12-26,1783,1200084,ggrepel
2018-12-27,2024,1202108,ggrepel
2018-12-28,2080,1204188,ggrepel
2018-12-29,1213,1205401,ggrepel
2018-12-30,1162,1206563,ggrepel
2018-12-31,1306,1207869,ggrepel
2019-01-01,1002,1208871,ggrepel
2019-01-02,2503,1211374,ggrepel
2019-01-03,2958,1214332,ggrepel
2019-01-04,2985,1217317,ggrepel
2019-01-05,1773,1219090,ggrepel
2019-01-06,1665,1220755,ggrepel
2019-01-07,3622,1224377,ggrepel
2019-01-08,4026,1228403,ggrepel
2019-01-09,6129,1234532,ggrepel
2019-01-10,5695,1240227,ggrepel
2019-01-11,4239,1244466,ggrepel
2019-01-12,2766,1247232,ggrepel
2019-01-13,2647,1249879,ggrepel
2019-01-14,5550,1255429,ggrepel
2019-01-15,5621,1261050,ggrepel
2019-01-16,5136,1266186,ggrepel
2019-01-17,4598,1270784,ggrepel
2019-01-18,5656,1276440,ggrepel
2019-01-19,2916,1279356,ggrepel
2019-01-20,2624,1281980,ggrepel
2019-01-21,5337,1287317,ggrepel
2019-01-22,6653,1293970,ggrepel
2019-01-23,5182,1299152,ggrepel
2019-01-24,5532,1304684,ggrepel
2019-01-25,6118,1310802,ggrepel
2019-01-26,3137,1313939,ggrepel
2019-01-27,3161,1317100,ggrepel
2019-01-28,6194,1323294,ggrepel
2019-01-29,6069,1329363,ggrepel
2019-01-30,5941,1335304,ggrepel
2019-01-31,4638,1339942,ggrepel
2019-02-01,5951,1345893,ggrepel
2019-02-02,3442,1349335,ggrepel
2019-02-03,3076,1352411,ggrepel
2019-02-04,5849,1358260,ggrepel
2019-02-05,5675,1363935,ggrepel
2019-02-06,5692,1369627,ggrepel
2019-02-07,6315,1375942,ggrepel
2019-02-08,5653,1381595,ggrepel
2019-02-09,3506,1385101,ggrepel
2019-02-10,3515,1388616,ggrepel
2019-02-11,6216,1394832,ggrepel
2019-02-12,7054,1401886,ggrepel
2019-02-13,7659,1409545,ggrepel
2019-02-14,5218,1414763,ggrepel
2019-02-15,9788,1424551,ggrepel
2019-02-16,3436,1427987,ggrepel
2019-02-17,3597,1431584,ggrepel
2019-02-18,5950,1437534,ggrepel
2019-02-19,6429,1443963,ggrepel
2019-02-20,7191,1451154,ggrepel
2019-02-21,7739,1458893,ggrepel
2019-02-22,6668,1465561,ggrepel
2019-02-23,3842,1469403,ggrepel
2019-02-24,2850,1472253,ggrepel
2019-02-25,6262,1478515,ggrepel
2019-02-26,6649,1485164,ggrepel
2019-02-27,6338,1491502,ggrepel
2019-02-28,5689,1497191,ggrepel
2019-03-01,4942,1502133,ggrepel
2019-03-02,2464,1504597,ggrepel
2019-03-03,2588,1507185,ggrepel
2019-03-04,4743,1511928,ggrepel
2019-03-05,5239,1517167,ggrepel
2019-03-06,5659,1522826,ggrepel
2019-03-07,5471,1528297,ggrepel
2019-03-08,4757,1533054,ggrepel
2019-03-09,3130,1536184,ggrepel
2019-03-10,2877,1539061,ggrepel
2019-03-11,5228,1544289,ggrepel
2019-03-12,5466,1549755,ggrepel
2019-03-13,5233,1554988,ggrepel
2019-03-14,5212,1560200,ggrepel
2019-03-15,4461,1564661,ggrepel
2019-03-16,2722,1567383,ggrepel
2019-03-17,2561,1569944,ggrepel
2019-03-18,5320,1575264,ggrepel
2019-03-19,5197,1580461,ggrepel
2019-03-20,5612,1586073,ggrepel
2019-03-21,5176,1591249,ggrepel
2019-03-22,4949,1596198,ggrepel
2019-03-23,2693,1598891,ggrepel
2019-03-24,2585,1601476,ggrepel
2019-03-25,4766,1606242,ggrepel
2019-03-26,5676,1611918,ggrepel
2019-03-27,5387,1617305,ggrepel
2019-03-28,5434,1622739,ggrepel
2019-03-29,4290,1627029,ggrepel
2019-03-30,2661,1629690,ggrepel
2019-03-31,2689,1632379,ggrepel
2019-04-01,5171,1637550,ggrepel
2019-04-02,5386,1642936,ggrepel
2019-04-03,5707,1648643,ggrepel
2019-04-04,6014,1654657,ggrepel
2019-04-05,5117,1659774,ggrepel
2019-04-06,2287,1662061,ggrepel
2019-04-07,2511,1664572,ggrepel
2019-04-08,5564,1670136,ggrepel
2019-04-09,5577,1675713,ggrepel
2019-04-10,5743,1681456,ggrepel
2019-04-11,5379,1686835,ggrepel
2019-04-12,4829,1691664,ggrepel
2019-04-13,2776,1694440,ggrepel
2019-04-14,2668,1697108,ggrepel
2019-04-15,5460,1702568,ggrepel
2019-04-16,5335,1707903,ggrepel
2019-04-17,5517,1713420,ggrepel
2019-04-18,5093,1718513,ggrepel
2019-04-19,3966,1722479,ggrepel
2019-04-20,2696,1725175,ggrepel
2019-04-21,2515,1727690,ggrepel
2019-04-22,4205,1731895,ggrepel
2019-04-23,5361,1737256,ggrepel
2019-04-24,5078,1742334,ggrepel
2019-04-25,4903,1747237,ggrepel
2019-04-26,4899,1752136,ggrepel
2019-04-27,3229,1755365,ggrepel
2019-04-28,3009,1758374,ggrepel
2019-04-29,5537,1763911,ggrepel
2019-04-30,5841,1769752,ggrepel
2019-05-01,5246,1774998,ggrepel
2019-05-02,5906,1780904,ggrepel
2019-05-03,5125,1786029,ggrepel
2019-05-04,2465,1788494,ggrepel
2019-05-05,2910,1791404,ggrepel
2019-05-06,5907,1797311,ggrepel
2019-05-07,9513,1806824,ggrepel
2019-05-08,10832,1817656,ggrepel
2019-05-09,9384,1827040,ggrepel
2019-05-10,8042,1835082,ggrepel
2019-05-11,3511,1838593,ggrepel
2019-05-12,3911,1842504,ggrepel
2019-05-13,7792,1850296,ggrepel
2019-05-14,7786,1858082,ggrepel
2019-05-15,7424,1865506,ggrepel
2019-05-16,7161,1872667,ggrepel
2019-05-17,6229,1878896,ggrepel
2019-05-18,3592,1882488,ggrepel
2019-05-19,3443,1885931,ggrepel
2019-05-20,6643,1892574,ggrepel
2019-05-21,6747,1899321,ggrepel
2019-05-22,6301,1905622,ggrepel
2019-05-23,6514,1912136,ggrepel
2019-05-24,5989,1918125,ggrepel
2019-05-25,3036,1921161,ggrepel
2019-05-26,3011,1924172,ggrepel
2019-05-27,5131,1929303,ggrepel
2019-05-28,6410,1935713,ggrepel
2019-05-29,5847,1941560,ggrepel
2019-05-30,5623,1947183,ggrepel
2019-05-31,5311,1952494,ggrepel
2019-06-01,3030,1955524,ggrepel
2019-06-02,2896,1958420,ggrepel
2019-06-03,6618,1965038,ggrepel
2019-06-04,6586,1971624,ggrepel
2019-06-05,6597,1978221,ggrepel
2019-06-06,6286,1984507,ggrepel
2019-06-07,5412,1989919,ggrepel
2019-06-08,3028,1992947,ggrepel
2019-06-09,3012,1995959,ggrepel
2019-06-10,5564,2001523,ggrepel
2019-06-11,6369,2007892,ggrepel
2019-06-12,6079,2013971,ggrepel
2019-06-13,5956,2019927,ggrepel
2019-06-14,5573,2025500,ggrepel
2019-06-15,3061,2028561,ggrepel
2019-06-16,3214,2031775,ggrepel
2019-06-17,7468,2039243,ggrepel
2019-06-18,9668,2048911,ggrepel
2019-06-19,7491,2056402,ggrepel
2019-06-20,5927,2062329,ggrepel
2019-06-21,4969,2067298,ggrepel
2019-06-22,2338,2069636,ggrepel
2019-06-23,2347,2071983,ggrepel
2019-06-24,4952,2076935,ggrepel
2019-06-25,5512,2082447,ggrepel
2019-06-26,5032,2087479,ggrepel
2019-06-27,5260,2092739,ggrepel
2019-06-28,5234,2097973,ggrepel
2019-06-29,3049,2101022,ggrepel
2019-06-30,2917,2103939,ggrepel
2019-07-01,5724,2109663,ggrepel
2019-07-02,6213,2115876,ggrepel
2019-07-03,6457,2122333,ggrepel
2019-07-04,4812,2127145,ggrepel
2019-07-05,4781,2131926,ggrepel
2019-07-06,2848,2134774,ggrepel
2019-07-07,2806,2137580,ggrepel
2019-07-08,6010,2143590,ggrepel
2019-07-09,6338,2149928,ggrepel
2019-07-10,5306,2155234,ggrepel
2019-07-11,5376,2160610,ggrepel
2019-07-12,4283,2164893,ggrepel
2019-07-13,1890,2166783,ggrepel
2019-07-14,2000,2168783,ggrepel
2019-07-15,4536,2173319,ggrepel
2019-07-16,5488,2178807,ggrepel
2019-07-17,5591,2184398,ggrepel
2019-07-18,5414,2189812,ggrepel
2019-07-19,4347,2194159,ggrepel
2019-07-20,2052,2196211,ggrepel
2019-07-21,2407,2198618,ggrepel
2019-07-22,4904,2203522,ggrepel
2019-07-23,4894,2208416,ggrepel
2019-07-24,5339,2213755,ggrepel
2019-07-25,5004,2218759,ggrepel
2019-07-26,4506,2223265,ggrepel
2019-07-27,2315,2225580,ggrepel
2019-07-28,2257,2227837,ggrepel
2019-07-29,4862,2232699,ggrepel
2019-07-30,5000,2237699,ggrepel
2019-07-31,4724,2242423,ggrepel
2019-08-01,4569,2246992,ggrepel
2019-08-02,4348,2251340,ggrepel
2019-08-03,2193,2253533,ggrepel
2019-08-04,2060,2255593,ggrepel
2019-08-05,4646,2260239,ggrepel
2019-08-06,5195,2265434,ggrepel
2019-08-07,5057,2270491,ggrepel
2019-08-08,5795,2276286,ggrepel
2019-08-09,4255,2280541,ggrepel
2019-08-10,2419,2282960,ggrepel
2019-08-11,2440,2285400,ggrepel
2019-08-12,4829,2290229,ggrepel
2019-08-13,5034,2295263,ggrepel
2019-08-14,4856,2300119,ggrepel
2019-08-15,4403,2304522,ggrepel
2019-08-16,4217,2308739,ggrepel
2019-08-17,2540,2311279,ggrepel
2019-08-18,2505,2313784,ggrepel
2019-08-19,5484,2319268,ggrepel
2019-08-20,5219,2324487,ggrepel
2019-08-21,4957,2329444,ggrepel
2019-08-22,5505,2334949,ggrepel
2019-08-23,4115,2339064,ggrepel
2019-08-24,2573,2341637,ggrepel
2019-08-25,2490,2344127,ggrepel
2019-08-26,5189,2349316,ggrepel
2019-08-27,5911,2355227,ggrepel
2019-08-28,6132,2361359,ggrepel
2019-08-29,5796,2367155,ggrepel
2019-08-30,5421,2372576,ggrepel
2019-08-31,2698,2375274,ggrepel
2019-09-01,2736,2378010,ggrepel
2019-09-02,4396,2382406,ggrepel
2019-09-03,5910,2388316,ggrepel
2019-09-04,6325,2394641,ggrepel
2019-09-05,6079,2400720,ggrepel
2019-09-06,5127,2405847,ggrepel
2019-09-07,2948,2408795,ggrepel
2019-09-08,3075,2411870,ggrepel
2019-09-09,6637,2418507,ggrepel
2019-09-10,6339,2424846,ggrepel
2019-09-11,6311,2431157,ggrepel
2019-09-12,6124,2437281,ggrepel
2019-09-13,5233,2442514,ggrepel
2019-09-14,3457,2445971,ggrepel
2019-09-15,3468,2449439,ggrepel
2019-09-16,7069,2456508,ggrepel
2019-09-17,7177,2463685,ggrepel
2019-09-18,7901,2471586,ggrepel
2019-09-19,7370,2478956,ggrepel
2019-09-20,6590,2485546,ggrepel
2019-09-21,3839,2489385,ggrepel
2019-09-22,3983,2493368,ggrepel
2019-09-23,7259,2500627,ggrepel
2019-09-24,7811,2508438,ggrepel
2019-09-25,8099,2516537,ggrepel
2019-09-26,7696,2524233,ggrepel
2019-09-27,7126,2531359,ggrepel
2019-09-28,3540,2534899,ggrepel
2019-09-29,3807,2538706,ggrepel
2019-09-30,7433,2546139,ggrepel
2019-10-01,7265,2553404,ggrepel
2019-10-02,7038,2560442,ggrepel
2019-10-03,6522,2566964,ggrepel
2019-10-04,6473,2573437,ggrepel
2019-10-05,3354,2576791,ggrepel
2019-10-06,3575,2580366,ggrepel
2019-10-07,7589,2587955,ggrepel
2019-10-08,7550,2595505,ggrepel
2019-10-09,7931,2603436,ggrepel
2019-10-10,7581,2611017,ggrepel
2019-10-11,7501,2618518,ggrepel
2019-10-12,3506,2622024,ggrepel
2019-10-13,3693,2625717,ggrepel
2019-10-14,7004,2632721,ggrepel
2019-10-15,7626,2640347,ggrepel
2019-10-16,7469,2647816,ggrepel
2019-10-17,7508,2655324,ggrepel
2019-10-18,6763,2662087,ggrepel
2019-10-19,3655,2665742,ggrepel
2019-10-20,3815,2669557,ggrepel
2019-10-21,7526,2677083,ggrepel
2019-10-22,8478,2685561,ggrepel
2019-10-23,8158,2693719,ggrepel
2019-10-24,7974,2701693,ggrepel
2019-10-25,6727,2708420,ggrepel
2019-10-26,3775,2712195,ggrepel
2019-10-27,3833,2716028,ggrepel
2019-10-28,7277,2723305,ggrepel
2019-10-29,7218,2730523,ggrepel
2019-10-30,7350,2737873,ggrepel
2019-10-31,7038,2744911,ggrepel
2019-11-01,5675,2750586,ggrepel
2019-11-02,3261,2753847,ggrepel
2019-11-03,3500,2757347,ggrepel
2019-11-04,7627,2764974,ggrepel
2019-11-05,7638,2772612,ggrepel
2019-11-06,6770,2779382,ggrepel
2019-11-07,6740,2786122,ggrepel
2019-11-08,6206,2792328,ggrepel
2019-11-09,3474,2795802,ggrepel
2019-11-10,3405,2799207,ggrepel
2019-11-11,6579,2805786,ggrepel
2019-11-12,7140,2812926,ggrepel
2019-11-13,7004,2819930,ggrepel
2019-11-14,7128,2827058,ggrepel
2019-11-15,6025,2833083,ggrepel
2019-11-16,3600,2836683,ggrepel
2019-11-17,3554,2840237,ggrepel
2019-11-18,7605,2847842,ggrepel
2019-11-19,8058,2855900,ggrepel
2019-11-20,7494,2863394,ggrepel
2019-11-21,7362,2870756,ggrepel
2019-11-22,6776,2877532,ggrepel
2019-11-23,3332,2880864,ggrepel
2019-11-24,3436,2884300,ggrepel
2019-11-25,7556,2891856,ggrepel
2019-11-26,8500,2900356,ggrepel
2019-11-27,7841,2908197,ggrepel
2019-11-28,6372,2914569,ggrepel
2019-11-29,5790,2920359,ggrepel
2019-11-30,3476,2923835,ggrepel
2019-12-01,3645,2927480,ggrepel
2019-12-02,8415,2935895,ggrepel
2019-12-03,8804,2944699,ggrepel
2019-12-04,8199,2952898,ggrepel
2019-12-05,8099,2960997,ggrepel
2019-12-06,7423,2968420,ggrepel
2019-12-07,3463,2971883,ggrepel
2019-12-08,3917,2975800,ggrepel
2019-12-09,7934,2983734,ggrepel
2019-12-10,7906,2991640,ggrepel
2019-12-11,7667,2999307,ggrepel
2019-12-12,7894,3007201,ggrepel
2019-12-13,6618,3013819,ggrepel
2019-12-14,4264,3018083,ggrepel
2019-12-15,3657,3021740,ggrepel
2019-12-16,6703,3028443,ggrepel
2019-12-17,7290,3035733,ggrepel
2019-12-18,7280,3043013,ggrepel
2019-12-19,6830,3049843,ggrepel
2019-12-20,5481,3055324,ggrepel
2019-12-21,2933,3058257,ggrepel
2019-12-22,3042,3061299,ggrepel
2019-12-23,4619,3065918,ggrepel
2019-12-24,3730,3069648,ggrepel
2019-12-25,2816,3072464,ggrepel
2019-12-26,3690,3076154,ggrepel
2019-12-27,3665,3079819,ggrepel
2019-12-28,2848,3082667,ggrepel
2019-12-29,2980,3085647,ggrepel
2019-12-30,4024,3089671,ggrepel
2019-12-31,3160,3092831,ggrepel
2020-01-01,2405,3095236,ggrepel
2020-01-02,5105,3100341,ggrepel
2020-01-03,5203,3105544,ggrepel
2020-01-04,3245,3108789,ggrepel
2020-01-05,3485,3112274,ggrepel
2020-01-06,6033,3118307,ggrepel
2020-01-07,6969,3125276,ggrepel
2020-01-08,6936,3132212,ggrepel
2020-01-09,7152,3139364,ggrepel
2020-01-10,6550,3145914,ggrepel
2020-01-11,3575,3149489,ggrepel
2020-01-12,3650,3153139,ggrepel
2020-01-13,7263,3160402,ggrepel
2020-01-14,8294,3168696,ggrepel
2020-01-15,8049,3176745,ggrepel
2020-01-16,7498,3184243,ggrepel
2020-01-17,6741,3190984,ggrepel
2020-01-18,3316,3194300,ggrepel
2020-01-19,3404,3197704,ggrepel
2020-01-20,6796,3204500,ggrepel
2020-01-21,7207,3211707,ggrepel
2020-01-22,8016,3219723,ggrepel
2020-01-23,7342,3227065,ggrepel
2020-01-24,6830,3233895,ggrepel
2020-01-25,3521,3237416,ggrepel
2020-01-26,3925,3241341,ggrepel
2020-01-27,7893,3249234,ggrepel
2020-01-28,7837,3257071,ggrepel
2020-01-29,8552,3265623,ggrepel
2020-01-30,8553,3274176,ggrepel
2020-01-31,7254,3281430,ggrepel
2020-02-01,3761,3285191,ggrepel
2020-02-02,3751,3288942,ggrepel
2020-02-03,8389,3297331,ggrepel
2020-02-04,8793,3306124,ggrepel
2020-02-05,8689,3314813,ggrepel
2020-02-06,8827,3323640,ggrepel
2020-02-07,8121,3331761,ggrepel
2020-02-08,3775,3335536,ggrepel
2020-02-09,3955,3339491,ggrepel
2020-02-10,7943,3347434,ggrepel
2020-02-11,8741,3356175,ggrepel
2020-02-12,9248,3365423,ggrepel
2020-02-13,9285,3374708,ggrepel
2020-02-14,8479,3383187,ggrepel
2020-02-15,4262,3387449,ggrepel
2020-02-16,4198,3391647,ggrepel
2020-02-17,7673,3399320,ggrepel
2020-02-18,10091,3409411,ggrepel
2020-02-19,10018,3419429,ggrepel
2020-02-20,9852,3429281,ggrepel
2020-02-21,8647,3437928,ggrepel
2020-02-22,5439,3443367,ggrepel
2020-02-23,5223,3448590,ggrepel
2020-02-24,8194,3456784,ggrepel
2020-02-25,8833,3465617,ggrepel
2020-02-26,10138,3475755,ggrepel
2020-02-27,9144,3484899,ggrepel
2020-02-28,8385,3493284,ggrepel
2020-02-29,1253,3494537,ggrepel
2020-03-01,5253,3499790,ggrepel
2020-03-02,9686,3509476,ggrepel
2020-03-03,10172,3519648,ggrepel
2020-03-04,10454,3530102,ggrepel
2020-03-05,9966,3540068,ggrepel
2020-03-06,9153,3549221,ggrepel
2020-03-07,5404,3554625,ggrepel
2020-03-08,5831,3560456,ggrepel
2020-03-09,17033,3577489,ggrepel
2020-03-10,15960,3593449,ggrepel
2020-03-11,15209,3608658,ggrepel
2020-03-12,14980,3623638,ggrepel
2020-03-13,10810,3634448,ggrepel
2020-03-14,6494,3640942,ggrepel
2020-03-15,6706,3647648,ggrepel
2020-03-16,11663,3659311,ggrepel
2020-03-17,11604,3670915,ggrepel
2020-03-18,12133,3683048,ggrepel
2020-03-19,11830,3694878,ggrepel
2020-03-20,10676,3705554,ggrepel
2020-03-21,6735,3712289,ggrepel
2020-03-22,7121,3719410,ggrepel
2020-03-23,11933,3731343,ggrepel
2020-03-24,11664,3743007,ggrepel
2020-03-25,11251,3754258,ggrepel
2020-03-26,12212,3766470,ggrepel
2020-03-27,11478,3777948,ggrepel
2020-03-28,7172,3785120,ggrepel
2020-03-29,7286,3792406,ggrepel
2020-03-30,11970,3804376,ggrepel
2020-03-31,12557,3816933,ggrepel
2020-04-01,12029,3828962,ggrepel
2020-04-02,12103,3841065,ggrepel
2020-04-03,11241,3852306,ggrepel
2020-04-04,7298,3859604,ggrepel
2020-04-05,6147,3865751,ggrepel
2020-04-06,11843,3877594,ggrepel
2020-04-07,10704,3888298,ggrepel
2020-04-08,11335,3899633,ggrepel
2020-04-09,10022,3909655,ggrepel
2020-04-10,8415,3918070,ggrepel
2020-04-11,6275,3924345,ggrepel
2020-04-12,5909,3930254,ggrepel
2020-04-13,9507,3939761,ggrepel
2020-04-14,11090,3950851,ggrepel
2020-04-15,10824,3961675,ggrepel
2020-04-16,10238,3971913,ggrepel
2020-04-17,9151,3981064,ggrepel
2020-04-18,6017,3987081,ggrepel
2020-04-19,6075,3993156,ggrepel
2020-04-20,9290,4002446,ggrepel
2020-04-21,10400,4012846,ggrepel
2020-04-22,10912,4023758,ggrepel
2020-04-23,10123,4033881,ggrepel
2020-04-24,10506,4044387,ggrepel
2020-04-25,6824,4051211,ggrepel
2020-04-26,7062,4058273,ggrepel
2020-04-27,11911,4070184,ggrepel
2020-04-28,12080,4082264,ggrepel
2020-04-29,11767,4094031,ggrepel
2020-04-30,10764,4104795,ggrepel
2020-05-01,8455,4113250,ggrepel
2020-05-02,6940,4120190,ggrepel
2020-05-03,6881,4127071,ggrepel
2020-05-04,10904,4137975,ggrepel
2020-05-05,11197,4149172,ggrepel
2020-05-06,11135,4160307,ggrepel
2020-05-07,10373,4170680,ggrepel
2020-05-08,8995,4179675,ggrepel
2020-05-09,6803,4186478,ggrepel
2020-05-10,6591,4193069,ggrepel
2020-05-11,10833,4203902,ggrepel
2020-05-12,11203,4215105,ggrepel
2020-05-13,10894,4225999,ggrepel
2020-05-14,10898,4236897,ggrepel
2020-05-15,9448,4246345,ggrepel
2020-05-16,5970,4252315,ggrepel
2020-05-17,5980,4258295,ggrepel
2020-05-18,9893,4268188,ggrepel
2020-05-19,10012,4278200,ggrepel
2020-05-20,9143,4287343,ggrepel
2020-05-21,9225,4296568,ggrepel
2020-05-22,8085,4304653,ggrepel
2020-05-23,5635,4310288,ggrepel
2020-05-24,5681,4315969,ggrepel
2020-05-25,8278,4324247,ggrepel
2020-05-26,9913,4334160,ggrepel
2020-05-27,10149,4344309,ggrepel
2020-05-28,9696,4354005,ggrepel
2020-05-29,9053,4363058,ggrepel
2020-05-30,5334,4368392,ggrepel
2020-05-31,5368,4373760,ggrepel
2020-06-01,8789,4382549,ggrepel
2020-06-02,9821,4392370,ggrepel
2020-06-03,9727,4402097,ggrepel
2020-06-04,9632,4411729,ggrepel
2020-06-05,8790,4420519,ggrepel
2020-06-06,5531,4426050,ggrepel
2020-06-07,5598,4431648,ggrepel
2020-06-08,9553,4441201,ggrepel
2020-06-09,10369,4451570,ggrepel
2020-06-10,9523,4461093,ggrepel
2020-06-11,9329,4470422,ggrepel
2020-06-12,8448,4478870,ggrepel
2020-06-13,5202,4484072,ggrepel
2020-06-14,5777,4489849,ggrepel
2020-06-15,9560,4499409,ggrepel
2020-06-16,9451,4508860,ggrepel
2020-06-17,10127,4518987,ggrepel
2020-06-18,9454,4528441,ggrepel
2020-06-19,8566,4537007,ggrepel
2020-06-20,5320,4542327,ggrepel
2020-06-21,5262,4547589,ggrepel
2020-06-22,9854,4557443,ggrepel
2020-06-23,9542,4566985,ggrepel
2020-06-24,8821,4575806,ggrepel
2020-06-25,8882,4584688,ggrepel
2020-06-26,8814,4593502,ggrepel
2020-06-27,4876,4598378,ggrepel
2020-06-28,5033,4603411,ggrepel
2020-06-29,8759,4612170,ggrepel
2020-06-30,9254,4621424,ggrepel
2020-07-01,8949,4630373,ggrepel
2020-07-02,8585,4638958,ggrepel
2020-07-03,6991,4645949,ggrepel
2020-07-04,4598,4650547,ggrepel
2020-07-05,4847,4655394,ggrepel
2020-07-06,8461,4663855,ggrepel
2020-07-07,8554,4672409,ggrepel
2020-07-08,8567,4680976,ggrepel
2020-07-09,8983,4689959,ggrepel
2020-07-10,8036,4697995,ggrepel
2020-07-11,4780,4702775,ggrepel
2020-07-12,4792,4707567,ggrepel
2020-07-13,8340,4715907,ggrepel
2020-07-14,8839,4724746,ggrepel
2020-07-15,8715,4733461,ggrepel
2020-07-16,9471,4742932,ggrepel
2020-07-17,8312,4751244,ggrepel
2020-07-18,4697,4755941,ggrepel
2020-07-19,4603,4760544,ggrepel
2020-07-20,9208,4769752,ggrepel
2020-07-21,9196,4778948,ggrepel
2020-07-22,9383,4788331,ggrepel
2020-07-23,8691,4797022,ggrepel
2020-07-24,7992,4805014,ggrepel
2020-07-25,4536,4809550,ggrepel
2020-07-26,5017,4814567,ggrepel
2020-07-27,8972,4823539,ggrepel
2020-07-28,9548,4833087,ggrepel
2020-07-29,8696,4841783,ggrepel
2020-07-30,8401,4850184,ggrepel
2020-07-31,7956,4858140,ggrepel
2020-08-01,4554,4862694,ggrepel
2020-08-02,4751,4867445,ggrepel
2020-08-03,8884,4876329,ggrepel
2020-08-04,8782,4885111,ggrepel
2020-08-05,9271,4894382,ggrepel
2020-08-06,8767,4903149,ggrepel
2020-08-07,8349,4911498,ggrepel
2020-08-08,4867,4916365,ggrepel
2020-08-09,4956,4921321,ggrepel
2020-08-10,8869,4930190,ggrepel
2020-08-11,8858,4939048,ggrepel
2020-08-12,9073,4948121,ggrepel
2020-08-13,8701,4956822,ggrepel
2020-08-14,7737,4964559,ggrepel
2020-08-15,4792,4969351,ggrepel
2020-08-16,4663,4974014,ggrepel
2020-08-17,8289,4982303,ggrepel
2020-08-18,9099,4991402,ggrepel
2020-08-19,9297,5000699,ggrepel
2020-08-20,8476,5009175,ggrepel
2020-08-21,7746,5016921,ggrepel
2020-08-22,4882,5021803,ggrepel
2020-08-23,5153,5026956,ggrepel
2020-08-24,8609,5035565,ggrepel
2020-08-25,9190,5044755,ggrepel
2020-08-26,9255,5054010,ggrepel
2020-08-27,9654,5063664,ggrepel
2020-08-28,8125,5071789,ggrepel
2020-08-29,4640,5076429,ggrepel
2020-08-30,5404,5081833,ggrepel
2020-08-31,9093,5090926,ggrepel
2020-09-01,9155,5100081,ggrepel
2020-09-02,9512,5109593,ggrepel
2020-09-03,9964,5119557,ggrepel
2020-09-04,8194,5127751,ggrepel
2020-09-05,4645,5132396,ggrepel
2020-09-06,4606,5137002,ggrepel
2020-09-07,7765,5144767,ggrepel
2020-09-08,9509,5154276,ggrepel
2020-09-09,10544,5164820,ggrepel
2020-09-10,9466,5174286,ggrepel
2020-09-11,9265,5183551,ggrepel
2020-09-12,5030,5188581,ggrepel
2020-09-13,5696,5194277,ggrepel
2020-09-14,10567,5204844,ggrepel
2020-09-15,11100,5215944,ggrepel
2020-09-16,10763,5226707,ggrepel
2020-09-17,10859,5237566,ggrepel
2020-09-18,9856,5247422,ggrepel
2020-09-19,5363,5252785,ggrepel
2020-09-20,5930,5258715,ggrepel
2020-09-21,10876,5269591,ggrepel
2020-09-22,11062,5280653,ggrepel
2020-09-23,10543,5291196,ggrepel
2020-09-24,10535,5301731,ggrepel
2020-09-25,9280,5311011,ggrepel
2020-09-26,5810,5316821,ggrepel
2020-09-27,6084,5322905,ggrepel
2020-09-28,10988,5333893,ggrepel
2020-09-29,10884,5344777,ggrepel
2020-09-30,11079,5355856,ggrepel
2020-10-01,11464,5367320,ggrepel
2020-10-02,11441,5378761,ggrepel
2020-10-03,6475,5385236,ggrepel
2020-10-04,7004,5392240,ggrepel
2020-10-05,12626,5404866,ggrepel
2020-10-06,12265,5417131,ggrepel
2020-10-07,12479,5429610,ggrepel
2020-10-08,11603,5441213,ggrepel
2020-10-09,10790,5452003,ggrepel
2020-10-10,6471,5458474,ggrepel
2020-10-11,6917,5465391,ggrepel
2020-10-12,11030,5476421,ggrepel
2020-10-13,12173,5488594,ggrepel
2020-10-14,12063,5500657,ggrepel
2020-10-15,11805,5512462,ggrepel
2020-10-16,11424,5523886,ggrepel
2020-10-17,6560,5530446,ggrepel
2020-10-18,6634,5537080,ggrepel
2020-10-19,12094,5549174,ggrepel
2020-10-20,11852,5561026,ggrepel
2020-10-21,12357,5573383,ggrepel
2020-10-22,11986,5585369,ggrepel
2020-10-23,10578,5595947,ggrepel
2020-10-24,6484,5602431,ggrepel
2020-10-25,6746,5609177,ggrepel
2020-10-26,11240,5620417,ggrepel
2020-10-27,12384,5632801,ggrepel
2020-10-28,11981,5644782,ggrepel
2020-10-29,11766,5656548,ggrepel
2020-10-30,10983,5667531,ggrepel
2020-10-31,6539,5674070,ggrepel
2020-11-01,6736,5680806,ggrepel
2020-11-02,12272,5693078,ggrepel
2020-11-03,12802,5705880,ggrepel
2020-11-04,11758,5717638,ggrepel
2020-11-05,12543,5730181,ggrepel
2020-11-06,11147,5741328,ggrepel
2020-11-07,6585,5747913,ggrepel
2020-11-08,6636,5754549,ggrepel
2020-11-09,12761,5767310,ggrepel
2020-11-10,12915,5780225,ggrepel
2020-11-11,11507,5791732,ggrepel
2020-11-12,12376,5804108,ggrepel
2020-11-13,11753,5815861,ggrepel
2020-11-14,6453,5822314,ggrepel
2020-11-15,7028,5829342,ggrepel
2020-11-16,12131,5841473,ggrepel
2020-11-17,13087,5854560,ggrepel
2020-11-18,12550,5867110,ggrepel
2020-11-19,12168,5879278,ggrepel
2020-11-20,11016,5890294,ggrepel
2020-11-21,6526,5896820,ggrepel
2020-11-22,7037,5903857,ggrepel
2020-11-23,11338,5915195,ggrepel
2020-11-24,11867,5927062,ggrepel
2020-11-25,9407,5936469,ggrepel
2020-11-26,9832,5946301,ggrepel
2020-11-27,9262,5955563,ggrepel
2020-11-28,6325,5961888,ggrepel
2020-11-29,6585,5968473,ggrepel
2020-11-30,10872,5979345,ggrepel
2020-12-01,11820,5991165,ggrepel
2020-12-02,12162,6003327,ggrepel
2020-12-03,12447,6015774,ggrepel
2020-12-04,12155,6027929,ggrepel
2020-12-05,6815,6034744,ggrepel
2020-12-06,7007,6041751,ggrepel
2020-12-07,11539,6053290,ggrepel
2020-12-08,11768,6065058,ggrepel
2020-12-09,11559,6076617,ggrepel
2020-12-10,11137,6087754,ggrepel
2020-12-11,10461,6098215,ggrepel
2020-12-12,6332,6104547,ggrepel
2020-12-13,7630,6112177,ggrepel
2020-12-14,11740,6123917,ggrepel
2020-12-15,12024,6135941,ggrepel
2020-12-16,14716,6150657,ggrepel
2020-12-17,18114,6168771,ggrepel
2020-12-18,14275,6183046,ggrepel
2020-12-19,8026,6191072,ggrepel
2020-12-20,8293,6199365,ggrepel
2020-12-21,12786,6212151,ggrepel
2020-12-22,13437,6225588,ggrepel
2020-12-23,10854,6236442,ggrepel
2020-12-24,8177,6244619,ggrepel
2020-12-25,5825,6250444,ggrepel
2020-12-26,6107,6256551,ggrepel
2020-12-27,7774,6264325,ggrepel
2020-12-28,9995,6274320,ggrepel
2020-12-29,8395,6282715,ggrepel
2020-12-30,8919,6291634,ggrepel
2020-12-31,8107,6299741,ggrepel
2021-01-01,7002,6306743,ggrepel
2021-01-02,7041,6313784,ggrepel
2021-01-03,8124,6321908,ggrepel
2021-01-04,12045,6333953,ggrepel
2021-01-05,12781,6346734,ggrepel
2021-01-06,11531,6358265,ggrepel
2021-01-07,12043,6370308,ggrepel
2021-01-08,11574,6381882,ggrepel
2021-01-09,6938,6388820,ggrepel
2021-01-10,7406,6396226,ggrepel
2021-01-11,12708,6408934,ggrepel
2021-01-12,13293,6422227,ggrepel
2021-01-13,14433,6436660,ggrepel
2021-01-14,13768,6450428,ggrepel
2021-01-15,12338,6462766,ggrepel
2021-01-16,10040,6472806,ggrepel
2021-01-17,9965,6482771,ggrepel
2021-01-18,15838,6498609,ggrepel
2021-01-19,16124,6514733,ggrepel
2021-01-20,15854,6530587,ggrepel
2021-01-21,14773,6545360,ggrepel
2021-01-22,13944,6559304,ggrepel
2021-01-23,7276,6566580,ggrepel
2021-01-24,7641,6574221,ggrepel
2021-01-25,13037,6587258,ggrepel
2021-01-26,13881,6601139,ggrepel
2021-01-27,13483,6614622,ggrepel
2021-01-28,13174,6627796,ggrepel
2021-01-29,11781,6639577,ggrepel
2021-01-30,7268,6646845,ggrepel
2021-01-31,7817,6654662,ggrepel
2021-02-01,13623,6668285,ggrepel
2021-02-02,13734,6682019,ggrepel
2021-02-03,13450,6695469,ggrepel
2021-02-04,13910,6709379,ggrepel
2021-02-05,12627,6722006,ggrepel
2021-02-06,6989,6728995,ggrepel
2021-02-07,7193,6736188,ggrepel
2021-02-08,13589,6749777,ggrepel
2021-02-09,13971,6763748,ggrepel
2021-02-10,13591,6777339,ggrepel
2021-02-11,12868,6790207,ggrepel
2021-02-12,12102,6802309,ggrepel
2021-02-13,6375,6808684,ggrepel
2021-02-14,6376,6815060,ggrepel
2021-02-15,9961,6825021,ggrepel
2021-02-16,11309,6836330,ggrepel
2021-02-17,13221,6849551,ggrepel
2021-02-18,12787,6862338,ggrepel
2021-02-19,11335,6873673,ggrepel
2021-02-20,6872,6880545,ggrepel
2021-02-21,8039,6888584,ggrepel
2021-02-22,13573,6902157,ggrepel
2021-02-23,13850,6916007,ggrepel
2021-02-24,12452,6928459,ggrepel
2021-02-25,12678,6941137,ggrepel
2021-02-26,12554,6953691,ggrepel
2021-02-27,8188,6961879,ggrepel
2021-02-28,7593,6969472,ggrepel
2021-03-01,13553,6983025,ggrepel
2021-03-02,13504,6996529,ggrepel
2021-03-03,14078,7010607,ggrepel
2021-03-04,13628,7024235,ggrepel
2021-03-05,12289,7036524,ggrepel
2021-03-06,6639,7043163,ggrepel
2021-03-07,7620,7050783,ggrepel
2021-03-08,13199,7063982,ggrepel
2021-03-09,14665,7078647,ggrepel
2021-03-10,15038,7093685,ggrepel
2021-03-11,13708,7107393,ggrepel
2021-03-12,12228,7119621,ggrepel
2021-03-13,6716,7126337,ggrepel
2021-03-14,7430,7133767,ggrepel
2021-03-15,13244,7147011,ggrepel
2021-03-16,16013,7163024,ggrepel
2021-03-17,14381,7177405,ggrepel
2021-03-18,13564,7190969,ggrepel
2021-03-19,11604,7202573,ggrepel
2021-03-20,6760,7209333,ggrepel
2021-03-21,6663,7215996,ggrepel
2021-03-22,12871,7228867,ggrepel
2021-03-23,12985,7241852,ggrepel
2021-03-24,12550,7254402,ggrepel
2021-03-25,12745,7267147,ggrepel
2021-03-26,10245,7277392,ggrepel
2021-03-27,6490,7283882,ggrepel
2021-03-28,6789,7290671,ggrepel
2021-03-29,12136,7302807,ggrepel
2021-03-30,12479,7315286,ggrepel
2021-03-31,12328,7327614,ggrepel
2021-04-01,12217,7339831,ggrepel
2021-04-02,10820,7350651,ggrepel
2021-04-03,8396,7359047,ggrepel
2021-04-04,7342,7366389,ggrepel
2021-04-05,11078,7377467,ggrepel
2021-04-06,12248,7389715,ggrepel
2021-04-07,12538,7402253,ggrepel
2021-04-08,11871,7414124,ggrepel
2021-04-09,11369,7425493,ggrepel
2021-04-10,5898,7431391,ggrepel
2021-04-11,6435,7437826,ggrepel
2021-04-12,12680,7450506,ggrepel
2021-04-13,12403,7462909,ggrepel
2021-04-14,12666,7475575,ggrepel
2021-04-15,13478,7489053,ggrepel
2021-04-16,11068,7500121,ggrepel
2021-04-17,5981,7506102,ggrepel
2021-04-18,7153,7513255,ggrepel
2021-04-19,12130,7525385,ggrepel
2021-04-20,11862,7537247,ggrepel
2021-04-21,12178,7549425,ggrepel
2021-04-22,11915,7561340,ggrepel
2021-04-23,10711,7572051,ggrepel
2021-04-24,5807,7577858,ggrepel
2021-04-25,6090,7583948,ggrepel
2021-04-26,11255,7595203,ggrepel
2021-04-27,10646,7605849,ggrepel
2021-04-28,10945,7616794,ggrepel
2021-04-29,10797,7627591,ggrepel
2021-04-30,9076,7636667,ggrepel
2021-05-01,5362,7642029,ggrepel
2021-05-02,5659,7647688,ggrepel
2021-05-03,10141,7657829,ggrepel
2021-05-04,10626,7668455,ggrepel
2021-05-05,10696,7679151,ggrepel
2021-05-06,9551,7688702,ggrepel
2021-05-07,8942,7697644,ggrepel
2021-05-08,5541,7703185,ggrepel
2021-05-09,5487,7708672,ggrepel
2021-05-10,10272,7718944,ggrepel
2021-05-11,9795,7728739,ggrepel
2021-05-12,10165,7738904,ggrepel
2021-05-13,9273,7748177,ggrepel
2021-05-14,8755,7756932,ggrepel
2021-05-15,5227,7762159,ggrepel
2021-05-16,5385,7767544,ggrepel
2021-05-17,10910,7778454,ggrepel
2021-05-18,11349,7789803,ggrepel
2021-05-19,12266,7802069,ggrepel
2021-05-20,11601,7813670,ggrepel
2021-05-21,11029,7824699,ggrepel
2021-05-22,6024,7830723,ggrepel
2021-05-23,6405,7837128,ggrepel
2021-05-24,10926,7848054,ggrepel
2021-05-25,11377,7859431,ggrepel
2021-05-26,12071,7871502,ggrepel
2021-05-27,11422,7882924,ggrepel
2021-05-28,9398,7892322,ggrepel
2021-05-29,5502,7897824,ggrepel
2021-05-30,5523,7903347,ggrepel
2021-05-31,9327,7912674,ggrepel
2021-06-01,11817,7924491,ggrepel
2021-06-02,11253,7935744,ggrepel
2021-06-03,10397,7946141,ggrepel
2021-06-04,10375,7956516,ggrepel
2021-06-05,5956,7962472,ggrepel
2021-06-06,6468,7968940,ggrepel
2021-06-07,11198,7980138,ggrepel
2021-06-08,11698,7991836,ggrepel
2021-06-09,12202,8004038,ggrepel
2021-06-10,11725,8015763,ggrepel
2021-06-11,10513,8026276,ggrepel
2021-06-12,5387,8031663,ggrepel
2021-06-13,5600,8037263,ggrepel
2021-06-14,11529,8048792,ggrepel
2021-06-15,12534,8061326,ggrepel
2021-06-16,11708,8073034,ggrepel
2021-06-17,12271,8085305,ggrepel
2021-06-18,9917,8095222,ggrepel
2021-06-19,5742,8100964,ggrepel
2021-06-20,5828,8106792,ggrepel
2021-06-21,10496,8117288,ggrepel
2021-06-22,11462,8128750,ggrepel
2021-06-23,10737,8139487,ggrepel
2021-06-24,11499,8150986,ggrepel
2021-06-25,10706,8161692,ggrepel
2021-06-26,5860,8167552,ggrepel
2021-06-27,5891,8173443,ggrepel
2021-06-28,11261,8184704,ggrepel
2021-06-29,11402,8196106,ggrepel
2021-06-30,10935,8207041,ggrepel
2021-07-01,10641,8217682,ggrepel
2021-07-02,10583,8228265,ggrepel
2021-07-03,7003,8235268,ggrepel
2021-07-04,6896,8242164,ggrepel
2021-07-05,10815,8252979,ggrepel
2021-07-06,12163,8265142,ggrepel
2021-07-07,12421,8277563,ggrepel
2021-07-08,12623,8290186,ggrepel
2021-07-09,11647,8301833,ggrepel
2021-07-10,8489,8310322,ggrepel
2021-07-11,8363,8318685,ggrepel
2021-07-12,13426,8332111,ggrepel
2021-07-13,12808,8344919,ggrepel
2021-07-14,12990,8357909,ggrepel
2021-07-15,12858,8370767,ggrepel
2021-07-16,11971,8382738,ggrepel
2021-07-17,8110,8390848,ggrepel
2021-07-18,8364,8399212,ggrepel
2021-07-19,13304,8412516,ggrepel
2021-07-20,13452,8425968,ggrepel
2021-07-21,12962,8438930,ggrepel
2021-07-22,12873,8451803,ggrepel
2021-07-23,11882,8463685,ggrepel
2021-07-24,7561,8471246,ggrepel
2021-07-25,8072,8479318,ggrepel
2021-07-26,13675,8492993,ggrepel
2021-07-27,13291,8506284,ggrepel
2021-07-28,13709,8519993,ggrepel
2021-07-29,12789,8532782,ggrepel
2021-07-30,12306,8545088,ggrepel
2021-07-31,8545,8553633,ggrepel
2021-08-01,7907,8561540,ggrepel
2021-08-02,13150,8574690,ggrepel
2021-08-03,13586,8588276,ggrepel
2021-08-04,12931,8601207,ggrepel
2021-08-05,13857,8615064,ggrepel
2021-08-06,12356,8627420,ggrepel
2021-08-07,7790,8635210,ggrepel
2021-08-08,8398,8643608,ggrepel
2021-08-09,14596,8658204,ggrepel
2021-08-10,14688,8672892,ggrepel
2021-08-11,13223,8686115,ggrepel
2021-08-12,13976,8700091,ggrepel
2021-08-13,13982,8714073,ggrepel
2021-08-14,9159,8723232,ggrepel
2021-08-15,8451,8731683,ggrepel
2021-08-16,13889,8745572,ggrepel
2021-08-17,13232,8758804,ggrepel
2021-08-18,13476,8772280,ggrepel
2021-08-19,12783,8785063,ggrepel
2021-08-20,13813,8798876,ggrepel
2021-08-21,7950,8806826,ggrepel
2021-08-22,5438,8812264,ggrepel
2021-08-23,13047,8825311,ggrepel
2021-08-24,14016,8839327,ggrepel
2021-08-25,14904,8854231,ggrepel
2021-08-26,14732,8868963,ggrepel
2021-08-27,13810,8882773,ggrepel
2021-08-28,8659,8891432,ggrepel
2021-08-29,8313,8899745,ggrepel
2021-08-30,15257,8915002,ggrepel
2021-08-31,16748,8931750,ggrepel
2021-09-01,15643,8947393,ggrepel
2021-09-02,14392,8961785,ggrepel
2021-09-03,12366,8974151,ggrepel
2021-09-04,8590,8982741,ggrepel
2021-09-05,8163,8990904,ggrepel
2021-09-06,11648,9002552,ggrepel
2021-09-07,13447,9015999,ggrepel
2021-09-08,14482,9030481,ggrepel
2021-09-09,14697,9045178,ggrepel
2021-09-10,13886,9059064,ggrepel
2021-09-11,8634,9067698,ggrepel
2021-09-12,8808,9076506,ggrepel
2021-09-13,14698,9091204,ggrepel
2021-09-14,15082,9106286,ggrepel
2021-09-15,14622,9120908,ggrepel
2021-09-16,13136,9134044,ggrepel
2021-09-17,13538,9147582,ggrepel
2021-09-18,8869,9156451,ggrepel
2021-09-19,9228,9165679,ggrepel
2021-09-20,14871,9180550,ggrepel
2021-09-21,15800,9196350,ggrepel
2021-09-22,14267,9210617,ggrepel
2021-09-23,15584,9226201,ggrepel
2021-09-24,14508,9240709,ggrepel
2021-09-25,8764,9249473,ggrepel
2021-09-26,9962,9259435,ggrepel
2021-09-27,16940,9276375,ggrepel
2021-09-28,15754,9292129,ggrepel
2021-09-29,18040,9310169,ggrepel
2021-09-30,16766,9326935,ggrepel
2021-10-01,15573,9342508,ggrepel
2021-10-02,8937,9351445,ggrepel
2021-10-03,8995,9360440,ggrepel
2021-10-04,16551,9376991,ggrepel
2021-10-05,17597,9394588,ggrepel
2021-10-06,17386,9411974,ggrepel
2021-10-07,19971,9431945,ggrepel
2021-10-08,16588,9448533,ggrepel
2021-10-09,9041,9457574,ggrepel
2021-10-10,9903,9467477,ggrepel
2021-10-11,16709,9484186,ggrepel
2021-10-12,15749,9499935,ggrepel
2021-10-13,17295,9517230,ggrepel
2021-10-14,18725,9535955,ggrepel
2021-10-15,19251,9555206,ggrepel
2021-10-16,9989,9565195,ggrepel
2021-10-17,9615,9574810,ggrepel
2021-10-18,21322,9596132,ggrepel
2021-10-19,21432,9617564,ggrepel
2021-10-20,20446,9638010,ggrepel
2021-10-21,20532,9658542,ggrepel
2021-10-22,19031,9677573,ggrepel
2021-10-23,10145,9687718,ggrepel
2021-10-24,10308,9698026,ggrepel
2021-10-25,21748,9719774,ggrepel
2021-10-26,22872,9742646,ggrepel
2021-10-27,21290,9763936,ggrepel
2021-10-28,22507,9786443,ggrepel
2021-10-29,18634,9805077,ggrepel
2021-10-30,11413,9816490,ggrepel
2021-10-31,10311,9826801,ggrepel
2021-11-01,18969,9845770,ggrepel
2021-11-02,17308,9863078,ggrepel
2021-11-03,22834,9885912,ggrepel
2021-11-04,21603,9907515,ggrepel
2021-11-05,19466,9926981,ggrepel
2021-11-06,11516,9938497,ggrepel
2021-11-07,11023,9949520,ggrepel
2021-11-08,18688,9968208,ggrepel
2021-11-09,20082,9988290,ggrepel
2021-11-10,18930,10007220,ggrepel
2021-11-11,19512,10026732,ggrepel
2021-11-12,17843,10044575,ggrepel
2021-11-13,10327,10054902,ggrepel
2021-11-14,10866,10065768,ggrepel
2021-11-15,15959,10081727,ggrepel
2021-11-16,21151,10102878,ggrepel
2021-11-17,20056,10122934,ggrepel
2021-11-18,20744,10143678,ggrepel
2021-11-19,18203,10161881,ggrepel
2021-11-20,10776,10172657,ggrepel
2021-11-21,10914,10183571,ggrepel
2021-11-22,19064,10202635,ggrepel
2021-11-23,19255,10221890,ggrepel
2021-11-24,20151,10242041,ggrepel
2021-11-25,19927,10261968,ggrepel
2021-11-26,17069,10279037,ggrepel
2021-11-27,10552,10289589,ggrepel
2021-11-28,10552,10300141,ggrepel
2021-11-29,20323,10320464,ggrepel
2021-11-30,20248,10340712,ggrepel
2021-12-01,19267,10359979,ggrepel
2021-12-02,20716,10380695,ggrepel
2021-12-03,19034,10399729,ggrepel
2021-12-04,10634,10410363,ggrepel
2021-12-05,11141,10421504,ggrepel
2021-12-06,22271,10443775,ggrepel
2021-12-07,17537,10461312,ggrepel
2021-12-08,24261,10485573,ggrepel
2021-12-09,20702,10506275,ggrepel
2021-12-10,19847,10526122,ggrepel
2021-12-11,10507,10536629,ggrepel
2021-12-12,9495,10546124,ggrepel
2021-12-13,18277,10564401,ggrepel
2021-12-14,20987,10585388,ggrepel
2021-12-15,18200,10603588,ggrepel
2021-12-16,15967,10619555,ggrepel
2021-12-17,15183,10634738,ggrepel
2021-12-18,6682,10641420,ggrepel
2021-12-19,6961,10648381,ggrepel
2021-12-20,15677,10664058,ggrepel
2021-12-21,13835,10677893,ggrepel
2021-12-22,15316,10693209,ggrepel
2021-12-23,11887,10705096,ggrepel
2021-12-24,7512,10712608,ggrepel
2021-12-25,5089,10717697,ggrepel
2021-12-26,5275,10722972,ggrepel
2021-12-27,8091,10731063,ggrepel
2021-12-28,9265,10740328,ggrepel
2021-12-29,9292,10749620,ggrepel
2021-12-30,8815,10758435,ggrepel
2021-12-31,6190,10764625,ggrepel
2022-01-01,5170,10769795,ggrepel
2022-01-02,5473,10775268,ggrepel
2022-01-03,11475,10786743,ggrepel
2022-01-04,12265,10799008,ggrepel
2022-01-05,12190,10811198,ggrepel
2022-01-06,13074,10824272,ggrepel
2022-01-07,11971,10836243,ggrepel
2022-01-08,6487,10842730,ggrepel
2022-01-09,7000,10849730,ggrepel
2022-01-10,13663,10863393,ggrepel
2022-01-11,13478,10876871,ggrepel
2022-01-12,13264,10890135,ggrepel
2022-01-13,13260,10903395,ggrepel
2022-01-14,13417,10916812,ggrepel
2022-01-15,6699,10923511,ggrepel
2022-01-16,6641,10930152,ggrepel
2022-01-17,13651,10943803,ggrepel
2022-01-18,15604,10959407,ggrepel
2022-01-19,16040,10975447,ggrepel
2022-01-20,14744,10990191,ggrepel
2022-01-21,13963,11004154,ggrepel
2022-01-22,6492,11010646,ggrepel
2022-01-23,6681,11017327,ggrepel
2022-01-24,14950,11032277,ggrepel
2022-01-25,13685,11045962,ggrepel
2022-01-26,16100,11062062,ggrepel
2022-01-27,15273,11077335,ggrepel
2022-01-28,12973,11090308,ggrepel
2022-01-29,6807,11097115,ggrepel
2022-01-30,6655,11103770,ggrepel
2022-01-31,13995,11117765,ggrepel
2022-02-01,12395,11130160,ggrepel
2022-02-02,13787,11143947,ggrepel
2022-02-03,13307,11157254,ggrepel
2022-02-04,11498,11168752,ggrepel
2022-02-05,7262,11176014,ggrepel
2022-02-06,6789,11182803,ggrepel
2022-02-07,14495,11197298,ggrepel
2022-02-08,13300,11210598,ggrepel
2022-02-09,13734,11224332,ggrepel
2022-02-10,21187,11245519,ggrepel
2022-02-11,12353,11257872,ggrepel
2022-02-12,5274,11263146,ggrepel
2022-02-13,5650,11268796,ggrepel
2022-02-14,13602,11282398,ggrepel
2022-02-15,13324,11295722,ggrepel
2022-02-16,14769,11310491,ggrepel
2022-02-17,13432,11323923,ggrepel
2022-02-18,11630,11335553,ggrepel
2022-02-19,6235,11341788,ggrepel
2022-02-20,5593,11347381,ggrepel
2022-02-21,14058,11361439,ggrepel
2022-02-22,14603,11376042,ggrepel
2022-02-23,13992,11390034,ggrepel
2022-02-24,13662,11403696,ggrepel
2022-02-25,12280,11415976,ggrepel
2022-02-26,5572,11421548,ggrepel
2022-02-27,6006,11427554,ggrepel
2022-02-28,10101,11437655,ggrepel
2022-03-01,11171,11448826,ggrepel
2022-03-02,12566,11461392,ggrepel
2022-03-03,13468,11474860,ggrepel
2022-03-04,11578,11486438,ggrepel
2022-03-05,5372,11491810,ggrepel
2022-03-06,5492,11497302,ggrepel
2022-03-07,12870,11510172,ggrepel
2022-03-08,14335,11524507,ggrepel
2022-03-09,13851,11538358,ggrepel
2022-03-10,12758,11551116,ggrepel
2022-03-11,12816,11563932,ggrepel
2022-03-12,6361,11570293,ggrepel
2022-03-13,5999,11576292,ggrepel
2022-03-14,14344,11590636,ggrepel
2022-03-15,13571,11604207,ggrepel
2022-03-16,14275,11618482,ggrepel
2022-03-17,16330,11634812,ggrepel
2022-03-18,19603,11654415,ggrepel
2022-03-19,7393,11661808,ggrepel
2022-03-20,5899,11667707,ggrepel
2022-03-21,19490,11687197,ggrepel
2022-03-22,14580,11701777,ggrepel
2022-03-23,14657,11716434,ggrepel
2022-03-24,15112,11731546,ggrepel
2022-03-25,12995,11744541,ggrepel
2022-03-26,5411,11749952,ggrepel
2022-03-27,6331,11756283,ggrepel
2022-03-28,13398,11769681,ggrepel
2022-03-29,15228,11784909,ggrepel
2022-03-30,14948,11799857,ggrepel
2022-03-31,15665,11815522,ggrepel
2022-04-01,13709,11829231,ggrepel
2022-04-02,5592,11834823,ggrepel
2022-04-03,6597,11841420,ggrepel
2022-04-04,15644,11857064,ggrepel
2022-04-05,17920,11874984,ggrepel
2022-04-06,19332,11894316,ggrepel
2022-04-07,16663,11910979,ggrepel
2022-04-08,13230,11924209,ggrepel
2022-04-09,7222,11931431,ggrepel
2022-04-10,6637,11938068,ggrepel
2022-04-11,14788,11952856,ggrepel
2022-04-12,14323,11967179,ggrepel
2022-04-13,17988,11985167,ggrepel
2022-04-14,19529,12004696,ggrepel
2022-04-15,10672,12015368,ggrepel
2022-04-16,6870,12022238,ggrepel
2022-04-17,7031,12029269,ggrepel
2022-04-18,20219,12049488,ggrepel
2022-04-19,22962,12072450,ggrepel
2022-04-20,20030,12092480,ggrepel
2022-04-21,17896,12110376,ggrepel
2022-04-22,18503,12128879,ggrepel
2022-04-23,8449,12137328,ggrepel
2022-04-24,9036,12146364,ggrepel
2022-04-25,24775,12171139,ggrepel
2022-04-26,21755,12192894,ggrepel
2022-04-27,18380,12211274,ggrepel
2022-04-28,16853,12228127,ggrepel
2022-04-29,24147,12252274,ggrepel
2022-04-30,7623,12259897,ggrepel
2022-05-01,7933,12267830,ggrepel
2022-05-02,22044,12289874,ggrepel
2022-05-03,21449,12311323,ggrepel
2022-05-04,21688,12333011,ggrepel
2022-05-05,23863,12356874,ggrepel
2022-05-06,22978,12379852,ggrepel
2022-05-07,7601,12387453,ggrepel
2022-05-08,7977,12395430,ggrepel
2022-05-09,21203,12416633,ggrepel
2022-05-10,24577,12441210,ggrepel
2022-05-11,18754,12459964,ggrepel
2022-05-12,17327,12477291,ggrepel
2022-05-13,15480,12492771,ggrepel
2022-05-14,6945,12499716,ggrepel
2022-05-15,7077,12506793,ggrepel
2022-05-16,17792,12524585,ggrepel
2022-05-17,23755,12548340,ggrepel
2022-05-18,20906,12569246,ggrepel
2022-05-19,25696,12594942,ggrepel
2022-05-20,17412,12612354,ggrepel
2022-05-21,6607,12618961,ggrepel
2022-05-22,7613,12626574,ggrepel
2022-05-23,17192,12643766,ggrepel
2022-05-24,20626,12664392,ggrepel
2022-05-25,18341,12682733,ggrepel
2022-05-26,17708,12700441,ggrepel
2022-05-27,11853,12712294,ggrepel
2022-05-28,6618,12718912,ggrepel
2022-05-29,6578,12725490,ggrepel
2022-05-30,13417,12738907,ggrepel
2022-05-31,14345,12753252,ggrepel
2022-06-01,17040,12770292,ggrepel
2022-06-02,14775,12785067,ggrepel
2022-06-03,13089,12798156,ggrepel
2022-06-04,6595,12804751,ggrepel
2022-06-05,6139,12810890,ggrepel
2022-06-06,16059,12826949,ggrepel
2022-06-07,20301,12847250,ggrepel
2022-06-08,20494,12867744,ggrepel
2022-06-09,18352,12886096,ggrepel
2022-06-10,19206,12905302,ggrepel
2022-06-11,5588,12910890,ggrepel
2022-06-12,5286,12916176,ggrepel
2022-06-13,13690,12929866,ggrepel
2022-06-14,15457,12945323,ggrepel
2022-06-15,17352,12962675,ggrepel
2022-06-16,11846,12974521,ggrepel
2022-06-17,12499,12987020,ggrepel
2022-06-18,5017,12992037,ggrepel
2022-06-19,5018,12997055,ggrepel
2022-06-20,15474,13012529,ggrepel
2022-06-21,17543,13030072,ggrepel
2022-06-22,17497,13047569,ggrepel
2022-06-23,14441,13062010,ggrepel
2022-06-24,14089,13076099,ggrepel
2022-06-25,4913,13081012,ggrepel
2022-06-26,4615,13085627,ggrepel
2022-06-27,14953,13100580,ggrepel
2022-06-28,16371,13116951,ggrepel
2022-06-29,16103,13133054,ggrepel
2022-06-30,20242,13153296,ggrepel
2022-07-01,12956,13166252,ggrepel
2022-07-02,4415,13170667,ggrepel
2022-07-03,5879,13176546,ggrepel
2022-07-04,13064,13189610,ggrepel
2022-07-05,13230,13202840,ggrepel
2022-07-06,14921,13217761,ggrepel
2022-07-07,13984,13231745,ggrepel
2022-07-08,12595,13244340,ggrepel
2022-07-09,5288,13249628,ggrepel
2022-07-10,5476,13255104,ggrepel
2022-07-11,14914,13270018,ggrepel
2022-07-12,15512,13285530,ggrepel
2022-07-13,14588,13300118,ggrepel
2022-07-14,17423,13317541,ggrepel
2022-07-15,16490,13334031,ggrepel
2022-07-16,5440,13339471,ggrepel
2022-07-17,5305,13344776,ggrepel
2022-07-18,18759,13363535,ggrepel
2022-07-19,19224,13382759,ggrepel
2022-07-20,16888,13399647,ggrepel
2022-07-21,18056,13417703,ggrepel
2022-07-22,14359,13432062,ggrepel
2022-07-23,5014,13437076,ggrepel
2022-07-24,6788,13443864,ggrepel
2022-07-25,18310,13462174,ggrepel
2022-07-26,19459,13481633,ggrepel
2022-07-27,18870,13500503,ggrepel
2022-07-28,30534,13531037,ggrepel
2022-07-29,27744,13558781,ggrepel
2022-07-30,24038,13582819,ggrepel
2022-07-31,23812,13606631,ggrepel
2022-08-01,33572,13640203,ggrepel
2022-08-02,32452,13672655,ggrepel
2022-08-03,30866,13703521,ggrepel
2022-08-04,31459,13734980,ggrepel
2022-08-05,27306,13762286,ggrepel
2022-08-06,21548,13783834,ggrepel
2022-08-07,23436,13807270,ggrepel
2022-08-08,33646,13840916,ggrepel
2022-08-09,31948,13872864,ggrepel
2022-08-10,31529,13904393,ggrepel
2022-08-11,31376,13935769,ggrepel
2022-08-12,28928,13964697,ggrepel
2022-08-13,22741,13987438,ggrepel
2022-08-14,21652,14009090,ggrepel
2022-08-15,28270,14037360,ggrepel
2022-08-16,32638,14069998,ggrepel
2022-08-17,17292,14087290,ggrepel
2022-08-18,15864,14103154,ggrepel
2022-08-19,20925,14124079,ggrepel
2022-08-20,24651,14148730,ggrepel
2022-08-21,27293,14176023,ggrepel
2022-08-22,29385,14205408,ggrepel
2022-08-23,31766,14237174,ggrepel
2022-08-24,23941,14261115,ggrepel
2022-08-25,27960,14289075,ggrepel
2022-08-26,20177,14309252,ggrepel
2022-08-27,14465,14323717,ggrepel
2022-08-28,14144,14337861,ggrepel
2022-08-29,23829,14361690,ggrepel
2022-08-30,21429,14383119,ggrepel
2022-08-31,22996,14406115,ggrepel
2022-09-01,22460,14428575,ggrepel
2022-09-02,20227,14448802,ggrepel
2022-09-03,13907,14462709,ggrepel
2022-09-04,12831,14475540,ggrepel
2022-09-05,19885,14495425,ggrepel
2022-09-06,21047,14516472,ggrepel
2022-09-07,17366,14533838,ggrepel
2022-09-08,18775,14552613,ggrepel
2022-09-09,17352,14569965,ggrepel
2022-09-10,12799,14582764,ggrepel
2022-09-11,13498,14596262,ggrepel
2022-09-12,17566,14613828,ggrepel
2022-09-13,13904,14627732,ggrepel
2022-09-14,14351,14642083,ggrepel
2022-09-15,12197,14654280,ggrepel
2022-09-16,11930,14666210,ggrepel
2022-09-17,4574,14670784,ggrepel
2022-09-18,5226,14676010,ggrepel
2022-09-19,12913,14688923,ggrepel
2022-09-20,13025,14701948,ggrepel
2022-09-21,15379,14717327,ggrepel
2022-09-22,13258,14730585,ggrepel
2022-09-23,10992,14741577,ggrepel
2022-09-24,5103,14746680,ggrepel
2022-09-25,4659,14751339,ggrepel
2022-09-26,12504,14763843,ggrepel
2022-09-27,13191,14777034,ggrepel
2022-09-28,15599,14792633,ggrepel
2022-09-29,15852,14808485,ggrepel
2022-09-30,11780,14820265,ggrepel
2022-10-01,4741,14825006,ggrepel
2022-10-02,4535,14829541,ggrepel
2022-10-03,13770,14843311,ggrepel
2022-10-04,12256,14855567,ggrepel
2022-10-05,12615,14868182,ggrepel
2022-10-06,13965,14882147,ggrepel
2022-10-07,10049,14892196,ggrepel
2022-10-08,4951,14897147,ggrepel
2022-10-09,5044,14902191,ggrepel
2022-10-10,11634,14913825,ggrepel
2022-10-11,12157,14925982,ggrepel
2022-10-12,11961,14937943,ggrepel
2022-10-13,13430,14951373,ggrepel
2022-10-14,10488,14961861,ggrepel
2022-10-15,5023,14966884,ggrepel
2022-10-16,5259,14972143,ggrepel
2022-10-17,14709,14986852,ggrepel
2022-10-18,14054,15000906,ggrepel
2022-10-19,13119,15014025,ggrepel
2022-10-20,13633,15027658,ggrepel
2022-10-21,12335,15039993,ggrepel
2022-10-22,5074,15045067,ggrepel
2022-10-23,5461,15050528,ggrepel
2022-10-24,15881,15066409,ggrepel
2022-10-25,15403,15081812,ggrepel
2022-10-26,15200,15097012,ggrepel
2022-10-27,15899,15112911,ggrepel
2022-10-28,14395,15127306,ggrepel
2022-10-29,5669,15132975,ggrepel
2022-10-30,5197,15138172,ggrepel
2022-10-31,14803,15152975,ggrepel
2022-11-01,12986,15165961,ggrepel
2022-11-02,18455,15184416,ggrepel
2022-11-03,18147,15202563,ggrepel
2022-11-04,12583,15215146,ggrepel
2022-11-05,5424,15220570,ggrepel
2022-11-06,6943,15227513,ggrepel
2022-11-07,27652,15255165,ggrepel
2022-11-08,23936,15279101,ggrepel
2022-11-09,22729,15301830,ggrepel
2022-11-10,22788,15324618,ggrepel
2022-11-11,16881,15341499,ggrepel
2022-11-12,7437,15348936,ggrepel
2022-11-13,8385,15357321,ggrepel
2022-11-14,19354,15376675,ggrepel
2022-11-15,19117,15395792,ggrepel
2022-11-16,21593,15417385,ggrepel
2022-11-17,20759,15438144,ggrepel
2022-11-18,17852,15455996,ggrepel
2022-11-19,7688,15463684,ggrepel
2022-11-20,14606,15478290,ggrepel
2022-11-21,19119,15497409,ggrepel
2022-11-22,18752,15516161,ggrepel
2022-11-23,20778,15536939,ggrepel
2022-11-24,16086,15553025,ggrepel
2022-11-25,14639,15567664,ggrepel
2022-11-26,6894,15574558,ggrepel
2022-11-27,7984,15582542,ggrepel
2022-11-28,16020,15598562,ggrepel
2022-11-29,18095,15616657,ggrepel
2022-11-30,17017,15633674,ggrepel
2022-12-01,16912,15650586,ggrepel
2022-12-02,13907,15664493,ggrepel
2022-12-03,6750,15671243,ggrepel
2022-12-04,7806,15679049,ggrepel
2022-12-05,17580,15696629,ggrepel
2022-12-06,16604,15713233,ggrepel
2022-12-07,15699,15728932,ggrepel
2022-12-08,13540,15742472,ggrepel
2022-12-09,11106,15753578,ggrepel
2022-12-10,5947,15759525,ggrepel
2022-12-11,6092,15765617,ggrepel
2022-12-12,13112,15778729,ggrepel
2022-12-13,11996,15790725,ggrepel
2022-12-14,11463,15802188,ggrepel
2022-12-15,11124,15813312,ggrepel
2022-12-16,8781,15822093,ggrepel
2022-12-17,4955,15827048,ggrepel
2022-12-18,5920,15832968,ggrepel
2022-12-19,9487,15842455,ggrepel
2022-12-20,9902,15852357,ggrepel
2022-12-21,10267,15862624,ggrepel
2022-12-22,8222,15870846,ggrepel
2022-12-23,5739,15876585,ggrepel
2022-12-24,3073,15879658,ggrepel
2022-12-25,2712,15882370,ggrepel
2022-12-26,4403,15886773,ggrepel
2022-12-27,5503,15892276,ggrepel
2022-12-28,6061,15898337,ggrepel
2022-12-29,5841,15904178,ggrepel
2022-12-30,4706,15908884,ggrepel
2022-12-31,2764,15911648,ggrepel
2023-01-01,2767,15914415,ggrepel
2023-01-02,5786,15920201,ggrepel
2023-01-03,8067,15928268,ggrepel
2023-01-04,8695,15936963,ggrepel
2023-01-05,8730,15945693,ggrepel
2023-01-06,7596,15953289,ggrepel
2023-01-07,4163,15957452,ggrepel
2023-01-08,4213,15961665,ggrepel
2023-01-09,9155,15970820,ggrepel
2023-01-10,10069,15980889,ggrepel
2023-01-11,10077,15990966,ggrepel
2023-01-12,9644,16000610,ggrepel
2023-01-13,8045,16008655,ggrepel
2023-01-14,3823,16012478,ggrepel
2023-01-15,4187,16016665,ggrepel
2023-01-16,8446,16025111,ggrepel
2023-01-17,9454,16034565,ggrepel
2023-01-18,9490,16044055,ggrepel
2023-01-19,9738,16053793,ggrepel
2023-01-20,8146,16061939,ggrepel
2023-01-21,3575,16065514,ggrepel
2023-01-22,4025,16069539,ggrepel
2023-01-23,8966,16078505,ggrepel
2023-01-24,10028,16088533,ggrepel
2023-01-25,9525,16098058,ggrepel
2023-01-26,9651,16107709,ggrepel
2023-01-27,8581,16116290,ggrepel
2023-01-28,4001,16120291,ggrepel
2023-01-29,4262,16124553,ggrepel
2023-01-30,9512,16134065,ggrepel
2023-01-31,10532,16144597,ggrepel
2023-02-01,10537,16155134,ggrepel
2023-02-02,10458,16165592,ggrepel
2023-02-03,13624,16179216,ggrepel
2023-02-04,7743,16186959,ggrepel
2023-02-05,7338,16194297,ggrepel
2023-02-06,16363,16210660,ggrepel
2023-02-07,16429,16227089,ggrepel
2023-02-08,15893,16242982,ggrepel
2023-02-09,15438,16258420,ggrepel
2023-02-10,12863,16271283,ggrepel
2023-02-11,6708,16277991,ggrepel
2023-02-12,6345,16284336,ggrepel
2023-02-13,13437,16297773,ggrepel
2023-02-14,14522,16312295,ggrepel
2023-02-15,13092,16325387,ggrepel
2023-02-16,13875,16339262,ggrepel
2023-02-17,11466,16350728,ggrepel
2023-02-18,5427,16356155,ggrepel
2023-02-19,5331,16361486,ggrepel
2023-02-20,11690,16373176,ggrepel
2023-02-21,13360,16386536,ggrepel
2023-02-22,12740,16399276,ggrepel
2023-02-23,12794,16412070,ggrepel
2023-02-24,11725,16423795,ggrepel
2023-02-25,5512,16429307,ggrepel
2023-02-26,5917,16435224,ggrepel
2023-02-27,12531,16447755,ggrepel
2023-02-28,13108,16460863,ggrepel
2023-03-01,13278,16474141,ggrepel
2023-03-02,12777,16486918,ggrepel
2023-03-03,11145,16498063,ggrepel
2023-03-04,6536,16504599,ggrepel
2023-03-05,5721,16510320,ggrepel
2023-03-06,13691,16524011,ggrepel
2023-03-07,12999,16537010,ggrepel
2023-03-08,13161,16550171,ggrepel
2023-03-09,13847,16564018,ggrepel
2023-03-10,10936,16574954,ggrepel
2023-03-11,5713,16580667,ggrepel
2023-03-12,6802,16587469,ggrepel
2023-03-13,13013,16600482,ggrepel
2023-03-14,13282,16613764,ggrepel
2023-03-15,12980,16626744,ggrepel
2023-03-16,13288,16640032,ggrepel
2023-03-17,10353,16650385,ggrepel
2023-03-18,5466,16655851,ggrepel
2023-03-19,5768,16661619,ggrepel
2023-03-20,12479,16674098,ggrepel
2023-03-21,13197,16687295,ggrepel
2023-03-22,13344,16700639,ggrepel
2023-03-23,13243,16713882,ggrepel
2023-03-24,11554,16725436,ggrepel
2023-03-25,5671,16731107,ggrepel
2023-03-26,5805,16736912,ggrepel
2023-03-27,13022,16749934,ggrepel
2023-03-28,13394,16763328,ggrepel
2023-03-29,12930,16776258,ggrepel
2023-03-30,12468,16788726,ggrepel
2023-03-31,10344,16799070,ggrepel
2023-04-01,5356,16804426,ggrepel
2023-04-02,5415,16809841,ggrepel
2023-04-03,12022,16821863,ggrepel
2023-04-04,12365,16834228,ggrepel
2023-04-05,11343,16845571,ggrepel
2023-04-06,11446,16857017,ggrepel
2023-04-07,8006,16865023,ggrepel
2023-04-08,4953,16869976,ggrepel
2023-04-09,4614,16874590,ggrepel
2023-04-10,9385,16883975,ggrepel
2023-04-11,12362,16896337,ggrepel
2023-04-12,12515,16908852,ggrepel
2023-04-13,12307,16921159,ggrepel
2023-04-14,10233,16931392,ggrepel
2023-04-15,5402,16936794,ggrepel
2023-04-16,5356,16942150,ggrepel
2023-04-17,11527,16953677,ggrepel
2023-04-18,12086,16965763,ggrepel
2023-04-19,12261,16978024,ggrepel
2023-04-20,11839,16989863,ggrepel
2023-04-21,9778,16999641,ggrepel
2023-04-22,5597,17005238,ggrepel
2023-04-23,6402,17011640,ggrepel
2023-04-24,14113,17025753,ggrepel
2023-04-25,13253,17039006,ggrepel
2023-04-26,12923,17051929,ggrepel
2023-04-27,12359,17064288,ggrepel
2023-04-28,9960,17074248,ggrepel
2023-04-29,5236,17079484,ggrepel
2023-04-30,5146,17084630,ggrepel
2023-05-01,8779,17093409,ggrepel
2023-05-02,11727,17105136,ggrepel
2023-05-03,11827,17116963,ggrepel
2023-05-04,12468,17129431,ggrepel
2023-05-05,9844,17139275,ggrepel
2023-05-06,5490,17144765,ggrepel
2023-05-07,5175,17149940,ggrepel
2023-05-08,10808,17160748,ggrepel
2023-05-09,11710,17172458,ggrepel
2023-05-10,11630,17184088,ggrepel
2023-05-11,12075,17196163,ggrepel
2023-05-12,9862,17206025,ggrepel
2023-05-13,5239,17211264,ggrepel
2023-05-14,5211,17216475,ggrepel
2023-05-15,11835,17228310,ggrepel
2023-05-16,12672,17240982,ggrepel
2023-05-17,11678,17252660,ggrepel
2023-05-18,10814,17263474,ggrepel
2023-05-19,9960,17273434,ggrepel
2023-05-20,5067,17278501,ggrepel
2023-05-21,5056,17283557,ggrepel
2023-05-22,11074,17294631,ggrepel
2023-05-23,11560,17306191,ggrepel
2023-05-24,11297,17317488,ggrepel
2023-05-25,11240,17328728,ggrepel
2023-05-26,9104,17337832,ggrepel
2023-05-27,4829,17342661,ggrepel
2023-05-28,4743,17347404,ggrepel
2023-05-29,8144,17355548,ggrepel
2023-05-30,10649,17366197,ggrepel
2023-05-31,10696,17376893,ggrepel
2023-06-01,10322,17387215,ggrepel
2023-06-02,8758,17395973,ggrepel
2023-06-03,4489,17400462,ggrepel
2023-06-04,4457,17404919,ggrepel
2023-06-05,10262,17415181,ggrepel
2023-06-06,10349,17425530,ggrepel
2023-06-07,10336,17435866,ggrepel
2023-06-08,9549,17445415,ggrepel
2023-06-09,8672,17454087,ggrepel
2023-06-10,4694,17458781,ggrepel
2023-06-11,4840,17463621,ggrepel
2023-06-12,10323,17473944,ggrepel
2023-06-13,10422,17484366,ggrepel
2023-06-14,10638,17495004,ggrepel
2023-06-15,10686,17505690,ggrepel
2023-06-16,8584,17514274,ggrepel
2023-06-17,4370,17518644,ggrepel
2023-06-18,4536,17523180,ggrepel
2023-06-19,9582,17532762,ggrepel
2023-06-20,10361,17543123,ggrepel
2023-06-21,9516,17552639,ggrepel
2023-06-22,8821,17561460,ggrepel
2023-06-23,7263,17568723,ggrepel
2023-06-24,3811,17572534,ggrepel
2023-06-25,4254,17576788,ggrepel
2023-06-26,8806,17585594,ggrepel
2023-06-27,9079,17594673,ggrepel
2023-06-28,8528,17603201,ggrepel
2023-06-29,8336,17611537,ggrepel
2023-06-30,7097,17618634,ggrepel
2023-07-01,3735,17622369,ggrepel
2023-07-02,3777,17626146,ggrepel
2023-07-03,8046,17634192,ggrepel
2023-07-04,7465,17641657,ggrepel
2023-07-05,8839,17650496,ggrepel
2023-07-06,8967,17659463,ggrepel
2023-07-07,7851,17667314,ggrepel
2023-07-08,3760,17671074,ggrepel
2023-07-09,3713,17674787,ggrepel
2023-07-10,9163,17683950,ggrepel
2023-07-11,9297,17693247,ggrepel
2023-07-12,9478,17702725,ggrepel
2023-07-13,9059,17711784,ggrepel
2023-07-14,7516,17719300,ggrepel
2023-07-15,4083,17723383,ggrepel
2023-07-16,3991,17727374,ggrepel
2023-07-17,8571,17735945,ggrepel
2023-07-18,9120,17745065,ggrepel
2023-07-19,8685,17753750,ggrepel
2023-07-20,8871,17762621,ggrepel
2023-07-21,7031,17769652,ggrepel
2023-07-22,3609,17773261,ggrepel
2023-07-23,3557,17776818,ggrepel
2023-07-24,8164,17784982,ggrepel
2023-07-25,8566,17793548,ggrepel
2023-07-26,8407,17801955,ggrepel
2023-07-27,7449,17809404,ggrepel
2023-07-28,6751,17816155,ggrepel
2023-07-29,3494,17819649,ggrepel
2023-07-30,3618,17823267,ggrepel
2023-07-31,7895,17831162,ggrepel
2023-08-01,7632,17838794,ggrepel
2023-08-02,7726,17846520,ggrepel
2023-08-03,7827,17854347,ggrepel
2023-08-04,7139,17861486,ggrepel
2023-08-05,3508,17864994,ggrepel
2023-08-06,3515,17868509,ggrepel
2023-08-07,7529,17876038,ggrepel
2023-08-08,7961,17883999,ggrepel
2023-08-09,7726,17891725,ggrepel
2023-08-10,7998,17899723,ggrepel
2023-08-11,6649,17906372,ggrepel
2023-08-12,3550,17909922,ggrepel
2023-08-13,3845,17913767,ggrepel
2023-08-14,7696,17921463,ggrepel
2023-08-15,7337,17928800,ggrepel
2023-08-16,7841,17936641,ggrepel
2023-08-17,8116,17944757,ggrepel
2023-08-18,7124,17951881,ggrepel
2023-08-19,3745,17955626,ggrepel
2023-08-20,3910,17959536,ggrepel
2023-08-21,7720,17967256,ggrepel
2023-08-22,8220,17975476,ggrepel
2023-08-23,8813,17984289,ggrepel
2023-08-24,8120,17992409,ggrepel
2023-08-25,8148,18000557,ggrepel
2023-08-26,4048,18004605,ggrepel
2023-08-27,4234,18008839,ggrepel
2023-08-28,8827,18017666,ggrepel
2023-08-29,8758,18026424,ggrepel
2023-08-30,9036,18035460,ggrepel
2023-08-31,8843,18044303,ggrepel
2023-09-01,7192,18051495,ggrepel
2023-09-02,4134,18055629,ggrepel
2023-09-03,4011,18059640,ggrepel
2023-09-04,7342,18066982,ggrepel
2023-09-05,9819,18076801,ggrepel
2023-09-06,9434,18086235,ggrepel
2023-09-07,9161,18095396,ggrepel
2023-09-08,8209,18103605,ggrepel
2023-09-09,4177,18107782,ggrepel
2023-09-10,4548,18112330,ggrepel
2023-09-11,8988,18121318,ggrepel
2023-09-12,9996,18131314,ggrepel
2023-09-13,9973,18141287,ggrepel
2023-09-14,10019,18151306,ggrepel
2023-09-15,8208,18159514,ggrepel
2023-09-16,4033,18163547,ggrepel
2023-09-17,4300,18167847,ggrepel
2023-09-18,9485,18177332,ggrepel
2023-09-19,9786,18187118,ggrepel
2023-09-20,10276,18197394,ggrepel
2023-09-21,10273,18207667,ggrepel
2023-09-22,8451,18216118,ggrepel
2023-09-23,4379,18220497,ggrepel
2023-09-24,4453,18224950,ggrepel
2023-09-25,9810,18234760,ggrepel
2023-09-26,9900,18244660,ggrepel
2023-09-27,10045,18254705,ggrepel
2023-09-28,9817,18264522,ggrepel
2023-09-29,7537,18272059,ggrepel
2023-09-30,4172,18276231,ggrepel
2023-10-01,4385,18280616,ggrepel
2023-10-02,9543,18290159,ggrepel
2023-10-03,9956,18300115,ggrepel
2023-10-04,9858,18309973,ggrepel
2023-10-05,10292,18320265,ggrepel
2023-10-06,8780,18329045,ggrepel
2023-10-07,4834,18333879,ggrepel
2023-10-08,4995,18338874,ggrepel
2023-10-09,10107,18348981,ggrepel
2023-10-10,10748,18359729,ggrepel
2023-10-11,11239,18370968,ggrepel
2023-10-12,10685,18381653,ggrepel
2023-10-13,16664,18398317,ggrepel
2023-10-14,7159,18405476,ggrepel
2023-10-15,7194,18412670,ggrepel
2023-10-16,16337,18429007,ggrepel
2023-10-17,16253,18445260,ggrepel
2023-10-18,15078,18460338,ggrepel
2023-10-19,14520,18474858,ggrepel
2023-10-20,12595,18487453,ggrepel
2023-10-21,6723,18494176,ggrepel
2023-10-22,6671,18500847,ggrepel
2023-10-23,13843,18514690,ggrepel
2023-10-24,14518,18529208,ggrepel
2023-10-25,13691,18542899,ggrepel
2023-10-26,13969,18556868,ggrepel
2023-10-27,10572,18567440,ggrepel
2023-10-28,5530,18572970,ggrepel
2023-10-29,5647,18578617,ggrepel
2023-10-30,12082,18590699,ggrepel
2023-10-31,13395,18604094,ggrepel
2023-11-01,12065,18616159,ggrepel
2023-11-02,14958,18631117,ggrepel
2023-11-03,11755,18642872,ggrepel
2023-11-04,5815,18648687,ggrepel
2023-11-05,5808,18654495,ggrepel
2023-11-06,13767,18668262,ggrepel
2023-11-07,13889,18682151,ggrepel
2023-11-08,13880,18696031,ggrepel
2023-11-09,13262,18709293,ggrepel
2023-11-10,11203,18720496,ggrepel
2023-11-11,5572,18726068,ggrepel
2023-11-12,5578,18731646,ggrepel
2023-11-13,13335,18744981,ggrepel
2023-11-14,13888,18758869,ggrepel
2023-11-15,13277,18772146,ggrepel
2023-11-16,13415,18785561,ggrepel
2023-11-17,10871,18796432,ggrepel
2023-11-18,5257,18801689,ggrepel
2023-11-19,5683,18807372,ggrepel
2023-11-20,13276,18820648,ggrepel
2023-11-21,13318,18833966,ggrepel
2023-11-22,12419,18846385,ggrepel
2023-11-23,11115,18857500,ggrepel
2023-11-24,9148,18866648,ggrepel
2023-11-25,5278,18871926,ggrepel
2023-11-26,5891,18877817,ggrepel
2023-11-27,13202,18891019,ggrepel
2023-11-28,13312,18904331,ggrepel
2023-11-29,13167,18917498,ggrepel
2023-11-30,12788,18930286,ggrepel
2023-12-01,10548,18940834,ggrepel
2023-12-02,6068,18946902,ggrepel
2023-12-03,6198,18953100,ggrepel
2023-12-04,13140,18966240,ggrepel
2023-12-05,12636,18978876,ggrepel
2023-12-06,12122,18990998,ggrepel
2023-12-07,11785,19002783,ggrepel
2023-12-08,10017,19012800,ggrepel
2023-12-09,5687,19018487,ggrepel
2023-12-10,6076,19024563,ggrepel
2023-12-11,11760,19036323,ggrepel
2023-12-12,11992,19048315,ggrepel
2023-12-13,11280,19059595,ggrepel
2023-12-14,11108,19070703,ggrepel
2023-12-15,8778,19079481,ggrepel
2023-12-16,4743,19084224,ggrepel
2023-12-17,5087,19089311,ggrepel
2023-12-18,9314,19098625,ggrepel
2023-12-19,9700,19108325,ggrepel
2023-12-20,9613,19117938,ggrepel
2023-12-21,8637,19126575,ggrepel
2023-12-22,6435,19133010,ggrepel
2023-12-23,3543,19136553,ggrepel
2023-12-24,3175,19139728,ggrepel
2023-12-25,3929,19143657,ggrepel
2023-12-26,5075,19148732,ggrepel
2023-12-27,5852,19154584,ggrepel
2023-12-28,5764,19160348,ggrepel
2023-12-29,4955,19165303,ggrepel
2023-12-30,3558,19168861,ggrepel
2023-12-31,2758,19171619,ggrepel
2024-01-01,2971,19174590,ggrepel
2024-01-02,6661,19181251,ggrepel
2024-01-03,7241,19188492,ggrepel
2024-01-04,7836,19196328,ggrepel
2024-01-05,7226,19203554,ggrepel
2024-01-06,4225,19207779,ggrepel
2024-01-07,4112,19211891,ggrepel
2024-01-08,9139,19221030,ggrepel
2024-01-09,9824,19230854,ggrepel
2024-01-10,10213,19241067,ggrepel
2024-01-11,16943,19258010,ggrepel
2024-01-12,13412,19271422,ggrepel
2024-01-13,6134,19277556,ggrepel
2024-01-14,6283,19283839,ggrepel
2024-01-15,12029,19295868,ggrepel
2024-01-16,13695,19309563,ggrepel
2024-01-17,13343,19322906,ggrepel
2024-01-18,13707,19336613,ggrepel
2024-01-19,11096,19347709,ggrepel
2024-01-20,5900,19353609,ggrepel
2024-01-21,6039,19359648,ggrepel
2024-01-22,13167,19372815,ggrepel
2024-01-23,13277,19386092,ggrepel
2024-01-24,12838,19398930,ggrepel
2024-01-25,12581,19411511,ggrepel
2024-01-26,9818,19421329,ggrepel
2024-01-27,5050,19426379,ggrepel
2024-01-28,5429,19431808,ggrepel
2024-01-29,11870,19443678,ggrepel
2024-01-30,12400,19456078,ggrepel
2024-01-31,11498,19467576,ggrepel
2024-02-01,11357,19478933,ggrepel
2024-02-02,10361,19489294,ggrepel
2024-02-03,4510,19493804,ggrepel
2024-02-04,5295,19499099,ggrepel
2024-02-05,11037,19510136,ggrepel
2024-02-06,11906,19522042,ggrepel
2024-02-07,11096,19533138,ggrepel
2024-02-08,10881,19544019,ggrepel
2024-02-09,8716,19552735,ggrepel
2024-02-10,3948,19556683,ggrepel
2024-02-11,4070,19560753,ggrepel
2024-02-12,9735,19570488,ggrepel
2024-02-13,10891,19581379,ggrepel
2024-02-14,10187,19591566,ggrepel
2024-02-15,10956,19602522,ggrepel
2024-02-16,9268,19611790,ggrepel
2024-02-17,4976,19616766,ggrepel
2024-02-18,5184,19621950,ggrepel
2024-02-19,10395,19632345,ggrepel
2024-02-20,12016,19644361,ggrepel
2024-02-21,11756,19656117,ggrepel
2024-02-22,11896,19668013,ggrepel
2024-02-23,9850,19677863,ggrepel
2024-02-24,4648,19682511,ggrepel
2024-02-25,5115,19687626,ggrepel
2024-02-26,11610,19699236,ggrepel
2024-02-27,12584,19711820,ggrepel
2024-02-28,11760,19723580,ggrepel
2024-02-29,11660,19735240,ggrepel
2024-03-01,9950,19745190,ggrepel
2024-03-02,5000,19750190,ggrepel
2024-03-03,5724,19755914,ggrepel
2024-03-04,11483,19767397,ggrepel
2024-03-05,12904,19780301,ggrepel
2024-03-06,12085,19792386,ggrepel
2024-03-07,12055,19804441,ggrepel
2024-03-08,9762,19814203,ggrepel
2024-03-09,4668,19818871,ggrepel
2024-03-10,5339,19824210,ggrepel
2024-03-11,11482,19835692,ggrepel
2024-03-12,12847,19848539,ggrepel
2024-03-13,11643,19860182,ggrepel
2024-03-14,11710,19871892,ggrepel
2024-03-15,9875,19881767,ggrepel
2024-03-16,4840,19886607,ggrepel
2024-03-17,5149,19891756,ggrepel
2024-03-18,11674,19903430,ggrepel
2024-03-19,12527,19915957,ggrepel
2024-03-20,11946,19927903,ggrepel
2024-03-21,11936,19939839,ggrepel
2024-03-22,9738,19949577,ggrepel
2024-03-23,5084,19954661,ggrepel
2024-03-24,5051,19959712,ggrepel
2024-03-25,10762,19970474,ggrepel
2024-03-26,11741,19982215,ggrepel
2024-03-27,11501,19993716,ggrepel
2024-03-28,10207,20003923,ggrepel
2024-03-29,7230,20011153,ggrepel
2024-03-30,4542,20015695,ggrepel
2024-03-31,4491,20020186,ggrepel
2024-04-01,8329,20028515,ggrepel
2024-04-02,11106,20039621,ggrepel
2024-04-03,11156,20050777,ggrepel
2024-04-04,10584,20061361,ggrepel
2024-04-05,8996,20070357,ggrepel
2024-04-06,4774,20075131,ggrepel
2024-04-07,5684,20080815,ggrepel
2024-04-08,11215,20092030,ggrepel
2024-04-09,11238,20103268,ggrepel
2024-04-10,10818,20114086,ggrepel
2024-04-11,10776,20124862,ggrepel
2024-04-12,9354,20134216,ggrepel
2024-04-13,4800,20139016,ggrepel
2024-04-14,5120,20144136,ggrepel
2024-04-15,11210,20155346,ggrepel
2024-04-16,11354,20166700,ggrepel
2024-04-17,11312,20178012,ggrepel
2024-04-18,11468,20189480,ggrepel
2024-04-19,9501,20198981,ggrepel
2024-04-20,6076,20205057,ggrepel
2024-04-21,5686,20210743,ggrepel
2024-04-22,11217,20221960,ggrepel
2024-04-23,11343,20233303,ggrepel
2024-04-24,11003,20244306,ggrepel
2024-04-25,11639,20255945,ggrepel
2024-04-26,9996,20265941,ggrepel
2024-04-27,5327,20271268,ggrepel
2024-04-28,6133,20277401,ggrepel
2024-04-29,12317,20289718,ggrepel
2024-04-30,11995,20301713,ggrepel
2024-05-01,11513,20313226,ggrepel
2024-05-02,12206,20325432,ggrepel
2024-05-03,10212,20335644,ggrepel
2024-05-04,5407,20341051,ggrepel
2024-05-05,5548,20346599,ggrepel
2024-05-06,12105,20358704,ggrepel
2024-05-07,12136,20370840,ggrepel
2024-05-08,11375,20382215,ggrepel
2024-05-09,10534,20392749,ggrepel
2024-05-10,9329,20402078,ggrepel
2024-05-11,5006,20407084,ggrepel
2024-05-12,4712,20411796,ggrepel
2024-05-13,11331,20423127,ggrepel
2024-05-14,11834,20434961,ggrepel
2024-05-15,11560,20446521,ggrepel
2024-05-16,11525,20458046,ggrepel
2024-05-17,9832,20467878,ggrepel
2024-05-18,5170,20473048,ggrepel
2024-05-19,4983,20478031,ggrepel
2024-05-20,10126,20488157,ggrepel
2024-05-21,11706,20499863,ggrepel
2024-05-22,12398,20512261,ggrepel
2024-05-23,11116,20523377,ggrepel
2024-05-24,9759,20533136,ggrepel
2024-05-25,4897,20538033,ggrepel
2024-05-26,5255,20543288,ggrepel
2024-05-27,9806,20553094,ggrepel
2024-05-28,11714,20564808,ggrepel
2024-05-29,11436,20576244,ggrepel
2024-05-30,10689,20586933,ggrepel
2024-05-31,9534,20596467,ggrepel
2024-06-01,4711,20601178,ggrepel
2024-06-02,5035,20606213,ggrepel
2024-06-03,10663,20616876,ggrepel
2024-06-04,10760,20627636,ggrepel
2024-06-05,10641,20638277,ggrepel
2024-06-06,10123,20648400,ggrepel
2024-06-07,8505,20656905,ggrepel
2024-06-08,4238,20661143,ggrepel
2024-06-09,4594,20665737,ggrepel
2024-06-10,9547,20675284,ggrepel
2024-06-11,10538,20685822,ggrepel
2024-06-12,10217,20696039,ggrepel
2024-06-13,11341,20707380,ggrepel
2024-06-14,8130,20715510,ggrepel
2024-06-15,3886,20719396,ggrepel
2024-06-16,4216,20723612,ggrepel
2024-06-17,9559,20733171,ggrepel
2024-06-18,9880,20743051,ggrepel
2024-06-19,9422,20752473,ggrepel
2024-06-20,9890,20762363,ggrepel
2024-06-21,7880,20770243,ggrepel
2024-06-22,4165,20774408,ggrepel
2024-06-23,4176,20778584,ggrepel
2024-06-24,9240,20787824,ggrepel
2024-06-25,9450,20797274,ggrepel
2024-06-26,9087,20806361,ggrepel
2024-06-27,9380,20815741,ggrepel
2024-06-28,7531,20823272,ggrepel
2024-06-29,3494,20826766,ggrepel
2024-06-30,4130,20830896,ggrepel
2024-07-01,8698,20839594,ggrepel
2024-07-02,9531,20849125,ggrepel
2024-07-03,9169,20858294,ggrepel
2024-07-04,7962,20866256,ggrepel
2024-07-05,7307,20873563,ggrepel
2024-07-06,3752,20877315,ggrepel
2024-07-07,3761,20881076,ggrepel
2024-07-08,8732,20889808,ggrepel
2024-07-09,8888,20898696,ggrepel
2024-07-10,8672,20907368,ggrepel
2024-07-11,9124,20916492,ggrepel
2024-07-12,7443,20923935,ggrepel
2024-07-13,3819,20927754,ggrepel
2024-07-14,3757,20931511,ggrepel
2024-07-15,8549,20940060,ggrepel
2024-07-16,8719,20948779,ggrepel
2024-07-17,8650,20957429,ggrepel
2024-07-18,8487,20965916,ggrepel
2024-07-19,7312,20973228,ggrepel
2024-07-20,3789,20977017,ggrepel
2024-07-21,3761,20980778,ggrepel
2024-07-22,8604,20989382,ggrepel
2024-07-23,8326,20997708,ggrepel
2024-07-24,8310,21006018,ggrepel
2024-07-25,9078,21015096,ggrepel
2024-07-26,6922,21022018,ggrepel
2024-07-27,3513,21025531,ggrepel
2024-07-28,3331,21028862,ggrepel
2024-07-29,8130,21036992,ggrepel
2024-07-30,8327,21045319,ggrepel
2024-07-31,7732,21053051,ggrepel
2024-08-01,7876,21060927,ggrepel
2024-08-02,6907,21067834,ggrepel
2024-08-03,3483,21071317,ggrepel
2024-08-04,3832,21075149,ggrepel
2024-08-05,7255,21082404,ggrepel
2024-08-06,7988,21090392,ggrepel
2024-08-07,7775,21098167,ggrepel
2024-08-08,7582,21105749,ggrepel
2024-08-09,6382,21112131,ggrepel
2024-08-10,3950,21116081,ggrepel
2024-08-11,3547,21119628,ggrepel
2024-08-12,7490,21127118,ggrepel
2024-08-13,7976,21135094,ggrepel
2024-08-14,7489,21142583,ggrepel
2024-08-15,6892,21149475,ggrepel
2024-08-16,6969,21156444,ggrepel
2024-08-17,3480,21159924,ggrepel
2024-08-18,3452,21163376,ggrepel
2024-08-19,8230,21171606,ggrepel
2024-08-20,8925,21180531,ggrepel
2024-08-21,8396,21188927,ggrepel
2024-08-22,8530,21197457,ggrepel
2024-08-23,7994,21205451,ggrepel
2024-08-24,3891,21209342,ggrepel
2024-08-25,3790,21213132,ggrepel
2024-08-26,7985,21221117,ggrepel
2024-08-27,8354,21229471,ggrepel
2024-08-28,8495,21237966,ggrepel
2024-08-29,9350,21247316,ggrepel
2024-08-30,7367,21254683,ggrepel
2024-08-31,3988,21258671,ggrepel
2024-09-01,4018,21262689,ggrepel
2024-09-02,8012,21270701,ggrepel
2024-09-03,9230,21279931,ggrepel
2024-09-04,9380,21289311,ggrepel
2024-09-05,9483,21298794,ggrepel
2024-09-06,8280,21307074,ggrepel
2024-09-07,4271,21311345,ggrepel
2024-09-08,8886,21320231,ggrepel
2024-09-09,15472,21335703,ggrepel
2024-09-10,15686,21351389,ggrepel
2024-09-11,15278,21366667,ggrepel
2024-09-12,14297,21380964,ggrepel
2024-09-13,11586,21392550,ggrepel
2024-09-14,5590,21398140,ggrepel
2024-09-15,5487,21403627,ggrepel
2024-09-16,12404,21416031,ggrepel
2024-09-17,13654,21429685,ggrepel
2024-09-18,13999,21443684,ggrepel
2024-09-19,15135,21458819,ggrepel
2024-09-20,12465,21471284,ggrepel
2024-09-21,6447,21477731,ggrepel
2024-09-22,6401,21484132,ggrepel
2024-09-23,14236,21498368,ggrepel
2024-09-24,15369,21513737,ggrepel
2024-09-25,14207,21527944,ggrepel
2024-09-26,13203,21541147,ggrepel
2024-09-27,11257,21552404,ggrepel
2024-09-28,5909,21558313,ggrepel
2024-09-29,6000,21564313,ggrepel
2024-09-30,12225,21576538,ggrepel
2024-10-01,12681,21589219,ggrepel
2024-10-02,12108,21601327,ggrepel
2024-10-03,11766,21613093,ggrepel
2024-10-04,9897,21622990,ggrepel
2024-10-05,5227,21628217,ggrepel
2024-10-06,5479,21633696,ggrepel
2024-10-07,13180,21646876,ggrepel
2024-10-08,15000,21661876,ggrepel
2024-10-09,14375,21676251,ggrepel
2024-10-10,13651,21689902,ggrepel
2024-10-11,11499,21701401,ggrepel
2024-10-12,5886,21707287,ggrepel
2024-10-13,5584,21712871,ggrepel
2024-10-14,12392,21725263,ggrepel
2024-10-15,13728,21738991,ggrepel
2024-10-16,15021,21754012,ggrepel
2024-10-17,13829,21767841,ggrepel
2024-10-18,11450,21779291,ggrepel
2024-10-19,4973,21784264,ggrepel
2024-10-20,5373,21789637,ggrepel
2024-10-21,12782,21802419,ggrepel
2024-10-22,14489,21816908,ggrepel
2024-10-23,14442,21831350,ggrepel
2024-10-24,13390,21844740,ggrepel
2024-10-25,11981,21856721,ggrepel
2024-10-26,5148,21861869,ggrepel
2024-10-27,5763,21867632,ggrepel
2024-10-28,13277,21880909,ggrepel
2024-10-29,14311,21895220,ggrepel
2024-10-30,14554,21909774,ggrepel
2024-10-31,14145,21923919,ggrepel
2024-11-01,9238,21933157,ggrepel
2024-11-02,5472,21938629,ggrepel
2024-11-03,5610,21944239,ggrepel
2024-11-04,13271,21957510,ggrepel
2024-11-05,14289,21971799,ggrepel
2024-11-06,13251,21985050,ggrepel
2024-11-07,13132,21998182,ggrepel
2024-11-08,11364,22009546,ggrepel
2024-11-09,5812,22015358,ggrepel
2024-11-10,6161,22021519,ggrepel
2024-11-11,12692,22034211,ggrepel
2024-11-12,13862,22048073,ggrepel
2024-11-13,14098,22062171,ggrepel
2024-11-14,13355,22075526,ggrepel
2024-11-15,11225,22086751,ggrepel
2024-11-16,5651,22092402,ggrepel
2024-11-17,6135,22098537,ggrepel
2024-11-18,14387,22112924,ggrepel
2024-11-19,15327,22128251,ggrepel
2024-11-20,14573,22142824,ggrepel
2024-11-21,13353,22156177,ggrepel
2024-11-22,11154,22167331,ggrepel
2024-11-23,5880,22173211,ggrepel
2024-11-24,6257,22179468,ggrepel
2024-11-25,13052,22192520,ggrepel
2024-11-26,13472,22205992,ggrepel
2024-11-27,12157,22218149,ggrepel
2024-11-28,11021,22229170,ggrepel
2024-11-29,9745,22238915,ggrepel
2024-11-30,5793,22244708,ggrepel
2024-12-01,6175,22250883,ggrepel
2024-12-02,12718,22263601,ggrepel
2024-12-03,12906,22276507,ggrepel
2024-12-04,13229,22289736,ggrepel
2024-12-05,12361,22302097,ggrepel
2024-12-06,10001,22312098,ggrepel
2024-12-07,5993,22318091,ggrepel
2024-12-08,5810,22323901,ggrepel
2024-12-09,12031,22335932,ggrepel
2024-12-10,12419,22348351,ggrepel
2024-12-11,12857,22361208,ggrepel
2024-12-12,10975,22372183,ggrepel
2024-12-13,9131,22381314,ggrepel
2024-12-14,5037,22386351,ggrepel
2024-12-15,5480,22391831,ggrepel
2024-12-16,10607,22402438,ggrepel
2024-12-17,11072,22413510,ggrepel
2024-12-18,10780,22424290,ggrepel
2024-12-19,9927,22434217,ggrepel
2024-12-20,8041,22442258,ggrepel
2024-12-21,4216,22446474,ggrepel
2024-12-22,4259,22450733,ggrepel
2024-12-23,5934,22456667,ggrepel
2024-12-24,5333,22462000,ggrepel
2024-12-25,4186,22466186,ggrepel
2024-12-26,4816,22471002,ggrepel
2024-12-27,4982,22475984,ggrepel
2024-12-28,3512,22479496,ggrepel
2024-12-29,4394,22483890,ggrepel
2024-12-30,6415,22490305,ggrepel
2024-12-31,6394,22496699,ggrepel
2025-01-01,3283,22499982,ggrepel
2025-01-02,6310,22506292,ggrepel
2025-01-03,6522,22512814,ggrepel
2025-01-04,4091,22516905,ggrepel
2025-01-05,4126,22521031,ggrepel
2025-01-06,8573,22529604,ggrepel
2025-01-07,9202,22538806,ggrepel
2025-01-08,9649,22548455,ggrepel
2025-01-09,9385,22557840,ggrepel
2025-01-10,8483,22566323,ggrepel
2025-01-11,3914,22570237,ggrepel
2025-01-12,4373,22574610,ggrepel
2025-01-13,9493,22584103,ggrepel
2025-01-14,10663,22594766,ggrepel
2025-01-15,10970,22605736,ggrepel
2025-01-16,9900,22615636,ggrepel
2025-01-17,8636,22624272,ggrepel
2025-01-18,4069,22628341,ggrepel
2025-01-19,4578,22632919,ggrepel
2025-01-20,9100,22642019,ggrepel
2025-01-21,10671,22652690,ggrepel
2025-01-22,10302,22662992,ggrepel
2025-01-23,10181,22673173,ggrepel
2025-01-24,8834,22682007,ggrepel
2025-01-25,4289,22686296,ggrepel
2025-01-26,4521,22690817,ggrepel
2025-01-27,9203,22700020,ggrepel
2025-01-28,10701,22710721,ggrepel
2025-01-29,9981,22720702,ggrepel
2025-01-30,9656,22730358,ggrepel
2025-01-31,8612,22738970,ggrepel
2025-02-01,4427,22743397,ggrepel
2025-02-02,4521,22747918,ggrepel
2025-02-03,9791,22757709,ggrepel
2025-02-04,11096,22768805,ggrepel
2025-02-05,10991,22779796,ggrepel
2025-02-06,10870,22790666,ggrepel
2025-02-07,10173,22800839,ggrepel
2025-02-08,5165,22806004,ggrepel
2025-02-09,5341,22811345,ggrepel
2025-02-10,10828,22822173,ggrepel
2025-02-11,11930,22834103,ggrepel
2025-02-12,11567,22845670,ggrepel
2025-02-13,11528,22857198,ggrepel
2025-02-14,9999,22867197,ggrepel
2025-02-15,4836,22872033,ggrepel
2025-02-16,5564,22877597,ggrepel
2025-02-17,11030,22888627,ggrepel
2025-02-18,12604,22901231,ggrepel
2025-02-19,12486,22913717,ggrepel
2025-02-20,11568,22925285,ggrepel
2025-02-21,9792,22935077,ggrepel
2025-02-22,5272,22940349,ggrepel
2025-02-23,5297,22945646,ggrepel
2025-02-24,12097,22957743,ggrepel
2025-02-25,12913,22970656,ggrepel
2025-02-26,12716,22983372,ggrepel
2025-02-27,13003,22996375,ggrepel
2025-02-28,10467,23006842,ggrepel
2025-03-01,5142,23011984,ggrepel
2025-03-02,6182,23018166,ggrepel
2025-03-03,11892,23030058,ggrepel
2025-03-04,13474,23043532,ggrepel
2025-03-05,13982,23057514,ggrepel
2025-03-06,13891,23071405,ggrepel
2025-03-07,10877,23082282,ggrepel
2025-03-08,5514,23087796,ggrepel
2025-03-09,5872,23093668,ggrepel
2025-03-10,13488,23107156,ggrepel
2025-03-11,13441,23120597,ggrepel
2025-03-12,13325,23133922,ggrepel
2025-03-13,13208,23147130,ggrepel
2025-03-14,10680,23157810,ggrepel
2025-03-15,5661,23163471,ggrepel
2025-03-16,5827,23169298,ggrepel
2025-03-17,12826,23182124,ggrepel
2025-03-18,14809,23196933,ggrepel
2025-03-19,14567,23211500,ggrepel
2025-03-20,14245,23225745,ggrepel
2025-03-21,12550,23238295,ggrepel
2025-03-22,5701,23243996,ggrepel
2025-03-23,5518,23249514,ggrepel
2025-03-24,14313,23263827,ggrepel
2025-03-25,16546,23280373,ggrepel
2025-03-26,16258,23296631,ggrepel
2025-03-27,13728,23310359,ggrepel
2025-03-28,10792,23321151,ggrepel
2025-03-29,6177,23327328,ggrepel
2025-03-30,6000,23333328,ggrepel
2015-06-03,4,4,cowplot
2015-06-04,47,51,cowplot
2015-06-05,62,113,cowplot
2015-06-06,27,140,cowplot
2015-06-07,26,166,cowplot
2015-06-08,52,218,cowplot
2015-06-09,23,241,cowplot
2015-06-10,20,261,cowplot
2015-06-11,25,286,cowplot
2015-06-12,27,313,cowplot
2015-06-13,19,332,cowplot
2015-06-14,17,349,cowplot
2015-06-15,68,417,cowplot
2015-06-16,33,450,cowplot
2015-06-17,44,494,cowplot
2015-06-18,26,520,cowplot
2015-06-19,40,560,cowplot
2015-06-20,19,579,cowplot
2015-06-21,19,598,cowplot
2015-06-22,38,636,cowplot
2015-06-23,35,671,cowplot
2015-06-24,32,703,cowplot
2015-06-25,32,735,cowplot
2015-06-26,26,761,cowplot
2015-06-27,11,772,cowplot
2015-06-28,22,794,cowplot
2015-06-29,43,837,cowplot
2015-06-30,32,869,cowplot
2015-07-01,67,936,cowplot
2015-07-02,35,971,cowplot
2015-07-03,29,1000,cowplot
2015-07-04,17,1017,cowplot
2015-07-05,21,1038,cowplot
2015-07-06,36,1074,cowplot
2015-07-07,51,1125,cowplot
2015-07-08,46,1171,cowplot
2015-07-09,39,1210,cowplot
2015-07-10,29,1239,cowplot
2015-07-11,20,1259,cowplot
2015-07-12,10,1269,cowplot
2015-07-13,32,1301,cowplot
2015-07-14,28,1329,cowplot
2015-07-15,35,1364,cowplot
2015-07-16,24,1388,cowplot
2015-07-17,31,1419,cowplot
2015-07-18,20,1439,cowplot
2015-07-19,28,1467,cowplot
2015-07-20,27,1494,cowplot
2015-07-21,30,1524,cowplot
2015-07-22,34,1558,cowplot
2015-07-23,26,1584,cowplot
2015-07-24,28,1612,cowplot
2015-07-25,15,1627,cowplot
2015-07-26,14,1641,cowplot
2015-07-27,42,1683,cowplot
2015-07-28,50,1733,cowplot
2015-07-29,45,1778,cowplot
2015-07-30,52,1830,cowplot
2015-07-31,30,1860,cowplot
2015-08-01,21,1881,cowplot
2015-08-02,11,1892,cowplot
2015-08-03,25,1917,cowplot
2015-08-04,54,1971,cowplot
2015-08-05,34,2005,cowplot
2015-08-06,38,2043,cowplot
2015-08-07,47,2090,cowplot
2015-08-08,15,2105,cowplot
2015-08-09,13,2118,cowplot
2015-08-10,40,2158,cowplot
2015-08-11,27,2185,cowplot
2015-08-12,42,2227,cowplot
2015-08-13,34,2261,cowplot
2015-08-14,37,2298,cowplot
2015-08-15,20,2318,cowplot
2015-08-16,38,2356,cowplot
2015-08-17,54,2410,cowplot
2015-08-18,40,2450,cowplot
2015-08-19,52,2502,cowplot
2015-08-20,35,2537,cowplot
2015-08-21,26,2563,cowplot
2015-08-22,33,2596,cowplot
2015-08-23,30,2626,cowplot
2015-08-24,24,2650,cowplot
2015-08-25,36,2686,cowplot
2015-08-26,38,2724,cowplot
2015-08-27,37,2761,cowplot
2015-08-28,37,2798,cowplot
2015-08-29,28,2826,cowplot
2015-08-30,22,2848,cowplot
2015-08-31,33,2881,cowplot
2015-09-01,36,2917,cowplot
2015-09-02,40,2957,cowplot
2015-09-03,48,3005,cowplot
2015-09-04,33,3038,cowplot
2015-09-05,15,3053,cowplot
2015-09-06,24,3077,cowplot
2015-09-07,50,3127,cowplot
2015-09-08,48,3175,cowplot
2015-09-09,42,3217,cowplot
2015-09-10,46,3263,cowplot
2015-09-11,32,3295,cowplot
2015-09-12,12,3307,cowplot
2015-09-13,19,3326,cowplot
2015-09-14,57,3383,cowplot
2015-09-15,44,3427,cowplot
2015-09-16,190,3617,cowplot
2015-09-17,53,3670,cowplot
2015-09-18,45,3715,cowplot
2015-09-19,22,3737,cowplot
2015-09-20,25,3762,cowplot
2015-09-21,47,3809,cowplot
2015-09-22,58,3867,cowplot
2015-09-23,57,3924,cowplot
2015-09-24,51,3975,cowplot
2015-09-25,37,4012,cowplot
2015-09-26,24,4036,cowplot
2015-09-27,35,4071,cowplot
2015-09-28,40,4111,cowplot
2015-09-29,40,4151,cowplot
2015-09-30,52,4203,cowplot
2015-10-01,58,4261,cowplot
2015-10-02,59,4320,cowplot
2015-10-03,19,4339,cowplot
2015-10-04,28,4367,cowplot
2015-10-05,57,4424,cowplot
2015-10-06,44,4468,cowplot
2015-10-07,58,4526,cowplot
2015-10-08,59,4585,cowplot
2015-10-09,42,4627,cowplot
2015-10-10,16,4643,cowplot
2015-10-11,25,4668,cowplot
2015-10-12,59,4727,cowplot
2015-10-13,75,4802,cowplot
2015-10-14,52,4854,cowplot
2015-10-15,59,4913,cowplot
2015-10-16,60,4973,cowplot
2015-10-17,19,4992,cowplot
2015-10-18,28,5020,cowplot
2015-10-19,64,5084,cowplot
2015-10-20,59,5143,cowplot
2015-10-21,71,5214,cowplot
2015-10-22,70,5284,cowplot
2015-10-23,57,5341,cowplot
2015-10-24,23,5364,cowplot
2015-10-25,23,5387,cowplot
2015-10-26,63,5450,cowplot
2015-10-27,71,5521,cowplot
2015-10-28,63,5584,cowplot
2015-10-29,58,5642,cowplot
2015-10-30,57,5699,cowplot
2015-10-31,22,5721,cowplot
2015-11-01,32,5753,cowplot
2015-11-02,47,5800,cowplot
2015-11-03,70,5870,cowplot
2015-11-04,71,5941,cowplot
2015-11-05,59,6000,cowplot
2015-11-06,45,6045,cowplot
2015-11-07,20,6065,cowplot
2015-11-08,13,6078,cowplot
2015-11-09,58,6136,cowplot
2015-11-10,71,6207,cowplot
2015-11-11,74,6281,cowplot
2015-11-12,78,6359,cowplot
2015-11-13,71,6430,cowplot
2015-11-14,26,6456,cowplot
2015-11-15,41,6497,cowplot
2015-11-16,52,6549,cowplot
2015-11-17,54,6603,cowplot
2015-11-18,80,6683,cowplot
2015-11-19,78,6761,cowplot
2015-11-20,60,6821,cowplot
2015-11-21,30,6851,cowplot
2015-11-22,42,6893,cowplot
2015-11-23,60,6953,cowplot
2015-11-24,70,7023,cowplot
2015-11-25,71,7094,cowplot
2015-11-26,50,7144,cowplot
2015-11-27,39,7183,cowplot
2015-11-28,22,7205,cowplot
2015-11-29,44,7249,cowplot
2015-11-30,94,7343,cowplot
2015-12-01,89,7432,cowplot
2015-12-02,63,7495,cowplot
2015-12-03,71,7566,cowplot
2015-12-04,60,7626,cowplot
2015-12-05,43,7669,cowplot
2015-12-06,26,7695,cowplot
2015-12-07,61,7756,cowplot
2015-12-08,111,7867,cowplot
2015-12-09,93,7960,cowplot
2015-12-10,101,8061,cowplot
2015-12-11,71,8132,cowplot
2015-12-12,29,8161,cowplot
2015-12-13,32,8193,cowplot
2015-12-14,68,8261,cowplot
2015-12-15,85,8346,cowplot
2015-12-16,74,8420,cowplot
2015-12-17,63,8483,cowplot
2015-12-18,51,8534,cowplot
2015-12-19,59,8593,cowplot
2015-12-20,66,8659,cowplot
2015-12-21,146,8805,cowplot
2015-12-22,112,8917,cowplot
2015-12-23,77,8994,cowplot
2015-12-24,43,9037,cowplot
2015-12-25,28,9065,cowplot
2015-12-26,21,9086,cowplot
2015-12-27,27,9113,cowplot
2015-12-28,34,9147,cowplot
2015-12-29,60,9207,cowplot
2015-12-30,64,9271,cowplot
2015-12-31,32,9303,cowplot
2016-01-01,18,9321,cowplot
2016-01-02,32,9353,cowplot
2016-01-03,23,9376,cowplot
2016-01-04,92,9468,cowplot
2016-01-05,109,9577,cowplot
2016-01-06,77,9654,cowplot
2016-01-07,94,9748,cowplot
2016-01-08,86,9834,cowplot
2016-01-09,43,9877,cowplot
2016-01-10,39,9916,cowplot
2016-01-11,90,10006,cowplot
2016-01-12,100,10106,cowplot
2016-01-13,129,10235,cowplot
2016-01-14,137,10372,cowplot
2016-01-15,107,10479,cowplot
2016-01-16,40,10519,cowplot
2016-01-17,49,10568,cowplot
2016-01-18,85,10653,cowplot
2016-01-19,113,10766,cowplot
2016-01-20,134,10900,cowplot
2016-01-21,111,11011,cowplot
2016-01-22,108,11119,cowplot
2016-01-23,33,11152,cowplot
2016-01-24,61,11213,cowplot
2016-01-25,123,11336,cowplot
2016-01-26,99,11435,cowplot
2016-01-27,113,11548,cowplot
2016-01-28,113,11661,cowplot
2016-01-29,104,11765,cowplot
2016-01-30,49,11814,cowplot
2016-01-31,54,11868,cowplot
2016-02-01,89,11957,cowplot
2016-02-02,93,12050,cowplot
2016-02-03,112,12162,cowplot
2016-02-04,99,12261,cowplot
2016-02-05,149,12410,cowplot
2016-02-06,49,12459,cowplot
2016-02-07,36,12495,cowplot
2016-02-08,74,12569,cowplot
2016-02-09,92,12661,cowplot
2016-02-10,101,12762,cowplot
2016-02-11,107,12869,cowplot
2016-02-12,171,13040,cowplot
2016-02-13,52,13092,cowplot
2016-02-14,44,13136,cowplot
2016-02-15,74,13210,cowplot
2016-02-16,150,13360,cowplot
2016-02-17,123,13483,cowplot
2016-02-18,107,13590,cowplot
2016-02-19,84,13674,cowplot
2016-02-20,41,13715,cowplot
2016-02-21,44,13759,cowplot
2016-02-22,136,13895,cowplot
2016-02-23,117,14012,cowplot
2016-02-24,112,14124,cowplot
2016-02-25,143,14267,cowplot
2016-02-26,84,14351,cowplot
2016-02-27,50,14401,cowplot
2016-02-28,39,14440,cowplot
2016-02-29,118,14558,cowplot
2016-03-01,89,14647,cowplot
2016-03-02,177,14824,cowplot
2016-03-03,100,14924,cowplot
2016-03-04,97,15021,cowplot
2016-03-05,40,15061,cowplot
2016-03-06,93,15154,cowplot
2016-03-07,232,15386,cowplot
2016-03-08,197,15583,cowplot
2016-03-09,190,15773,cowplot
2016-03-10,154,15927,cowplot
2016-03-11,141,16068,cowplot
2016-03-12,79,16147,cowplot
2016-03-13,63,16210,cowplot
2016-03-14,126,16336,cowplot
2016-03-15,155,16491,cowplot
2016-03-16,166,16657,cowplot
2016-03-17,148,16805,cowplot
2016-03-18,153,16958,cowplot
2016-03-19,44,17002,cowplot
2016-03-20,61,17063,cowplot
2016-03-21,126,17189,cowplot
2016-03-22,155,17344,cowplot
2016-03-23,127,17471,cowplot
2016-03-24,107,17578,cowplot
2016-03-25,69,17647,cowplot
2016-03-26,66,17713,cowplot
2016-03-27,51,17764,cowplot
2016-03-28,95,17859,cowplot
2016-03-29,143,18002,cowplot
2016-03-30,123,18125,cowplot
2016-03-31,168,18293,cowplot
2016-04-01,96,18389,cowplot
2016-04-02,52,18441,cowplot
2016-04-03,56,18497,cowplot
2016-04-04,124,18621,cowplot
2016-04-05,168,18789,cowplot
2016-04-06,112,18901,cowplot
2016-04-07,139,19040,cowplot
2016-04-08,116,19156,cowplot
2016-04-09,48,19204,cowplot
2016-04-10,86,19290,cowplot
2016-04-11,121,19411,cowplot
2016-04-12,156,19567,cowplot
2016-04-13,180,19747,cowplot
2016-04-14,155,19902,cowplot
2016-04-15,108,20010,cowplot
2016-04-16,54,20064,cowplot
2016-04-17,78,20142,cowplot
2016-04-18,105,20247,cowplot
2016-04-19,121,20368,cowplot
2016-04-20,261,20629,cowplot
2016-04-21,258,20887,cowplot
2016-04-22,193,21080,cowplot
2016-04-23,84,21164,cowplot
2016-04-24,77,21241,cowplot
2016-04-25,162,21403,cowplot
2016-04-26,231,21634,cowplot
2016-04-27,191,21825,cowplot
2016-04-28,150,21975,cowplot
2016-04-29,166,22141,cowplot
2016-04-30,65,22206,cowplot
2016-05-01,62,22268,cowplot
2016-05-02,151,22419,cowplot
2016-05-03,170,22589,cowplot
2016-05-04,186,22775,cowplot
2016-05-05,173,22948,cowplot
2016-05-06,155,23103,cowplot
2016-05-07,69,23172,cowplot
2016-05-08,52,23224,cowplot
2016-05-09,187,23411,cowplot
2016-05-10,182,23593,cowplot
2016-05-11,177,23770,cowplot
2016-05-12,212,23982,cowplot
2016-05-13,184,24166,cowplot
2016-05-14,75,24241,cowplot
2016-05-15,55,24296,cowplot
2016-05-16,181,24477,cowplot
2016-05-17,184,24661,cowplot
2016-05-18,224,24885,cowplot
2016-05-19,209,25094,cowplot
2016-05-20,167,25261,cowplot
2016-05-21,85,25346,cowplot
2016-05-22,77,25423,cowplot
2016-05-23,169,25592,cowplot
2016-05-24,207,25799,cowplot
2016-05-25,168,25967,cowplot
2016-05-26,174,26141,cowplot
2016-05-27,160,26301,cowplot
2016-05-28,66,26367,cowplot
2016-05-29,37,26404,cowplot
2016-05-30,144,26548,cowplot
2016-05-31,200,26748,cowplot
2016-06-01,146,26894,cowplot
2016-06-02,163,27057,cowplot
2016-06-03,194,27251,cowplot
2016-06-04,74,27325,cowplot
2016-06-05,67,27392,cowplot
2016-06-06,162,27554,cowplot
2016-06-07,206,27760,cowplot
2016-06-08,211,27971,cowplot
2016-06-09,180,28151,cowplot
2016-06-10,150,28301,cowplot
2016-06-11,61,28362,cowplot
2016-06-12,73,28435,cowplot
2016-06-13,174,28609,cowplot
2016-06-14,228,28837,cowplot
2016-06-15,182,29019,cowplot
2016-06-16,174,29193,cowplot
2016-06-17,226,29419,cowplot
2016-06-18,71,29490,cowplot
2016-06-19,77,29567,cowplot
2016-06-20,210,29777,cowplot
2016-06-21,162,29939,cowplot
2016-06-22,203,30142,cowplot
2016-06-23,211,30353,cowplot
2016-06-24,160,30513,cowplot
2016-06-25,62,30575,cowplot
2016-06-26,50,30625,cowplot
2016-06-27,148,30773,cowplot
2016-06-28,180,30953,cowplot
2016-06-29,173,31126,cowplot
2016-06-30,148,31274,cowplot
2016-07-01,149,31423,cowplot
2016-07-02,53,31476,cowplot
2016-07-03,52,31528,cowplot
2016-07-04,149,31677,cowplot
2016-07-05,199,31876,cowplot
2016-07-06,191,32067,cowplot
2016-07-07,184,32251,cowplot
2016-07-08,145,32396,cowplot
2016-07-09,74,32470,cowplot
2016-07-10,63,32533,cowplot
2016-07-11,171,32704,cowplot
2016-07-12,222,32926,cowplot
2016-07-13,192,33118,cowplot
2016-07-14,165,33283,cowplot
2016-07-15,179,33462,cowplot
2016-07-16,66,33528,cowplot
2016-07-17,61,33589,cowplot
2016-07-18,161,33750,cowplot
2016-07-19,210,33960,cowplot
2016-07-20,179,34139,cowplot
2016-07-21,159,34298,cowplot
2016-07-22,165,34463,cowplot
2016-07-23,61,34524,cowplot
2016-07-24,56,34580,cowplot
2016-07-25,194,34774,cowplot
2016-07-26,216,34990,cowplot
2016-07-27,192,35182,cowplot
2016-07-28,284,35466,cowplot
2016-07-29,163,35629,cowplot
2016-07-30,91,35720,cowplot
2016-07-31,68,35788,cowplot
2016-08-01,179,35967,cowplot
2016-08-02,178,36145,cowplot
2016-08-03,173,36318,cowplot
2016-08-04,194,36512,cowplot
2016-08-05,150,36662,cowplot
2016-08-06,58,36720,cowplot
2016-08-07,56,36776,cowplot
2016-08-08,168,36944,cowplot
2016-08-09,218,37162,cowplot
2016-08-10,246,37408,cowplot
2016-08-11,187,37595,cowplot
2016-08-12,212,37807,cowplot
2016-08-13,100,37907,cowplot
2016-08-14,75,37982,cowplot
2016-08-15,212,38194,cowplot
2016-08-16,216,38410,cowplot
2016-08-17,230,38640,cowplot
2016-08-18,200,38840,cowplot
2016-08-19,164,39004,cowplot
2016-08-20,69,39073,cowplot
2016-08-21,77,39150,cowplot
2016-08-22,221,39371,cowplot
2016-08-23,220,39591,cowplot
2016-08-24,227,39818,cowplot
2016-08-25,187,40005,cowplot
2016-08-26,204,40209,cowplot
2016-08-27,88,40297,cowplot
2016-08-28,113,40410,cowplot
2016-08-29,195,40605,cowplot
2016-08-30,210,40815,cowplot
2016-08-31,244,41059,cowplot
2016-09-01,162,41221,cowplot
2016-09-02,192,41413,cowplot
2016-09-03,83,41496,cowplot
2016-09-04,69,41565,cowplot
2016-09-05,175,41740,cowplot
2016-09-06,247,41987,cowplot
2016-09-07,261,42248,cowplot
2016-09-08,225,42473,cowplot
2016-09-09,216,42689,cowplot
2016-09-10,95,42784,cowplot
2016-09-11,88,42872,cowplot
2016-09-12,205,43077,cowplot
2016-09-13,243,43320,cowplot
2016-09-14,228,43548,cowplot
2016-09-15,217,43765,cowplot
2016-09-16,198,43963,cowplot
2016-09-17,74,44037,cowplot
2016-09-18,83,44120,cowplot
2016-09-19,268,44388,cowplot
2016-09-20,245,44633,cowplot
2016-09-21,226,44859,cowplot
2016-09-22,227,45086,cowplot
2016-09-23,232,45318,cowplot
2016-09-24,74,45392,cowplot
2016-09-25,93,45485,cowplot
2016-09-26,232,45717,cowplot
2016-09-27,270,45987,cowplot
2016-09-28,226,46213,cowplot
2016-09-29,288,46501,cowplot
2016-09-30,495,46996,cowplot
2016-10-01,205,47201,cowplot
2016-10-02,206,47407,cowplot
2016-10-03,415,47822,cowplot
2016-10-04,569,48391,cowplot
2016-10-05,439,48830,cowplot
2016-10-06,386,49216,cowplot
2016-10-07,367,49583,cowplot
2016-10-08,141,49724,cowplot
2016-10-09,151,49875,cowplot
2016-10-10,350,50225,cowplot
2016-10-11,340,50565,cowplot
2016-10-12,398,50963,cowplot
2016-10-13,389,51352,cowplot
2016-10-14,388,51740,cowplot
2016-10-15,151,51891,cowplot
2016-10-16,169,52060,cowplot
2016-10-17,309,52369,cowplot
2016-10-18,376,52745,cowplot
2016-10-19,377,53122,cowplot
2016-10-20,378,53500,cowplot
2016-10-21,307,53807,cowplot
2016-10-22,112,53919,cowplot
2016-10-23,111,54030,cowplot
2016-10-24,389,54419,cowplot
2016-10-25,365,54784,cowplot
2016-10-26,365,55149,cowplot
2016-10-27,307,55456,cowplot
2016-10-28,571,56027,cowplot
2016-10-29,175,56202,cowplot
2016-10-30,171,56373,cowplot
2016-10-31,416,56789,cowplot
2016-11-01,392,57181,cowplot
2016-11-02,514,57695,cowplot
2016-11-03,429,58124,cowplot
2016-11-04,432,58556,cowplot
2016-11-05,144,58700,cowplot
2016-11-06,138,58838,cowplot
2016-11-07,436,59274,cowplot
2016-11-08,362,59636,cowplot
2016-11-09,329,59965,cowplot
2016-11-10,372,60337,cowplot
2016-11-11,284,60621,cowplot
2016-11-12,133,60754,cowplot
2016-11-13,128,60882,cowplot
2016-11-14,459,61341,cowplot
2016-11-15,392,61733,cowplot
2016-11-16,402,62135,cowplot
2016-11-17,442,62577,cowplot
2016-11-18,308,62885,cowplot
2016-11-19,120,63005,cowplot
2016-11-20,171,63176,cowplot
2016-11-21,353,63529,cowplot
2016-11-22,385,63914,cowplot
2016-11-23,320,64234,cowplot
2016-11-24,583,64817,cowplot
2016-11-25,239,65056,cowplot
2016-11-26,112,65168,cowplot
2016-11-27,138,65306,cowplot
2016-11-28,299,65605,cowplot
2016-11-29,390,65995,cowplot
2016-11-30,369,66364,cowplot
2016-12-01,324,66688,cowplot
2016-12-02,301,66989,cowplot
2016-12-03,114,67103,cowplot
2016-12-04,113,67216,cowplot
2016-12-05,333,67549,cowplot
2016-12-06,288,67837,cowplot
2016-12-07,339,68176,cowplot
2016-12-08,314,68490,cowplot
2016-12-09,330,68820,cowplot
2016-12-10,150,68970,cowplot
2016-12-11,125,69095,cowplot
2016-12-12,297,69392,cowplot
2016-12-13,319,69711,cowplot
2016-12-14,277,69988,cowplot
2016-12-15,265,70253,cowplot
2016-12-16,209,70462,cowplot
2016-12-17,101,70563,cowplot
2016-12-18,146,70709,cowplot
2016-12-19,243,70952,cowplot
2016-12-20,252,71204,cowplot
2016-12-21,211,71415,cowplot
2016-12-22,242,71657,cowplot
2016-12-23,132,71789,cowplot
2016-12-24,49,71838,cowplot
2016-12-25,58,71896,cowplot
2016-12-26,64,71960,cowplot
2016-12-27,113,72073,cowplot
2016-12-28,101,72174,cowplot
2016-12-29,143,72317,cowplot
2016-12-30,167,72484,cowplot
2016-12-31,62,72546,cowplot
2017-01-01,34,72580,cowplot
2017-01-02,107,72687,cowplot
2017-01-03,178,72865,cowplot
2017-01-04,208,73073,cowplot
2017-01-05,247,73320,cowplot
2017-01-06,215,73535,cowplot
2017-01-07,97,73632,cowplot
2017-01-08,111,73743,cowplot
2017-01-09,222,73965,cowplot
2017-01-10,387,74352,cowplot
2017-01-11,262,74614,cowplot
2017-01-12,337,74951,cowplot
2017-01-13,294,75245,cowplot
2017-01-14,107,75352,cowplot
2017-01-15,111,75463,cowplot
2017-01-16,272,75735,cowplot
2017-01-17,287,76022,cowplot
2017-01-18,388,76410,cowplot
2017-01-19,240,76650,cowplot
2017-01-20,247,76897,cowplot
2017-01-21,122,77019,cowplot
2017-01-22,224,77243,cowplot
2017-01-23,289,77532,cowplot
2017-01-24,282,77814,cowplot
2017-01-25,360,78174,cowplot
2017-01-26,279,78453,cowplot
2017-01-27,262,78715,cowplot
2017-01-28,110,78825,cowplot
2017-01-29,154,78979,cowplot
2017-01-30,327,79306,cowplot
2017-01-31,345,79651,cowplot
2017-02-01,357,80008,cowplot
2017-02-02,336,80344,cowplot
2017-02-03,303,80647,cowplot
2017-02-04,139,80786,cowplot
2017-02-05,106,80892,cowplot
2017-02-06,292,81184,cowplot
2017-02-07,299,81483,cowplot
2017-02-08,257,81740,cowplot
2017-02-09,306,82046,cowplot
2017-02-10,325,82371,cowplot
2017-02-11,125,82496,cowplot
2017-02-12,108,82604,cowplot
2017-02-13,302,82906,cowplot
2017-02-14,411,83317,cowplot
2017-02-15,373,83690,cowplot
2017-02-16,312,84002,cowplot
2017-02-17,361,84363,cowplot
2017-02-18,103,84466,cowplot
2017-02-19,125,84591,cowplot
2017-02-20,260,84851,cowplot
2017-02-21,285,85136,cowplot
2017-02-22,273,85409,cowplot
2017-02-23,318,85727,cowplot
2017-02-24,275,86002,cowplot
2017-02-25,101,86103,cowplot
2017-02-26,119,86222,cowplot
2017-02-27,260,86482,cowplot
2017-02-28,308,86790,cowplot
2017-03-01,238,87028,cowplot
2017-03-02,411,87439,cowplot
2017-03-03,288,87727,cowplot
2017-03-04,118,87845,cowplot
2017-03-05,164,88009,cowplot
2017-03-06,327,88336,cowplot
2017-03-07,313,88649,cowplot
2017-03-08,423,89072,cowplot
2017-03-09,372,89444,cowplot
2017-03-10,345,89789,cowplot
2017-03-11,125,89914,cowplot
2017-03-12,146,90060,cowplot
2017-03-13,299,90359,cowplot
2017-03-14,315,90674,cowplot
2017-03-15,356,91030,cowplot
2017-03-16,360,91390,cowplot
2017-03-17,283,91673,cowplot
2017-03-18,124,91797,cowplot
2017-03-19,158,91955,cowplot
2017-03-20,347,92302,cowplot
2017-03-21,307,92609,cowplot
2017-03-22,335,92944,cowplot
2017-03-23,285,93229,cowplot
2017-03-24,320,93549,cowplot
2017-03-25,121,93670,cowplot
2017-03-26,118,93788,cowplot
2017-03-27,393,94181,cowplot
2017-03-28,328,94509,cowplot
2017-03-29,354,94863,cowplot
2017-03-30,304,95167,cowplot
2017-03-31,246,95413,cowplot
2017-04-01,119,95532,cowplot
2017-04-02,145,95677,cowplot
2017-04-03,325,96002,cowplot
2017-04-04,417,96419,cowplot
2017-04-05,425,96844,cowplot
2017-04-06,312,97156,cowplot
2017-04-07,267,97423,cowplot
2017-04-08,126,97549,cowplot
2017-04-09,180,97729,cowplot
2017-04-10,269,97998,cowplot
2017-04-11,356,98354,cowplot
2017-04-12,324,98678,cowplot
2017-04-13,279,98957,cowplot
2017-04-14,238,99195,cowplot
2017-04-15,131,99326,cowplot
2017-04-16,173,99499,cowplot
2017-04-17,253,99752,cowplot
2017-04-18,308,100060,cowplot
2017-04-19,336,100396,cowplot
2017-04-20,365,100761,cowplot
2017-04-21,249,101010,cowplot
2017-04-22,152,101162,cowplot
2017-04-23,130,101292,cowplot
2017-04-24,388,101680,cowplot
2017-04-25,489,102169,cowplot
2017-04-26,441,102610,cowplot
2017-04-27,378,102988,cowplot
2017-04-28,302,103290,cowplot
2017-04-29,133,103423,cowplot
2017-04-30,136,103559,cowplot
2017-05-01,330,103889,cowplot
2017-05-02,343,104232,cowplot
2017-05-03,350,104582,cowplot
2017-05-04,393,104975,cowplot
2017-05-05,328,105303,cowplot
2017-05-06,131,105434,cowplot
2017-05-07,160,105594,cowplot
2017-05-08,283,105877,cowplot
2017-05-09,346,106223,cowplot
2017-05-10,377,106600,cowplot
2017-05-11,382,106982,cowplot
2017-05-12,308,107290,cowplot
2017-05-13,111,107401,cowplot
2017-05-14,122,107523,cowplot
2017-05-15,311,107834,cowplot
2017-05-16,309,108143,cowplot
2017-05-17,290,108433,cowplot
2017-05-18,317,108750,cowplot
2017-05-19,292,109042,cowplot
2017-05-20,82,109124,cowplot
2017-05-21,134,109258,cowplot
2017-05-22,243,109501,cowplot
2017-05-23,348,109849,cowplot
2017-05-24,327,110176,cowplot
2017-05-25,289,110465,cowplot
2017-05-26,277,110742,cowplot
2017-05-27,127,110869,cowplot
2017-05-28,135,111004,cowplot
2017-05-29,305,111309,cowplot
2017-05-30,350,111659,cowplot
2017-05-31,374,112033,cowplot
2017-06-01,359,112392,cowplot
2017-06-02,311,112703,cowplot
2017-06-03,150,112853,cowplot
2017-06-04,142,112995,cowplot
2017-06-05,333,113328,cowplot
2017-06-06,726,114054,cowplot
2017-06-07,871,114925,cowplot
2017-06-08,913,115838,cowplot
2017-06-09,799,116637,cowplot
2017-06-10,378,117015,cowplot
2017-06-11,335,117350,cowplot
2017-06-12,862,118212,cowplot
2017-06-13,790,119002,cowplot
2017-06-14,754,119756,cowplot
2017-06-15,739,120495,cowplot
2017-06-16,673,121168,cowplot
2017-06-17,311,121479,cowplot
2017-06-18,327,121806,cowplot
2017-06-19,836,122642,cowplot
2017-06-20,746,123388,cowplot
2017-06-21,746,124134,cowplot
2017-06-22,712,124846,cowplot
2017-06-23,562,125408,cowplot
2017-06-24,250,125658,cowplot
2017-06-25,210,125868,cowplot
2017-06-26,706,126574,cowplot
2017-06-27,611,127185,cowplot
2017-06-28,766,127951,cowplot
2017-06-29,751,128702,cowplot
2017-06-30,649,129351,cowplot
2017-07-01,256,129607,cowplot
2017-07-02,248,129855,cowplot
2017-07-03,580,130435,cowplot
2017-07-04,569,131004,cowplot
2017-07-05,710,131714,cowplot
2017-07-06,836,132550,cowplot
2017-07-07,598,133148,cowplot
2017-07-08,249,133397,cowplot
2017-07-09,306,133703,cowplot
2017-07-10,668,134371,cowplot
2017-07-11,689,135060,cowplot
2017-07-12,631,135691,cowplot
2017-07-13,641,136332,cowplot
2017-07-14,501,136833,cowplot
2017-07-15,182,137015,cowplot
2017-07-16,240,137255,cowplot
2017-07-17,556,137811,cowplot
2017-07-18,720,138531,cowplot
2017-07-19,697,139228,cowplot
2017-07-20,724,139952,cowplot
2017-07-21,641,140593,cowplot
2017-07-22,269,140862,cowplot
2017-07-23,282,141144,cowplot
2017-07-24,718,141862,cowplot
2017-07-25,659,142521,cowplot
2017-07-26,738,143259,cowplot
2017-07-27,874,144133,cowplot
2017-07-28,755,144888,cowplot
2017-07-29,314,145202,cowplot
2017-07-30,1621,146823,cowplot
2017-07-31,2337,149160,cowplot
2017-08-01,1366,150526,cowplot
2017-08-02,1259,151785,cowplot
2017-08-03,1069,152854,cowplot
2017-08-04,841,153695,cowplot
2017-08-05,431,154126,cowplot
2017-08-06,385,154511,cowplot
2017-08-07,938,155449,cowplot
2017-08-08,1023,156472,cowplot
2017-08-09,1018,157490,cowplot
2017-08-10,959,158449,cowplot
2017-08-11,733,159182,cowplot
2017-08-12,324,159506,cowplot
2017-08-13,326,159832,cowplot
2017-08-14,839,160671,cowplot
2017-08-15,920,161591,cowplot
2017-08-16,986,162577,cowplot
2017-08-17,888,163465,cowplot
2017-08-18,780,164245,cowplot
2017-08-19,400,164645,cowplot
2017-08-20,409,165054,cowplot
2017-08-21,820,165874,cowplot
2017-08-22,960,166834,cowplot
2017-08-23,1007,167841,cowplot
2017-08-24,957,168798,cowplot
2017-08-25,771,169569,cowplot
2017-08-26,388,169957,cowplot
2017-08-27,388,170345,cowplot
2017-08-28,870,171215,cowplot
2017-08-29,876,172091,cowplot
2017-08-30,836,172927,cowplot
2017-08-31,836,173763,cowplot
2017-09-01,733,174496,cowplot
2017-09-02,374,174870,cowplot
2017-09-03,316,175186,cowplot
2017-09-04,702,175888,cowplot
2017-09-05,918,176806,cowplot
2017-09-06,921,177727,cowplot
2017-09-07,919,178646,cowplot
2017-09-08,735,179381,cowplot
2017-09-09,335,179716,cowplot
2017-09-10,357,180073,cowplot
2017-09-11,948,181021,cowplot
2017-09-12,1044,182065,cowplot
2017-09-13,1166,183231,cowplot
2017-09-14,1234,184465,cowplot
2017-09-15,893,185358,cowplot
2017-09-16,339,185697,cowplot
2017-09-17,376,186073,cowplot
2017-09-18,929,187002,cowplot
2017-09-19,946,187948,cowplot
2017-09-20,1004,188952,cowplot
2017-09-21,870,189822,cowplot
2017-09-22,869,190691,cowplot
2017-09-23,401,191092,cowplot
2017-09-24,456,191548,cowplot
2017-09-25,916,192464,cowplot
2017-09-26,1038,193502,cowplot
2017-09-27,1067,194569,cowplot
2017-09-28,982,195551,cowplot
2017-09-29,816,196367,cowplot
2017-09-30,412,196779,cowplot
2017-10-01,380,197159,cowplot
2017-10-02,863,198022,cowplot
2017-10-03,1048,199070,cowplot
2017-10-04,997,200067,cowplot
2017-10-05,938,201005,cowplot
2017-10-06,858,201863,cowplot
2017-10-07,439,202302,cowplot
2017-10-08,430,202732,cowplot
2017-10-09,972,203704,cowplot
2017-10-10,1033,204737,cowplot
2017-10-11,1134,205871,cowplot
2017-10-12,991,206862,cowplot
2017-10-13,917,207779,cowplot
2017-10-14,529,208308,cowplot
2017-10-15,503,208811,cowplot
2017-10-16,1178,209989,cowplot
2017-10-17,1209,211198,cowplot
2017-10-18,1044,212242,cowplot
2017-10-19,967,213209,cowplot
2017-10-20,890,214099,cowplot
2017-10-21,465,214564,cowplot
2017-10-22,584,215148,cowplot
2017-10-23,1082,216230,cowplot
2017-10-24,1172,217402,cowplot
2017-10-25,1164,218566,cowplot
2017-10-26,1132,219698,cowplot
2017-10-27,1085,220783,cowplot
2017-10-28,486,221269,cowplot
2017-10-29,552,221821,cowplot
2017-10-30,1002,222823,cowplot
2017-10-31,1183,224006,cowplot
2017-11-01,1034,225040,cowplot
2017-11-02,1237,226277,cowplot
2017-11-03,930,227207,cowplot
2017-11-04,465,227672,cowplot
2017-11-05,568,228240,cowplot
2017-11-06,1062,229302,cowplot
2017-11-07,1182,230484,cowplot
2017-11-08,1096,231580,cowplot
2017-11-09,1252,232832,cowplot
2017-11-10,1066,233898,cowplot
2017-11-11,472,234370,cowplot
2017-11-12,582,234952,cowplot
2017-11-13,1259,236211,cowplot
2017-11-14,1309,237520,cowplot
2017-11-15,1088,238608,cowplot
2017-11-16,3505,242113,cowplot
2017-11-17,3083,245196,cowplot
2017-11-18,898,246094,cowplot
2017-11-19,971,247065,cowplot
2017-11-20,2064,249129,cowplot
2017-11-21,1982,251111,cowplot
2017-11-22,1711,252822,cowplot
2017-11-23,1401,254223,cowplot
2017-11-24,1223,255446,cowplot
2017-11-25,733,256179,cowplot
2017-11-26,756,256935,cowplot
2017-11-27,1841,258776,cowplot
2017-11-28,1852,260628,cowplot
2017-11-29,1767,262395,cowplot
2017-11-30,1617,264012,cowplot
2017-12-01,1427,265439,cowplot
2017-12-02,755,266194,cowplot
2017-12-03,874,267068,cowplot
2017-12-04,1675,268743,cowplot
2017-12-05,1659,270402,cowplot
2017-12-06,1670,272072,cowplot
2017-12-07,1613,273685,cowplot
2017-12-08,1150,274835,cowplot
2017-12-09,688,275523,cowplot
2017-12-10,684,276207,cowplot
2017-12-11,1420,277627,cowplot
2017-12-12,1461,279088,cowplot
2017-12-13,1501,280589,cowplot
2017-12-14,1408,281997,cowplot
2017-12-15,1111,283108,cowplot
2017-12-16,526,283634,cowplot
2017-12-17,1068,284702,cowplot
2017-12-18,3037,287739,cowplot
2017-12-19,1788,289527,cowplot
2017-12-20,1660,291187,cowplot
2017-12-21,1419,292606,cowplot
2017-12-22,956,293562,cowplot
2017-12-23,566,294128,cowplot
2017-12-24,418,294546,cowplot
2017-12-25,375,294921,cowplot
2017-12-26,585,295506,cowplot
2017-12-27,702,296208,cowplot
2017-12-28,729,296937,cowplot
2017-12-29,636,297573,cowplot
2017-12-30,387,297960,cowplot
2017-12-31,306,298266,cowplot
2018-01-01,306,298572,cowplot
2018-01-02,1003,299575,cowplot
2018-01-03,1066,300641,cowplot
2018-01-04,1223,301864,cowplot
2018-01-05,1079,302943,cowplot
2018-01-06,515,303458,cowplot
2018-01-07,567,304025,cowplot
2018-01-08,1418,305443,cowplot
2018-01-09,1400,306843,cowplot
2018-01-10,1459,308302,cowplot
2018-01-11,1357,309659,cowplot
2018-01-12,1289,310948,cowplot
2018-01-13,581,311529,cowplot
2018-01-14,578,312107,cowplot
2018-01-15,1268,313375,cowplot
2018-01-16,1519,314894,cowplot
2018-01-17,1386,316280,cowplot
2018-01-18,1396,317676,cowplot
2018-01-19,1271,318947,cowplot
2018-01-20,578,319525,cowplot
2018-01-21,614,320139,cowplot
2018-01-22,1405,321544,cowplot
2018-01-23,1589,323133,cowplot
2018-01-24,1436,324569,cowplot
2018-01-25,1387,325956,cowplot
2018-01-26,1248,327204,cowplot
2018-01-27,617,327821,cowplot
2018-01-28,692,328513,cowplot
2018-01-29,1585,330098,cowplot
2018-01-30,1799,331897,cowplot
2018-01-31,1549,333446,cowplot
2018-02-01,1471,334917,cowplot
2018-02-02,1283,336200,cowplot
2018-02-03,611,336811,cowplot
2018-02-04,606,337417,cowplot
2018-02-05,1519,338936,cowplot
2018-02-06,1527,340463,cowplot
2018-02-07,1385,341848,cowplot
2018-02-08,1340,343188,cowplot
2018-02-09,1390,344578,cowplot
2018-02-10,623,345201,cowplot
2018-02-11,600,345801,cowplot
2018-02-12,1525,347326,cowplot
2018-02-13,1540,348866,cowplot
2018-02-14,1521,350387,cowplot
2018-02-15,1307,351694,cowplot
2018-02-16,1187,352881,cowplot
2018-02-17,552,353433,cowplot
2018-02-18,604,354037,cowplot
2018-02-19,1308,355345,cowplot
2018-02-20,1379,356724,cowplot
2018-02-21,1448,358172,cowplot
2018-02-22,1487,359659,cowplot
2018-02-23,1172,360831,cowplot
2018-02-24,668,361499,cowplot
2018-02-25,564,362063,cowplot
2018-02-26,1334,363397,cowplot
2018-02-27,1461,364858,cowplot
2018-02-28,1539,366397,cowplot
2018-03-01,1438,367835,cowplot
2018-03-02,1201,369036,cowplot
2018-03-03,566,369602,cowplot
2018-03-04,661,370263,cowplot
2018-03-05,1485,371748,cowplot
2018-03-06,1636,373384,cowplot
2018-03-07,1625,375009,cowplot
2018-03-08,1502,376511,cowplot
2018-03-09,1311,377822,cowplot
2018-03-10,695,378517,cowplot
2018-03-11,668,379185,cowplot
2018-03-12,1530,380715,cowplot
2018-03-13,1552,382267,cowplot
2018-03-14,1549,383816,cowplot
2018-03-15,1627,385443,cowplot
2018-03-16,1328,386771,cowplot
2018-03-17,695,387466,cowplot
2018-03-18,668,388134,cowplot
2018-03-19,1478,389612,cowplot
2018-03-20,1514,391126,cowplot
2018-03-21,1587,392713,cowplot
2018-03-22,1562,394275,cowplot
2018-03-23,1435,395710,cowplot
2018-03-24,679,396389,cowplot
2018-03-25,805,397194,cowplot
2018-03-26,1577,398771,cowplot
2018-03-27,1537,400308,cowplot
2018-03-28,1504,401812,cowplot
2018-03-29,1260,403072,cowplot
2018-03-30,936,404008,cowplot
2018-03-31,623,404631,cowplot
2018-04-01,508,405139,cowplot
2018-04-02,1061,406200,cowplot
2018-04-03,1363,407563,cowplot
2018-04-04,1414,408977,cowplot
2018-04-05,1477,410454,cowplot
2018-04-06,1281,411735,cowplot
2018-04-07,642,412377,cowplot
2018-04-08,730,413107,cowplot
2018-04-09,1592,414699,cowplot
2018-04-10,1741,416440,cowplot
2018-04-11,1591,418031,cowplot
2018-04-12,1448,419479,cowplot
2018-04-13,1367,420846,cowplot
2018-04-14,738,421584,cowplot
2018-04-15,682,422266,cowplot
2018-04-16,1577,423843,cowplot
2018-04-17,1671,425514,cowplot
2018-04-18,1568,427082,cowplot
2018-04-19,1529,428611,cowplot
2018-04-20,1404,430015,cowplot
2018-04-21,683,430698,cowplot
2018-04-22,847,431545,cowplot
2018-04-23,1740,433285,cowplot
2018-04-24,2176,435461,cowplot
2018-04-25,2247,437708,cowplot
2018-04-26,1980,439688,cowplot
2018-04-27,1538,441226,cowplot
2018-04-28,880,442106,cowplot
2018-04-29,889,442995,cowplot
2018-04-30,1765,444760,cowplot
2018-05-01,1679,446439,cowplot
2018-05-02,1820,448259,cowplot
2018-05-03,1893,450152,cowplot
2018-05-04,1561,451713,cowplot
2018-05-05,847,452560,cowplot
2018-05-06,686,453246,cowplot
2018-05-07,1622,454868,cowplot
2018-05-08,1651,456519,cowplot
2018-05-09,1885,458404,cowplot
2018-05-10,1476,459880,cowplot
2018-05-11,1611,461491,cowplot
2018-05-12,758,462249,cowplot
2018-05-13,834,463083,cowplot
2018-05-14,1811,464894,cowplot
2018-05-15,1708,466602,cowplot
2018-05-16,1796,468398,cowplot
2018-05-17,1830,470228,cowplot
2018-05-18,1583,471811,cowplot
2018-05-19,784,472595,cowplot
2018-05-20,775,473370,cowplot
2018-05-21,1548,474918,cowplot
2018-05-22,1776,476694,cowplot
2018-05-23,1854,478548,cowplot
2018-05-24,1621,480169,cowplot
2018-05-25,1398,481567,cowplot
2018-05-26,645,482212,cowplot
2018-05-27,745,482957,cowplot
2018-05-28,1456,484413,cowplot
2018-05-29,1750,486163,cowplot
2018-05-30,1598,487761,cowplot
2018-05-31,1652,489413,cowplot
2018-06-01,1376,490789,cowplot
2018-06-02,698,491487,cowplot
2018-06-03,692,492179,cowplot
2018-06-04,1585,493764,cowplot
2018-06-05,1753,495517,cowplot
2018-06-06,1692,497209,cowplot
2018-06-07,1768,498977,cowplot
2018-06-08,1495,500472,cowplot
2018-06-09,697,501169,cowplot
2018-06-10,692,501861,cowplot
2018-06-11,1474,503335,cowplot
2018-06-12,1757,505092,cowplot
2018-06-13,1487,506579,cowplot
2018-06-14,1495,508074,cowplot
2018-06-15,1428,509502,cowplot
2018-06-16,592,510094,cowplot
2018-06-17,518,510612,cowplot
2018-06-18,1426,512038,cowplot
2018-06-19,1609,513647,cowplot
2018-06-20,1697,515344,cowplot
2018-06-21,1502,516846,cowplot
2018-06-22,1247,518093,cowplot
2018-06-23,537,518630,cowplot
2018-06-24,606,519236,cowplot
2018-06-25,1370,520606,cowplot
2018-06-26,1532,522138,cowplot
2018-06-27,1518,523656,cowplot
2018-06-28,1528,525184,cowplot
2018-06-29,1209,526393,cowplot
2018-06-30,628,527021,cowplot
2018-07-01,611,527632,cowplot
2018-07-02,1371,529003,cowplot
2018-07-03,1680,530683,cowplot
2018-07-04,1258,531941,cowplot
2018-07-05,1549,533490,cowplot
2018-07-06,1211,534701,cowplot
2018-07-07,551,535252,cowplot
2018-07-08,566,535818,cowplot
2018-07-09,1545,537363,cowplot
2018-07-10,1566,538929,cowplot
2018-07-11,1466,540395,cowplot
2018-07-12,1452,541847,cowplot
2018-07-13,1262,543109,cowplot
2018-07-14,583,543692,cowplot
2018-07-15,1607,545299,cowplot
2018-07-16,4155,549454,cowplot
2018-07-17,2715,552169,cowplot
2018-07-18,2401,554570,cowplot
2018-07-19,2444,557014,cowplot
2018-07-20,1857,558871,cowplot
2018-07-21,823,559694,cowplot
2018-07-22,835,560529,cowplot
2018-07-23,2098,562627,cowplot
2018-07-24,2242,564869,cowplot
2018-07-25,2093,566962,cowplot
2018-07-26,2015,568977,cowplot
2018-07-27,1739,570716,cowplot
2018-07-28,797,571513,cowplot
2018-07-29,831,572344,cowplot
2018-07-30,1933,574277,cowplot
2018-07-31,1893,576170,cowplot
2018-08-01,1811,577981,cowplot
2018-08-02,1808,579789,cowplot
2018-08-03,1638,581427,cowplot
2018-08-04,680,582107,cowplot
2018-08-05,726,582833,cowplot
2018-08-06,1790,584623,cowplot
2018-08-07,1776,586399,cowplot
2018-08-08,1851,588250,cowplot
2018-08-09,1734,589984,cowplot
2018-08-10,1543,591527,cowplot
2018-08-11,725,592252,cowplot
2018-08-12,720,592972,cowplot
2018-08-13,1682,594654,cowplot
2018-08-14,1859,596513,cowplot
2018-08-15,1449,597962,cowplot
2018-08-16,1622,599584,cowplot
2018-08-17,1433,601017,cowplot
2018-08-18,645,601662,cowplot
2018-08-19,607,602269,cowplot
2018-08-20,1560,603829,cowplot
2018-08-21,1718,605547,cowplot
2018-08-22,1877,607424,cowplot
2018-08-23,1682,609106,cowplot
2018-08-24,1599,610705,cowplot
2018-08-25,705,611410,cowplot
2018-08-26,802,612212,cowplot
2018-08-27,1537,613749,cowplot
2018-08-28,1801,615550,cowplot
2018-08-29,1836,617386,cowplot
2018-08-30,1922,619308,cowplot
2018-08-31,1755,621063,cowplot
2018-09-01,812,621875,cowplot
2018-09-02,862,622737,cowplot
2018-09-03,1511,624248,cowplot
2018-09-04,2079,626327,cowplot
2018-09-05,1998,628325,cowplot
2018-09-06,2068,630393,cowplot
2018-09-07,1819,632212,cowplot
2018-09-08,999,633211,cowplot
2018-09-09,987,634198,cowplot
2018-09-10,1952,636150,cowplot
2018-09-11,2059,638209,cowplot
2018-09-12,2404,640613,cowplot
2018-09-13,2402,643015,cowplot
2018-09-14,2573,645588,cowplot
2018-09-15,964,646552,cowplot
2018-09-16,1124,647676,cowplot
2018-09-17,2766,650442,cowplot
2018-09-18,2629,653071,cowplot
2018-09-19,2601,655672,cowplot
2018-09-20,2480,658152,cowplot
2018-09-21,2053,660205,cowplot
2018-09-22,1175,661380,cowplot
2018-09-23,1190,662570,cowplot
2018-09-24,2410,664980,cowplot
2018-09-25,2558,667538,cowplot
2018-09-26,2703,670241,cowplot
2018-09-27,2774,673015,cowplot
2018-09-28,2379,675394,cowplot
2018-09-29,1259,676653,cowplot
2018-09-30,1260,677913,cowplot
2018-10-01,2416,680329,cowplot
2018-10-02,2747,683076,cowplot
2018-10-03,2733,685809,cowplot
2018-10-04,2800,688609,cowplot
2018-10-05,2509,691118,cowplot
2018-10-06,1222,692340,cowplot
2018-10-07,1379,693719,cowplot
2018-10-08,2617,696336,cowplot
2018-10-09,2760,699096,cowplot
2018-10-10,2906,702002,cowplot
2018-10-11,2852,704854,cowplot
2018-10-12,2415,707269,cowplot
2018-10-13,1310,708579,cowplot
2018-10-14,1402,709981,cowplot
2018-10-15,2712,712693,cowplot
2018-10-16,3035,715728,cowplot
2018-10-17,2994,718722,cowplot
2018-10-18,3045,721767,cowplot
2018-10-19,2542,724309,cowplot
2018-10-20,1564,725873,cowplot
2018-10-21,1712,727585,cowplot
2018-10-22,3062,730647,cowplot
2018-10-23,3083,733730,cowplot
2018-10-24,3041,736771,cowplot
2018-10-25,2981,739752,cowplot
2018-10-26,2728,742480,cowplot
2018-10-27,1472,743952,cowplot
2018-10-28,1343,745295,cowplot
2018-10-29,2796,748091,cowplot
2018-10-30,3011,751102,cowplot
2018-10-31,2747,753849,cowplot
2018-11-01,2570,756419,cowplot
2018-11-02,2327,758746,cowplot
2018-11-03,1312,760058,cowplot
2018-11-04,1457,761515,cowplot
2018-11-05,2819,764334,cowplot
2018-11-06,3069,767403,cowplot
2018-11-07,3030,770433,cowplot
2018-11-08,2884,773317,cowplot
2018-11-09,2500,775817,cowplot
2018-11-10,1487,777304,cowplot
2018-11-11,1380,778684,cowplot
2018-11-12,2702,781386,cowplot
2018-11-13,3347,784733,cowplot
2018-11-14,3242,787975,cowplot
2018-11-15,2933,790908,cowplot
2018-11-16,2762,793670,cowplot
2018-11-17,1500,795170,cowplot
2018-11-18,1481,796651,cowplot
2018-11-19,3071,799722,cowplot
2018-11-20,2985,802707,cowplot
2018-11-21,3219,805926,cowplot
2018-11-22,2532,808458,cowplot
2018-11-23,2123,810581,cowplot
2018-11-24,1507,812088,cowplot
2018-11-25,1616,813704,cowplot
2018-11-26,3051,816755,cowplot
2018-11-27,3302,820057,cowplot
2018-11-28,3017,823074,cowplot
2018-11-29,3273,826347,cowplot
2018-11-30,2967,829314,cowplot
2018-12-01,1596,830910,cowplot
2018-12-02,1622,832532,cowplot
2018-12-03,3127,835659,cowplot
2018-12-04,3188,838847,cowplot
2018-12-05,3071,841918,cowplot
2018-12-06,3080,844998,cowplot
2018-12-07,2668,847666,cowplot
2018-12-08,1380,849046,cowplot
2018-12-09,1419,850465,cowplot
2018-12-10,2775,853240,cowplot
2018-12-11,2843,856083,cowplot
2018-12-12,2822,858905,cowplot
2018-12-13,2634,861539,cowplot
2018-12-14,2404,863943,cowplot
2018-12-15,1332,865275,cowplot
2018-12-16,1526,866801,cowplot
2018-12-17,2454,869255,cowplot
2018-12-18,2462,871717,cowplot
2018-12-19,2420,874137,cowplot
2018-12-20,2261,876398,cowplot
2018-12-21,1859,878257,cowplot
2018-12-22,945,879202,cowplot
2018-12-23,988,880190,cowplot
2018-12-24,1002,881192,cowplot
2018-12-25,873,882065,cowplot
2018-12-26,1094,883159,cowplot
2018-12-27,1246,884405,cowplot
2018-12-28,1331,885736,cowplot
2018-12-29,682,886418,cowplot
2018-12-30,675,887093,cowplot
2018-12-31,686,887779,cowplot
2019-01-01,474,888253,cowplot
2019-01-02,1530,889783,cowplot
2019-01-03,1986,891769,cowplot
2019-01-04,1930,893699,cowplot
2019-01-05,1111,894810,cowplot
2019-01-06,1067,895877,cowplot
2019-01-07,2268,898145,cowplot
2019-01-08,6704,904849,cowplot
2019-01-09,6570,911419,cowplot
2019-01-10,5820,917239,cowplot
2019-01-11,3703,920942,cowplot
2019-01-12,2444,923386,cowplot
2019-01-13,2413,925799,cowplot
2019-01-14,5291,931090,cowplot
2019-01-15,5233,936323,cowplot
2019-01-16,4707,941030,cowplot
2019-01-17,4211,945241,cowplot
2019-01-18,5171,950412,cowplot
2019-01-19,2542,952954,cowplot
2019-01-20,2346,955300,cowplot
2019-01-21,5082,960382,cowplot
2019-01-22,6247,966629,cowplot
2019-01-23,4632,971261,cowplot
2019-01-24,4946,976207,cowplot
2019-01-25,5451,981658,cowplot
2019-01-26,2521,984179,cowplot
2019-01-27,2667,986846,cowplot
2019-01-28,5299,992145,cowplot
2019-01-29,5210,997355,cowplot
2019-01-30,5222,1002577,cowplot
2019-01-31,3568,1006145,cowplot
2019-02-01,5341,1011486,cowplot
2019-02-02,2966,1014452,cowplot
2019-02-03,2639,1017091,cowplot
2019-02-04,5420,1022511,cowplot
2019-02-05,5044,1027555,cowplot
2019-02-06,4694,1032249,cowplot
2019-02-07,5616,1037865,cowplot
2019-02-08,5333,1043198,cowplot
2019-02-09,3192,1046390,cowplot
2019-02-10,3118,1049508,cowplot
2019-02-11,5544,1055052,cowplot
2019-02-12,6347,1061399,cowplot
2019-02-13,6833,1068232,cowplot
2019-02-14,4846,1073078,cowplot
2019-02-15,9140,1082218,cowplot
2019-02-16,3005,1085223,cowplot
2019-02-17,3243,1088466,cowplot
2019-02-18,5240,1093706,cowplot
2019-02-19,5674,1099380,cowplot
2019-02-20,6457,1105837,cowplot
2019-02-21,7020,1112857,cowplot
2019-02-22,6003,1118860,cowplot
2019-02-23,3430,1122290,cowplot
2019-02-24,2491,1124781,cowplot
2019-02-25,5663,1130444,cowplot
2019-02-26,5932,1136376,cowplot
2019-02-27,5439,1141815,cowplot
2019-02-28,4991,1146806,cowplot
2019-03-01,4480,1151286,cowplot
2019-03-02,2004,1153290,cowplot
2019-03-03,2215,1155505,cowplot
2019-03-04,4234,1159739,cowplot
2019-03-05,4606,1164345,cowplot
2019-03-06,4885,1169230,cowplot
2019-03-07,4697,1173927,cowplot
2019-03-08,3936,1177863,cowplot
2019-03-09,2383,1180246,cowplot
2019-03-10,2339,1182585,cowplot
2019-03-11,4459,1187044,cowplot
2019-03-12,4564,1191608,cowplot
2019-03-13,4362,1195970,cowplot
2019-03-14,4179,1200149,cowplot
2019-03-15,3539,1203688,cowplot
2019-03-16,2137,1205825,cowplot
2019-03-17,2156,1207981,cowplot
2019-03-18,4662,1212643,cowplot
2019-03-19,4451,1217094,cowplot
2019-03-20,4595,1221689,cowplot
2019-03-21,4372,1226061,cowplot
2019-03-22,4409,1230470,cowplot
2019-03-23,2123,1232593,cowplot
2019-03-24,2183,1234776,cowplot
2019-03-25,4087,1238863,cowplot
2019-03-26,4790,1243653,cowplot
2019-03-27,4674,1248327,cowplot
2019-03-28,4574,1252901,cowplot
2019-03-29,3389,1256290,cowplot
2019-03-30,2121,1258411,cowplot
2019-03-31,2151,1260562,cowplot
2019-04-01,4370,1264932,cowplot
2019-04-02,4376,1269308,cowplot
2019-04-03,4781,1274089,cowplot
2019-04-04,4805,1278894,cowplot
2019-04-05,4159,1283053,cowplot
2019-04-06,1742,1284795,cowplot
2019-04-07,1872,1286667,cowplot
2019-04-08,4218,1290885,cowplot
2019-04-09,4620,1295505,cowplot
2019-04-10,4989,1300494,cowplot
2019-04-11,4588,1305082,cowplot
2019-04-12,4060,1309142,cowplot
2019-04-13,2166,1311308,cowplot
2019-04-14,2151,1313459,cowplot
2019-04-15,4483,1317942,cowplot
2019-04-16,4063,1322005,cowplot
2019-04-17,4460,1326465,cowplot
2019-04-18,4210,1330675,cowplot
2019-04-19,3243,1333918,cowplot
2019-04-20,2162,1336080,cowplot
2019-04-21,1984,1338064,cowplot
2019-04-22,3374,1341438,cowplot
2019-04-23,4465,1345903,cowplot
2019-04-24,4059,1349962,cowplot
2019-04-25,3984,1353946,cowplot
2019-04-26,3842,1357788,cowplot
2019-04-27,2516,1360304,cowplot
2019-04-28,2463,1362767,cowplot
2019-04-29,4476,1367243,cowplot
2019-04-30,5006,1372249,cowplot
2019-05-01,4208,1376457,cowplot
2019-05-02,4758,1381215,cowplot
2019-05-03,3671,1384886,cowplot
2019-05-04,1842,1386728,cowplot
2019-05-05,2040,1388768,cowplot
2019-05-06,4285,1393053,cowplot
2019-05-07,4348,1397401,cowplot
2019-05-08,4728,1402129,cowplot
2019-05-09,4725,1406854,cowplot
2019-05-10,3858,1410712,cowplot
2019-05-11,1995,1412707,cowplot
2019-05-12,2408,1415115,cowplot
2019-05-13,4463,1419578,cowplot
2019-05-14,4589,1424167,cowplot
2019-05-15,4626,1428793,cowplot
2019-05-16,4682,1433475,cowplot
2019-05-17,4050,1437525,cowplot
2019-05-18,2336,1439861,cowplot
2019-05-19,2339,1442200,cowplot
2019-05-20,4136,1446336,cowplot
2019-05-21,4234,1450570,cowplot
2019-05-22,3926,1454496,cowplot
2019-05-23,4227,1458723,cowplot
2019-05-24,4032,1462755,cowplot
2019-05-25,2080,1464835,cowplot
2019-05-26,1971,1466806,cowplot
2019-05-27,2974,1469780,cowplot
2019-05-28,4257,1474037,cowplot
2019-05-29,3841,1477878,cowplot
2019-05-30,3971,1481849,cowplot
2019-05-31,3774,1485623,cowplot
2019-06-01,2119,1487742,cowplot
2019-06-02,1931,1489673,cowplot
2019-06-03,4401,1494074,cowplot
2019-06-04,4464,1498538,cowplot
2019-06-05,4452,1502990,cowplot
2019-06-06,4323,1507313,cowplot
2019-06-07,3675,1510988,cowplot
2019-06-08,1997,1512985,cowplot
2019-06-09,2095,1515080,cowplot
2019-06-10,3715,1518795,cowplot
2019-06-11,4401,1523196,cowplot
2019-06-12,4295,1527491,cowplot
2019-06-13,4003,1531494,cowplot
2019-06-14,3626,1535120,cowplot
2019-06-15,2249,1537369,cowplot
2019-06-16,2390,1539759,cowplot
2019-06-17,4392,1544151,cowplot
2019-06-18,4284,1548435,cowplot
2019-06-19,4108,1552543,cowplot
2019-06-20,4092,1556635,cowplot
2019-06-21,3688,1560323,cowplot
2019-06-22,1582,1561905,cowplot
2019-06-23,1525,1563430,cowplot
2019-06-24,3406,1566836,cowplot
2019-06-25,3900,1570736,cowplot
2019-06-26,3555,1574291,cowplot
2019-06-27,3469,1577760,cowplot
2019-06-28,3951,1581711,cowplot
2019-06-29,2279,1583990,cowplot
2019-06-30,2135,1586125,cowplot
2019-07-01,3940,1590065,cowplot
2019-07-02,4245,1594310,cowplot
2019-07-03,4245,1598555,cowplot
2019-07-04,3359,1601914,cowplot
2019-07-05,3361,1605275,cowplot
2019-07-06,1902,1607177,cowplot
2019-07-07,2009,1609186,cowplot
2019-07-08,4251,1613437,cowplot
2019-07-09,4214,1617651,cowplot
2019-07-10,3691,1621342,cowplot
2019-07-11,4943,1626285,cowplot
2019-07-12,4786,1631071,cowplot
2019-07-13,1821,1632892,cowplot
2019-07-14,1733,1634625,cowplot
2019-07-15,4441,1639066,cowplot
2019-07-16,4683,1643749,cowplot
2019-07-17,4493,1648242,cowplot
2019-07-18,4005,1652247,cowplot
2019-07-19,3580,1655827,cowplot
2019-07-20,1579,1657406,cowplot
2019-07-21,1673,1659079,cowplot
2019-07-22,4012,1663091,cowplot
2019-07-23,3951,1667042,cowplot
2019-07-24,4261,1671303,cowplot
2019-07-25,3878,1675181,cowplot
2019-07-26,3704,1678885,cowplot
2019-07-27,1397,1680282,cowplot
2019-07-28,1436,1681718,cowplot
2019-07-29,3755,1685473,cowplot
2019-07-30,4058,1689531,cowplot
2019-07-31,3936,1693467,cowplot
2019-08-01,3646,1697113,cowplot
2019-08-02,3158,1700271,cowplot
2019-08-03,1523,1701794,cowplot
2019-08-04,1319,1703113,cowplot
2019-08-05,3327,1706440,cowplot
2019-08-06,3641,1710081,cowplot
2019-08-07,3769,1713850,cowplot
2019-08-08,4337,1718187,cowplot
2019-08-09,3333,1721520,cowplot
2019-08-10,1809,1723329,cowplot
2019-08-11,1866,1725195,cowplot
2019-08-12,3432,1728627,cowplot
2019-08-13,3691,1732318,cowplot
2019-08-14,3674,1735992,cowplot
2019-08-15,3181,1739173,cowplot
2019-08-16,2981,1742154,cowplot
2019-08-17,1791,1743945,cowplot
2019-08-18,1826,1745771,cowplot
2019-08-19,3869,1749640,cowplot
2019-08-20,3898,1753538,cowplot
2019-08-21,3984,1757522,cowplot
2019-08-22,4104,1761626,cowplot
2019-08-23,3030,1764656,cowplot
2019-08-24,1708,1766364,cowplot
2019-08-25,1730,1768094,cowplot
2019-08-26,3709,1771803,cowplot
2019-08-27,4404,1776207,cowplot
2019-08-28,4069,1780276,cowplot
2019-08-29,3888,1784164,cowplot
2019-08-30,3715,1787879,cowplot
2019-08-31,1811,1789690,cowplot
2019-09-01,1959,1791649,cowplot
2019-09-02,3529,1795178,cowplot
2019-09-03,4418,1799596,cowplot
2019-09-04,4643,1804239,cowplot
2019-09-05,4554,1808793,cowplot
2019-09-06,3487,1812280,cowplot
2019-09-07,1897,1814177,cowplot
2019-09-08,2227,1816404,cowplot
2019-09-09,4307,1820711,cowplot
2019-09-10,4641,1825352,cowplot
2019-09-11,4388,1829740,cowplot
2019-09-12,4346,1834086,cowplot
2019-09-13,3568,1837654,cowplot
2019-09-14,2595,1840249,cowplot
2019-09-15,2655,1842904,cowplot
2019-09-16,4945,1847849,cowplot
2019-09-17,5557,1853406,cowplot
2019-09-18,5833,1859239,cowplot
2019-09-19,5283,1864522,cowplot
2019-09-20,4781,1869303,cowplot
2019-09-21,2932,1872235,cowplot
2019-09-22,2954,1875189,cowplot
2019-09-23,5603,1880792,cowplot
2019-09-24,5468,1886260,cowplot
2019-09-25,6444,1892704,cowplot
2019-09-26,5425,1898129,cowplot
2019-09-27,4853,1902982,cowplot
2019-09-28,2902,1905884,cowplot
2019-09-29,2924,1908808,cowplot
2019-09-30,5245,1914053,cowplot
2019-10-01,5366,1919419,cowplot
2019-10-02,5368,1924787,cowplot
2019-10-03,4865,1929652,cowplot
2019-10-04,4528,1934180,cowplot
2019-10-05,2666,1936846,cowplot
2019-10-06,2683,1939529,cowplot
2019-10-07,5071,1944600,cowplot
2019-10-08,5585,1950185,cowplot
2019-10-09,5590,1955775,cowplot
2019-10-10,5394,1961169,cowplot
2019-10-11,5257,1966426,cowplot
2019-10-12,2609,1969035,cowplot
2019-10-13,2724,1971759,cowplot
2019-10-14,5383,1977142,cowplot
2019-10-15,5568,1982710,cowplot
2019-10-16,5620,1988330,cowplot
2019-10-17,5378,1993708,cowplot
2019-10-18,4632,1998340,cowplot
2019-10-19,2742,2001082,cowplot
2019-10-20,2897,2003979,cowplot
2019-10-21,5169,2009148,cowplot
2019-10-22,6068,2015216,cowplot
2019-10-23,5823,2021039,cowplot
2019-10-24,5836,2026875,cowplot
2019-10-25,4879,2031754,cowplot
2019-10-26,3059,2034813,cowplot
2019-10-27,2779,2037592,cowplot
2019-10-28,5545,2043137,cowplot
2019-10-29,5212,2048349,cowplot
2019-10-30,5419,2053768,cowplot
2019-10-31,5342,2059110,cowplot
2019-11-01,4290,2063400,cowplot
2019-11-02,2113,2065513,cowplot
2019-11-03,2490,2068003,cowplot
2019-11-04,5259,2073262,cowplot
2019-11-05,5709,2078971,cowplot
2019-11-06,4630,2083601,cowplot
2019-11-07,5142,2088743,cowplot
2019-11-08,4674,2093417,cowplot
2019-11-09,2300,2095717,cowplot
2019-11-10,2604,2098321,cowplot
2019-11-11,5258,2103579,cowplot
2019-11-12,4964,2108543,cowplot
2019-11-13,5213,2113756,cowplot
2019-11-14,4887,2118643,cowplot
2019-11-15,4178,2122821,cowplot
2019-11-16,2437,2125258,cowplot
2019-11-17,2585,2127843,cowplot
2019-11-18,5225,2133068,cowplot
2019-11-19,5458,2138526,cowplot
2019-11-20,4999,2143525,cowplot
2019-11-21,5000,2148525,cowplot
2019-11-22,4633,2153158,cowplot
2019-11-23,2236,2155394,cowplot
2019-11-24,2473,2157867,cowplot
2019-11-25,5316,2163183,cowplot
2019-11-26,5406,2168589,cowplot
2019-11-27,5074,2173663,cowplot
2019-11-28,4269,2177932,cowplot
2019-11-29,3725,2181657,cowplot
2019-11-30,2271,2183928,cowplot
2019-12-01,2433,2186361,cowplot
2019-12-02,6433,2192794,cowplot
2019-12-03,6040,2198834,cowplot
2019-12-04,5804,2204638,cowplot
2019-12-05,5855,2210493,cowplot
2019-12-06,5279,2215772,cowplot
2019-12-07,2288,2218060,cowplot
2019-12-08,2619,2220679,cowplot
2019-12-09,5667,2226346,cowplot
2019-12-10,5665,2232011,cowplot
2019-12-11,5240,2237251,cowplot
2019-12-12,5777,2243028,cowplot
2019-12-13,4805,2247833,cowplot
2019-12-14,2724,2250557,cowplot
2019-12-15,2526,2253083,cowplot
2019-12-16,4635,2257718,cowplot
2019-12-17,4905,2262623,cowplot
2019-12-18,4987,2267610,cowplot
2019-12-19,4787,2272397,cowplot
2019-12-20,4126,2276523,cowplot
2019-12-21,2074,2278597,cowplot
2019-12-22,2149,2280746,cowplot
2019-12-23,3183,2283929,cowplot
2019-12-24,2489,2286418,cowplot
2019-12-25,2199,2288617,cowplot
2019-12-26,2993,2291610,cowplot
2019-12-27,2808,2294418,cowplot
2019-12-28,2220,2296638,cowplot
2019-12-29,2260,2298898,cowplot
2019-12-30,3047,2301945,cowplot
2019-12-31,2571,2304516,cowplot
2020-01-01,1984,2306500,cowplot
2020-01-02,3799,2310299,cowplot
2020-01-03,4138,2314437,cowplot
2020-01-04,2528,2316965,cowplot
2020-01-05,3030,2319995,cowplot
2020-01-06,4461,2324456,cowplot
2020-01-07,5236,2329692,cowplot
2020-01-08,4803,2334495,cowplot
2020-01-09,4931,2339426,cowplot
2020-01-10,4656,2344082,cowplot
2020-01-11,2647,2346729,cowplot
2020-01-12,2757,2349486,cowplot
2020-01-13,4807,2354293,cowplot
2020-01-14,6136,2360429,cowplot
2020-01-15,5336,2365765,cowplot
2020-01-16,5016,2370781,cowplot
2020-01-17,4302,2375083,cowplot
2020-01-18,2227,2377310,cowplot
2020-01-19,2514,2379824,cowplot
2020-01-20,4961,2384785,cowplot
2020-01-21,5362,2390147,cowplot
2020-01-22,5716,2395863,cowplot
2020-01-23,4949,2400812,cowplot
2020-01-24,4604,2405416,cowplot
2020-01-25,2588,2408004,cowplot
2020-01-26,3230,2411234,cowplot
2020-01-27,5092,2416326,cowplot
2020-01-28,5230,2421556,cowplot
2020-01-29,5955,2427511,cowplot
2020-01-30,6126,2433637,cowplot
2020-01-31,4849,2438486,cowplot
2020-02-01,2913,2441399,cowplot
2020-02-02,2784,2444183,cowplot
2020-02-03,5565,2449748,cowplot
2020-02-04,6268,2456016,cowplot
2020-02-05,6256,2462272,cowplot
2020-02-06,6342,2468614,cowplot
2020-02-07,5978,2474592,cowplot
2020-02-08,2914,2477506,cowplot
2020-02-09,2812,2480318,cowplot
2020-02-10,5824,2486142,cowplot
2020-02-11,6404,2492546,cowplot
2020-02-12,7104,2499650,cowplot
2020-02-13,6489,2506139,cowplot
2020-02-14,6409,2512548,cowplot
2020-02-15,3215,2515763,cowplot
2020-02-16,3344,2519107,cowplot
2020-02-17,5727,2524834,cowplot
2020-02-18,7702,2532536,cowplot
2020-02-19,7656,2540192,cowplot
2020-02-20,7811,2548003,cowplot
2020-02-21,6867,2554870,cowplot
2020-02-22,4990,2559860,cowplot
2020-02-23,4691,2564551,cowplot
2020-02-24,7324,2571875,cowplot
2020-02-25,7404,2579279,cowplot
2020-02-26,8795,2588074,cowplot
2020-02-27,7375,2595449,cowplot
2020-02-28,7005,2602454,cowplot
2020-02-29,1207,2603661,cowplot
2020-03-01,4324,2607985,cowplot
2020-03-02,8006,2615991,cowplot
2020-03-03,8439,2624430,cowplot
2020-03-04,8461,2632891,cowplot
2020-03-05,8324,2641215,cowplot
2020-03-06,7433,2648648,cowplot
2020-03-07,4660,2653308,cowplot
2020-03-08,4240,2657548,cowplot
2020-03-09,7820,2665368,cowplot
2020-03-10,7848,2673216,cowplot
2020-03-11,7671,2680887,cowplot
2020-03-12,9089,2689976,cowplot
2020-03-13,6759,2696735,cowplot
2020-03-14,4452,2701187,cowplot
2020-03-15,4719,2705906,cowplot
2020-03-16,8064,2713970,cowplot
2020-03-17,7786,2721756,cowplot
2020-03-18,8570,2730326,cowplot
2020-03-19,8374,2738700,cowplot
2020-03-20,7793,2746493,cowplot
2020-03-21,4711,2751204,cowplot
2020-03-22,5314,2756518,cowplot
2020-03-23,8191,2764709,cowplot
2020-03-24,7658,2772367,cowplot
2020-03-25,7786,2780153,cowplot
2020-03-26,8701,2788854,cowplot
2020-03-27,8196,2797050,cowplot
2020-03-28,5175,2802225,cowplot
2020-03-29,5330,2807555,cowplot
2020-03-30,8741,2816296,cowplot
2020-03-31,8978,2825274,cowplot
2020-04-01,8500,2833774,cowplot
2020-04-02,8206,2841980,cowplot
2020-04-03,8117,2850097,cowplot
2020-04-04,5802,2855899,cowplot
2020-04-05,4257,2860156,cowplot
2020-04-06,8574,2868730,cowplot
2020-04-07,7282,2876012,cowplot
2020-04-08,7998,2884010,cowplot
2020-04-09,6692,2890702,cowplot
2020-04-10,6309,2897011,cowplot
2020-04-11,4391,2901402,cowplot
2020-04-12,4543,2905945,cowplot
2020-04-13,6301,2912246,cowplot
2020-04-14,7725,2919971,cowplot
2020-04-15,7222,2927193,cowplot
2020-04-16,6600,2933793,cowplot
2020-04-17,5588,2939381,cowplot
2020-04-18,3599,2942980,cowplot
2020-04-19,4243,2947223,cowplot
2020-04-20,6083,2953306,cowplot
2020-04-21,6998,2960304,cowplot
2020-04-22,7654,2967958,cowplot
2020-04-23,7085,2975043,cowplot
2020-04-24,7453,2982496,cowplot
2020-04-25,4775,2987271,cowplot
2020-04-26,5138,2992409,cowplot
2020-04-27,8879,3001288,cowplot
2020-04-28,9078,3010366,cowplot
2020-04-29,10398,3020764,cowplot
2020-04-30,9928,3030692,cowplot
2020-05-01,6018,3036710,cowplot
2020-05-02,5180,3041890,cowplot
2020-05-03,5461,3047351,cowplot
2020-05-04,8184,3055535,cowplot
2020-05-05,8976,3064511,cowplot
2020-05-06,8719,3073230,cowplot
2020-05-07,8008,3081238,cowplot
2020-05-08,6797,3088035,cowplot
2020-05-09,5659,3093694,cowplot
2020-05-10,5139,3098833,cowplot
2020-05-11,9464,3108297,cowplot
2020-05-12,8917,3117214,cowplot
2020-05-13,9847,3127061,cowplot
2020-05-14,8585,3135646,cowplot
2020-05-15,7319,3142965,cowplot
2020-05-16,4438,3147403,cowplot
2020-05-17,4649,3152052,cowplot
2020-05-18,7283,3159335,cowplot
2020-05-19,7751,3167086,cowplot
2020-05-20,6732,3173818,cowplot
2020-05-21,6681,3180499,cowplot
2020-05-22,6711,3187210,cowplot
2020-05-23,4630,3191840,cowplot
2020-05-24,4329,3196169,cowplot
2020-05-25,6178,3202347,cowplot
2020-05-26,7435,3209782,cowplot
2020-05-27,7670,3217452,cowplot
2020-05-28,9124,3226576,cowplot
2020-05-29,8462,3235038,cowplot
2020-05-30,3974,3239012,cowplot
2020-05-31,4466,3243478,cowplot
2020-06-01,7469,3250947,cowplot
2020-06-02,9479,3260426,cowplot
2020-06-03,8761,3269187,cowplot
2020-06-04,8553,3277740,cowplot
2020-06-05,8646,3286386,cowplot
2020-06-06,4618,3291004,cowplot
2020-06-07,3974,3294978,cowplot
2020-06-08,9266,3304244,cowplot
2020-06-09,8537,3312781,cowplot
2020-06-10,8400,3321181,cowplot
2020-06-11,8752,3329933,cowplot
2020-06-12,7567,3337500,cowplot
2020-06-13,4127,3341627,cowplot
2020-06-14,4279,3345906,cowplot
2020-06-15,8264,3354170,cowplot
2020-06-16,8613,3362783,cowplot
2020-06-17,8387,3371170,cowplot
2020-06-18,8402,3379572,cowplot
2020-06-19,7565,3387137,cowplot
2020-06-20,4304,3391441,cowplot
2020-06-21,4587,3396028,cowplot
2020-06-22,8858,3404886,cowplot
2020-06-23,8197,3413083,cowplot
2020-06-24,8168,3421251,cowplot
2020-06-25,8277,3429528,cowplot
2020-06-26,7710,3437238,cowplot
2020-06-27,3704,3440942,cowplot
2020-06-28,3956,3444898,cowplot
2020-06-29,7625,3452523,cowplot
2020-06-30,8046,3460569,cowplot
2020-07-01,9525,3470094,cowplot
2020-07-02,8943,3479037,cowplot
2020-07-03,7898,3486935,cowplot
2020-07-04,3716,3490651,cowplot
2020-07-05,3869,3494520,cowplot
2020-07-06,8550,3503070,cowplot
2020-07-07,8780,3511850,cowplot
2020-07-08,8787,3520637,cowplot
2020-07-09,8069,3528706,cowplot
2020-07-10,7620,3536326,cowplot
2020-07-11,4069,3540395,cowplot
2020-07-12,3926,3544321,cowplot
2020-07-13,8510,3552831,cowplot
2020-07-14,9366,3562197,cowplot
2020-07-15,9343,3571540,cowplot
2020-07-16,8740,3580280,cowplot
2020-07-17,7906,3588186,cowplot
2020-07-18,3966,3592152,cowplot
2020-07-19,3923,3596075,cowplot
2020-07-20,8973,3605048,cowplot
2020-07-21,8373,3613421,cowplot
2020-07-22,8929,3622350,cowplot
2020-07-23,8509,3630859,cowplot
2020-07-24,7713,3638572,cowplot
2020-07-25,3913,3642485,cowplot
2020-07-26,3952,3646437,cowplot
2020-07-27,8203,3654640,cowplot
2020-07-28,10139,3664779,cowplot
2020-07-29,8657,3673436,cowplot
2020-07-30,8333,3681769,cowplot
2020-07-31,8579,3690348,cowplot
2020-08-01,3865,3694213,cowplot
2020-08-02,3925,3698138,cowplot
2020-08-03,9145,3707283,cowplot
2020-08-04,9065,3716348,cowplot
2020-08-05,10708,3727056,cowplot
2020-08-06,7939,3734995,cowplot
2020-08-07,8807,3743802,cowplot
2020-08-08,3903,3747705,cowplot
2020-08-09,3661,3751366,cowplot
2020-08-10,8859,3760225,cowplot
2020-08-11,10252,3770477,cowplot
2020-08-12,10761,3781238,cowplot
2020-08-13,9277,3790515,cowplot
2020-08-14,8266,3798781,cowplot
2020-08-15,4274,3803055,cowplot
2020-08-16,3307,3806362,cowplot
2020-08-17,8358,3814720,cowplot
2020-08-18,9370,3824090,cowplot
2020-08-19,9570,3833660,cowplot
2020-08-20,8795,3842455,cowplot
2020-08-21,7061,3849516,cowplot
2020-08-22,3655,3853171,cowplot
2020-08-23,3735,3856906,cowplot
2020-08-24,9253,3866159,cowplot
2020-08-25,9869,3876028,cowplot
2020-08-26,9091,3885119,cowplot
2020-08-27,9561,3894680,cowplot
2020-08-28,7821,3902501,cowplot
2020-08-29,3469,3905970,cowplot
2020-08-30,3685,3909655,cowplot
2020-08-31,9920,3919575,cowplot
2020-09-01,8543,3928118,cowplot
2020-09-02,8903,3937021,cowplot
2020-09-03,8775,3945796,cowplot
2020-09-04,6990,3952786,cowplot
2020-09-05,3270,3956056,cowplot
2020-09-06,3111,3959167,cowplot
2020-09-07,5177,3964344,cowplot
2020-09-08,10946,3975290,cowplot
2020-09-09,11256,3986546,cowplot
2020-09-10,9688,3996234,cowplot
2020-09-11,10860,4007094,cowplot
2020-09-12,4600,4011694,cowplot
2020-09-13,5359,4017053,cowplot
2020-09-14,11648,4028701,cowplot
2020-09-15,11735,4040436,cowplot
2020-09-16,11472,4051908,cowplot
2020-09-17,10917,4062825,cowplot
2020-09-18,9764,4072589,cowplot
2020-09-19,4711,4077300,cowplot
2020-09-20,5136,4082436,cowplot
2020-09-21,11250,4093686,cowplot
2020-09-22,11344,4105030,cowplot
2020-09-23,11938,4116968,cowplot
2020-09-24,10561,4127529,cowplot
2020-09-25,9573,4137102,cowplot
2020-09-26,5065,4142167,cowplot
2020-09-27,5118,4147285,cowplot
2020-09-28,12289,4159574,cowplot
2020-09-29,12357,4171931,cowplot
2020-09-30,12754,4184685,cowplot
2020-10-01,11573,4196258,cowplot
2020-10-02,11184,4207442,cowplot
2020-10-03,5944,4213386,cowplot
2020-10-04,6079,4219465,cowplot
2020-10-05,12430,4231895,cowplot
2020-10-06,12789,4244684,cowplot
2020-10-07,12305,4256989,cowplot
2020-10-08,12166,4269155,cowplot
2020-10-09,12405,4281560,cowplot
2020-10-10,5792,4287352,cowplot
2020-10-11,6190,4293542,cowplot
2020-10-12,9126,4302668,cowplot
2020-10-13,12566,4315234,cowplot
2020-10-14,12948,4328182,cowplot
2020-10-15,12610,4340792,cowplot
2020-10-16,10960,4351752,cowplot
2020-10-17,6408,4358160,cowplot
2020-10-18,6575,4364735,cowplot
2020-10-19,12391,4377126,cowplot
2020-10-20,13425,4390551,cowplot
2020-10-21,13515,4404066,cowplot
2020-10-22,13438,4417504,cowplot
2020-10-23,12140,4429644,cowplot
2020-10-24,6015,4435659,cowplot
2020-10-25,6055,4441714,cowplot
2020-10-26,11836,4453550,cowplot
2020-10-27,13795,4467345,cowplot
2020-10-28,12924,4480269,cowplot
2020-10-29,11535,4491804,cowplot
2020-10-30,10569,4502373,cowplot
2020-10-31,5854,4508227,cowplot
2020-11-01,5888,4514115,cowplot
2020-11-02,11472,4525587,cowplot
2020-11-03,13202,4538789,cowplot
2020-11-04,12086,4550875,cowplot
2020-11-05,12684,4563559,cowplot
2020-11-06,11635,4575194,cowplot
2020-11-07,5877,4581071,cowplot
2020-11-08,5843,4586914,cowplot
2020-11-09,12842,4599756,cowplot
2020-11-10,12587,4612343,cowplot
2020-11-11,11879,4624222,cowplot
2020-11-12,12649,4636871,cowplot
2020-11-13,11849,4648720,cowplot
2020-11-14,6285,4655005,cowplot
2020-11-15,6445,4661450,cowplot
2020-11-16,11927,4673377,cowplot
2020-11-17,12743,4686120,cowplot
2020-11-18,12066,4698186,cowplot
2020-11-19,12055,4710241,cowplot
2020-11-20,11193,4721434,cowplot
2020-11-21,5764,4727198,cowplot
2020-11-22,6393,4733591,cowplot
2020-11-23,10250,4743841,cowplot
2020-11-24,11375,4755216,cowplot
2020-11-25,8810,4764026,cowplot
2020-11-26,9840,4773866,cowplot
2020-11-27,8862,4782728,cowplot
2020-11-28,5491,4788219,cowplot
2020-11-29,5592,4793811,cowplot
2020-11-30,11177,4804988,cowplot
2020-12-01,11041,4816029,cowplot
2020-12-02,12097,4828126,cowplot
2020-12-03,11730,4839856,cowplot
2020-12-04,12016,4851872,cowplot
2020-12-05,5906,4857778,cowplot
2020-12-06,5988,4863766,cowplot
2020-12-07,11454,4875220,cowplot
2020-12-08,11515,4886735,cowplot
2020-12-09,11290,4898025,cowplot
2020-12-10,10755,4908780,cowplot
2020-12-11,10344,4919124,cowplot
2020-12-12,5661,4924785,cowplot
2020-12-13,6762,4931547,cowplot
2020-12-14,11988,4943535,cowplot
2020-12-15,11985,4955520,cowplot
2020-12-16,13352,4968872,cowplot
2020-12-17,12614,4981486,cowplot
2020-12-18,10565,4992051,cowplot
2020-12-19,5431,4997482,cowplot
2020-12-20,5556,5003038,cowplot
2020-12-21,10965,5014003,cowplot
2020-12-22,12399,5026402,cowplot
2020-12-23,10300,5036702,cowplot
2020-12-24,7018,5043720,cowplot
2020-12-25,5445,5049165,cowplot
2020-12-26,5633,5054798,cowplot
2020-12-27,7261,5062059,cowplot
2020-12-28,6974,5069033,cowplot
2020-12-29,5358,5074391,cowplot
2020-12-30,7092,5081483,cowplot
2020-12-31,7819,5089302,cowplot
2021-01-01,7155,5096457,cowplot
2021-01-02,7249,5103706,cowplot
2021-01-03,8113,5111819,cowplot
2021-01-04,13592,5125411,cowplot
2021-01-05,13131,5138542,cowplot
2021-01-06,11678,5150220,cowplot
2021-01-07,12420,5162640,cowplot
2021-01-08,11961,5174601,cowplot
2021-01-09,6599,5181200,cowplot
2021-01-10,7088,5188288,cowplot
2021-01-11,12278,5200566,cowplot
2021-01-12,12089,5212655,cowplot
2021-01-13,13432,5226087,cowplot
2021-01-14,13394,5239481,cowplot
2021-01-15,11583,5251064,cowplot
2021-01-16,6371,5257435,cowplot
2021-01-17,6839,5264274,cowplot
2021-01-18,12335,5276609,cowplot
2021-01-19,14286,5290895,cowplot
2021-01-20,13635,5304530,cowplot
2021-01-21,13547,5318077,cowplot
2021-01-22,11014,5329091,cowplot
2021-01-23,5494,5334585,cowplot
2021-01-24,5974,5340559,cowplot
2021-01-25,11110,5351669,cowplot
2021-01-26,11890,5363559,cowplot
2021-01-27,12497,5376056,cowplot
2021-01-28,13138,5389194,cowplot
2021-01-29,11789,5400983,cowplot
2021-01-30,6604,5407587,cowplot
2021-01-31,7665,5415252,cowplot
2021-02-01,13311,5428563,cowplot
2021-02-02,13794,5442357,cowplot
2021-02-03,12698,5455055,cowplot
2021-02-04,15093,5470148,cowplot
2021-02-05,15057,5485205,cowplot
2021-02-06,6398,5491603,cowplot
2021-02-07,6106,5497709,cowplot
2021-02-08,13482,5511191,cowplot
2021-02-09,14457,5525648,cowplot
2021-02-10,13079,5538727,cowplot
2021-02-11,13693,5552420,cowplot
2021-02-12,14502,5566922,cowplot
2021-02-13,6180,5573102,cowplot
2021-02-14,6260,5579362,cowplot
2021-02-15,8963,5588325,cowplot
2021-02-16,10013,5598338,cowplot
2021-02-17,13591,5611929,cowplot
2021-02-18,12439,5624368,cowplot
2021-02-19,11042,5635410,cowplot
2021-02-20,6808,5642218,cowplot
2021-02-21,8117,5650335,cowplot
2021-02-22,14016,5664351,cowplot
2021-02-23,12905,5677256,cowplot
2021-02-24,11528,5688784,cowplot
2021-02-25,11155,5699939,cowplot
2021-02-26,12794,5712733,cowplot
2021-02-27,7885,5720618,cowplot
2021-02-28,7277,5727895,cowplot
2021-03-01,13093,5740988,cowplot
2021-03-02,12309,5753297,cowplot
2021-03-03,13388,5766685,cowplot
2021-03-04,12872,5779557,cowplot
2021-03-05,11370,5790927,cowplot
2021-03-06,6565,5797492,cowplot
2021-03-07,7695,5805187,cowplot
2021-03-08,13161,5818348,cowplot
2021-03-09,14020,5832368,cowplot
2021-03-10,14100,5846468,cowplot
2021-03-11,13563,5860031,cowplot
2021-03-12,12738,5872769,cowplot
2021-03-13,6789,5879558,cowplot
2021-03-14,7763,5887321,cowplot
2021-03-15,13234,5900555,cowplot
2021-03-16,16893,5917448,cowplot
2021-03-17,14009,5931457,cowplot
2021-03-18,13377,5944834,cowplot
2021-03-19,11898,5956732,cowplot
2021-03-20,7015,5963747,cowplot
2021-03-21,6910,5970657,cowplot
2021-03-22,12708,5983365,cowplot
2021-03-23,13370,5996735,cowplot
2021-03-24,12756,6009491,cowplot
2021-03-25,11604,6021095,cowplot
2021-03-26,10477,6031572,cowplot
2021-03-27,6565,6038137,cowplot
2021-03-28,6639,6044776,cowplot
2021-03-29,12291,6057067,cowplot
2021-03-30,12778,6069845,cowplot
2021-03-31,12614,6082459,cowplot
2021-04-01,12688,6095147,cowplot
2021-04-02,11287,6106434,cowplot
2021-04-03,8134,6114568,cowplot
2021-04-04,7304,6121872,cowplot
2021-04-05,11450,6133322,cowplot
2021-04-06,12514,6145836,cowplot
2021-04-07,12863,6158699,cowplot
2021-04-08,12899,6171598,cowplot
2021-04-09,12111,6183709,cowplot
2021-04-10,6018,6189727,cowplot
2021-04-11,6980,6196707,cowplot
2021-04-12,12599,6209306,cowplot
2021-04-13,11649,6220955,cowplot
2021-04-14,11055,6232010,cowplot
2021-04-15,11663,6243673,cowplot
2021-04-16,10042,6253715,cowplot
2021-04-17,5303,6259018,cowplot
2021-04-18,6393,6265411,cowplot
2021-04-19,11044,6276455,cowplot
2021-04-20,11064,6287519,cowplot
2021-04-21,10486,6298005,cowplot
2021-04-22,10954,6308959,cowplot
2021-04-23,10633,6319592,cowplot
2021-04-24,5092,6324684,cowplot
2021-04-25,5218,6329902,cowplot
2021-04-26,10732,6340634,cowplot
2021-04-27,10275,6350909,cowplot
2021-04-28,9841,6360750,cowplot
2021-04-29,9677,6370427,cowplot
2021-04-30,8671,6379098,cowplot
2021-05-01,4895,6383993,cowplot
2021-05-02,5588,6389581,cowplot
2021-05-03,10238,6399819,cowplot
2021-05-04,9731,6409550,cowplot
2021-05-05,10351,6419901,cowplot
2021-05-06,9476,6429377,cowplot
2021-05-07,8579,6437956,cowplot
2021-05-08,5090,6443046,cowplot
2021-05-09,5050,6448096,cowplot
2021-05-10,10133,6458229,cowplot
2021-05-11,9560,6467789,cowplot
2021-05-12,9826,6477615,cowplot
2021-05-13,9234,6486849,cowplot
2021-05-14,8875,6495724,cowplot
2021-05-15,4863,6500587,cowplot
2021-05-16,5061,6505648,cowplot
2021-05-17,11179,6516827,cowplot
2021-05-18,10899,6527726,cowplot
2021-05-19,11802,6539528,cowplot
2021-05-20,10984,6550512,cowplot
2021-05-21,10640,6561152,cowplot
2021-05-22,5145,6566297,cowplot
2021-05-23,5740,6572037,cowplot
2021-05-24,9694,6581731,cowplot
2021-05-25,10644,6592375,cowplot
2021-05-26,11276,6603651,cowplot
2021-05-27,9819,6613470,cowplot
2021-05-28,8444,6621914,cowplot
2021-05-29,4665,6626579,cowplot
2021-05-30,4641,6631220,cowplot
2021-05-31,7893,6639113,cowplot
2021-06-01,9854,6648967,cowplot
2021-06-02,9951,6658918,cowplot
2021-06-03,9517,6668435,cowplot
2021-06-04,10108,6678543,cowplot
2021-06-05,5664,6684207,cowplot
2021-06-06,5639,6689846,cowplot
2021-06-07,10562,6700408,cowplot
2021-06-08,11070,6711478,cowplot
2021-06-09,11859,6723337,cowplot
2021-06-10,10878,6734215,cowplot
2021-06-11,10246,6744461,cowplot
2021-06-12,4955,6749416,cowplot
2021-06-13,5002,6754418,cowplot
2021-06-14,10597,6765015,cowplot
2021-06-15,13483,6778498,cowplot
2021-06-16,11286,6789784,cowplot
2021-06-17,12434,6802218,cowplot
2021-06-18,10110,6812328,cowplot
2021-06-19,5372,6817700,cowplot
2021-06-20,5421,6823121,cowplot
2021-06-21,10060,6833181,cowplot
2021-06-22,10493,6843674,cowplot
2021-06-23,10315,6853989,cowplot
2021-06-24,11717,6865706,cowplot
2021-06-25,10771,6876477,cowplot
2021-06-26,4138,6880615,cowplot
2021-06-27,4810,6885425,cowplot
2021-06-28,11257,6896682,cowplot
2021-06-29,10228,6906910,cowplot
2021-06-30,9785,6916695,cowplot
2021-07-01,9133,6925828,cowplot
2021-07-02,9725,6935553,cowplot
2021-07-03,4549,6940102,cowplot
2021-07-04,4509,6944611,cowplot
2021-07-05,8700,6953311,cowplot
2021-07-06,9847,6963158,cowplot
2021-07-07,10195,6973353,cowplot
2021-07-08,10488,6983841,cowplot
2021-07-09,8701,6992542,cowplot
2021-07-10,4720,6997262,cowplot
2021-07-11,5482,7002744,cowplot
2021-07-12,10090,7012834,cowplot
2021-07-13,9525,7022359,cowplot
2021-07-14,9423,7031782,cowplot
2021-07-15,9729,7041511,cowplot
2021-07-16,8967,7050478,cowplot
2021-07-17,4686,7055164,cowplot
2021-07-18,5022,7060186,cowplot
2021-07-19,9586,7069772,cowplot
2021-07-20,9987,7079759,cowplot
2021-07-21,9749,7089508,cowplot
2021-07-22,9168,7098676,cowplot
2021-07-23,8615,7107291,cowplot
2021-07-24,4227,7111518,cowplot
2021-07-25,4780,7116298,cowplot
2021-07-26,10036,7126334,cowplot
2021-07-27,9523,7135857,cowplot
2021-07-28,9585,7145442,cowplot
2021-07-29,9409,7154851,cowplot
2021-07-30,9170,7164021,cowplot
2021-07-31,4547,7168568,cowplot
2021-08-01,4464,7173032,cowplot
2021-08-02,9040,7182072,cowplot
2021-08-03,9029,7191101,cowplot
2021-08-04,9538,7200639,cowplot
2021-08-05,9144,7209783,cowplot
2021-08-06,8795,7218578,cowplot
2021-08-07,4174,7222752,cowplot
2021-08-08,5235,7227987,cowplot
2021-08-09,10740,7238727,cowplot
2021-08-10,10717,7249444,cowplot
2021-08-11,9386,7258830,cowplot
2021-08-12,9514,7268344,cowplot
2021-08-13,9871,7278215,cowplot
2021-08-14,5602,7283817,cowplot
2021-08-15,5147,7288964,cowplot
2021-08-16,9238,7298202,cowplot
2021-08-17,9347,7307549,cowplot
2021-08-18,9405,7316954,cowplot
2021-08-19,8700,7325654,cowplot
2021-08-20,8865,7334519,cowplot
2021-08-21,3691,7338210,cowplot
2021-08-22,4004,7342214,cowplot
2021-08-23,9204,7351418,cowplot
2021-08-24,9108,7360526,cowplot
2021-08-25,9678,7370204,cowplot
2021-08-26,9677,7379881,cowplot
2021-08-27,8937,7388818,cowplot
2021-08-28,4479,7393297,cowplot
2021-08-29,4275,7397572,cowplot
2021-08-30,9802,7407374,cowplot
2021-08-31,9905,7417279,cowplot
2021-09-01,10074,7427353,cowplot
2021-09-02,9746,7437099,cowplot
2021-09-03,8340,7445439,cowplot
2021-09-04,4344,7449783,cowplot
2021-09-05,4105,7453888,cowplot
2021-09-06,6428,7460316,cowplot
2021-09-07,8697,7469013,cowplot
2021-09-08,9827,7478840,cowplot
2021-09-09,9265,7488105,cowplot
2021-09-10,9153,7497258,cowplot
2021-09-11,4456,7501714,cowplot
2021-09-12,4359,7506073,cowplot
2021-09-13,9473,7515546,cowplot
2021-09-14,9686,7525232,cowplot
2021-09-15,10575,7535807,cowplot
2021-09-16,9586,7545393,cowplot
2021-09-17,9023,7554416,cowplot
2021-09-18,4517,7558933,cowplot
2021-09-19,4926,7563859,cowplot
2021-09-20,10776,7574635,cowplot
2021-09-21,9821,7584456,cowplot
2021-09-22,9653,7594109,cowplot
2021-09-23,11564,7605673,cowplot
2021-09-24,10414,7616087,cowplot
2021-09-25,4551,7620638,cowplot
2021-09-26,5004,7625642,cowplot
2021-09-27,10820,7636462,cowplot
2021-09-28,9848,7646310,cowplot
2021-09-29,9740,7656050,cowplot
2021-09-30,10629,7666679,cowplot
2021-10-01,9835,7676514,cowplot
2021-10-02,4706,7681220,cowplot
2021-10-03,4513,7685733,cowplot
2021-10-04,10704,7696437,cowplot
2021-10-05,10341,7706778,cowplot
2021-10-06,10561,7717339,cowplot
2021-10-07,11661,7729000,cowplot
2021-10-08,9237,7738237,cowplot
2021-10-09,4206,7742443,cowplot
2021-10-10,4640,7747083,cowplot
2021-10-11,8756,7755839,cowplot
2021-10-12,9856,7765695,cowplot
2021-10-13,10797,7776492,cowplot
2021-10-14,9921,7786413,cowplot
2021-10-15,10599,7797012,cowplot
2021-10-16,5717,7802729,cowplot
2021-10-17,4683,7807412,cowplot
2021-10-18,12104,7819516,cowplot
2021-10-19,11860,7831376,cowplot
2021-10-20,12664,7844040,cowplot
2021-10-21,11953,7855993,cowplot
2021-10-22,11415,7867408,cowplot
2021-10-23,5251,7872659,cowplot
2021-10-24,5584,7878243,cowplot
2021-10-25,11776,7890019,cowplot
2021-10-26,12284,7902303,cowplot
2021-10-27,12770,7915073,cowplot
2021-10-28,12947,7928020,cowplot
2021-10-29,10271,7938291,cowplot
2021-10-30,5786,7944077,cowplot
2021-10-31,5446,7949523,cowplot
2021-11-01,10389,7959912,cowplot
2021-11-02,10470,7970382,cowplot
2021-11-03,11101,7981483,cowplot
2021-11-04,11994,7993477,cowplot
2021-11-05,10652,8004129,cowplot
2021-11-06,5507,8009636,cowplot
2021-11-07,5664,8015300,cowplot
2021-11-08,12039,8027339,cowplot
2021-11-09,12798,8040137,cowplot
2021-11-10,11781,8051918,cowplot
2021-11-11,12519,8064437,cowplot
2021-11-12,11033,8075470,cowplot
2021-11-13,5493,8080963,cowplot
2021-11-14,5883,8086846,cowplot
2021-11-15,10254,8097100,cowplot
2021-11-16,13064,8110164,cowplot
2021-11-17,12151,8122315,cowplot
2021-11-18,12553,8134868,cowplot
2021-11-19,11598,8146466,cowplot
2021-11-20,5771,8152237,cowplot
2021-11-21,7550,8159787,cowplot
2021-11-22,11791,8171578,cowplot
2021-11-23,12991,8184569,cowplot
2021-11-24,11368,8195937,cowplot
2021-11-25,10046,8205983,cowplot
2021-11-26,8431,8214414,cowplot
2021-11-27,5361,8219775,cowplot
2021-11-28,5725,8225500,cowplot
2021-11-29,10975,8236475,cowplot
2021-11-30,11354,8247829,cowplot
2021-12-01,11416,8259245,cowplot
2021-12-02,13058,8272303,cowplot
2021-12-03,11335,8283638,cowplot
2021-12-04,5390,8289028,cowplot
2021-12-05,5788,8294816,cowplot
2021-12-06,14130,8308946,cowplot
2021-12-07,11814,8320760,cowplot
2021-12-08,11248,8332008,cowplot
2021-12-09,11345,8343353,cowplot
2021-12-10,9550,8352903,cowplot
2021-12-11,6057,8358960,cowplot
2021-12-12,6231,8365191,cowplot
2021-12-13,11865,8377056,cowplot
2021-12-14,14353,8391409,cowplot
2021-12-15,10789,8402198,cowplot
2021-12-16,10716,8412914,cowplot
2021-12-17,9952,8422866,cowplot
2021-12-18,5224,8428090,cowplot
2021-12-19,5305,8433395,cowplot
2021-12-20,11569,8444964,cowplot
2021-12-21,10542,8455506,cowplot
2021-12-22,8874,8464380,cowplot
2021-12-23,8846,8473226,cowplot
2021-12-24,5767,8478993,cowplot
2021-12-25,3880,8482873,cowplot
2021-12-26,4353,8487226,cowplot
2021-12-27,7382,8494608,cowplot
2021-12-28,7946,8502554,cowplot
2021-12-29,8437,8510991,cowplot
2021-12-30,5999,8516990,cowplot
2021-12-31,4734,8521724,cowplot
2022-01-01,3984,8525708,cowplot
2022-01-02,4389,8530097,cowplot
2022-01-03,8852,8538949,cowplot
2022-01-04,9170,8548119,cowplot
2022-01-05,9405,8557524,cowplot
2022-01-06,10889,8568413,cowplot
2022-01-07,9042,8577455,cowplot
2022-01-08,5046,8582501,cowplot
2022-01-09,5182,8587683,cowplot
2022-01-10,10164,8597847,cowplot
2022-01-11,9623,8607470,cowplot
2022-01-12,9291,8616761,cowplot
2022-01-13,8753,8625514,cowplot
2022-01-14,8705,8634219,cowplot
2022-01-15,4801,8639020,cowplot
2022-01-16,4761,8643781,cowplot
2022-01-17,8082,8651863,cowplot
2022-01-18,9508,8661371,cowplot
2022-01-19,9828,8671199,cowplot
2022-01-20,9339,8680538,cowplot
2022-01-21,9668,8690206,cowplot
2022-01-22,4902,8695108,cowplot
2022-01-23,4669,8699777,cowplot
2022-01-24,11092,8710869,cowplot
2022-01-25,11444,8722313,cowplot
2022-01-26,11499,8733812,cowplot
2022-01-27,10301,8744113,cowplot
2022-01-28,11326,8755439,cowplot
2022-01-29,5902,8761341,cowplot
2022-01-30,5831,8767172,cowplot
2022-01-31,12871,8780043,cowplot
2022-02-01,11295,8791338,cowplot
2022-02-02,11630,8802968,cowplot
2022-02-03,11176,8814144,cowplot
2022-02-04,10695,8824839,cowplot
2022-02-05,4767,8829606,cowplot
2022-02-06,4881,8834487,cowplot
2022-02-07,9480,8843967,cowplot
2022-02-08,9426,8853393,cowplot
2022-02-09,11521,8864914,cowplot
2022-02-10,10334,8875248,cowplot
2022-02-11,10544,8885792,cowplot
2022-02-12,4609,8890401,cowplot
2022-02-13,5441,8895842,cowplot
2022-02-14,13036,8908878,cowplot
2022-02-15,10919,8919797,cowplot
2022-02-16,10848,8930645,cowplot
2022-02-17,8667,8939312,cowplot
2022-02-18,8333,8947645,cowplot
2022-02-19,4156,8951801,cowplot
2022-02-20,4091,8955892,cowplot
2022-02-21,8338,8964230,cowplot
2022-02-22,8869,8973099,cowplot
2022-02-23,8961,8982060,cowplot
2022-02-24,8012,8990072,cowplot
2022-02-25,7221,8997293,cowplot
2022-02-26,3892,9001185,cowplot
2022-02-27,4084,9005269,cowplot
2022-02-28,7311,9012580,cowplot
2022-03-01,8149,9020729,cowplot
2022-03-02,8676,9029405,cowplot
2022-03-03,8298,9037703,cowplot
2022-03-04,8106,9045809,cowplot
2022-03-05,3777,9049586,cowplot
2022-03-06,3964,9053550,cowplot
2022-03-07,8978,9062528,cowplot
2022-03-08,10047,9072575,cowplot
2022-03-09,9608,9082183,cowplot
2022-03-10,8932,9091115,cowplot
2022-03-11,8656,9099771,cowplot
2022-03-12,4099,9103870,cowplot
2022-03-13,4254,9108124,cowplot
2022-03-14,9816,9117940,cowplot
2022-03-15,9159,9127099,cowplot
2022-03-16,9137,9136236,cowplot
2022-03-17,9129,9145365,cowplot
2022-03-18,8216,9153581,cowplot
2022-03-19,4422,9158003,cowplot
2022-03-20,4412,9162415,cowplot
2022-03-21,9936,9172351,cowplot
2022-03-22,8853,9181204,cowplot
2022-03-23,9231,9190435,cowplot
2022-03-24,8741,9199176,cowplot
2022-03-25,7087,9206263,cowplot
2022-03-26,3762,9210025,cowplot
2022-03-27,4070,9214095,cowplot
2022-03-28,8735,9222830,cowplot
2022-03-29,8715,9231545,cowplot
2022-03-30,9082,9240627,cowplot
2022-03-31,8786,9249413,cowplot
2022-04-01,8026,9257439,cowplot
2022-04-02,3998,9261437,cowplot
2022-04-03,4207,9265644,cowplot
2022-04-04,9419,9275063,cowplot
2022-04-05,9916,9284979,cowplot
2022-04-06,9162,9294141,cowplot
2022-04-07,8895,9303036,cowplot
2022-04-08,7602,9310638,cowplot
2022-04-09,4151,9314789,cowplot
2022-04-10,4359,9319148,cowplot
2022-04-11,8976,9328124,cowplot
2022-04-12,9179,9337303,cowplot
2022-04-13,8853,9346156,cowplot
2022-04-14,8749,9354905,cowplot
2022-04-15,6285,9361190,cowplot
2022-04-16,4107,9365297,cowplot
2022-04-17,4260,9369557,cowplot
2022-04-18,8345,9377902,cowplot
2022-04-19,10694,9388596,cowplot
2022-04-20,9590,9398186,cowplot
2022-04-21,9893,9408079,cowplot
2022-04-22,8865,9416944,cowplot
2022-04-23,4646,9421590,cowplot
2022-04-24,5306,9426896,cowplot
2022-04-25,9914,9436810,cowplot
2022-04-26,11880,9448690,cowplot
2022-04-27,10151,9458841,cowplot
2022-04-28,11511,9470352,cowplot
2022-04-29,9920,9480272,cowplot
2022-04-30,4640,9484912,cowplot
2022-05-01,4655,9489567,cowplot
2022-05-02,9869,9499436,cowplot
2022-05-03,9961,9509397,cowplot
2022-05-04,10378,9519775,cowplot
2022-05-05,11370,9531145,cowplot
2022-05-06,9692,9540837,cowplot
2022-05-07,4411,9545248,cowplot
2022-05-08,4529,9549777,cowplot
2022-05-09,10461,9560238,cowplot
2022-05-10,10129,9570367,cowplot
2022-05-11,10620,9580987,cowplot
2022-05-12,10403,9591390,cowplot
2022-05-13,8312,9599702,cowplot
2022-05-14,4610,9604312,cowplot
2022-05-15,4208,9608520,cowplot
2022-05-16,9247,9617767,cowplot
2022-05-17,12677,9630444,cowplot
2022-05-18,12518,9642962,cowplot
2022-05-19,12159,9655121,cowplot
2022-05-20,12139,9667260,cowplot
2022-05-21,6418,9673678,cowplot
2022-05-22,4562,9678240,cowplot
2022-05-23,9743,9687983,cowplot
2022-05-24,9102,9697085,cowplot
2022-05-25,10126,9707211,cowplot
2022-05-26,8890,9716101,cowplot
2022-05-27,7191,9723292,cowplot
2022-05-28,3743,9727035,cowplot
2022-05-29,4187,9731222,cowplot
2022-05-30,6793,9738015,cowplot
2022-05-31,9558,9747573,cowplot
2022-06-01,10080,9757653,cowplot
2022-06-02,8487,9766140,cowplot
2022-06-03,8621,9774761,cowplot
2022-06-04,4064,9778825,cowplot
2022-06-05,4018,9782843,cowplot
2022-06-06,8804,9791647,cowplot
2022-06-07,9687,9801334,cowplot
2022-06-08,11395,9812729,cowplot
2022-06-09,9214,9821943,cowplot
2022-06-10,8834,9830777,cowplot
2022-06-11,6791,9837568,cowplot
2022-06-12,5952,9843520,cowplot
2022-06-13,10068,9853588,cowplot
2022-06-14,8043,9861631,cowplot
2022-06-15,8015,9869646,cowplot
2022-06-16,8861,9878507,cowplot
2022-06-17,6908,9885415,cowplot
2022-06-18,3523,9888938,cowplot
2022-06-19,3704,9892642,cowplot
2022-06-20,8610,9901252,cowplot
2022-06-21,9398,9910650,cowplot
2022-06-22,8144,9918794,cowplot
2022-06-23,7682,9926476,cowplot
2022-06-24,6407,9932883,cowplot
2022-06-25,4918,9937801,cowplot
2022-06-26,3575,9941376,cowplot
2022-06-27,8318,9949694,cowplot
2022-06-28,8603,9958297,cowplot
2022-06-29,7638,9965935,cowplot
2022-06-30,7434,9973369,cowplot
2022-07-01,7239,9980608,cowplot
2022-07-02,2678,9983286,cowplot
2022-07-03,3007,9986293,cowplot
2022-07-04,6101,9992394,cowplot
2022-07-05,8209,10000603,cowplot
2022-07-06,9659,10010262,cowplot
2022-07-07,8018,10018280,cowplot
2022-07-08,8610,10026890,cowplot
2022-07-09,4752,10031642,cowplot
2022-07-10,3098,10034740,cowplot
2022-07-11,8441,10043181,cowplot
2022-07-12,9119,10052300,cowplot
2022-07-13,8196,10060496,cowplot
2022-07-14,7050,10067546,cowplot
2022-07-15,6485,10074031,cowplot
2022-07-16,2849,10076880,cowplot
2022-07-17,3021,10079901,cowplot
2022-07-18,8459,10088360,cowplot
2022-07-19,7698,10096058,cowplot
2022-07-20,7490,10103548,cowplot
2022-07-21,6782,10110330,cowplot
2022-07-22,6339,10116669,cowplot
2022-07-23,3072,10119741,cowplot
2022-07-24,3089,10122830,cowplot
2022-07-25,7794,10130624,cowplot
2022-07-26,9594,10140218,cowplot
2022-07-27,11419,10151637,cowplot
2022-07-28,25241,10176878,cowplot
2022-07-29,22797,10199675,cowplot
2022-07-30,21607,10221282,cowplot
2022-07-31,21635,10242917,cowplot
2022-08-01,26867,10269784,cowplot
2022-08-02,26753,10296537,cowplot
2022-08-03,26284,10322821,cowplot
2022-08-04,25059,10347880,cowplot
2022-08-05,22218,10370098,cowplot
2022-08-06,19457,10389555,cowplot
2022-08-07,21584,10411139,cowplot
2022-08-08,25073,10436212,cowplot
2022-08-09,25249,10461461,cowplot
2022-08-10,24303,10485764,cowplot
2022-08-11,21955,10507719,cowplot
2022-08-12,25068,10532787,cowplot
2022-08-13,18117,10550904,cowplot
2022-08-14,17695,10568599,cowplot
2022-08-15,23837,10592436,cowplot
2022-08-16,24629,10617065,cowplot
2022-08-17,9236,10626301,cowplot
2022-08-18,8584,10634885,cowplot
2022-08-19,8865,10643750,cowplot
2022-08-20,12214,10655964,cowplot
2022-08-21,12272,10668236,cowplot
2022-08-22,17137,10685373,cowplot
2022-08-23,17669,10703042,cowplot
2022-08-24,17215,10720257,cowplot
2022-08-25,17388,10737645,cowplot
2022-08-26,16127,10753772,cowplot
2022-08-27,11919,10765691,cowplot
2022-08-28,12762,10778453,cowplot
2022-08-29,17124,10795577,cowplot
2022-08-30,16973,10812550,cowplot
2022-08-31,16248,10828798,cowplot
2022-09-01,18034,10846832,cowplot
2022-09-02,15874,10862706,cowplot
2022-09-03,11508,10874214,cowplot
2022-09-04,11985,10886199,cowplot
2022-09-05,15983,10902182,cowplot
2022-09-06,17264,10919446,cowplot
2022-09-07,15347,10934793,cowplot
2022-09-08,14817,10949610,cowplot
2022-09-09,14122,10963732,cowplot
2022-09-10,12002,10975734,cowplot
2022-09-11,12422,10988156,cowplot
2022-09-12,10864,10999020,cowplot
2022-09-13,7958,11006978,cowplot
2022-09-14,7758,11014736,cowplot
2022-09-15,7236,11021972,cowplot
2022-09-16,6493,11028465,cowplot
2022-09-17,3086,11031551,cowplot
2022-09-18,3411,11034962,cowplot
2022-09-19,7254,11042216,cowplot
2022-09-20,7950,11050166,cowplot
2022-09-21,7775,11057941,cowplot
2022-09-22,7511,11065452,cowplot
2022-09-23,6819,11072271,cowplot
2022-09-24,3158,11075429,cowplot
2022-09-25,3411,11078840,cowplot
2022-09-26,7602,11086442,cowplot
2022-09-27,8204,11094646,cowplot
2022-09-28,7834,11102480,cowplot
2022-09-29,7610,11110090,cowplot
2022-09-30,7016,11117106,cowplot
2022-10-01,3203,11120309,cowplot
2022-10-02,3125,11123434,cowplot
2022-10-03,7834,11131268,cowplot
2022-10-04,7964,11139232,cowplot
2022-10-05,8162,11147394,cowplot
2022-10-06,7924,11155318,cowplot
2022-10-07,6523,11161841,cowplot
2022-10-08,3452,11165293,cowplot
2022-10-09,3453,11168746,cowplot
2022-10-10,7301,11176047,cowplot
2022-10-11,8464,11184511,cowplot
2022-10-12,9336,11193847,cowplot
2022-10-13,8782,11202629,cowplot
2022-10-14,7484,11210113,cowplot
2022-10-15,3500,11213613,cowplot
2022-10-16,3564,11217177,cowplot
2022-10-17,8266,11225443,cowplot
2022-10-18,8300,11233743,cowplot
2022-10-19,8129,11241872,cowplot
2022-10-20,8250,11250122,cowplot
2022-10-21,6968,11257090,cowplot
2022-10-22,3446,11260536,cowplot
2022-10-23,3570,11264106,cowplot
2022-10-24,8530,11272636,cowplot
2022-10-25,8380,11281016,cowplot
2022-10-26,8648,11289664,cowplot
2022-10-27,8601,11298265,cowplot
2022-10-28,6906,11305171,cowplot
2022-10-29,3338,11308509,cowplot
2022-10-30,3546,11312055,cowplot
2022-10-31,7549,11319604,cowplot
2022-11-01,7792,11327396,cowplot
2022-11-02,8721,11336117,cowplot
2022-11-03,9028,11345145,cowplot
2022-11-04,7900,11353045,cowplot
2022-11-05,3638,11356683,cowplot
2022-11-06,3926,11360609,cowplot
2022-11-07,9566,11370175,cowplot
2022-11-08,10243,11380418,cowplot
2022-11-09,9398,11389816,cowplot
2022-11-10,8877,11398693,cowplot
2022-11-11,6948,11405641,cowplot
2022-11-12,3923,11409564,cowplot
2022-11-13,3984,11413548,cowplot
2022-11-14,9190,11422738,cowplot
2022-11-15,9911,11432649,cowplot
2022-11-16,9704,11442353,cowplot
2022-11-17,9500,11451853,cowplot
2022-11-18,8379,11460232,cowplot
2022-11-19,3971,11464203,cowplot
2022-11-20,7970,11472173,cowplot
2022-11-21,8905,11481078,cowplot
2022-11-22,9264,11490342,cowplot
2022-11-23,8348,11498690,cowplot
2022-11-24,7362,11506052,cowplot
2022-11-25,6211,11512263,cowplot
2022-11-26,3484,11515747,cowplot
2022-11-27,4002,11519749,cowplot
2022-11-28,8732,11528481,cowplot
2022-11-29,9398,11537879,cowplot
2022-11-30,9104,11546983,cowplot
2022-12-01,8920,11555903,cowplot
2022-12-02,7511,11563414,cowplot
2022-12-03,3892,11567306,cowplot
2022-12-04,4261,11571567,cowplot
2022-12-05,8294,11579861,cowplot
2022-12-06,8810,11588671,cowplot
2022-12-07,9098,11597769,cowplot
2022-12-08,7703,11605472,cowplot
2022-12-09,7403,11612875,cowplot
2022-12-10,3681,11616556,cowplot
2022-12-11,3921,11620477,cowplot
2022-12-12,7366,11627843,cowplot
2022-12-13,7506,11635349,cowplot
2022-12-14,7333,11642682,cowplot
2022-12-15,6669,11649351,cowplot
2022-12-16,5685,11655036,cowplot
2022-12-17,3042,11658078,cowplot
2022-12-18,3016,11661094,cowplot
2022-12-19,5967,11667061,cowplot
2022-12-20,6487,11673548,cowplot
2022-12-21,5719,11679267,cowplot
2022-12-22,5510,11684777,cowplot
2022-12-23,3683,11688460,cowplot
2022-12-24,1855,11690315,cowplot
2022-12-25,1722,11692037,cowplot
2022-12-26,2764,11694801,cowplot
2022-12-27,3951,11698752,cowplot
2022-12-28,4057,11702809,cowplot
2022-12-29,4088,11706897,cowplot
2022-12-30,3301,11710198,cowplot
2022-12-31,1693,11711891,cowplot
2023-01-01,1857,11713748,cowplot
2023-01-02,3558,11717306,cowplot
2023-01-03,5264,11722570,cowplot
2023-01-04,6252,11728822,cowplot
2023-01-05,6400,11735222,cowplot
2023-01-06,5913,11741135,cowplot
2023-01-07,2665,11743800,cowplot
2023-01-08,2679,11746479,cowplot
2023-01-09,5958,11752437,cowplot
2023-01-10,6546,11758983,cowplot
2023-01-11,6714,11765697,cowplot
2023-01-12,6229,11771926,cowplot
2023-01-13,5160,11777086,cowplot
2023-01-14,2445,11779531,cowplot
2023-01-15,2843,11782374,cowplot
2023-01-16,5604,11787978,cowplot
2023-01-17,7089,11795067,cowplot
2023-01-18,6351,11801418,cowplot
2023-01-19,6392,11807810,cowplot
2023-01-20,5407,11813217,cowplot
2023-01-21,2314,11815531,cowplot
2023-01-22,2480,11818011,cowplot
2023-01-23,5708,11823719,cowplot
2023-01-24,6462,11830181,cowplot
2023-01-25,6292,11836473,cowplot
2023-01-26,6228,11842701,cowplot
2023-01-27,5542,11848243,cowplot
2023-01-28,2711,11850954,cowplot
2023-01-29,2820,11853774,cowplot
2023-01-30,6279,11860053,cowplot
2023-01-31,6958,11867011,cowplot
2023-02-01,7665,11874676,cowplot
2023-02-02,7033,11881709,cowplot
2023-02-03,6188,11887897,cowplot
2023-02-04,2757,11890654,cowplot
2023-02-05,2912,11893566,cowplot
2023-02-06,6769,11900335,cowplot
2023-02-07,7135,11907470,cowplot
2023-02-08,7165,11914635,cowplot
2023-02-09,7329,11921964,cowplot
2023-02-10,6453,11928417,cowplot
2023-02-11,2963,11931380,cowplot
2023-02-12,3225,11934605,cowplot
2023-02-13,6835,11941440,cowplot
2023-02-14,6836,11948276,cowplot
2023-02-15,7094,11955370,cowplot
2023-02-16,7164,11962534,cowplot
2023-02-17,6410,11968944,cowplot
2023-02-18,3095,11972039,cowplot
2023-02-19,3046,11975085,cowplot
2023-02-20,6335,11981420,cowplot
2023-02-21,7409,11988829,cowplot
2023-02-22,7131,11995960,cowplot
2023-02-23,7484,12003444,cowplot
2023-02-24,6401,12009845,cowplot
2023-02-25,3035,12012880,cowplot
2023-02-26,3175,12016055,cowplot
2023-02-27,6740,12022795,cowplot
2023-02-28,7274,12030069,cowplot
2023-03-01,7759,12037828,cowplot
2023-03-02,7013,12044841,cowplot
2023-03-03,6559,12051400,cowplot
2023-03-04,3175,12054575,cowplot
2023-03-05,3259,12057834,cowplot
2023-03-06,7424,12065258,cowplot
2023-03-07,7463,12072721,cowplot
2023-03-08,7164,12079885,cowplot
2023-03-09,7071,12086956,cowplot
2023-03-10,6164,12093120,cowplot
2023-03-11,3087,12096207,cowplot
2023-03-12,3130,12099337,cowplot
2023-03-13,6938,12106275,cowplot
2023-03-14,7654,12113929,cowplot
2023-03-15,7262,12121191,cowplot
2023-03-16,7103,12128294,cowplot
2023-03-17,5992,12134286,cowplot
2023-03-18,3109,12137395,cowplot
2023-03-19,3415,12140810,cowplot
2023-03-20,7379,12148189,cowplot
2023-03-21,7392,12155581,cowplot
2023-03-22,7740,12163321,cowplot
2023-03-23,7544,12170865,cowplot
2023-03-24,6600,12177465,cowplot
2023-03-25,3281,12180746,cowplot
2023-03-26,3516,12184262,cowplot
2023-03-27,7694,12191956,cowplot
2023-03-28,8293,12200249,cowplot
2023-03-29,7730,12207979,cowplot
2023-03-30,7515,12215494,cowplot
2023-03-31,6319,12221813,cowplot
2023-04-01,3365,12225178,cowplot
2023-04-02,3316,12228494,cowplot
2023-04-03,7250,12235744,cowplot
2023-04-04,7449,12243193,cowplot
2023-04-05,6785,12249978,cowplot
2023-04-06,6779,12256757,cowplot
2023-04-07,4763,12261520,cowplot
2023-04-08,3006,12264526,cowplot
2023-04-09,3119,12267645,cowplot
2023-04-10,5994,12273639,cowplot
2023-04-11,7835,12281474,cowplot
2023-04-12,7497,12288971,cowplot
2023-04-13,7149,12296120,cowplot
2023-04-14,6178,12302298,cowplot
2023-04-15,3240,12305538,cowplot
2023-04-16,3445,12308983,cowplot
2023-04-17,7084,12316067,cowplot
2023-04-18,7452,12323519,cowplot
2023-04-19,7645,12331164,cowplot
2023-04-20,7287,12338451,cowplot
2023-04-21,6044,12344495,cowplot
2023-04-22,3508,12348003,cowplot
2023-04-23,4070,12352073,cowplot
2023-04-24,8471,12360544,cowplot
2023-04-25,8542,12369086,cowplot
2023-04-26,8460,12377546,cowplot
2023-04-27,8593,12386139,cowplot
2023-04-28,6464,12392603,cowplot
2023-04-29,3355,12395958,cowplot
2023-04-30,3413,12399371,cowplot
2023-05-01,5521,12404892,cowplot
2023-05-02,7257,12412149,cowplot
2023-05-03,7552,12419701,cowplot
2023-05-04,8164,12427865,cowplot
2023-05-05,6822,12434687,cowplot
2023-05-06,3482,12438169,cowplot
2023-05-07,3410,12441579,cowplot
2023-05-08,7377,12448956,cowplot
2023-05-09,7579,12456535,cowplot
2023-05-10,7806,12464341,cowplot
2023-05-11,7780,12472121,cowplot
2023-05-12,6522,12478643,cowplot
2023-05-13,3356,12481999,cowplot
2023-05-14,3628,12485627,cowplot
2023-05-15,8226,12493853,cowplot
2023-05-16,8515,12502368,cowplot
2023-05-17,7521,12509889,cowplot
2023-05-18,6848,12516737,cowplot
2023-05-19,6220,12522957,cowplot
2023-05-20,3382,12526339,cowplot
2023-05-21,3323,12529662,cowplot
2023-05-22,7338,12537000,cowplot
2023-05-23,7818,12544818,cowplot
2023-05-24,7914,12552732,cowplot
2023-05-25,7483,12560215,cowplot
2023-05-26,6251,12566466,cowplot
2023-05-27,3438,12569904,cowplot
2023-05-28,3301,12573205,cowplot
2023-05-29,5428,12578633,cowplot
2023-05-30,7072,12585705,cowplot
2023-05-31,7325,12593030,cowplot
2023-06-01,6924,12599954,cowplot
2023-06-02,5903,12605857,cowplot
2023-06-03,2986,12608843,cowplot
2023-06-04,3198,12612041,cowplot
2023-06-05,7180,12619221,cowplot
2023-06-06,6822,12626043,cowplot
2023-06-07,6851,12632894,cowplot
2023-06-08,6519,12639413,cowplot
2023-06-09,6093,12645506,cowplot
2023-06-10,3130,12648636,cowplot
2023-06-11,3476,12652112,cowplot
2023-06-12,6958,12659070,cowplot
2023-06-13,7199,12666269,cowplot
2023-06-14,7076,12673345,cowplot
2023-06-15,7099,12680444,cowplot
2023-06-16,5988,12686432,cowplot
2023-06-17,3020,12689452,cowplot
2023-06-18,3053,12692505,cowplot
2023-06-19,6512,12699017,cowplot
2023-06-20,6985,12706002,cowplot
2023-06-21,6155,12712157,cowplot
2023-06-22,5930,12718087,cowplot
2023-06-23,5055,12723142,cowplot
2023-06-24,2662,12725804,cowplot
2023-06-25,3039,12728843,cowplot
2023-06-26,6293,12735136,cowplot
2023-06-27,6508,12741644,cowplot
2023-06-28,5744,12747388,cowplot
2023-06-29,5667,12753055,cowplot
2023-06-30,5520,12758575,cowplot
2023-07-01,3720,12762295,cowplot
2023-07-02,3723,12766018,cowplot
2023-07-03,5802,12771820,cowplot
2023-07-04,5065,12776885,cowplot
2023-07-05,5876,12782761,cowplot
2023-07-06,6127,12788888,cowplot
2023-07-07,5378,12794266,cowplot
2023-07-08,2596,12796862,cowplot
2023-07-09,2794,12799656,cowplot
2023-07-10,6493,12806149,cowplot
2023-07-11,6306,12812455,cowplot
2023-07-12,6479,12818934,cowplot
2023-07-13,6137,12825071,cowplot
2023-07-14,5230,12830301,cowplot
2023-07-15,2859,12833160,cowplot
2023-07-16,2921,12836081,cowplot
2023-07-17,6041,12842122,cowplot
2023-07-18,6603,12848725,cowplot
2023-07-19,6190,12854915,cowplot
2023-07-20,6049,12860964,cowplot
2023-07-21,4979,12865943,cowplot
2023-07-22,2518,12868461,cowplot
2023-07-23,2716,12871177,cowplot
2023-07-24,5867,12877044,cowplot
2023-07-25,5985,12883029,cowplot
2023-07-26,5941,12888970,cowplot
2023-07-27,5323,12894293,cowplot
2023-07-28,4875,12899168,cowplot
2023-07-29,2412,12901580,cowplot
2023-07-30,2569,12904149,cowplot
2023-07-31,5356,12909505,cowplot
2023-08-01,5586,12915091,cowplot
2023-08-02,5457,12920548,cowplot
2023-08-03,5651,12926199,cowplot
2023-08-04,5156,12931355,cowplot
2023-08-05,2442,12933797,cowplot
2023-08-06,2559,12936356,cowplot
2023-08-07,5343,12941699,cowplot
2023-08-08,5732,12947431,cowplot
2023-08-09,5657,12953088,cowplot
2023-08-10,5817,12958905,cowplot
2023-08-11,4624,12963529,cowplot
2023-08-12,2438,12965967,cowplot
2023-08-13,2798,12968765,cowplot
2023-08-14,5373,12974138,cowplot
2023-08-15,5161,12979299,cowplot
2023-08-16,5413,12984712,cowplot
2023-08-17,5840,12990552,cowplot
2023-08-18,5197,12995749,cowplot
2023-08-19,2478,12998227,cowplot
2023-08-20,2833,13001060,cowplot
2023-08-21,5310,13006370,cowplot
2023-08-22,5708,13012078,cowplot
2023-08-23,6301,13018379,cowplot
2023-08-24,6033,13024412,cowplot
2023-08-25,5913,13030325,cowplot
2023-08-26,2798,13033123,cowplot
2023-08-27,2973,13036096,cowplot
2023-08-28,6200,13042296,cowplot
2023-08-29,6179,13048475,cowplot
2023-08-30,6564,13055039,cowplot
2023-08-31,6082,13061121,cowplot
2023-09-01,5382,13066503,cowplot
2023-09-02,2893,13069396,cowplot
2023-09-03,3020,13072416,cowplot
2023-09-04,5360,13077776,cowplot
2023-09-05,6661,13084437,cowplot
2023-09-06,6537,13090974,cowplot
2023-09-07,6884,13097858,cowplot
2023-09-08,5915,13103773,cowplot
2023-09-09,3044,13106817,cowplot
2023-09-10,3441,13110258,cowplot
2023-09-11,6475,13116733,cowplot
2023-09-12,6966,13123699,cowplot
2023-09-13,7138,13130837,cowplot
2023-09-14,6584,13137421,cowplot
2023-09-15,5873,13143294,cowplot
2023-09-16,3010,13146304,cowplot
2023-09-17,3190,13149494,cowplot
2023-09-18,6631,13156125,cowplot
2023-09-19,7037,13163162,cowplot
2023-09-20,6969,13170131,cowplot
2023-09-21,7037,13177168,cowplot
2023-09-22,6146,13183314,cowplot
2023-09-23,3109,13186423,cowplot
2023-09-24,3243,13189666,cowplot
2023-09-25,6810,13196476,cowplot
2023-09-26,7145,13203621,cowplot
2023-09-27,7336,13210957,cowplot
2023-09-28,7463,13218420,cowplot
2023-09-29,5798,13224218,cowplot
2023-09-30,2866,13227084,cowplot
2023-10-01,3113,13230197,cowplot
2023-10-02,6399,13236596,cowplot
2023-10-03,7350,13243946,cowplot
2023-10-04,7096,13251042,cowplot
2023-10-05,7403,13258445,cowplot
2023-10-06,6345,13264790,cowplot
2023-10-07,3486,13268276,cowplot
2023-10-08,3692,13271968,cowplot
2023-10-09,6921,13278889,cowplot
2023-10-10,7471,13286360,cowplot
2023-10-11,8075,13294435,cowplot
2023-10-12,7620,13302055,cowplot
2023-10-13,6860,13308915,cowplot
2023-10-14,3176,13312091,cowplot
2023-10-15,3472,13315563,cowplot
2023-10-16,7468,13323031,cowplot
2023-10-17,8067,13331098,cowplot
2023-10-18,7869,13338967,cowplot
2023-10-19,7840,13346807,cowplot
2023-10-20,6843,13353650,cowplot
2023-10-21,4157,13357807,cowplot
2023-10-22,3953,13361760,cowplot
2023-10-23,7568,13369328,cowplot
2023-10-24,8009,13377337,cowplot
2023-10-25,7807,13385144,cowplot
2023-10-26,7773,13392917,cowplot
2023-10-27,5858,13398775,cowplot
2023-10-28,3289,13402064,cowplot
2023-10-29,3456,13405520,cowplot
2023-10-30,7358,13412878,cowplot
2023-10-31,7708,13420586,cowplot
2023-11-01,7199,13427785,cowplot
2023-11-02,8843,13436628,cowplot
2023-11-03,7086,13443714,cowplot
2023-11-04,3313,13447027,cowplot
2023-11-05,3669,13450696,cowplot
2023-11-06,8034,13458730,cowplot
2023-11-07,8162,13466892,cowplot
2023-11-08,8506,13475398,cowplot
2023-11-09,7655,13483053,cowplot
2023-11-10,6800,13489853,cowplot
2023-11-11,3380,13493233,cowplot
2023-11-12,3489,13496722,cowplot
2023-11-13,7865,13504587,cowplot
2023-11-14,8422,13513009,cowplot
2023-11-15,8210,13521219,cowplot
2023-11-16,8054,13529273,cowplot
2023-11-17,6731,13536004,cowplot
2023-11-18,3216,13539220,cowplot
2023-11-19,3819,13543039,cowplot
2023-11-20,8217,13551256,cowplot
2023-11-21,8198,13559454,cowplot
2023-11-22,7258,13566712,cowplot
2023-11-23,6842,13573554,cowplot
2023-11-24,5724,13579278,cowplot
2023-11-25,3425,13582703,cowplot
2023-11-26,4139,13586842,cowplot
2023-11-27,7838,13594680,cowplot
2023-11-28,7903,13602583,cowplot
2023-11-29,7942,13610525,cowplot
2023-11-30,7782,13618307,cowplot
2023-12-01,6821,13625128,cowplot
2023-12-02,3842,13628970,cowplot
2023-12-03,4019,13632989,cowplot
2023-12-04,7900,13640889,cowplot
2023-12-05,8339,13649228,cowplot
2023-12-06,7568,13656796,cowplot
2023-12-07,7905,13664701,cowplot
2023-12-08,6900,13671601,cowplot
2023-12-09,4063,13675664,cowplot
2023-12-10,3966,13679630,cowplot
2023-12-11,7422,13687052,cowplot
2023-12-12,7597,13694649,cowplot
2023-12-13,6925,13701574,cowplot
2023-12-14,6681,13708255,cowplot
2023-12-15,9335,13717590,cowplot
2023-12-16,4916,13722506,cowplot
2023-12-17,5154,13727660,cowplot
2023-12-18,10585,13738245,cowplot
2023-12-19,9701,13747946,cowplot
2023-12-20,9499,13757445,cowplot
2023-12-21,8097,13765542,cowplot
2023-12-22,5887,13771429,cowplot
2023-12-23,3256,13774685,cowplot
2023-12-24,3104,13777789,cowplot
2023-12-25,3603,13781392,cowplot
2023-12-26,4428,13785820,cowplot
2023-12-27,5332,13791152,cowplot
2023-12-28,5055,13796207,cowplot
2023-12-29,4337,13800544,cowplot
2023-12-30,2892,13803436,cowplot
2023-12-31,2384,13805820,cowplot
2024-01-01,2544,13808364,cowplot
2024-01-02,6221,13814585,cowplot
2024-01-03,6983,13821568,cowplot
2024-01-04,7165,13828733,cowplot
2024-01-05,6616,13835349,cowplot
2024-01-06,3813,13839162,cowplot
2024-01-07,3686,13842848,cowplot
2024-01-08,8130,13850978,cowplot
2024-01-09,8592,13859570,cowplot
2024-01-10,8418,13867988,cowplot
2024-01-11,8487,13876475,cowplot
2024-01-12,7567,13884042,cowplot
2024-01-13,3557,13887599,cowplot
2024-01-14,3615,13891214,cowplot
2024-01-15,7217,13898431,cowplot
2024-01-16,8343,13906774,cowplot
2024-01-17,8305,13915079,cowplot
2024-01-18,8409,13923488,cowplot
2024-01-19,7182,13930670,cowplot
2024-01-20,3684,13934354,cowplot
2024-01-21,3896,13938250,cowplot
2024-01-22,8476,13946726,cowplot
2024-01-23,13427,13960153,cowplot
2024-01-24,11575,13971728,cowplot
2024-01-25,10601,13982329,cowplot
2024-01-26,8463,13990792,cowplot
2024-01-27,4088,13994880,cowplot
2024-01-28,4703,13999583,cowplot
2024-01-29,10186,14009769,cowplot
2024-01-30,9854,14019623,cowplot
2024-01-31,9450,14029073,cowplot
2024-02-01,9701,14038774,cowplot
2024-02-02,8530,14047304,cowplot
2024-02-03,3618,14050922,cowplot
2024-02-04,4403,14055325,cowplot
2024-02-05,9549,14064874,cowplot
2024-02-06,9455,14074329,cowplot
2024-02-07,8967,14083296,cowplot
2024-02-08,8126,14091422,cowplot
2024-02-09,6739,14098161,cowplot
2024-02-10,2898,14101059,cowplot
2024-02-11,3184,14104243,cowplot
2024-02-12,7222,14111465,cowplot
2024-02-13,8127,14119592,cowplot
2024-02-14,7746,14127338,cowplot
2024-02-15,8050,14135388,cowplot
2024-02-16,7474,14142862,cowplot
2024-02-17,4038,14146900,cowplot
2024-02-18,3872,14150772,cowplot
2024-02-19,7855,14158627,cowplot
2024-02-20,9107,14167734,cowplot
2024-02-21,8812,14176546,cowplot
2024-02-22,9399,14185945,cowplot
2024-02-23,7848,14193793,cowplot
2024-02-24,3503,14197296,cowplot
2024-02-25,4584,14201880,cowplot
2024-02-26,9890,14211770,cowplot
2024-02-27,11148,14222918,cowplot
2024-02-28,10163,14233081,cowplot
2024-02-29,9606,14242687,cowplot
2024-03-01,8480,14251167,cowplot
2024-03-02,3914,14255081,cowplot
2024-03-03,4400,14259481,cowplot
2024-03-04,10218,14269699,cowplot
2024-03-05,10430,14280129,cowplot
2024-03-06,10109,14290238,cowplot
2024-03-07,10241,14300479,cowplot
2024-03-08,8764,14309243,cowplot
2024-03-09,3662,14312905,cowplot
2024-03-10,4219,14317124,cowplot
2024-03-11,9849,14326973,cowplot
2024-03-12,11473,14338446,cowplot
2024-03-13,10344,14348790,cowplot
2024-03-14,10859,14359649,cowplot
2024-03-15,9070,14368719,cowplot
2024-03-16,3858,14372577,cowplot
2024-03-17,4349,14376926,cowplot
2024-03-18,8830,14385756,cowplot
2024-03-19,10237,14395993,cowplot
2024-03-20,9048,14405041,cowplot
2024-03-21,9535,14414576,cowplot
2024-03-22,7690,14422266,cowplot
2024-03-23,3864,14426130,cowplot
2024-03-24,4009,14430139,cowplot
2024-03-25,8356,14438495,cowplot
2024-03-26,9005,14447500,cowplot
2024-03-27,9118,14456618,cowplot
2024-03-28,8057,14464675,cowplot
2024-03-29,6048,14470723,cowplot
2024-03-30,3794,14474517,cowplot
2024-03-31,3674,14478191,cowplot
2024-04-01,6454,14484645,cowplot
2024-04-02,9034,14493679,cowplot
2024-04-03,8798,14502477,cowplot
2024-04-04,8349,14510826,cowplot
2024-04-05,7203,14518029,cowplot
2024-04-06,4048,14522077,cowplot
2024-04-07,4786,14526863,cowplot
2024-04-08,8914,14535777,cowplot
2024-04-09,8860,14544637,cowplot
2024-04-10,8723,14553360,cowplot
2024-04-11,8530,14561890,cowplot
2024-04-12,7626,14569516,cowplot
2024-04-13,4018,14573534,cowplot
2024-04-14,3951,14577485,cowplot
2024-04-15,9324,14586809,cowplot
2024-04-16,9137,14595946,cowplot
2024-04-17,8902,14604848,cowplot
2024-04-18,8629,14613477,cowplot
2024-04-19,7455,14620932,cowplot
2024-04-20,4920,14625852,cowplot
2024-04-21,4528,14630380,cowplot
2024-04-22,8978,14639358,cowplot
2024-04-23,9475,14648833,cowplot
2024-04-24,8824,14657657,cowplot
2024-04-25,9297,14666954,cowplot
2024-04-26,8140,14675094,cowplot
2024-04-27,4152,14679246,cowplot
2024-04-28,4888,14684134,cowplot
2024-04-29,9621,14693755,cowplot
2024-04-30,9725,14703480,cowplot
2024-05-01,9284,14712764,cowplot
2024-05-02,9886,14722650,cowplot
2024-05-03,8457,14731107,cowplot
2024-05-04,4555,14735662,cowplot
2024-05-05,4713,14740375,cowplot
2024-05-06,9585,14749960,cowplot
2024-05-07,9797,14759757,cowplot
2024-05-08,9501,14769258,cowplot
2024-05-09,8607,14777865,cowplot
2024-05-10,7921,14785786,cowplot
2024-05-11,4466,14790252,cowplot
2024-05-12,4090,14794342,cowplot
2024-05-13,9556,14803898,cowplot
2024-05-14,9394,14813292,cowplot
2024-05-15,9604,14822896,cowplot
2024-05-16,9232,14832128,cowplot
2024-05-17,8104,14840232,cowplot
2024-05-18,4092,14844324,cowplot
2024-05-19,3985,14848309,cowplot
2024-05-20,7970,14856279,cowplot
2024-05-21,9609,14865888,cowplot
2024-05-22,10104,14875992,cowplot
2024-05-23,9205,14885197,cowplot
2024-05-24,7924,14893121,cowplot
2024-05-25,4030,14897151,cowplot
2024-05-26,4401,14901552,cowplot
2024-05-27,7659,14909211,cowplot
2024-05-28,9460,14918671,cowplot
2024-05-29,9050,14927721,cowplot
2024-05-30,8104,14935825,cowplot
2024-05-31,8347,14944172,cowplot
2024-06-01,3658,14947830,cowplot
2024-06-02,4100,14951930,cowplot
2024-06-03,8630,14960560,cowplot
2024-06-04,9046,14969606,cowplot
2024-06-05,8780,14978386,cowplot
2024-06-06,8026,14986412,cowplot
2024-06-07,6633,14993045,cowplot
2024-06-08,3352,14996397,cowplot
2024-06-09,3726,15000123,cowplot
2024-06-10,7637,15007760,cowplot
2024-06-11,8454,15016214,cowplot
2024-06-12,8358,15024572,cowplot
2024-06-13,8953,15033525,cowplot
2024-06-14,6767,15040292,cowplot
2024-06-15,3354,15043646,cowplot
2024-06-16,3636,15047282,cowplot
2024-06-17,7900,15055182,cowplot
2024-06-18,7936,15063118,cowplot
2024-06-19,7736,15070854,cowplot
2024-06-20,7730,15078584,cowplot
2024-06-21,6386,15084970,cowplot
2024-06-22,3158,15088128,cowplot
2024-06-23,3360,15091488,cowplot
2024-06-24,7131,15098619,cowplot
2024-06-25,7708,15106327,cowplot
2024-06-26,7490,15113817,cowplot
2024-06-27,11337,15125154,cowplot
2024-06-28,9381,15134535,cowplot
2024-06-29,4629,15139164,cowplot
2024-06-30,5358,15144522,cowplot
2024-07-01,10104,15154626,cowplot
2024-07-02,11264,15165890,cowplot
2024-07-03,11208,15177098,cowplot
2024-07-04,9514,15186612,cowplot
2024-07-05,8591,15195203,cowplot
2024-07-06,4739,15199942,cowplot
2024-07-07,5058,15205000,cowplot
2024-07-08,10151,15215151,cowplot
2024-07-09,10816,15225967,cowplot
2024-07-10,10644,15236611,cowplot
2024-07-11,10326,15246937,cowplot
2024-07-12,9433,15256370,cowplot
2024-07-13,4660,15261030,cowplot
2024-07-14,4709,15265739,cowplot
2024-07-15,9940,15275679,cowplot
2024-07-16,10168,15285847,cowplot
2024-07-17,10291,15296138,cowplot
2024-07-18,9917,15306055,cowplot
2024-07-19,8330,15314385,cowplot
2024-07-20,4761,15319146,cowplot
2024-07-21,4756,15323902,cowplot
2024-07-22,9610,15333512,cowplot
2024-07-23,10078,15343590,cowplot
2024-07-24,10257,15353847,cowplot
2024-07-25,10002,15363849,cowplot
2024-07-26,8695,15372544,cowplot
2024-07-27,4410,15376954,cowplot
2024-07-28,4565,15381519,cowplot
2024-07-29,9142,15390661,cowplot
2024-07-30,10123,15400784,cowplot
2024-07-31,9315,15410099,cowplot
2024-08-01,9461,15419560,cowplot
2024-08-02,8456,15428016,cowplot
2024-08-03,4413,15432429,cowplot
2024-08-04,5063,15437492,cowplot
2024-08-05,9115,15446607,cowplot
2024-08-06,9654,15456261,cowplot
2024-08-07,9091,15465352,cowplot
2024-08-08,8707,15474059,cowplot
2024-08-09,7184,15481243,cowplot
2024-08-10,4435,15485678,cowplot
2024-08-11,3899,15489577,cowplot
2024-08-12,8349,15497926,cowplot
2024-08-13,9113,15507039,cowplot
2024-08-14,9437,15516476,cowplot
2024-08-15,8842,15525318,cowplot
2024-08-16,7984,15533302,cowplot
2024-08-17,4043,15537345,cowplot
2024-08-18,4276,15541621,cowplot
2024-08-19,9540,15551161,cowplot
2024-08-20,9670,15560831,cowplot
2024-08-21,9932,15570763,cowplot
2024-08-22,10385,15581148,cowplot
2024-08-23,8585,15589733,cowplot
2024-08-24,4735,15594468,cowplot
2024-08-25,4812,15599280,cowplot
2024-08-26,10065,15609345,cowplot
2024-08-27,10503,15619848,cowplot
2024-08-28,10587,15630435,cowplot
2024-08-29,11060,15641495,cowplot
2024-08-30,9079,15650574,cowplot
2024-08-31,4690,15655264,cowplot
2024-09-01,4890,15660154,cowplot
2024-09-02,9360,15669514,cowplot
2024-09-03,11607,15681121,cowplot
2024-09-04,11724,15692845,cowplot
2024-09-05,11771,15704616,cowplot
2024-09-06,10105,15714721,cowplot
2024-09-07,4747,15719468,cowplot
2024-09-08,5392,15724860,cowplot
2024-09-09,12021,15736881,cowplot
2024-09-10,14512,15751393,cowplot
2024-09-11,13481,15764874,cowplot
2024-09-12,12979,15777853,cowplot
2024-09-13,10937,15788790,cowplot
2024-09-14,5595,15794385,cowplot
2024-09-15,5261,15799646,cowplot
2024-09-16,11525,15811171,cowplot
2024-09-17,12203,15823374,cowplot
2024-09-18,13835,15837209,cowplot
2024-09-19,13480,15850689,cowplot
2024-09-20,11123,15861812,cowplot
2024-09-21,5770,15867582,cowplot
2024-09-22,6207,15873789,cowplot
2024-09-23,13163,15886952,cowplot
2024-09-24,14671,15901623,cowplot
2024-09-25,14403,15916026,cowplot
2024-09-26,14587,15930613,cowplot
2024-09-27,12185,15942798,cowplot
2024-09-28,6302,15949100,cowplot
2024-09-29,6510,15955610,cowplot
2024-09-30,13542,15969152,cowplot
2024-10-01,13797,15982949,cowplot
2024-10-02,13604,15996553,cowplot
2024-10-03,13220,16009773,cowplot
2024-10-04,10982,16020755,cowplot
2024-10-05,5591,16026346,cowplot
2024-10-06,6055,16032401,cowplot
2024-10-07,13754,16046155,cowplot
2024-10-08,14853,16061008,cowplot
2024-10-09,15441,16076449,cowplot
2024-10-10,14713,16091162,cowplot
2024-10-11,12555,16103717,cowplot
2024-10-12,6484,16110201,cowplot
2024-10-13,6503,16116704,cowplot
2024-10-14,13616,16130320,cowplot
2024-10-15,15242,16145562,cowplot
2024-10-16,15629,16161191,cowplot
2024-10-17,15629,16176820,cowplot
2024-10-18,12600,16189420,cowplot
2024-10-19,5909,16195329,cowplot
2024-10-20,6430,16201759,cowplot
2024-10-21,18821,16220580,cowplot
2024-10-22,16538,16237118,cowplot
2024-10-23,16070,16253188,cowplot
2024-10-24,15209,16268397,cowplot
2024-10-25,12963,16281360,cowplot
2024-10-26,6090,16287450,cowplot
2024-10-27,6894,16294344,cowplot
2024-10-28,14727,16309071,cowplot
2024-10-29,15789,16324860,cowplot
2024-10-30,15912,16340772,cowplot
2024-10-31,15499,16356271,cowplot
2024-11-01,10322,16366593,cowplot
2024-11-02,6072,16372665,cowplot
2024-11-03,6614,16379279,cowplot
2024-11-04,14583,16393862,cowplot
2024-11-05,16056,16409918,cowplot
2024-11-06,15133,16425051,cowplot
2024-11-07,14404,16439455,cowplot
2024-11-08,13266,16452721,cowplot
2024-11-09,6790,16459511,cowplot
2024-11-10,6945,16466456,cowplot
2024-11-11,14893,16481349,cowplot
2024-11-12,16230,16497579,cowplot
2024-11-13,16024,16513603,cowplot
2024-11-14,15607,16529210,cowplot
2024-11-15,13380,16542590,cowplot
2024-11-16,6855,16549445,cowplot
2024-11-17,7377,16556822,cowplot
2024-11-18,15840,16572662,cowplot
2024-11-19,16568,16589230,cowplot
2024-11-20,15746,16604976,cowplot
2024-11-21,15790,16620766,cowplot
2024-11-22,12899,16633665,cowplot
2024-11-23,6972,16640637,cowplot
2024-11-24,7388,16648025,cowplot
2024-11-25,15315,16663340,cowplot
2024-11-26,15770,16679110,cowplot
2024-11-27,14145,16693255,cowplot
2024-11-28,12840,16706095,cowplot
2024-11-29,11268,16717363,cowplot
2024-11-30,6539,16723902,cowplot
2024-12-01,7276,16731178,cowplot
2024-12-02,14598,16745776,cowplot
2024-12-03,15386,16761162,cowplot
2024-12-04,14998,16776160,cowplot
2024-12-05,14456,16790616,cowplot
2024-12-06,11433,16802049,cowplot
2024-12-07,6694,16808743,cowplot
2024-12-08,6858,16815601,cowplot
2024-12-09,13461,16829062,cowplot
2024-12-10,13613,16842675,cowplot
2024-12-11,13565,16856240,cowplot
2024-12-12,11994,16868234,cowplot
2024-12-13,9970,16878204,cowplot
2024-12-14,14722,16892926,cowplot
2024-12-15,5762,16898688,cowplot
2024-12-16,11341,16910029,cowplot
2024-12-17,11382,16921411,cowplot
2024-12-18,11072,16932483,cowplot
2024-12-19,9969,16942452,cowplot
2024-12-20,7956,16950408,cowplot
2024-12-21,4235,16954643,cowplot
2024-12-22,4446,16959089,cowplot
2024-12-23,6344,16965433,cowplot
2024-12-24,5426,16970859,cowplot
2024-12-25,4330,16975189,cowplot
2024-12-26,5208,16980397,cowplot
2024-12-27,5611,16986008,cowplot
2024-12-28,3651,16989659,cowplot
2024-12-29,4495,16994154,cowplot
2024-12-30,6317,17000471,cowplot
2024-12-31,6201,17006672,cowplot
2025-01-01,3221,17009893,cowplot
2025-01-02,6382,17016275,cowplot
2025-01-03,6549,17022824,cowplot
2025-01-04,4467,17027291,cowplot
2025-01-05,4742,17032033,cowplot
2025-01-06,9051,17041084,cowplot
2025-01-07,10090,17051174,cowplot
2025-01-08,10710,17061884,cowplot
2025-01-09,10788,17072672,cowplot
2025-01-10,10034,17082706,cowplot
2025-01-11,4653,17087359,cowplot
2025-01-12,4981,17092340,cowplot
2025-01-13,10392,17102732,cowplot
2025-01-14,11286,17114018,cowplot
2025-01-15,11459,17125477,cowplot
2025-01-16,11453,17136930,cowplot
2025-01-17,10058,17146988,cowplot
2025-01-18,4452,17151440,cowplot
2025-01-19,5085,17156525,cowplot
2025-01-20,10135,17166660,cowplot
2025-01-21,11719,17178379,cowplot
2025-01-22,11870,17190249,cowplot
2025-01-23,11584,17201833,cowplot
2025-01-24,9807,17211640,cowplot
2025-01-25,5086,17216726,cowplot
2025-01-26,5351,17222077,cowplot
2025-01-27,10773,17232850,cowplot
2025-01-28,11843,17244693,cowplot
2025-01-29,12024,17256717,cowplot
2025-01-30,11926,17268643,cowplot
2025-01-31,9790,17278433,cowplot
2025-02-01,4843,17283276,cowplot
2025-02-02,5014,17288290,cowplot
2025-02-03,11287,17299577,cowplot
2025-02-04,12320,17311897,cowplot
2025-02-05,12803,17324700,cowplot
2025-02-06,11772,17336472,cowplot
2025-02-07,11295,17347767,cowplot
2025-02-08,5971,17353738,cowplot
2025-02-09,5774,17359512,cowplot
2025-02-10,12037,17371549,cowplot
2025-02-11,12796,17384345,cowplot
2025-02-12,12699,17397044,cowplot
2025-02-13,12215,17409259,cowplot
2025-02-14,11822,17421081,cowplot
2025-02-15,5339,17426420,cowplot
2025-02-16,5923,17432343,cowplot
2025-02-17,11822,17444165,cowplot
2025-02-18,13517,17457682,cowplot
2025-02-19,13658,17471340,cowplot
2025-02-20,13714,17485054,cowplot
2025-02-21,11808,17496862,cowplot
2025-02-22,6222,17503084,cowplot
2025-02-23,6449,17509533,cowplot
2025-02-24,13486,17523019,cowplot
2025-02-25,15517,17538536,cowplot
2025-02-26,14115,17552651,cowplot
2025-02-27,14773,17567424,cowplot
2025-02-28,12101,17579525,cowplot
2025-03-01,6370,17585895,cowplot
2025-03-02,7375,17593270,cowplot
2025-03-03,14014,17607284,cowplot
2025-03-04,16303,17623587,cowplot
2025-03-05,14877,17638464,cowplot
2025-03-06,15605,17654069,cowplot
2025-03-07,12557,17666626,cowplot
2025-03-08,6925,17673551,cowplot
2025-03-09,7202,17680753,cowplot
2025-03-10,14658,17695411,cowplot
2025-03-11,16162,17711573,cowplot
2025-03-12,15862,17727435,cowplot
2025-03-13,15264,17742699,cowplot
2025-03-14,12721,17755420,cowplot
2025-03-15,6940,17762360,cowplot
2025-03-16,7159,17769519,cowplot
2025-03-17,14534,17784053,cowplot
2025-03-18,15600,17799653,cowplot
2025-03-19,15216,17814869,cowplot
2025-03-20,15273,17830142,cowplot
2025-03-21,12558,17842700,cowplot
2025-03-22,11588,17854288,cowplot
2025-03-23,10017,17864305,cowplot
2025-03-24,14018,17878323,cowplot
2025-03-25,16713,17895036,cowplot
2025-03-26,17106,17912142,cowplot
2025-03-27,15710,17927852,cowplot
2025-03-28,13011,17940863,cowplot
2025-03-29,6868,17947731,cowplot
2025-03-30,7061,17954792,cowplot
2015-06-03,4,4,cowplot
2015-06-04,47,51,cowplot
2015-06-05,62,113,cowplot
2015-06-06,27,140,cowplot
2015-06-07,26,166,cowplot
2015-06-08,52,218,cowplot
2015-06-09,23,241,cowplot
2015-06-10,20,261,cowplot
2015-06-11,25,286,cowplot
2015-06-12,27,313,cowplot
2015-06-13,19,332,cowplot
2015-06-14,17,349,cowplot
2015-06-15,68,417,cowplot
2015-06-16,33,450,cowplot
2015-06-17,44,494,cowplot
2015-06-18,26,520,cowplot
2015-06-19,40,560,cowplot
2015-06-20,19,579,cowplot
2015-06-21,19,598,cowplot
2015-06-22,38,636,cowplot
2015-06-23,35,671,cowplot
2015-06-24,32,703,cowplot
2015-06-25,32,735,cowplot
2015-06-26,26,761,cowplot
2015-06-27,11,772,cowplot
2015-06-28,22,794,cowplot
2015-06-29,43,837,cowplot
2015-06-30,32,869,cowplot
2015-07-01,67,936,cowplot
2015-07-02,35,971,cowplot
2015-07-03,29,1000,cowplot
2015-07-04,17,1017,cowplot
2015-07-05,21,1038,cowplot
2015-07-06,36,1074,cowplot
2015-07-07,51,1125,cowplot
2015-07-08,46,1171,cowplot
2015-07-09,39,1210,cowplot
2015-07-10,29,1239,cowplot
2015-07-11,20,1259,cowplot
2015-07-12,10,1269,cowplot
2015-07-13,32,1301,cowplot
2015-07-14,28,1329,cowplot
2015-07-15,35,1364,cowplot
2015-07-16,24,1388,cowplot
2015-07-17,31,1419,cowplot
2015-07-18,20,1439,cowplot
2015-07-19,28,1467,cowplot
2015-07-20,27,1494,cowplot
2015-07-21,30,1524,cowplot
2015-07-22,34,1558,cowplot
2015-07-23,26,1584,cowplot
2015-07-24,28,1612,cowplot
2015-07-25,15,1627,cowplot
2015-07-26,14,1641,cowplot
2015-07-27,42,1683,cowplot
2015-07-28,50,1733,cowplot
2015-07-29,45,1778,cowplot
2015-07-30,52,1830,cowplot
2015-07-31,30,1860,cowplot
2015-08-01,21,1881,cowplot
2015-08-02,11,1892,cowplot
2015-08-03,25,1917,cowplot
2015-08-04,54,1971,cowplot
2015-08-05,34,2005,cowplot
2015-08-06,38,2043,cowplot
2015-08-07,47,2090,cowplot
2015-08-08,15,2105,cowplot
2015-08-09,13,2118,cowplot
2015-08-10,40,2158,cowplot
2015-08-11,27,2185,cowplot
2015-08-12,42,2227,cowplot
2015-08-13,34,2261,cowplot
2015-08-14,37,2298,cowplot
2015-08-15,20,2318,cowplot
2015-08-16,38,2356,cowplot
2015-08-17,54,2410,cowplot
2015-08-18,40,2450,cowplot
2015-08-19,52,2502,cowplot
2015-08-20,35,2537,cowplot
2015-08-21,26,2563,cowplot
2015-08-22,33,2596,cowplot
2015-08-23,30,2626,cowplot
2015-08-24,24,2650,cowplot
2015-08-25,36,2686,cowplot
2015-08-26,38,2724,cowplot
2015-08-27,37,2761,cowplot
2015-08-28,37,2798,cowplot
2015-08-29,28,2826,cowplot
2015-08-30,22,2848,cowplot
2015-08-31,33,2881,cowplot
2015-09-01,36,2917,cowplot
2015-09-02,40,2957,cowplot
2015-09-03,48,3005,cowplot
2015-09-04,33,3038,cowplot
2015-09-05,15,3053,cowplot
2015-09-06,24,3077,cowplot
2015-09-07,50,3127,cowplot
2015-09-08,48,3175,cowplot
2015-09-09,42,3217,cowplot
2015-09-10,46,3263,cowplot
2015-09-11,32,3295,cowplot
2015-09-12,12,3307,cowplot
2015-09-13,19,3326,cowplot
2015-09-14,57,3383,cowplot
2015-09-15,44,3427,cowplot
2015-09-16,190,3617,cowplot
2015-09-17,53,3670,cowplot
2015-09-18,45,3715,cowplot
2015-09-19,22,3737,cowplot
2015-09-20,25,3762,cowplot
2015-09-21,47,3809,cowplot
2015-09-22,58,3867,cowplot
2015-09-23,57,3924,cowplot
2015-09-24,51,3975,cowplot
2015-09-25,37,4012,cowplot
2015-09-26,24,4036,cowplot
2015-09-27,35,4071,cowplot
2015-09-28,40,4111,cowplot
2015-09-29,40,4151,cowplot
2015-09-30,52,4203,cowplot
2015-10-01,58,4261,cowplot
2015-10-02,59,4320,cowplot
2015-10-03,19,4339,cowplot
2015-10-04,28,4367,cowplot
2015-10-05,57,4424,cowplot
2015-10-06,44,4468,cowplot
2015-10-07,58,4526,cowplot
2015-10-08,59,4585,cowplot
2015-10-09,42,4627,cowplot
2015-10-10,16,4643,cowplot
2015-10-11,25,4668,cowplot
2015-10-12,59,4727,cowplot
2015-10-13,75,4802,cowplot
2015-10-14,52,4854,cowplot
2015-10-15,59,4913,cowplot
2015-10-16,60,4973,cowplot
2015-10-17,19,4992,cowplot
2015-10-18,28,5020,cowplot
2015-10-19,64,5084,cowplot
2015-10-20,59,5143,cowplot
2015-10-21,71,5214,cowplot
2015-10-22,70,5284,cowplot
2015-10-23,57,5341,cowplot
2015-10-24,23,5364,cowplot
2015-10-25,23,5387,cowplot
2015-10-26,63,5450,cowplot
2015-10-27,71,5521,cowplot
2015-10-28,63,5584,cowplot
2015-10-29,58,5642,cowplot
2015-10-30,57,5699,cowplot
2015-10-31,22,5721,cowplot
2015-11-01,32,5753,cowplot
2015-11-02,47,5800,cowplot
2015-11-03,70,5870,cowplot
2015-11-04,71,5941,cowplot
2015-11-05,59,6000,cowplot
2015-11-06,45,6045,cowplot
2015-11-07,20,6065,cowplot
2015-11-08,13,6078,cowplot
2015-11-09,58,6136,cowplot
2015-11-10,71,6207,cowplot
2015-11-11,74,6281,cowplot
2015-11-12,78,6359,cowplot
2015-11-13,71,6430,cowplot
2015-11-14,26,6456,cowplot
2015-11-15,41,6497,cowplot
2015-11-16,52,6549,cowplot
2015-11-17,54,6603,cowplot
2015-11-18,80,6683,cowplot
2015-11-19,78,6761,cowplot
2015-11-20,60,6821,cowplot
2015-11-21,30,6851,cowplot
2015-11-22,42,6893,cowplot
2015-11-23,60,6953,cowplot
2015-11-24,70,7023,cowplot
2015-11-25,71,7094,cowplot
2015-11-26,50,7144,cowplot
2015-11-27,39,7183,cowplot
2015-11-28,22,7205,cowplot
2015-11-29,44,7249,cowplot
2015-11-30,94,7343,cowplot
2015-12-01,89,7432,cowplot
2015-12-02,63,7495,cowplot
2015-12-03,71,7566,cowplot
2015-12-04,60,7626,cowplot
2015-12-05,43,7669,cowplot
2015-12-06,26,7695,cowplot
2015-12-07,61,7756,cowplot
2015-12-08,111,7867,cowplot
2015-12-09,93,7960,cowplot
2015-12-10,101,8061,cowplot
2015-12-11,71,8132,cowplot
2015-12-12,29,8161,cowplot
2015-12-13,32,8193,cowplot
2015-12-14,68,8261,cowplot
2015-12-15,85,8346,cowplot
2015-12-16,74,8420,cowplot
2015-12-17,63,8483,cowplot
2015-12-18,51,8534,cowplot
2015-12-19,59,8593,cowplot
2015-12-20,66,8659,cowplot
2015-12-21,146,8805,cowplot
2015-12-22,112,8917,cowplot
2015-12-23,77,8994,cowplot
2015-12-24,43,9037,cowplot
2015-12-25,28,9065,cowplot
2015-12-26,21,9086,cowplot
2015-12-27,27,9113,cowplot
2015-12-28,34,9147,cowplot
2015-12-29,60,9207,cowplot
2015-12-30,64,9271,cowplot
2015-12-31,32,9303,cowplot
2016-01-01,18,9321,cowplot
2016-01-02,32,9353,cowplot
2016-01-03,23,9376,cowplot
2016-01-04,92,9468,cowplot
2016-01-05,109,9577,cowplot
2016-01-06,77,9654,cowplot
2016-01-07,94,9748,cowplot
2016-01-08,86,9834,cowplot
2016-01-09,43,9877,cowplot
2016-01-10,39,9916,cowplot
2016-01-11,90,10006,cowplot
2016-01-12,100,10106,cowplot
2016-01-13,129,10235,cowplot
2016-01-14,137,10372,cowplot
2016-01-15,107,10479,cowplot
2016-01-16,40,10519,cowplot
2016-01-17,49,10568,cowplot
2016-01-18,85,10653,cowplot
2016-01-19,113,10766,cowplot
2016-01-20,134,10900,cowplot
2016-01-21,111,11011,cowplot
2016-01-22,108,11119,cowplot
2016-01-23,33,11152,cowplot
2016-01-24,61,11213,cowplot
2016-01-25,123,11336,cowplot
2016-01-26,99,11435,cowplot
2016-01-27,113,11548,cowplot
2016-01-28,113,11661,cowplot
2016-01-29,104,11765,cowplot
2016-01-30,49,11814,cowplot
2016-01-31,54,11868,cowplot
2016-02-01,89,11957,cowplot
2016-02-02,93,12050,cowplot
2016-02-03,112,12162,cowplot
2016-02-04,99,12261,cowplot
2016-02-05,149,12410,cowplot
2016-02-06,49,12459,cowplot
2016-02-07,36,12495,cowplot
2016-02-08,74,12569,cowplot
2016-02-09,92,12661,cowplot
2016-02-10,101,12762,cowplot
2016-02-11,107,12869,cowplot
2016-02-12,171,13040,cowplot
2016-02-13,52,13092,cowplot
2016-02-14,44,13136,cowplot
2016-02-15,74,13210,cowplot
2016-02-16,150,13360,cowplot
2016-02-17,123,13483,cowplot
2016-02-18,107,13590,cowplot
2016-02-19,84,13674,cowplot
2016-02-20,41,13715,cowplot
2016-02-21,44,13759,cowplot
2016-02-22,136,13895,cowplot
2016-02-23,117,14012,cowplot
2016-02-24,112,14124,cowplot
2016-02-25,143,14267,cowplot
2016-02-26,84,14351,cowplot
2016-02-27,50,14401,cowplot
2016-02-28,39,14440,cowplot
2016-02-29,118,14558,cowplot
2016-03-01,89,14647,cowplot
2016-03-02,177,14824,cowplot
2016-03-03,100,14924,cowplot
2016-03-04,97,15021,cowplot
2016-03-05,40,15061,cowplot
2016-03-06,93,15154,cowplot
2016-03-07,232,15386,cowplot
2016-03-08,197,15583,cowplot
2016-03-09,190,15773,cowplot
2016-03-10,154,15927,cowplot
2016-03-11,141,16068,cowplot
2016-03-12,79,16147,cowplot
2016-03-13,63,16210,cowplot
2016-03-14,126,16336,cowplot
2016-03-15,155,16491,cowplot
2016-03-16,166,16657,cowplot
2016-03-17,148,16805,cowplot
2016-03-18,153,16958,cowplot
2016-03-19,44,17002,cowplot
2016-03-20,61,17063,cowplot
2016-03-21,126,17189,cowplot
2016-03-22,155,17344,cowplot
2016-03-23,127,17471,cowplot
2016-03-24,107,17578,cowplot
2016-03-25,69,17647,cowplot
2016-03-26,66,17713,cowplot
2016-03-27,51,17764,cowplot
2016-03-28,95,17859,cowplot
2016-03-29,143,18002,cowplot
2016-03-30,123,18125,cowplot
2016-03-31,168,18293,cowplot
2016-04-01,96,18389,cowplot
2016-04-02,52,18441,cowplot
2016-04-03,56,18497,cowplot
2016-04-04,124,18621,cowplot
2016-04-05,168,18789,cowplot
2016-04-06,112,18901,cowplot
2016-04-07,139,19040,cowplot
2016-04-08,116,19156,cowplot
2016-04-09,48,19204,cowplot
2016-04-10,86,19290,cowplot
2016-04-11,121,19411,cowplot
2016-04-12,156,19567,cowplot
2016-04-13,180,19747,cowplot
2016-04-14,155,19902,cowplot
2016-04-15,108,20010,cowplot
2016-04-16,54,20064,cowplot
2016-04-17,78,20142,cowplot
2016-04-18,105,20247,cowplot
2016-04-19,121,20368,cowplot
2016-04-20,261,20629,cowplot
2016-04-21,258,20887,cowplot
2016-04-22,193,21080,cowplot
2016-04-23,84,21164,cowplot
2016-04-24,77,21241,cowplot
2016-04-25,162,21403,cowplot
2016-04-26,231,21634,cowplot
2016-04-27,191,21825,cowplot
2016-04-28,150,21975,cowplot
2016-04-29,166,22141,cowplot
2016-04-30,65,22206,cowplot
2016-05-01,62,22268,cowplot
2016-05-02,151,22419,cowplot
2016-05-03,170,22589,cowplot
2016-05-04,186,22775,cowplot
2016-05-05,173,22948,cowplot
2016-05-06,155,23103,cowplot
2016-05-07,69,23172,cowplot
2016-05-08,52,23224,cowplot
2016-05-09,187,23411,cowplot
2016-05-10,182,23593,cowplot
2016-05-11,177,23770,cowplot
2016-05-12,212,23982,cowplot
2016-05-13,184,24166,cowplot
2016-05-14,75,24241,cowplot
2016-05-15,55,24296,cowplot
2016-05-16,181,24477,cowplot
2016-05-17,184,24661,cowplot
2016-05-18,224,24885,cowplot
2016-05-19,209,25094,cowplot
2016-05-20,167,25261,cowplot
2016-05-21,85,25346,cowplot
2016-05-22,77,25423,cowplot
2016-05-23,169,25592,cowplot
2016-05-24,207,25799,cowplot
2016-05-25,168,25967,cowplot
2016-05-26,174,26141,cowplot
2016-05-27,160,26301,cowplot
2016-05-28,66,26367,cowplot
2016-05-29,37,26404,cowplot
2016-05-30,144,26548,cowplot
2016-05-31,200,26748,cowplot
2016-06-01,146,26894,cowplot
2016-06-02,163,27057,cowplot
2016-06-03,194,27251,cowplot
2016-06-04,74,27325,cowplot
2016-06-05,67,27392,cowplot
2016-06-06,162,27554,cowplot
2016-06-07,206,27760,cowplot
2016-06-08,211,27971,cowplot
2016-06-09,180,28151,cowplot
2016-06-10,150,28301,cowplot
2016-06-11,61,28362,cowplot
2016-06-12,73,28435,cowplot
2016-06-13,174,28609,cowplot
2016-06-14,228,28837,cowplot
2016-06-15,182,29019,cowplot
2016-06-16,174,29193,cowplot
2016-06-17,226,29419,cowplot
2016-06-18,71,29490,cowplot
2016-06-19,77,29567,cowplot
2016-06-20,210,29777,cowplot
2016-06-21,162,29939,cowplot
2016-06-22,203,30142,cowplot
2016-06-23,211,30353,cowplot
2016-06-24,160,30513,cowplot
2016-06-25,62,30575,cowplot
2016-06-26,50,30625,cowplot
2016-06-27,148,30773,cowplot
2016-06-28,180,30953,cowplot
2016-06-29,173,31126,cowplot
2016-06-30,148,31274,cowplot
2016-07-01,149,31423,cowplot
2016-07-02,53,31476,cowplot
2016-07-03,52,31528,cowplot
2016-07-04,149,31677,cowplot
2016-07-05,199,31876,cowplot
2016-07-06,191,32067,cowplot
2016-07-07,184,32251,cowplot
2016-07-08,145,32396,cowplot
2016-07-09,74,32470,cowplot
2016-07-10,63,32533,cowplot
2016-07-11,171,32704,cowplot
2016-07-12,222,32926,cowplot
2016-07-13,192,33118,cowplot
2016-07-14,165,33283,cowplot
2016-07-15,179,33462,cowplot
2016-07-16,66,33528,cowplot
2016-07-17,61,33589,cowplot
2016-07-18,161,33750,cowplot
2016-07-19,210,33960,cowplot
2016-07-20,179,34139,cowplot
2016-07-21,159,34298,cowplot
2016-07-22,165,34463,cowplot
2016-07-23,61,34524,cowplot
2016-07-24,56,34580,cowplot
2016-07-25,194,34774,cowplot
2016-07-26,216,34990,cowplot
2016-07-27,192,35182,cowplot
2016-07-28,284,35466,cowplot
2016-07-29,163,35629,cowplot
2016-07-30,91,35720,cowplot
2016-07-31,68,35788,cowplot
2016-08-01,179,35967,cowplot
2016-08-02,178,36145,cowplot
2016-08-03,173,36318,cowplot
2016-08-04,194,36512,cowplot
2016-08-05,150,36662,cowplot
2016-08-06,58,36720,cowplot
2016-08-07,56,36776,cowplot
2016-08-08,168,36944,cowplot
2016-08-09,218,37162,cowplot
2016-08-10,246,37408,cowplot
2016-08-11,187,37595,cowplot
2016-08-12,212,37807,cowplot
2016-08-13,100,37907,cowplot
2016-08-14,75,37982,cowplot
2016-08-15,212,38194,cowplot
2016-08-16,216,38410,cowplot
2016-08-17,230,38640,cowplot
2016-08-18,200,38840,cowplot
2016-08-19,164,39004,cowplot
2016-08-20,69,39073,cowplot
2016-08-21,77,39150,cowplot
2016-08-22,221,39371,cowplot
2016-08-23,220,39591,cowplot
2016-08-24,227,39818,cowplot
2016-08-25,187,40005,cowplot
2016-08-26,204,40209,cowplot
2016-08-27,88,40297,cowplot
2016-08-28,113,40410,cowplot
2016-08-29,195,40605,cowplot
2016-08-30,210,40815,cowplot
2016-08-31,244,41059,cowplot
2016-09-01,162,41221,cowplot
2016-09-02,192,41413,cowplot
2016-09-03,83,41496,cowplot
2016-09-04,69,41565,cowplot
2016-09-05,175,41740,cowplot
2016-09-06,247,41987,cowplot
2016-09-07,261,42248,cowplot
2016-09-08,225,42473,cowplot
2016-09-09,216,42689,cowplot
2016-09-10,95,42784,cowplot
2016-09-11,88,42872,cowplot
2016-09-12,205,43077,cowplot
2016-09-13,243,43320,cowplot
2016-09-14,228,43548,cowplot
2016-09-15,217,43765,cowplot
2016-09-16,198,43963,cowplot
2016-09-17,74,44037,cowplot
2016-09-18,83,44120,cowplot
2016-09-19,268,44388,cowplot
2016-09-20,245,44633,cowplot
2016-09-21,226,44859,cowplot
2016-09-22,227,45086,cowplot
2016-09-23,232,45318,cowplot
2016-09-24,74,45392,cowplot
2016-09-25,93,45485,cowplot
2016-09-26,232,45717,cowplot
2016-09-27,270,45987,cowplot
2016-09-28,226,46213,cowplot
2016-09-29,288,46501,cowplot
2016-09-30,495,46996,cowplot
2016-10-01,205,47201,cowplot
2016-10-02,206,47407,cowplot
2016-10-03,415,47822,cowplot
2016-10-04,569,48391,cowplot
2016-10-05,439,48830,cowplot
2016-10-06,386,49216,cowplot
2016-10-07,367,49583,cowplot
2016-10-08,141,49724,cowplot
2016-10-09,151,49875,cowplot
2016-10-10,350,50225,cowplot
2016-10-11,340,50565,cowplot
2016-10-12,398,50963,cowplot
2016-10-13,389,51352,cowplot
2016-10-14,388,51740,cowplot
2016-10-15,151,51891,cowplot
2016-10-16,169,52060,cowplot
2016-10-17,309,52369,cowplot
2016-10-18,376,52745,cowplot
2016-10-19,377,53122,cowplot
2016-10-20,378,53500,cowplot
2016-10-21,307,53807,cowplot
2016-10-22,112,53919,cowplot
2016-10-23,111,54030,cowplot
2016-10-24,389,54419,cowplot
2016-10-25,365,54784,cowplot
2016-10-26,365,55149,cowplot
2016-10-27,307,55456,cowplot
2016-10-28,571,56027,cowplot
2016-10-29,175,56202,cowplot
2016-10-30,171,56373,cowplot
2016-10-31,416,56789,cowplot
2016-11-01,392,57181,cowplot
2016-11-02,514,57695,cowplot
2016-11-03,429,58124,cowplot
2016-11-04,432,58556,cowplot
2016-11-05,144,58700,cowplot
2016-11-06,138,58838,cowplot
2016-11-07,436,59274,cowplot
2016-11-08,362,59636,cowplot
2016-11-09,329,59965,cowplot
2016-11-10,372,60337,cowplot
2016-11-11,284,60621,cowplot
2016-11-12,133,60754,cowplot
2016-11-13,128,60882,cowplot
2016-11-14,459,61341,cowplot
2016-11-15,392,61733,cowplot
2016-11-16,402,62135,cowplot
2016-11-17,442,62577,cowplot
2016-11-18,308,62885,cowplot
2016-11-19,120,63005,cowplot
2016-11-20,171,63176,cowplot
2016-11-21,353,63529,cowplot
2016-11-22,385,63914,cowplot
2016-11-23,320,64234,cowplot
2016-11-24,583,64817,cowplot
2016-11-25,239,65056,cowplot
2016-11-26,112,65168,cowplot
2016-11-27,138,65306,cowplot
2016-11-28,299,65605,cowplot
2016-11-29,390,65995,cowplot
2016-11-30,369,66364,cowplot
2016-12-01,324,66688,cowplot
2016-12-02,301,66989,cowplot
2016-12-03,114,67103,cowplot
2016-12-04,113,67216,cowplot
2016-12-05,333,67549,cowplot
2016-12-06,288,67837,cowplot
2016-12-07,339,68176,cowplot
2016-12-08,314,68490,cowplot
2016-12-09,330,68820,cowplot
2016-12-10,150,68970,cowplot
2016-12-11,125,69095,cowplot
2016-12-12,297,69392,cowplot
2016-12-13,319,69711,cowplot
2016-12-14,277,69988,cowplot
2016-12-15,265,70253,cowplot
2016-12-16,209,70462,cowplot
2016-12-17,101,70563,cowplot
2016-12-18,146,70709,cowplot
2016-12-19,243,70952,cowplot
2016-12-20,252,71204,cowplot
2016-12-21,211,71415,cowplot
2016-12-22,242,71657,cowplot
2016-12-23,132,71789,cowplot
2016-12-24,49,71838,cowplot
2016-12-25,58,71896,cowplot
2016-12-26,64,71960,cowplot
2016-12-27,113,72073,cowplot
2016-12-28,101,72174,cowplot
2016-12-29,143,72317,cowplot
2016-12-30,167,72484,cowplot
2016-12-31,62,72546,cowplot
2017-01-01,34,72580,cowplot
2017-01-02,107,72687,cowplot
2017-01-03,178,72865,cowplot
2017-01-04,208,73073,cowplot
2017-01-05,247,73320,cowplot
2017-01-06,215,73535,cowplot
2017-01-07,97,73632,cowplot
2017-01-08,111,73743,cowplot
2017-01-09,222,73965,cowplot
2017-01-10,387,74352,cowplot
2017-01-11,262,74614,cowplot
2017-01-12,337,74951,cowplot
2017-01-13,294,75245,cowplot
2017-01-14,107,75352,cowplot
2017-01-15,111,75463,cowplot
2017-01-16,272,75735,cowplot
2017-01-17,287,76022,cowplot
2017-01-18,388,76410,cowplot
2017-01-19,240,76650,cowplot
2017-01-20,247,76897,cowplot
2017-01-21,122,77019,cowplot
2017-01-22,224,77243,cowplot
2017-01-23,289,77532,cowplot
2017-01-24,282,77814,cowplot
2017-01-25,360,78174,cowplot
2017-01-26,279,78453,cowplot
2017-01-27,262,78715,cowplot
2017-01-28,110,78825,cowplot
2017-01-29,154,78979,cowplot
2017-01-30,327,79306,cowplot
2017-01-31,345,79651,cowplot
2017-02-01,357,80008,cowplot
2017-02-02,336,80344,cowplot
2017-02-03,303,80647,cowplot
2017-02-04,139,80786,cowplot
2017-02-05,106,80892,cowplot
2017-02-06,292,81184,cowplot
2017-02-07,299,81483,cowplot
2017-02-08,257,81740,cowplot
2017-02-09,306,82046,cowplot
2017-02-10,325,82371,cowplot
2017-02-11,125,82496,cowplot
2017-02-12,108,82604,cowplot
2017-02-13,302,82906,cowplot
2017-02-14,411,83317,cowplot
2017-02-15,373,83690,cowplot
2017-02-16,312,84002,cowplot
2017-02-17,361,84363,cowplot
2017-02-18,103,84466,cowplot
2017-02-19,125,84591,cowplot
2017-02-20,260,84851,cowplot
2017-02-21,285,85136,cowplot
2017-02-22,273,85409,cowplot
2017-02-23,318,85727,cowplot
2017-02-24,275,86002,cowplot
2017-02-25,101,86103,cowplot
2017-02-26,119,86222,cowplot
2017-02-27,260,86482,cowplot
2017-02-28,308,86790,cowplot
2017-03-01,238,87028,cowplot
2017-03-02,411,87439,cowplot
2017-03-03,288,87727,cowplot
2017-03-04,118,87845,cowplot
2017-03-05,164,88009,cowplot
2017-03-06,327,88336,cowplot
2017-03-07,313,88649,cowplot
2017-03-08,423,89072,cowplot
2017-03-09,372,89444,cowplot
2017-03-10,345,89789,cowplot
2017-03-11,125,89914,cowplot
2017-03-12,146,90060,cowplot
2017-03-13,299,90359,cowplot
2017-03-14,315,90674,cowplot
2017-03-15,356,91030,cowplot
2017-03-16,360,91390,cowplot
2017-03-17,283,91673,cowplot
2017-03-18,124,91797,cowplot
2017-03-19,158,91955,cowplot
2017-03-20,347,92302,cowplot
2017-03-21,307,92609,cowplot
2017-03-22,335,92944,cowplot
2017-03-23,285,93229,cowplot
2017-03-24,320,93549,cowplot
2017-03-25,121,93670,cowplot
2017-03-26,118,93788,cowplot
2017-03-27,393,94181,cowplot
2017-03-28,328,94509,cowplot
2017-03-29,354,94863,cowplot
2017-03-30,304,95167,cowplot
2017-03-31,246,95413,cowplot
2017-04-01,119,95532,cowplot
2017-04-02,145,95677,cowplot
2017-04-03,325,96002,cowplot
2017-04-04,417,96419,cowplot
2017-04-05,425,96844,cowplot
2017-04-06,312,97156,cowplot
2017-04-07,267,97423,cowplot
2017-04-08,126,97549,cowplot
2017-04-09,180,97729,cowplot
2017-04-10,269,97998,cowplot
2017-04-11,356,98354,cowplot
2017-04-12,324,98678,cowplot
2017-04-13,279,98957,cowplot
2017-04-14,238,99195,cowplot
2017-04-15,131,99326,cowplot
2017-04-16,173,99499,cowplot
2017-04-17,253,99752,cowplot
2017-04-18,308,100060,cowplot
2017-04-19,336,100396,cowplot
2017-04-20,365,100761,cowplot
2017-04-21,249,101010,cowplot
2017-04-22,152,101162,cowplot
2017-04-23,130,101292,cowplot
2017-04-24,388,101680,cowplot
2017-04-25,489,102169,cowplot
2017-04-26,441,102610,cowplot
2017-04-27,378,102988,cowplot
2017-04-28,302,103290,cowplot
2017-04-29,133,103423,cowplot
2017-04-30,136,103559,cowplot
2017-05-01,330,103889,cowplot
2017-05-02,343,104232,cowplot
2017-05-03,350,104582,cowplot
2017-05-04,393,104975,cowplot
2017-05-05,328,105303,cowplot
2017-05-06,131,105434,cowplot
2017-05-07,160,105594,cowplot
2017-05-08,283,105877,cowplot
2017-05-09,346,106223,cowplot
2017-05-10,377,106600,cowplot
2017-05-11,382,106982,cowplot
2017-05-12,308,107290,cowplot
2017-05-13,111,107401,cowplot
2017-05-14,122,107523,cowplot
2017-05-15,311,107834,cowplot
2017-05-16,309,108143,cowplot
2017-05-17,290,108433,cowplot
2017-05-18,317,108750,cowplot
2017-05-19,292,109042,cowplot
2017-05-20,82,109124,cowplot
2017-05-21,134,109258,cowplot
2017-05-22,243,109501,cowplot
2017-05-23,348,109849,cowplot
2017-05-24,327,110176,cowplot
2017-05-25,289,110465,cowplot
2017-05-26,277,110742,cowplot
2017-05-27,127,110869,cowplot
2017-05-28,135,111004,cowplot
2017-05-29,305,111309,cowplot
2017-05-30,350,111659,cowplot
2017-05-31,374,112033,cowplot
2017-06-01,359,112392,cowplot
2017-06-02,311,112703,cowplot
2017-06-03,150,112853,cowplot
2017-06-04,142,112995,cowplot
2017-06-05,333,113328,cowplot
2017-06-06,726,114054,cowplot
2017-06-07,871,114925,cowplot
2017-06-08,913,115838,cowplot
2017-06-09,799,116637,cowplot
2017-06-10,378,117015,cowplot
2017-06-11,335,117350,cowplot
2017-06-12,862,118212,cowplot
2017-06-13,790,119002,cowplot
2017-06-14,754,119756,cowplot
2017-06-15,739,120495,cowplot
2017-06-16,673,121168,cowplot
2017-06-17,311,121479,cowplot
2017-06-18,327,121806,cowplot
2017-06-19,836,122642,cowplot
2017-06-20,746,123388,cowplot
2017-06-21,746,124134,cowplot
2017-06-22,712,124846,cowplot
2017-06-23,562,125408,cowplot
2017-06-24,250,125658,cowplot
2017-06-25,210,125868,cowplot
2017-06-26,706,126574,cowplot
2017-06-27,611,127185,cowplot
2017-06-28,766,127951,cowplot
2017-06-29,751,128702,cowplot
2017-06-30,649,129351,cowplot
2017-07-01,256,129607,cowplot
2017-07-02,248,129855,cowplot
2017-07-03,580,130435,cowplot
2017-07-04,569,131004,cowplot
2017-07-05,710,131714,cowplot
2017-07-06,836,132550,cowplot
2017-07-07,598,133148,cowplot
2017-07-08,249,133397,cowplot
2017-07-09,306,133703,cowplot
2017-07-10,668,134371,cowplot
2017-07-11,689,135060,cowplot
2017-07-12,631,135691,cowplot
2017-07-13,641,136332,cowplot
2017-07-14,501,136833,cowplot
2017-07-15,182,137015,cowplot
2017-07-16,240,137255,cowplot
2017-07-17,556,137811,cowplot
2017-07-18,720,138531,cowplot
2017-07-19,697,139228,cowplot
2017-07-20,724,139952,cowplot
2017-07-21,641,140593,cowplot
2017-07-22,269,140862,cowplot
2017-07-23,282,141144,cowplot
2017-07-24,718,141862,cowplot
2017-07-25,659,142521,cowplot
2017-07-26,738,143259,cowplot
2017-07-27,874,144133,cowplot
2017-07-28,755,144888,cowplot
2017-07-29,314,145202,cowplot
2017-07-30,1621,146823,cowplot
2017-07-31,2337,149160,cowplot
2017-08-01,1366,150526,cowplot
2017-08-02,1259,151785,cowplot
2017-08-03,1069,152854,cowplot
2017-08-04,841,153695,cowplot
2017-08-05,431,154126,cowplot
2017-08-06,385,154511,cowplot
2017-08-07,938,155449,cowplot
2017-08-08,1023,156472,cowplot
2017-08-09,1018,157490,cowplot
2017-08-10,959,158449,cowplot
2017-08-11,733,159182,cowplot
2017-08-12,324,159506,cowplot
2017-08-13,326,159832,cowplot
2017-08-14,839,160671,cowplot
2017-08-15,920,161591,cowplot
2017-08-16,986,162577,cowplot
2017-08-17,888,163465,cowplot
2017-08-18,780,164245,cowplot
2017-08-19,400,164645,cowplot
2017-08-20,409,165054,cowplot
2017-08-21,820,165874,cowplot
2017-08-22,960,166834,cowplot
2017-08-23,1007,167841,cowplot
2017-08-24,957,168798,cowplot
2017-08-25,771,169569,cowplot
2017-08-26,388,169957,cowplot
2017-08-27,388,170345,cowplot
2017-08-28,870,171215,cowplot
2017-08-29,876,172091,cowplot
2017-08-30,836,172927,cowplot
2017-08-31,836,173763,cowplot
2017-09-01,733,174496,cowplot
2017-09-02,374,174870,cowplot
2017-09-03,316,175186,cowplot
2017-09-04,702,175888,cowplot
2017-09-05,918,176806,cowplot
2017-09-06,921,177727,cowplot
2017-09-07,919,178646,cowplot
2017-09-08,735,179381,cowplot
2017-09-09,335,179716,cowplot
2017-09-10,357,180073,cowplot
2017-09-11,948,181021,cowplot
2017-09-12,1044,182065,cowplot
2017-09-13,1166,183231,cowplot
2017-09-14,1234,184465,cowplot
2017-09-15,893,185358,cowplot
2017-09-16,339,185697,cowplot
2017-09-17,376,186073,cowplot
2017-09-18,929,187002,cowplot
2017-09-19,946,187948,cowplot
2017-09-20,1004,188952,cowplot
2017-09-21,870,189822,cowplot
2017-09-22,869,190691,cowplot
2017-09-23,401,191092,cowplot
2017-09-24,456,191548,cowplot
2017-09-25,916,192464,cowplot
2017-09-26,1038,193502,cowplot
2017-09-27,1067,194569,cowplot
2017-09-28,982,195551,cowplot
2017-09-29,816,196367,cowplot
2017-09-30,412,196779,cowplot
2017-10-01,380,197159,cowplot
2017-10-02,863,198022,cowplot
2017-10-03,1048,199070,cowplot
2017-10-04,997,200067,cowplot
2017-10-05,938,201005,cowplot
2017-10-06,858,201863,cowplot
2017-10-07,439,202302,cowplot
2017-10-08,430,202732,cowplot
2017-10-09,972,203704,cowplot
2017-10-10,1033,204737,cowplot
2017-10-11,1134,205871,cowplot
2017-10-12,991,206862,cowplot
2017-10-13,917,207779,cowplot
2017-10-14,529,208308,cowplot
2017-10-15,503,208811,cowplot
2017-10-16,1178,209989,cowplot
2017-10-17,1209,211198,cowplot
2017-10-18,1044,212242,cowplot
2017-10-19,967,213209,cowplot
2017-10-20,890,214099,cowplot
2017-10-21,465,214564,cowplot
2017-10-22,584,215148,cowplot
2017-10-23,1082,216230,cowplot
2017-10-24,1172,217402,cowplot
2017-10-25,1164,218566,cowplot
2017-10-26,1132,219698,cowplot
2017-10-27,1085,220783,cowplot
2017-10-28,486,221269,cowplot
2017-10-29,552,221821,cowplot
2017-10-30,1002,222823,cowplot
2017-10-31,1183,224006,cowplot
2017-11-01,1034,225040,cowplot
2017-11-02,1237,226277,cowplot
2017-11-03,930,227207,cowplot
2017-11-04,465,227672,cowplot
2017-11-05,568,228240,cowplot
2017-11-06,1062,229302,cowplot
2017-11-07,1182,230484,cowplot
2017-11-08,1096,231580,cowplot
2017-11-09,1252,232832,cowplot
2017-11-10,1066,233898,cowplot
2017-11-11,472,234370,cowplot
2017-11-12,582,234952,cowplot
2017-11-13,1259,236211,cowplot
2017-11-14,1309,237520,cowplot
2017-11-15,1088,238608,cowplot
2017-11-16,3505,242113,cowplot
2017-11-17,3083,245196,cowplot
2017-11-18,898,246094,cowplot
2017-11-19,971,247065,cowplot
2017-11-20,2064,249129,cowplot
2017-11-21,1982,251111,cowplot
2017-11-22,1711,252822,cowplot
2017-11-23,1401,254223,cowplot
2017-11-24,1223,255446,cowplot
2017-11-25,733,256179,cowplot
2017-11-26,756,256935,cowplot
2017-11-27,1841,258776,cowplot
2017-11-28,1852,260628,cowplot
2017-11-29,1767,262395,cowplot
2017-11-30,1617,264012,cowplot
2017-12-01,1427,265439,cowplot
2017-12-02,755,266194,cowplot
2017-12-03,874,267068,cowplot
2017-12-04,1675,268743,cowplot
2017-12-05,1659,270402,cowplot
2017-12-06,1670,272072,cowplot
2017-12-07,1613,273685,cowplot
2017-12-08,1150,274835,cowplot
2017-12-09,688,275523,cowplot
2017-12-10,684,276207,cowplot
2017-12-11,1420,277627,cowplot
2017-12-12,1461,279088,cowplot
2017-12-13,1501,280589,cowplot
2017-12-14,1408,281997,cowplot
2017-12-15,1111,283108,cowplot
2017-12-16,526,283634,cowplot
2017-12-17,1068,284702,cowplot
2017-12-18,3037,287739,cowplot
2017-12-19,1788,289527,cowplot
2017-12-20,1660,291187,cowplot
2017-12-21,1419,292606,cowplot
2017-12-22,956,293562,cowplot
2017-12-23,566,294128,cowplot
2017-12-24,418,294546,cowplot
2017-12-25,375,294921,cowplot
2017-12-26,585,295506,cowplot
2017-12-27,702,296208,cowplot
2017-12-28,729,296937,cowplot
2017-12-29,636,297573,cowplot
2017-12-30,387,297960,cowplot
2017-12-31,306,298266,cowplot
2018-01-01,306,298572,cowplot
2018-01-02,1003,299575,cowplot
2018-01-03,1066,300641,cowplot
2018-01-04,1223,301864,cowplot
2018-01-05,1079,302943,cowplot
2018-01-06,515,303458,cowplot
2018-01-07,567,304025,cowplot
2018-01-08,1418,305443,cowplot
2018-01-09,1400,306843,cowplot
2018-01-10,1459,308302,cowplot
2018-01-11,1357,309659,cowplot
2018-01-12,1289,310948,cowplot
2018-01-13,581,311529,cowplot
2018-01-14,578,312107,cowplot
2018-01-15,1268,313375,cowplot
2018-01-16,1519,314894,cowplot
2018-01-17,1386,316280,cowplot
2018-01-18,1396,317676,cowplot
2018-01-19,1271,318947,cowplot
2018-01-20,578,319525,cowplot
2018-01-21,614,320139,cowplot
2018-01-22,1405,321544,cowplot
2018-01-23,1589,323133,cowplot
2018-01-24,1436,324569,cowplot
2018-01-25,1387,325956,cowplot
2018-01-26,1248,327204,cowplot
2018-01-27,617,327821,cowplot
2018-01-28,692,328513,cowplot
2018-01-29,1585,330098,cowplot
2018-01-30,1799,331897,cowplot
2018-01-31,1549,333446,cowplot
2018-02-01,1471,334917,cowplot
2018-02-02,1283,336200,cowplot
2018-02-03,611,336811,cowplot
2018-02-04,606,337417,cowplot
2018-02-05,1519,338936,cowplot
2018-02-06,1527,340463,cowplot
2018-02-07,1385,341848,cowplot
2018-02-08,1340,343188,cowplot
2018-02-09,1390,344578,cowplot
2018-02-10,623,345201,cowplot
2018-02-11,600,345801,cowplot
2018-02-12,1525,347326,cowplot
2018-02-13,1540,348866,cowplot
2018-02-14,1521,350387,cowplot
2018-02-15,1307,351694,cowplot
2018-02-16,1187,352881,cowplot
2018-02-17,552,353433,cowplot
2018-02-18,604,354037,cowplot
2018-02-19,1308,355345,cowplot
2018-02-20,1379,356724,cowplot
2018-02-21,1448,358172,cowplot
2018-02-22,1487,359659,cowplot
2018-02-23,1172,360831,cowplot
2018-02-24,668,361499,cowplot
2018-02-25,564,362063,cowplot
2018-02-26,1334,363397,cowplot
2018-02-27,1461,364858,cowplot
2018-02-28,1539,366397,cowplot
2018-03-01,1438,367835,cowplot
2018-03-02,1201,369036,cowplot
2018-03-03,566,369602,cowplot
2018-03-04,661,370263,cowplot
2018-03-05,1485,371748,cowplot
2018-03-06,1636,373384,cowplot
2018-03-07,1625,375009,cowplot
2018-03-08,1502,376511,cowplot
2018-03-09,1311,377822,cowplot
2018-03-10,695,378517,cowplot
2018-03-11,668,379185,cowplot
2018-03-12,1530,380715,cowplot
2018-03-13,1552,382267,cowplot
2018-03-14,1549,383816,cowplot
2018-03-15,1627,385443,cowplot
2018-03-16,1328,386771,cowplot
2018-03-17,695,387466,cowplot
2018-03-18,668,388134,cowplot
2018-03-19,1478,389612,cowplot
2018-03-20,1514,391126,cowplot
2018-03-21,1587,392713,cowplot
2018-03-22,1562,394275,cowplot
2018-03-23,1435,395710,cowplot
2018-03-24,679,396389,cowplot
2018-03-25,805,397194,cowplot
2018-03-26,1577,398771,cowplot
2018-03-27,1537,400308,cowplot
2018-03-28,1504,401812,cowplot
2018-03-29,1260,403072,cowplot
2018-03-30,936,404008,cowplot
2018-03-31,623,404631,cowplot
2018-04-01,508,405139,cowplot
2018-04-02,1061,406200,cowplot
2018-04-03,1363,407563,cowplot
2018-04-04,1414,408977,cowplot
2018-04-05,1477,410454,cowplot
2018-04-06,1281,411735,cowplot
2018-04-07,642,412377,cowplot
2018-04-08,730,413107,cowplot
2018-04-09,1592,414699,cowplot
2018-04-10,1741,416440,cowplot
2018-04-11,1591,418031,cowplot
2018-04-12,1448,419479,cowplot
2018-04-13,1367,420846,cowplot
2018-04-14,738,421584,cowplot
2018-04-15,682,422266,cowplot
2018-04-16,1577,423843,cowplot
2018-04-17,1671,425514,cowplot
2018-04-18,1568,427082,cowplot
2018-04-19,1529,428611,cowplot
2018-04-20,1404,430015,cowplot
2018-04-21,683,430698,cowplot
2018-04-22,847,431545,cowplot
2018-04-23,1740,433285,cowplot
2018-04-24,2176,435461,cowplot
2018-04-25,2247,437708,cowplot
2018-04-26,1980,439688,cowplot
2018-04-27,1538,441226,cowplot
2018-04-28,880,442106,cowplot
2018-04-29,889,442995,cowplot
2018-04-30,1765,444760,cowplot
2018-05-01,1679,446439,cowplot
2018-05-02,1820,448259,cowplot
2018-05-03,1893,450152,cowplot
2018-05-04,1561,451713,cowplot
2018-05-05,847,452560,cowplot
2018-05-06,686,453246,cowplot
2018-05-07,1622,454868,cowplot
2018-05-08,1651,456519,cowplot
2018-05-09,1885,458404,cowplot
2018-05-10,1476,459880,cowplot
2018-05-11,1611,461491,cowplot
2018-05-12,758,462249,cowplot
2018-05-13,834,463083,cowplot
2018-05-14,1811,464894,cowplot
2018-05-15,1708,466602,cowplot
2018-05-16,1796,468398,cowplot
2018-05-17,1830,470228,cowplot
2018-05-18,1583,471811,cowplot
2018-05-19,784,472595,cowplot
2018-05-20,775,473370,cowplot
2018-05-21,1548,474918,cowplot
2018-05-22,1776,476694,cowplot
2018-05-23,1854,478548,cowplot
2018-05-24,1621,480169,cowplot
2018-05-25,1398,481567,cowplot
2018-05-26,645,482212,cowplot
2018-05-27,745,482957,cowplot
2018-05-28,1456,484413,cowplot
2018-05-29,1750,486163,cowplot
2018-05-30,1598,487761,cowplot
2018-05-31,1652,489413,cowplot
2018-06-01,1376,490789,cowplot
2018-06-02,698,491487,cowplot
2018-06-03,692,492179,cowplot
2018-06-04,1585,493764,cowplot
2018-06-05,1753,495517,cowplot
2018-06-06,1692,497209,cowplot
2018-06-07,1768,498977,cowplot
2018-06-08,1495,500472,cowplot
2018-06-09,697,501169,cowplot
2018-06-10,692,501861,cowplot
2018-06-11,1474,503335,cowplot
2018-06-12,1757,505092,cowplot
2018-06-13,1487,506579,cowplot
2018-06-14,1495,508074,cowplot
2018-06-15,1428,509502,cowplot
2018-06-16,592,510094,cowplot
2018-06-17,518,510612,cowplot
2018-06-18,1426,512038,cowplot
2018-06-19,1609,513647,cowplot
2018-06-20,1697,515344,cowplot
2018-06-21,1502,516846,cowplot
2018-06-22,1247,518093,cowplot
2018-06-23,537,518630,cowplot
2018-06-24,606,519236,cowplot
2018-06-25,1370,520606,cowplot
2018-06-26,1532,522138,cowplot
2018-06-27,1518,523656,cowplot
2018-06-28,1528,525184,cowplot
2018-06-29,1209,526393,cowplot
2018-06-30,628,527021,cowplot
2018-07-01,611,527632,cowplot
2018-07-02,1371,529003,cowplot
2018-07-03,1680,530683,cowplot
2018-07-04,1258,531941,cowplot
2018-07-05,1549,533490,cowplot
2018-07-06,1211,534701,cowplot
2018-07-07,551,535252,cowplot
2018-07-08,566,535818,cowplot
2018-07-09,1545,537363,cowplot
2018-07-10,1566,538929,cowplot
2018-07-11,1466,540395,cowplot
2018-07-12,1452,541847,cowplot
2018-07-13,1262,543109,cowplot
2018-07-14,583,543692,cowplot
2018-07-15,1607,545299,cowplot
2018-07-16,4155,549454,cowplot
2018-07-17,2715,552169,cowplot
2018-07-18,2401,554570,cowplot
2018-07-19,2444,557014,cowplot
2018-07-20,1857,558871,cowplot
2018-07-21,823,559694,cowplot
2018-07-22,835,560529,cowplot
2018-07-23,2098,562627,cowplot
2018-07-24,2242,564869,cowplot
2018-07-25,2093,566962,cowplot
2018-07-26,2015,568977,cowplot
2018-07-27,1739,570716,cowplot
2018-07-28,797,571513,cowplot
2018-07-29,831,572344,cowplot
2018-07-30,1933,574277,cowplot
2018-07-31,1893,576170,cowplot
2018-08-01,1811,577981,cowplot
2018-08-02,1808,579789,cowplot
2018-08-03,1638,581427,cowplot
2018-08-04,680,582107,cowplot
2018-08-05,726,582833,cowplot
2018-08-06,1790,584623,cowplot
2018-08-07,1776,586399,cowplot
2018-08-08,1851,588250,cowplot
2018-08-09,1734,589984,cowplot
2018-08-10,1543,591527,cowplot
2018-08-11,725,592252,cowplot
2018-08-12,720,592972,cowplot
2018-08-13,1682,594654,cowplot
2018-08-14,1859,596513,cowplot
2018-08-15,1449,597962,cowplot
2018-08-16,1622,599584,cowplot
2018-08-17,1433,601017,cowplot
2018-08-18,645,601662,cowplot
2018-08-19,607,602269,cowplot
2018-08-20,1560,603829,cowplot
2018-08-21,1718,605547,cowplot
2018-08-22,1877,607424,cowplot
2018-08-23,1682,609106,cowplot
2018-08-24,1599,610705,cowplot
2018-08-25,705,611410,cowplot
2018-08-26,802,612212,cowplot
2018-08-27,1537,613749,cowplot
2018-08-28,1801,615550,cowplot
2018-08-29,1836,617386,cowplot
2018-08-30,1922,619308,cowplot
2018-08-31,1755,621063,cowplot
2018-09-01,812,621875,cowplot
2018-09-02,862,622737,cowplot
2018-09-03,1511,624248,cowplot
2018-09-04,2079,626327,cowplot
2018-09-05,1998,628325,cowplot
2018-09-06,2068,630393,cowplot
2018-09-07,1819,632212,cowplot
2018-09-08,999,633211,cowplot
2018-09-09,987,634198,cowplot
2018-09-10,1952,636150,cowplot
2018-09-11,2059,638209,cowplot
2018-09-12,2404,640613,cowplot
2018-09-13,2402,643015,cowplot
2018-09-14,2573,645588,cowplot
2018-09-15,964,646552,cowplot
2018-09-16,1124,647676,cowplot
2018-09-17,2766,650442,cowplot
2018-09-18,2629,653071,cowplot
2018-09-19,2601,655672,cowplot
2018-09-20,2480,658152,cowplot
2018-09-21,2053,660205,cowplot
2018-09-22,1175,661380,cowplot
2018-09-23,1190,662570,cowplot
2018-09-24,2410,664980,cowplot
2018-09-25,2558,667538,cowplot
2018-09-26,2703,670241,cowplot
2018-09-27,2774,673015,cowplot
2018-09-28,2379,675394,cowplot
2018-09-29,1259,676653,cowplot
2018-09-30,1260,677913,cowplot
2018-10-01,2416,680329,cowplot
2018-10-02,2747,683076,cowplot
2018-10-03,2733,685809,cowplot
2018-10-04,2800,688609,cowplot
2018-10-05,2509,691118,cowplot
2018-10-06,1222,692340,cowplot
2018-10-07,1379,693719,cowplot
2018-10-08,2617,696336,cowplot
2018-10-09,2760,699096,cowplot
2018-10-10,2906,702002,cowplot
2018-10-11,2852,704854,cowplot
2018-10-12,2415,707269,cowplot
2018-10-13,1310,708579,cowplot
2018-10-14,1402,709981,cowplot
2018-10-15,2712,712693,cowplot
2018-10-16,3035,715728,cowplot
2018-10-17,2994,718722,cowplot
2018-10-18,3045,721767,cowplot
2018-10-19,2542,724309,cowplot
2018-10-20,1564,725873,cowplot
2018-10-21,1712,727585,cowplot
2018-10-22,3062,730647,cowplot
2018-10-23,3083,733730,cowplot
2018-10-24,3041,736771,cowplot
2018-10-25,2981,739752,cowplot
2018-10-26,2728,742480,cowplot
2018-10-27,1472,743952,cowplot
2018-10-28,1343,745295,cowplot
2018-10-29,2796,748091,cowplot
2018-10-30,3011,751102,cowplot
2018-10-31,2747,753849,cowplot
2018-11-01,2570,756419,cowplot
2018-11-02,2327,758746,cowplot
2018-11-03,1312,760058,cowplot
2018-11-04,1457,761515,cowplot
2018-11-05,2819,764334,cowplot
2018-11-06,3069,767403,cowplot
2018-11-07,3030,770433,cowplot
2018-11-08,2884,773317,cowplot
2018-11-09,2500,775817,cowplot
2018-11-10,1487,777304,cowplot
2018-11-11,1380,778684,cowplot
2018-11-12,2702,781386,cowplot
2018-11-13,3347,784733,cowplot
2018-11-14,3242,787975,cowplot
2018-11-15,2933,790908,cowplot
2018-11-16,2762,793670,cowplot
2018-11-17,1500,795170,cowplot
2018-11-18,1481,796651,cowplot
2018-11-19,3071,799722,cowplot
2018-11-20,2985,802707,cowplot
2018-11-21,3219,805926,cowplot
2018-11-22,2532,808458,cowplot
2018-11-23,2123,810581,cowplot
2018-11-24,1507,812088,cowplot
2018-11-25,1616,813704,cowplot
2018-11-26,3051,816755,cowplot
2018-11-27,3302,820057,cowplot
2018-11-28,3017,823074,cowplot
2018-11-29,3273,826347,cowplot
2018-11-30,2967,829314,cowplot
2018-12-01,1596,830910,cowplot
2018-12-02,1622,832532,cowplot
2018-12-03,3127,835659,cowplot
2018-12-04,3188,838847,cowplot
2018-12-05,3071,841918,cowplot
2018-12-06,3080,844998,cowplot
2018-12-07,2668,847666,cowplot
2018-12-08,1380,849046,cowplot
2018-12-09,1419,850465,cowplot
2018-12-10,2775,853240,cowplot
2018-12-11,2843,856083,cowplot
2018-12-12,2822,858905,cowplot
2018-12-13,2634,861539,cowplot
2018-12-14,2404,863943,cowplot
2018-12-15,1332,865275,cowplot
2018-12-16,1526,866801,cowplot
2018-12-17,2454,869255,cowplot
2018-12-18,2462,871717,cowplot
2018-12-19,2420,874137,cowplot
2018-12-20,2261,876398,cowplot
2018-12-21,1859,878257,cowplot
2018-12-22,945,879202,cowplot
2018-12-23,988,880190,cowplot
2018-12-24,1002,881192,cowplot
2018-12-25,873,882065,cowplot
2018-12-26,1094,883159,cowplot
2018-12-27,1246,884405,cowplot
2018-12-28,1331,885736,cowplot
2018-12-29,682,886418,cowplot
2018-12-30,675,887093,cowplot
2018-12-31,686,887779,cowplot
2019-01-01,474,888253,cowplot
2019-01-02,1530,889783,cowplot
2019-01-03,1986,891769,cowplot
2019-01-04,1930,893699,cowplot
2019-01-05,1111,894810,cowplot
2019-01-06,1067,895877,cowplot
2019-01-07,2268,898145,cowplot
2019-01-08,6704,904849,cowplot
2019-01-09,6570,911419,cowplot
2019-01-10,5820,917239,cowplot
2019-01-11,3703,920942,cowplot
2019-01-12,2444,923386,cowplot
2019-01-13,2413,925799,cowplot
2019-01-14,5291,931090,cowplot
2019-01-15,5233,936323,cowplot
2019-01-16,4707,941030,cowplot
2019-01-17,4211,945241,cowplot
2019-01-18,5171,950412,cowplot
2019-01-19,2542,952954,cowplot
2019-01-20,2346,955300,cowplot
2019-01-21,5082,960382,cowplot
2019-01-22,6247,966629,cowplot
2019-01-23,4632,971261,cowplot
2019-01-24,4946,976207,cowplot
2019-01-25,5451,981658,cowplot
2019-01-26,2521,984179,cowplot
2019-01-27,2667,986846,cowplot
2019-01-28,5299,992145,cowplot
2019-01-29,5210,997355,cowplot
2019-01-30,5222,1002577,cowplot
2019-01-31,3568,1006145,cowplot
2019-02-01,5341,1011486,cowplot
2019-02-02,2966,1014452,cowplot
2019-02-03,2639,1017091,cowplot
2019-02-04,5420,1022511,cowplot
2019-02-05,5044,1027555,cowplot
2019-02-06,4694,1032249,cowplot
2019-02-07,5616,1037865,cowplot
2019-02-08,5333,1043198,cowplot
2019-02-09,3192,1046390,cowplot
2019-02-10,3118,1049508,cowplot
2019-02-11,5544,1055052,cowplot
2019-02-12,6347,1061399,cowplot
2019-02-13,6833,1068232,cowplot
2019-02-14,4846,1073078,cowplot
2019-02-15,9140,1082218,cowplot
2019-02-16,3005,1085223,cowplot
2019-02-17,3243,1088466,cowplot
2019-02-18,5240,1093706,cowplot
2019-02-19,5674,1099380,cowplot
2019-02-20,6457,1105837,cowplot
2019-02-21,7020,1112857,cowplot
2019-02-22,6003,1118860,cowplot
2019-02-23,3430,1122290,cowplot
2019-02-24,2491,1124781,cowplot
2019-02-25,5663,1130444,cowplot
2019-02-26,5932,1136376,cowplot
2019-02-27,5439,1141815,cowplot
2019-02-28,4991,1146806,cowplot
2019-03-01,4480,1151286,cowplot
2019-03-02,2004,1153290,cowplot
2019-03-03,2215,1155505,cowplot
2019-03-04,4234,1159739,cowplot
2019-03-05,4606,1164345,cowplot
2019-03-06,4885,1169230,cowplot
2019-03-07,4697,1173927,cowplot
2019-03-08,3936,1177863,cowplot
2019-03-09,2383,1180246,cowplot
2019-03-10,2339,1182585,cowplot
2019-03-11,4459,1187044,cowplot
2019-03-12,4564,1191608,cowplot
2019-03-13,4362,1195970,cowplot
2019-03-14,4179,1200149,cowplot
2019-03-15,3539,1203688,cowplot
2019-03-16,2137,1205825,cowplot
2019-03-17,2156,1207981,cowplot
2019-03-18,4662,1212643,cowplot
2019-03-19,4451,1217094,cowplot
2019-03-20,4595,1221689,cowplot
2019-03-21,4372,1226061,cowplot
2019-03-22,4409,1230470,cowplot
2019-03-23,2123,1232593,cowplot
2019-03-24,2183,1234776,cowplot
2019-03-25,4087,1238863,cowplot
2019-03-26,4790,1243653,cowplot
2019-03-27,4674,1248327,cowplot
2019-03-28,4574,1252901,cowplot
2019-03-29,3389,1256290,cowplot
2019-03-30,2121,1258411,cowplot
2019-03-31,2151,1260562,cowplot
2019-04-01,4370,1264932,cowplot
2019-04-02,4376,1269308,cowplot
2019-04-03,4781,1274089,cowplot
2019-04-04,4805,1278894,cowplot
2019-04-05,4159,1283053,cowplot
2019-04-06,1742,1284795,cowplot
2019-04-07,1872,1286667,cowplot
2019-04-08,4218,1290885,cowplot
2019-04-09,4620,1295505,cowplot
2019-04-10,4989,1300494,cowplot
2019-04-11,4588,1305082,cowplot
2019-04-12,4060,1309142,cowplot
2019-04-13,2166,1311308,cowplot
2019-04-14,2151,1313459,cowplot
2019-04-15,4483,1317942,cowplot
2019-04-16,4063,1322005,cowplot
2019-04-17,4460,1326465,cowplot
2019-04-18,4210,1330675,cowplot
2019-04-19,3243,1333918,cowplot
2019-04-20,2162,1336080,cowplot
2019-04-21,1984,1338064,cowplot
2019-04-22,3374,1341438,cowplot
2019-04-23,4465,1345903,cowplot
2019-04-24,4059,1349962,cowplot
2019-04-25,3984,1353946,cowplot
2019-04-26,3842,1357788,cowplot
2019-04-27,2516,1360304,cowplot
2019-04-28,2463,1362767,cowplot
2019-04-29,4476,1367243,cowplot
2019-04-30,5006,1372249,cowplot
2019-05-01,4208,1376457,cowplot
2019-05-02,4758,1381215,cowplot
2019-05-03,3671,1384886,cowplot
2019-05-04,1842,1386728,cowplot
2019-05-05,2040,1388768,cowplot
2019-05-06,4285,1393053,cowplot
2019-05-07,4348,1397401,cowplot
2019-05-08,4728,1402129,cowplot
2019-05-09,4725,1406854,cowplot
2019-05-10,3858,1410712,cowplot
2019-05-11,1995,1412707,cowplot
2019-05-12,2408,1415115,cowplot
2019-05-13,4463,1419578,cowplot
2019-05-14,4589,1424167,cowplot
2019-05-15,4626,1428793,cowplot
2019-05-16,4682,1433475,cowplot
2019-05-17,4050,1437525,cowplot
2019-05-18,2336,1439861,cowplot
2019-05-19,2339,1442200,cowplot
2019-05-20,4136,1446336,cowplot
2019-05-21,4234,1450570,cowplot
2019-05-22,3926,1454496,cowplot
2019-05-23,4227,1458723,cowplot
2019-05-24,4032,1462755,cowplot
2019-05-25,2080,1464835,cowplot
2019-05-26,1971,1466806,cowplot
2019-05-27,2974,1469780,cowplot
2019-05-28,4257,1474037,cowplot
2019-05-29,3841,1477878,cowplot
2019-05-30,3971,1481849,cowplot
2019-05-31,3774,1485623,cowplot
2019-06-01,2119,1487742,cowplot
2019-06-02,1931,1489673,cowplot
2019-06-03,4401,1494074,cowplot
2019-06-04,4464,1498538,cowplot
2019-06-05,4452,1502990,cowplot
2019-06-06,4323,1507313,cowplot
2019-06-07,3675,1510988,cowplot
2019-06-08,1997,1512985,cowplot
2019-06-09,2095,1515080,cowplot
2019-06-10,3715,1518795,cowplot
2019-06-11,4401,1523196,cowplot
2019-06-12,4295,1527491,cowplot
2019-06-13,4003,1531494,cowplot
2019-06-14,3626,1535120,cowplot
2019-06-15,2249,1537369,cowplot
2019-06-16,2390,1539759,cowplot
2019-06-17,4392,1544151,cowplot
2019-06-18,4284,1548435,cowplot
2019-06-19,4108,1552543,cowplot
2019-06-20,4092,1556635,cowplot
2019-06-21,3688,1560323,cowplot
2019-06-22,1582,1561905,cowplot
2019-06-23,1525,1563430,cowplot
2019-06-24,3406,1566836,cowplot
2019-06-25,3900,1570736,cowplot
2019-06-26,3555,1574291,cowplot
2019-06-27,3469,1577760,cowplot
2019-06-28,3951,1581711,cowplot
2019-06-29,2279,1583990,cowplot
2019-06-30,2135,1586125,cowplot
2019-07-01,3940,1590065,cowplot
2019-07-02,4245,1594310,cowplot
2019-07-03,4245,1598555,cowplot
2019-07-04,3359,1601914,cowplot
2019-07-05,3361,1605275,cowplot
2019-07-06,1902,1607177,cowplot
2019-07-07,2009,1609186,cowplot
2019-07-08,4251,1613437,cowplot
2019-07-09,4214,1617651,cowplot
2019-07-10,3691,1621342,cowplot
2019-07-11,4943,1626285,cowplot
2019-07-12,4786,1631071,cowplot
2019-07-13,1821,1632892,cowplot
2019-07-14,1733,1634625,cowplot
2019-07-15,4441,1639066,cowplot
2019-07-16,4683,1643749,cowplot
2019-07-17,4493,1648242,cowplot
2019-07-18,4005,1652247,cowplot
2019-07-19,3580,1655827,cowplot
2019-07-20,1579,1657406,cowplot
2019-07-21,1673,1659079,cowplot
2019-07-22,4012,1663091,cowplot
2019-07-23,3951,1667042,cowplot
2019-07-24,4261,1671303,cowplot
2019-07-25,3878,1675181,cowplot
2019-07-26,3704,1678885,cowplot
2019-07-27,1397,1680282,cowplot
2019-07-28,1436,1681718,cowplot
2019-07-29,3755,1685473,cowplot
2019-07-30,4058,1689531,cowplot
2019-07-31,3936,1693467,cowplot
2019-08-01,3646,1697113,cowplot
2019-08-02,3158,1700271,cowplot
2019-08-03,1523,1701794,cowplot
2019-08-04,1319,1703113,cowplot
2019-08-05,3327,1706440,cowplot
2019-08-06,3641,1710081,cowplot
2019-08-07,3769,1713850,cowplot
2019-08-08,4337,1718187,cowplot
2019-08-09,3333,1721520,cowplot
2019-08-10,1809,1723329,cowplot
2019-08-11,1866,1725195,cowplot
2019-08-12,3432,1728627,cowplot
2019-08-13,3691,1732318,cowplot
2019-08-14,3674,1735992,cowplot
2019-08-15,3181,1739173,cowplot
2019-08-16,2981,1742154,cowplot
2019-08-17,1791,1743945,cowplot
2019-08-18,1826,1745771,cowplot
2019-08-19,3869,1749640,cowplot
2019-08-20,3898,1753538,cowplot
2019-08-21,3984,1757522,cowplot
2019-08-22,4104,1761626,cowplot
2019-08-23,3030,1764656,cowplot
2019-08-24,1708,1766364,cowplot
2019-08-25,1730,1768094,cowplot
2019-08-26,3709,1771803,cowplot
2019-08-27,4404,1776207,cowplot
2019-08-28,4069,1780276,cowplot
2019-08-29,3888,1784164,cowplot
2019-08-30,3715,1787879,cowplot
2019-08-31,1811,1789690,cowplot
2019-09-01,1959,1791649,cowplot
2019-09-02,3529,1795178,cowplot
2019-09-03,4418,1799596,cowplot
2019-09-04,4643,1804239,cowplot
2019-09-05,4554,1808793,cowplot
2019-09-06,3487,1812280,cowplot
2019-09-07,1897,1814177,cowplot
2019-09-08,2227,1816404,cowplot
2019-09-09,4307,1820711,cowplot
2019-09-10,4641,1825352,cowplot
2019-09-11,4388,1829740,cowplot
2019-09-12,4346,1834086,cowplot
2019-09-13,3568,1837654,cowplot
2019-09-14,2595,1840249,cowplot
2019-09-15,2655,1842904,cowplot
2019-09-16,4945,1847849,cowplot
2019-09-17,5557,1853406,cowplot
2019-09-18,5833,1859239,cowplot
2019-09-19,5283,1864522,cowplot
2019-09-20,4781,1869303,cowplot
2019-09-21,2932,1872235,cowplot
2019-09-22,2954,1875189,cowplot
2019-09-23,5603,1880792,cowplot
2019-09-24,5468,1886260,cowplot
2019-09-25,6444,1892704,cowplot
2019-09-26,5425,1898129,cowplot
2019-09-27,4853,1902982,cowplot
2019-09-28,2902,1905884,cowplot
2019-09-29,2924,1908808,cowplot
2019-09-30,5245,1914053,cowplot
2019-10-01,5366,1919419,cowplot
2019-10-02,5368,1924787,cowplot
2019-10-03,4865,1929652,cowplot
2019-10-04,4528,1934180,cowplot
2019-10-05,2666,1936846,cowplot
2019-10-06,2683,1939529,cowplot
2019-10-07,5071,1944600,cowplot
2019-10-08,5585,1950185,cowplot
2019-10-09,5590,1955775,cowplot
2019-10-10,5394,1961169,cowplot
2019-10-11,5257,1966426,cowplot
2019-10-12,2609,1969035,cowplot
2019-10-13,2724,1971759,cowplot
2019-10-14,5383,1977142,cowplot
2019-10-15,5568,1982710,cowplot
2019-10-16,5620,1988330,cowplot
2019-10-17,5378,1993708,cowplot
2019-10-18,4632,1998340,cowplot
2019-10-19,2742,2001082,cowplot
2019-10-20,2897,2003979,cowplot
2019-10-21,5169,2009148,cowplot
2019-10-22,6068,2015216,cowplot
2019-10-23,5823,2021039,cowplot
2019-10-24,5836,2026875,cowplot
2019-10-25,4879,2031754,cowplot
2019-10-26,3059,2034813,cowplot
2019-10-27,2779,2037592,cowplot
2019-10-28,5545,2043137,cowplot
2019-10-29,5212,2048349,cowplot
2019-10-30,5419,2053768,cowplot
2019-10-31,5342,2059110,cowplot
2019-11-01,4290,2063400,cowplot
2019-11-02,2113,2065513,cowplot
2019-11-03,2490,2068003,cowplot
2019-11-04,5259,2073262,cowplot
2019-11-05,5709,2078971,cowplot
2019-11-06,4630,2083601,cowplot
2019-11-07,5142,2088743,cowplot
2019-11-08,4674,2093417,cowplot
2019-11-09,2300,2095717,cowplot
2019-11-10,2604,2098321,cowplot
2019-11-11,5258,2103579,cowplot
2019-11-12,4964,2108543,cowplot
2019-11-13,5213,2113756,cowplot
2019-11-14,4887,2118643,cowplot
2019-11-15,4178,2122821,cowplot
2019-11-16,2437,2125258,cowplot
2019-11-17,2585,2127843,cowplot
2019-11-18,5225,2133068,cowplot
2019-11-19,5458,2138526,cowplot
2019-11-20,4999,2143525,cowplot
2019-11-21,5000,2148525,cowplot
2019-11-22,4633,2153158,cowplot
2019-11-23,2236,2155394,cowplot
2019-11-24,2473,2157867,cowplot
2019-11-25,5316,2163183,cowplot
2019-11-26,5406,2168589,cowplot
2019-11-27,5074,2173663,cowplot
2019-11-28,4269,2177932,cowplot
2019-11-29,3725,2181657,cowplot
2019-11-30,2271,2183928,cowplot
2019-12-01,2433,2186361,cowplot
2019-12-02,6433,2192794,cowplot
2019-12-03,6040,2198834,cowplot
2019-12-04,5804,2204638,cowplot
2019-12-05,5855,2210493,cowplot
2019-12-06,5279,2215772,cowplot
2019-12-07,2288,2218060,cowplot
2019-12-08,2619,2220679,cowplot
2019-12-09,5667,2226346,cowplot
2019-12-10,5665,2232011,cowplot
2019-12-11,5240,2237251,cowplot
2019-12-12,5777,2243028,cowplot
2019-12-13,4805,2247833,cowplot
2019-12-14,2724,2250557,cowplot
2019-12-15,2526,2253083,cowplot
2019-12-16,4635,2257718,cowplot
2019-12-17,4905,2262623,cowplot
2019-12-18,4987,2267610,cowplot
2019-12-19,4787,2272397,cowplot
2019-12-20,4126,2276523,cowplot
2019-12-21,2074,2278597,cowplot
2019-12-22,2149,2280746,cowplot
2019-12-23,3183,2283929,cowplot
2019-12-24,2489,2286418,cowplot
2019-12-25,2199,2288617,cowplot
2019-12-26,2993,2291610,cowplot
2019-12-27,2808,2294418,cowplot
2019-12-28,2220,2296638,cowplot
2019-12-29,2260,2298898,cowplot
2019-12-30,3047,2301945,cowplot
2019-12-31,2571,2304516,cowplot
2020-01-01,1984,2306500,cowplot
2020-01-02,3799,2310299,cowplot
2020-01-03,4138,2314437,cowplot
2020-01-04,2528,2316965,cowplot
2020-01-05,3030,2319995,cowplot
2020-01-06,4461,2324456,cowplot
2020-01-07,5236,2329692,cowplot
2020-01-08,4803,2334495,cowplot
2020-01-09,4931,2339426,cowplot
2020-01-10,4656,2344082,cowplot
2020-01-11,2647,2346729,cowplot
2020-01-12,2757,2349486,cowplot
2020-01-13,4807,2354293,cowplot
2020-01-14,6136,2360429,cowplot
2020-01-15,5336,2365765,cowplot
2020-01-16,5016,2370781,cowplot
2020-01-17,4302,2375083,cowplot
2020-01-18,2227,2377310,cowplot
2020-01-19,2514,2379824,cowplot
2020-01-20,4961,2384785,cowplot
2020-01-21,5362,2390147,cowplot
2020-01-22,5716,2395863,cowplot
2020-01-23,4949,2400812,cowplot
2020-01-24,4604,2405416,cowplot
2020-01-25,2588,2408004,cowplot
2020-01-26,3230,2411234,cowplot
2020-01-27,5092,2416326,cowplot
2020-01-28,5230,2421556,cowplot
2020-01-29,5955,2427511,cowplot
2020-01-30,6126,2433637,cowplot
2020-01-31,4849,2438486,cowplot
2020-02-01,2913,2441399,cowplot
2020-02-02,2784,2444183,cowplot
2020-02-03,5565,2449748,cowplot
2020-02-04,6268,2456016,cowplot
2020-02-05,6256,2462272,cowplot
2020-02-06,6342,2468614,cowplot
2020-02-07,5978,2474592,cowplot
2020-02-08,2914,2477506,cowplot
2020-02-09,2812,2480318,cowplot
2020-02-10,5824,2486142,cowplot
2020-02-11,6404,2492546,cowplot
2020-02-12,7104,2499650,cowplot
2020-02-13,6489,2506139,cowplot
2020-02-14,6409,2512548,cowplot
2020-02-15,3215,2515763,cowplot
2020-02-16,3344,2519107,cowplot
2020-02-17,5727,2524834,cowplot
2020-02-18,7702,2532536,cowplot
2020-02-19,7656,2540192,cowplot
2020-02-20,7811,2548003,cowplot
2020-02-21,6867,2554870,cowplot
2020-02-22,4990,2559860,cowplot
2020-02-23,4691,2564551,cowplot
2020-02-24,7324,2571875,cowplot
2020-02-25,7404,2579279,cowplot
2020-02-26,8795,2588074,cowplot
2020-02-27,7375,2595449,cowplot
2020-02-28,7005,2602454,cowplot
2020-02-29,1207,2603661,cowplot
2020-03-01,4324,2607985,cowplot
2020-03-02,8006,2615991,cowplot
2020-03-03,8439,2624430,cowplot
2020-03-04,8461,2632891,cowplot
2020-03-05,8324,2641215,cowplot
2020-03-06,7433,2648648,cowplot
2020-03-07,4660,2653308,cowplot
2020-03-08,4240,2657548,cowplot
2020-03-09,7820,2665368,cowplot
2020-03-10,7848,2673216,cowplot
2020-03-11,7671,2680887,cowplot
2020-03-12,9089,2689976,cowplot
2020-03-13,6759,2696735,cowplot
2020-03-14,4452,2701187,cowplot
2020-03-15,4719,2705906,cowplot
2020-03-16,8064,2713970,cowplot
2020-03-17,7786,2721756,cowplot
2020-03-18,8570,2730326,cowplot
2020-03-19,8374,2738700,cowplot
2020-03-20,7793,2746493,cowplot
2020-03-21,4711,2751204,cowplot
2020-03-22,5314,2756518,cowplot
2020-03-23,8191,2764709,cowplot
2020-03-24,7658,2772367,cowplot
2020-03-25,7786,2780153,cowplot
2020-03-26,8701,2788854,cowplot
2020-03-27,8196,2797050,cowplot
2020-03-28,5175,2802225,cowplot
2020-03-29,5330,2807555,cowplot
2020-03-30,8741,2816296,cowplot
2020-03-31,8978,2825274,cowplot
2020-04-01,8500,2833774,cowplot
2020-04-02,8206,2841980,cowplot
2020-04-03,8117,2850097,cowplot
2020-04-04,5802,2855899,cowplot
2020-04-05,4257,2860156,cowplot
2020-04-06,8574,2868730,cowplot
2020-04-07,7282,2876012,cowplot
2020-04-08,7998,2884010,cowplot
2020-04-09,6692,2890702,cowplot
2020-04-10,6309,2897011,cowplot
2020-04-11,4391,2901402,cowplot
2020-04-12,4543,2905945,cowplot
2020-04-13,6301,2912246,cowplot
2020-04-14,7725,2919971,cowplot
2020-04-15,7222,2927193,cowplot
2020-04-16,6600,2933793,cowplot
2020-04-17,5588,2939381,cowplot
2020-04-18,3599,2942980,cowplot
2020-04-19,4243,2947223,cowplot
2020-04-20,6083,2953306,cowplot
2020-04-21,6998,2960304,cowplot
2020-04-22,7654,2967958,cowplot
2020-04-23,7085,2975043,cowplot
2020-04-24,7453,2982496,cowplot
2020-04-25,4775,2987271,cowplot
2020-04-26,5138,2992409,cowplot
2020-04-27,8879,3001288,cowplot
2020-04-28,9078,3010366,cowplot
2020-04-29,10398,3020764,cowplot
2020-04-30,9928,3030692,cowplot
2020-05-01,6018,3036710,cowplot
2020-05-02,5180,3041890,cowplot
2020-05-03,5461,3047351,cowplot
2020-05-04,8184,3055535,cowplot
2020-05-05,8976,3064511,cowplot
2020-05-06,8719,3073230,cowplot
2020-05-07,8008,3081238,cowplot
2020-05-08,6797,3088035,cowplot
2020-05-09,5659,3093694,cowplot
2020-05-10,5139,3098833,cowplot
2020-05-11,9464,3108297,cowplot
2020-05-12,8917,3117214,cowplot
2020-05-13,9847,3127061,cowplot
2020-05-14,8585,3135646,cowplot
2020-05-15,7319,3142965,cowplot
2020-05-16,4438,3147403,cowplot
2020-05-17,4649,3152052,cowplot
2020-05-18,7283,3159335,cowplot
2020-05-19,7751,3167086,cowplot
2020-05-20,6732,3173818,cowplot
2020-05-21,6681,3180499,cowplot
2020-05-22,6711,3187210,cowplot
2020-05-23,4630,3191840,cowplot
2020-05-24,4329,3196169,cowplot
2020-05-25,6178,3202347,cowplot
2020-05-26,7435,3209782,cowplot
2020-05-27,7670,3217452,cowplot
2020-05-28,9124,3226576,cowplot
2020-05-29,8462,3235038,cowplot
2020-05-30,3974,3239012,cowplot
2020-05-31,4466,3243478,cowplot
2020-06-01,7469,3250947,cowplot
2020-06-02,9479,3260426,cowplot
2020-06-03,8761,3269187,cowplot
2020-06-04,8553,3277740,cowplot
2020-06-05,8646,3286386,cowplot
2020-06-06,4618,3291004,cowplot
2020-06-07,3974,3294978,cowplot
2020-06-08,9266,3304244,cowplot
2020-06-09,8537,3312781,cowplot
2020-06-10,8400,3321181,cowplot
2020-06-11,8752,3329933,cowplot
2020-06-12,7567,3337500,cowplot
2020-06-13,4127,3341627,cowplot
2020-06-14,4279,3345906,cowplot
2020-06-15,8264,3354170,cowplot
2020-06-16,8613,3362783,cowplot
2020-06-17,8387,3371170,cowplot
2020-06-18,8402,3379572,cowplot
2020-06-19,7565,3387137,cowplot
2020-06-20,4304,3391441,cowplot
2020-06-21,4587,3396028,cowplot
2020-06-22,8858,3404886,cowplot
2020-06-23,8197,3413083,cowplot
2020-06-24,8168,3421251,cowplot
2020-06-25,8277,3429528,cowplot
2020-06-26,7710,3437238,cowplot
2020-06-27,3704,3440942,cowplot
2020-06-28,3956,3444898,cowplot
2020-06-29,7625,3452523,cowplot
2020-06-30,8046,3460569,cowplot
2020-07-01,9525,3470094,cowplot
2020-07-02,8943,3479037,cowplot
2020-07-03,7898,3486935,cowplot
2020-07-04,3716,3490651,cowplot
2020-07-05,3869,3494520,cowplot
2020-07-06,8550,3503070,cowplot
2020-07-07,8780,3511850,cowplot
2020-07-08,8787,3520637,cowplot
2020-07-09,8069,3528706,cowplot
2020-07-10,7620,3536326,cowplot
2020-07-11,4069,3540395,cowplot
2020-07-12,3926,3544321,cowplot
2020-07-13,8510,3552831,cowplot
2020-07-14,9366,3562197,cowplot
2020-07-15,9343,3571540,cowplot
2020-07-16,8740,3580280,cowplot
2020-07-17,7906,3588186,cowplot
2020-07-18,3966,3592152,cowplot
2020-07-19,3923,3596075,cowplot
2020-07-20,8973,3605048,cowplot
2020-07-21,8373,3613421,cowplot
2020-07-22,8929,3622350,cowplot
2020-07-23,8509,3630859,cowplot
2020-07-24,7713,3638572,cowplot
2020-07-25,3913,3642485,cowplot
2020-07-26,3952,3646437,cowplot
2020-07-27,8203,3654640,cowplot
2020-07-28,10139,3664779,cowplot
2020-07-29,8657,3673436,cowplot
2020-07-30,8333,3681769,cowplot
2020-07-31,8579,3690348,cowplot
2020-08-01,3865,3694213,cowplot
2020-08-02,3925,3698138,cowplot
2020-08-03,9145,3707283,cowplot
2020-08-04,9065,3716348,cowplot
2020-08-05,10708,3727056,cowplot
2020-08-06,7939,3734995,cowplot
2020-08-07,8807,3743802,cowplot
2020-08-08,3903,3747705,cowplot
2020-08-09,3661,3751366,cowplot
2020-08-10,8859,3760225,cowplot
2020-08-11,10252,3770477,cowplot
2020-08-12,10761,3781238,cowplot
2020-08-13,9277,3790515,cowplot
2020-08-14,8266,3798781,cowplot
2020-08-15,4274,3803055,cowplot
2020-08-16,3307,3806362,cowplot
2020-08-17,8358,3814720,cowplot
2020-08-18,9370,3824090,cowplot
2020-08-19,9570,3833660,cowplot
2020-08-20,8795,3842455,cowplot
2020-08-21,7061,3849516,cowplot
2020-08-22,3655,3853171,cowplot
2020-08-23,3735,3856906,cowplot
2020-08-24,9253,3866159,cowplot
2020-08-25,9869,3876028,cowplot
2020-08-26,9091,3885119,cowplot
2020-08-27,9561,3894680,cowplot
2020-08-28,7821,3902501,cowplot
2020-08-29,3469,3905970,cowplot
2020-08-30,3685,3909655,cowplot
2020-08-31,9920,3919575,cowplot
2020-09-01,8543,3928118,cowplot
2020-09-02,8903,3937021,cowplot
2020-09-03,8775,3945796,cowplot
2020-09-04,6990,3952786,cowplot
2020-09-05,3270,3956056,cowplot
2020-09-06,3111,3959167,cowplot
2020-09-07,5177,3964344,cowplot
2020-09-08,10946,3975290,cowplot
2020-09-09,11256,3986546,cowplot
2020-09-10,9688,3996234,cowplot
2020-09-11,10860,4007094,cowplot
2020-09-12,4600,4011694,cowplot
2020-09-13,5359,4017053,cowplot
2020-09-14,11648,4028701,cowplot
2020-09-15,11735,4040436,cowplot
2020-09-16,11472,4051908,cowplot
2020-09-17,10917,4062825,cowplot
2020-09-18,9764,4072589,cowplot
2020-09-19,4711,4077300,cowplot
2020-09-20,5136,4082436,cowplot
2020-09-21,11250,4093686,cowplot
2020-09-22,11344,4105030,cowplot
2020-09-23,11938,4116968,cowplot
2020-09-24,10561,4127529,cowplot
2020-09-25,9573,4137102,cowplot
2020-09-26,5065,4142167,cowplot
2020-09-27,5118,4147285,cowplot
2020-09-28,12289,4159574,cowplot
2020-09-29,12357,4171931,cowplot
2020-09-30,12754,4184685,cowplot
2020-10-01,11573,4196258,cowplot
2020-10-02,11184,4207442,cowplot
2020-10-03,5944,4213386,cowplot
2020-10-04,6079,4219465,cowplot
2020-10-05,12430,4231895,cowplot
2020-10-06,12789,4244684,cowplot
2020-10-07,12305,4256989,cowplot
2020-10-08,12166,4269155,cowplot
2020-10-09,12405,4281560,cowplot
2020-10-10,5792,4287352,cowplot
2020-10-11,6190,4293542,cowplot
2020-10-12,9126,4302668,cowplot
2020-10-13,12566,4315234,cowplot
2020-10-14,12948,4328182,cowplot
2020-10-15,12610,4340792,cowplot
2020-10-16,10960,4351752,cowplot
2020-10-17,6408,4358160,cowplot
2020-10-18,6575,4364735,cowplot
2020-10-19,12391,4377126,cowplot
2020-10-20,13425,4390551,cowplot
2020-10-21,13515,4404066,cowplot
2020-10-22,13438,4417504,cowplot
2020-10-23,12140,4429644,cowplot
2020-10-24,6015,4435659,cowplot
2020-10-25,6055,4441714,cowplot
2020-10-26,11836,4453550,cowplot
2020-10-27,13795,4467345,cowplot
2020-10-28,12924,4480269,cowplot
2020-10-29,11535,4491804,cowplot
2020-10-30,10569,4502373,cowplot
2020-10-31,5854,4508227,cowplot
2020-11-01,5888,4514115,cowplot
2020-11-02,11472,4525587,cowplot
2020-11-03,13202,4538789,cowplot
2020-11-04,12086,4550875,cowplot
2020-11-05,12684,4563559,cowplot
2020-11-06,11635,4575194,cowplot
2020-11-07,5877,4581071,cowplot
2020-11-08,5843,4586914,cowplot
2020-11-09,12842,4599756,cowplot
2020-11-10,12587,4612343,cowplot
2020-11-11,11879,4624222,cowplot
2020-11-12,12649,4636871,cowplot
2020-11-13,11849,4648720,cowplot
2020-11-14,6285,4655005,cowplot
2020-11-15,6445,4661450,cowplot
2020-11-16,11927,4673377,cowplot
2020-11-17,12743,4686120,cowplot
2020-11-18,12066,4698186,cowplot
2020-11-19,12055,4710241,cowplot
2020-11-20,11193,4721434,cowplot
2020-11-21,5764,4727198,cowplot
2020-11-22,6393,4733591,cowplot
2020-11-23,10250,4743841,cowplot
2020-11-24,11375,4755216,cowplot
2020-11-25,8810,4764026,cowplot
2020-11-26,9840,4773866,cowplot
2020-11-27,8862,4782728,cowplot
2020-11-28,5491,4788219,cowplot
2020-11-29,5592,4793811,cowplot
2020-11-30,11177,4804988,cowplot
2020-12-01,11041,4816029,cowplot
2020-12-02,12097,4828126,cowplot
2020-12-03,11730,4839856,cowplot
2020-12-04,12016,4851872,cowplot
2020-12-05,5906,4857778,cowplot
2020-12-06,5988,4863766,cowplot
2020-12-07,11454,4875220,cowplot
2020-12-08,11515,4886735,cowplot
2020-12-09,11290,4898025,cowplot
2020-12-10,10755,4908780,cowplot
2020-12-11,10344,4919124,cowplot
2020-12-12,5661,4924785,cowplot
2020-12-13,6762,4931547,cowplot
2020-12-14,11988,4943535,cowplot
2020-12-15,11985,4955520,cowplot
2020-12-16,13352,4968872,cowplot
2020-12-17,12614,4981486,cowplot
2020-12-18,10565,4992051,cowplot
2020-12-19,5431,4997482,cowplot
2020-12-20,5556,5003038,cowplot
2020-12-21,10965,5014003,cowplot
2020-12-22,12399,5026402,cowplot
2020-12-23,10300,5036702,cowplot
2020-12-24,7018,5043720,cowplot
2020-12-25,5445,5049165,cowplot
2020-12-26,5633,5054798,cowplot
2020-12-27,7261,5062059,cowplot
2020-12-28,6974,5069033,cowplot
2020-12-29,5358,5074391,cowplot
2020-12-30,7092,5081483,cowplot
2020-12-31,7819,5089302,cowplot
2021-01-01,7155,5096457,cowplot
2021-01-02,7249,5103706,cowplot
2021-01-03,8113,5111819,cowplot
2021-01-04,13592,5125411,cowplot
2021-01-05,13131,5138542,cowplot
2021-01-06,11678,5150220,cowplot
2021-01-07,12420,5162640,cowplot
2021-01-08,11961,5174601,cowplot
2021-01-09,6599,5181200,cowplot
2021-01-10,7088,5188288,cowplot
2021-01-11,12278,5200566,cowplot
2021-01-12,12089,5212655,cowplot
2021-01-13,13432,5226087,cowplot
2021-01-14,13394,5239481,cowplot
2021-01-15,11583,5251064,cowplot
2021-01-16,6371,5257435,cowplot
2021-01-17,6839,5264274,cowplot
2021-01-18,12335,5276609,cowplot
2021-01-19,14286,5290895,cowplot
2021-01-20,13635,5304530,cowplot
2021-01-21,13547,5318077,cowplot
2021-01-22,11014,5329091,cowplot
2021-01-23,5494,5334585,cowplot
2021-01-24,5974,5340559,cowplot
2021-01-25,11110,5351669,cowplot
2021-01-26,11890,5363559,cowplot
2021-01-27,12497,5376056,cowplot
2021-01-28,13138,5389194,cowplot
2021-01-29,11789,5400983,cowplot
2021-01-30,6604,5407587,cowplot
2021-01-31,7665,5415252,cowplot
2021-02-01,13311,5428563,cowplot
2021-02-02,13794,5442357,cowplot
2021-02-03,12698,5455055,cowplot
2021-02-04,15093,5470148,cowplot
2021-02-05,15057,5485205,cowplot
2021-02-06,6398,5491603,cowplot
2021-02-07,6106,5497709,cowplot
2021-02-08,13482,5511191,cowplot
2021-02-09,14457,5525648,cowplot
2021-02-10,13079,5538727,cowplot
2021-02-11,13693,5552420,cowplot
2021-02-12,14502,5566922,cowplot
2021-02-13,6180,5573102,cowplot
2021-02-14,6260,5579362,cowplot
2021-02-15,8963,5588325,cowplot
2021-02-16,10013,5598338,cowplot
2021-02-17,13591,5611929,cowplot
2021-02-18,12439,5624368,cowplot
2021-02-19,11042,5635410,cowplot
2021-02-20,6808,5642218,cowplot
2021-02-21,8117,5650335,cowplot
2021-02-22,14016,5664351,cowplot
2021-02-23,12905,5677256,cowplot
2021-02-24,11528,5688784,cowplot
2021-02-25,11155,5699939,cowplot
2021-02-26,12794,5712733,cowplot
2021-02-27,7885,5720618,cowplot
2021-02-28,7277,5727895,cowplot
2021-03-01,13093,5740988,cowplot
2021-03-02,12309,5753297,cowplot
2021-03-03,13388,5766685,cowplot
2021-03-04,12872,5779557,cowplot
2021-03-05,11370,5790927,cowplot
2021-03-06,6565,5797492,cowplot
2021-03-07,7695,5805187,cowplot
2021-03-08,13161,5818348,cowplot
2021-03-09,14020,5832368,cowplot
2021-03-10,14100,5846468,cowplot
2021-03-11,13563,5860031,cowplot
2021-03-12,12738,5872769,cowplot
2021-03-13,6789,5879558,cowplot
2021-03-14,7763,5887321,cowplot
2021-03-15,13234,5900555,cowplot
2021-03-16,16893,5917448,cowplot
2021-03-17,14009,5931457,cowplot
2021-03-18,13377,5944834,cowplot
2021-03-19,11898,5956732,cowplot
2021-03-20,7015,5963747,cowplot
2021-03-21,6910,5970657,cowplot
2021-03-22,12708,5983365,cowplot
2021-03-23,13370,5996735,cowplot
2021-03-24,12756,6009491,cowplot
2021-03-25,11604,6021095,cowplot
2021-03-26,10477,6031572,cowplot
2021-03-27,6565,6038137,cowplot
2021-03-28,6639,6044776,cowplot
2021-03-29,12291,6057067,cowplot
2021-03-30,12778,6069845,cowplot
2021-03-31,12614,6082459,cowplot
2021-04-01,12688,6095147,cowplot
2021-04-02,11287,6106434,cowplot
2021-04-03,8134,6114568,cowplot
2021-04-04,7304,6121872,cowplot
2021-04-05,11450,6133322,cowplot
2021-04-06,12514,6145836,cowplot
2021-04-07,12863,6158699,cowplot
2021-04-08,12899,6171598,cowplot
2021-04-09,12111,6183709,cowplot
2021-04-10,6018,6189727,cowplot
2021-04-11,6980,6196707,cowplot
2021-04-12,12599,6209306,cowplot
2021-04-13,11649,6220955,cowplot
2021-04-14,11055,6232010,cowplot
2021-04-15,11663,6243673,cowplot
2021-04-16,10042,6253715,cowplot
2021-04-17,5303,6259018,cowplot
2021-04-18,6393,6265411,cowplot
2021-04-19,11044,6276455,cowplot
2021-04-20,11064,6287519,cowplot
2021-04-21,10486,6298005,cowplot
2021-04-22,10954,6308959,cowplot
2021-04-23,10633,6319592,cowplot
2021-04-24,5092,6324684,cowplot
2021-04-25,5218,6329902,cowplot
2021-04-26,10732,6340634,cowplot
2021-04-27,10275,6350909,cowplot
2021-04-28,9841,6360750,cowplot
2021-04-29,9677,6370427,cowplot
2021-04-30,8671,6379098,cowplot
2021-05-01,4895,6383993,cowplot
2021-05-02,5588,6389581,cowplot
2021-05-03,10238,6399819,cowplot
2021-05-04,9731,6409550,cowplot
2021-05-05,10351,6419901,cowplot
2021-05-06,9476,6429377,cowplot
2021-05-07,8579,6437956,cowplot
2021-05-08,5090,6443046,cowplot
2021-05-09,5050,6448096,cowplot
2021-05-10,10133,6458229,cowplot
2021-05-11,9560,6467789,cowplot
2021-05-12,9826,6477615,cowplot
2021-05-13,9234,6486849,cowplot
2021-05-14,8875,6495724,cowplot
2021-05-15,4863,6500587,cowplot
2021-05-16,5061,6505648,cowplot
2021-05-17,11179,6516827,cowplot
2021-05-18,10899,6527726,cowplot
2021-05-19,11802,6539528,cowplot
2021-05-20,10984,6550512,cowplot
2021-05-21,10640,6561152,cowplot
2021-05-22,5145,6566297,cowplot
2021-05-23,5740,6572037,cowplot
2021-05-24,9694,6581731,cowplot
2021-05-25,10644,6592375,cowplot
2021-05-26,11276,6603651,cowplot
2021-05-27,9819,6613470,cowplot
2021-05-28,8444,6621914,cowplot
2021-05-29,4665,6626579,cowplot
2021-05-30,4641,6631220,cowplot
2021-05-31,7893,6639113,cowplot
2021-06-01,9854,6648967,cowplot
2021-06-02,9951,6658918,cowplot
2021-06-03,9517,6668435,cowplot
2021-06-04,10108,6678543,cowplot
2021-06-05,5664,6684207,cowplot
2021-06-06,5639,6689846,cowplot
2021-06-07,10562,6700408,cowplot
2021-06-08,11070,6711478,cowplot
2021-06-09,11859,6723337,cowplot
2021-06-10,10878,6734215,cowplot
2021-06-11,10246,6744461,cowplot
2021-06-12,4955,6749416,cowplot
2021-06-13,5002,6754418,cowplot
2021-06-14,10597,6765015,cowplot
2021-06-15,13483,6778498,cowplot
2021-06-16,11286,6789784,cowplot
2021-06-17,12434,6802218,cowplot
2021-06-18,10110,6812328,cowplot
2021-06-19,5372,6817700,cowplot
2021-06-20,5421,6823121,cowplot
2021-06-21,10060,6833181,cowplot
2021-06-22,10493,6843674,cowplot
2021-06-23,10315,6853989,cowplot
2021-06-24,11717,6865706,cowplot
2021-06-25,10771,6876477,cowplot
2021-06-26,4138,6880615,cowplot
2021-06-27,4810,6885425,cowplot
2021-06-28,11257,6896682,cowplot
2021-06-29,10228,6906910,cowplot
2021-06-30,9785,6916695,cowplot
2021-07-01,9133,6925828,cowplot
2021-07-02,9725,6935553,cowplot
2021-07-03,4549,6940102,cowplot
2021-07-04,4509,6944611,cowplot
2021-07-05,8700,6953311,cowplot
2021-07-06,9847,6963158,cowplot
2021-07-07,10195,6973353,cowplot
2021-07-08,10488,6983841,cowplot
2021-07-09,8701,6992542,cowplot
2021-07-10,4720,6997262,cowplot
2021-07-11,5482,7002744,cowplot
2021-07-12,10090,7012834,cowplot
2021-07-13,9525,7022359,cowplot
2021-07-14,9423,7031782,cowplot
2021-07-15,9729,7041511,cowplot
2021-07-16,8967,7050478,cowplot
2021-07-17,4686,7055164,cowplot
2021-07-18,5022,7060186,cowplot
2021-07-19,9586,7069772,cowplot
2021-07-20,9987,7079759,cowplot
2021-07-21,9749,7089508,cowplot
2021-07-22,9168,7098676,cowplot
2021-07-23,8615,7107291,cowplot
2021-07-24,4227,7111518,cowplot
2021-07-25,4780,7116298,cowplot
2021-07-26,10036,7126334,cowplot
2021-07-27,9523,7135857,cowplot
2021-07-28,9585,7145442,cowplot
2021-07-29,9409,7154851,cowplot
2021-07-30,9170,7164021,cowplot
2021-07-31,4547,7168568,cowplot
2021-08-01,4464,7173032,cowplot
2021-08-02,9040,7182072,cowplot
2021-08-03,9029,7191101,cowplot
2021-08-04,9538,7200639,cowplot
2021-08-05,9144,7209783,cowplot
2021-08-06,8795,7218578,cowplot
2021-08-07,4174,7222752,cowplot
2021-08-08,5235,7227987,cowplot
2021-08-09,10740,7238727,cowplot
2021-08-10,10717,7249444,cowplot
2021-08-11,9386,7258830,cowplot
2021-08-12,9514,7268344,cowplot
2021-08-13,9871,7278215,cowplot
2021-08-14,5602,7283817,cowplot
2021-08-15,5147,7288964,cowplot
2021-08-16,9238,7298202,cowplot
2021-08-17,9347,7307549,cowplot
2021-08-18,9405,7316954,cowplot
2021-08-19,8700,7325654,cowplot
2021-08-20,8865,7334519,cowplot
2021-08-21,3691,7338210,cowplot
2021-08-22,4004,7342214,cowplot
2021-08-23,9204,7351418,cowplot
2021-08-24,9108,7360526,cowplot
2021-08-25,9678,7370204,cowplot
2021-08-26,9677,7379881,cowplot
2021-08-27,8937,7388818,cowplot
2021-08-28,4479,7393297,cowplot
2021-08-29,4275,7397572,cowplot
2021-08-30,9802,7407374,cowplot
2021-08-31,9905,7417279,cowplot
2021-09-01,10074,7427353,cowplot
2021-09-02,9746,7437099,cowplot
2021-09-03,8340,7445439,cowplot
2021-09-04,4344,7449783,cowplot
2021-09-05,4105,7453888,cowplot
2021-09-06,6428,7460316,cowplot
2021-09-07,8697,7469013,cowplot
2021-09-08,9827,7478840,cowplot
2021-09-09,9265,7488105,cowplot
2021-09-10,9153,7497258,cowplot
2021-09-11,4456,7501714,cowplot
2021-09-12,4359,7506073,cowplot
2021-09-13,9473,7515546,cowplot
2021-09-14,9686,7525232,cowplot
2021-09-15,10575,7535807,cowplot
2021-09-16,9586,7545393,cowplot
2021-09-17,9023,7554416,cowplot
2021-09-18,4517,7558933,cowplot
2021-09-19,4926,7563859,cowplot
2021-09-20,10776,7574635,cowplot
2021-09-21,9821,7584456,cowplot
2021-09-22,9653,7594109,cowplot
2021-09-23,11564,7605673,cowplot
2021-09-24,10414,7616087,cowplot
2021-09-25,4551,7620638,cowplot
2021-09-26,5004,7625642,cowplot
2021-09-27,10820,7636462,cowplot
2021-09-28,9848,7646310,cowplot
2021-09-29,9740,7656050,cowplot
2021-09-30,10629,7666679,cowplot
2021-10-01,9835,7676514,cowplot
2021-10-02,4706,7681220,cowplot
2021-10-03,4513,7685733,cowplot
2021-10-04,10704,7696437,cowplot
2021-10-05,10341,7706778,cowplot
2021-10-06,10561,7717339,cowplot
2021-10-07,11661,7729000,cowplot
2021-10-08,9237,7738237,cowplot
2021-10-09,4206,7742443,cowplot
2021-10-10,4640,7747083,cowplot
2021-10-11,8756,7755839,cowplot
2021-10-12,9856,7765695,cowplot
2021-10-13,10797,7776492,cowplot
2021-10-14,9921,7786413,cowplot
2021-10-15,10599,7797012,cowplot
2021-10-16,5717,7802729,cowplot
2021-10-17,4683,7807412,cowplot
2021-10-18,12104,7819516,cowplot
2021-10-19,11860,7831376,cowplot
2021-10-20,12664,7844040,cowplot
2021-10-21,11953,7855993,cowplot
2021-10-22,11415,7867408,cowplot
2021-10-23,5251,7872659,cowplot
2021-10-24,5584,7878243,cowplot
2021-10-25,11776,7890019,cowplot
2021-10-26,12284,7902303,cowplot
2021-10-27,12770,7915073,cowplot
2021-10-28,12947,7928020,cowplot
2021-10-29,10271,7938291,cowplot
2021-10-30,5786,7944077,cowplot
2021-10-31,5446,7949523,cowplot
2021-11-01,10389,7959912,cowplot
2021-11-02,10470,7970382,cowplot
2021-11-03,11101,7981483,cowplot
2021-11-04,11994,7993477,cowplot
2021-11-05,10652,8004129,cowplot
2021-11-06,5507,8009636,cowplot
2021-11-07,5664,8015300,cowplot
2021-11-08,12039,8027339,cowplot
2021-11-09,12798,8040137,cowplot
2021-11-10,11781,8051918,cowplot
2021-11-11,12519,8064437,cowplot
2021-11-12,11033,8075470,cowplot
2021-11-13,5493,8080963,cowplot
2021-11-14,5883,8086846,cowplot
2021-11-15,10254,8097100,cowplot
2021-11-16,13064,8110164,cowplot
2021-11-17,12151,8122315,cowplot
2021-11-18,12553,8134868,cowplot
2021-11-19,11598,8146466,cowplot
2021-11-20,5771,8152237,cowplot
2021-11-21,7550,8159787,cowplot
2021-11-22,11791,8171578,cowplot
2021-11-23,12991,8184569,cowplot
2021-11-24,11368,8195937,cowplot
2021-11-25,10046,8205983,cowplot
2021-11-26,8431,8214414,cowplot
2021-11-27,5361,8219775,cowplot
2021-11-28,5725,8225500,cowplot
2021-11-29,10975,8236475,cowplot
2021-11-30,11354,8247829,cowplot
2021-12-01,11416,8259245,cowplot
2021-12-02,13058,8272303,cowplot
2021-12-03,11335,8283638,cowplot
2021-12-04,5390,8289028,cowplot
2021-12-05,5788,8294816,cowplot
2021-12-06,14130,8308946,cowplot
2021-12-07,11814,8320760,cowplot
2021-12-08,11248,8332008,cowplot
2021-12-09,11345,8343353,cowplot
2021-12-10,9550,8352903,cowplot
2021-12-11,6057,8358960,cowplot
2021-12-12,6231,8365191,cowplot
2021-12-13,11865,8377056,cowplot
2021-12-14,14353,8391409,cowplot
2021-12-15,10789,8402198,cowplot
2021-12-16,10716,8412914,cowplot
2021-12-17,9952,8422866,cowplot
2021-12-18,5224,8428090,cowplot
2021-12-19,5305,8433395,cowplot
2021-12-20,11569,8444964,cowplot
2021-12-21,10542,8455506,cowplot
2021-12-22,8874,8464380,cowplot
2021-12-23,8846,8473226,cowplot
2021-12-24,5767,8478993,cowplot
2021-12-25,3880,8482873,cowplot
2021-12-26,4353,8487226,cowplot
2021-12-27,7382,8494608,cowplot
2021-12-28,7946,8502554,cowplot
2021-12-29,8437,8510991,cowplot
2021-12-30,5999,8516990,cowplot
2021-12-31,4734,8521724,cowplot
2022-01-01,3984,8525708,cowplot
2022-01-02,4389,8530097,cowplot
2022-01-03,8852,8538949,cowplot
2022-01-04,9170,8548119,cowplot
2022-01-05,9405,8557524,cowplot
2022-01-06,10889,8568413,cowplot
2022-01-07,9042,8577455,cowplot
2022-01-08,5046,8582501,cowplot
2022-01-09,5182,8587683,cowplot
2022-01-10,10164,8597847,cowplot
2022-01-11,9623,8607470,cowplot
2022-01-12,9291,8616761,cowplot
2022-01-13,8753,8625514,cowplot
2022-01-14,8705,8634219,cowplot
2022-01-15,4801,8639020,cowplot
2022-01-16,4761,8643781,cowplot
2022-01-17,8082,8651863,cowplot
2022-01-18,9508,8661371,cowplot
2022-01-19,9828,8671199,cowplot
2022-01-20,9339,8680538,cowplot
2022-01-21,9668,8690206,cowplot
2022-01-22,4902,8695108,cowplot
2022-01-23,4669,8699777,cowplot
2022-01-24,11092,8710869,cowplot
2022-01-25,11444,8722313,cowplot
2022-01-26,11499,8733812,cowplot
2022-01-27,10301,8744113,cowplot
2022-01-28,11326,8755439,cowplot
2022-01-29,5902,8761341,cowplot
2022-01-30,5831,8767172,cowplot
2022-01-31,12871,8780043,cowplot
2022-02-01,11295,8791338,cowplot
2022-02-02,11630,8802968,cowplot
2022-02-03,11176,8814144,cowplot
2022-02-04,10695,8824839,cowplot
2022-02-05,4767,8829606,cowplot
2022-02-06,4881,8834487,cowplot
2022-02-07,9480,8843967,cowplot
2022-02-08,9426,8853393,cowplot
2022-02-09,11521,8864914,cowplot
2022-02-10,10334,8875248,cowplot
2022-02-11,10544,8885792,cowplot
2022-02-12,4609,8890401,cowplot
2022-02-13,5441,8895842,cowplot
2022-02-14,13036,8908878,cowplot
2022-02-15,10919,8919797,cowplot
2022-02-16,10848,8930645,cowplot
2022-02-17,8667,8939312,cowplot
2022-02-18,8333,8947645,cowplot
2022-02-19,4156,8951801,cowplot
2022-02-20,4091,8955892,cowplot
2022-02-21,8338,8964230,cowplot
2022-02-22,8869,8973099,cowplot
2022-02-23,8961,8982060,cowplot
2022-02-24,8012,8990072,cowplot
2022-02-25,7221,8997293,cowplot
2022-02-26,3892,9001185,cowplot
2022-02-27,4084,9005269,cowplot
2022-02-28,7311,9012580,cowplot
2022-03-01,8149,9020729,cowplot
2022-03-02,8676,9029405,cowplot
2022-03-03,8298,9037703,cowplot
2022-03-04,8106,9045809,cowplot
2022-03-05,3777,9049586,cowplot
2022-03-06,3964,9053550,cowplot
2022-03-07,8978,9062528,cowplot
2022-03-08,10047,9072575,cowplot
2022-03-09,9608,9082183,cowplot
2022-03-10,8932,9091115,cowplot
2022-03-11,8656,9099771,cowplot
2022-03-12,4099,9103870,cowplot
2022-03-13,4254,9108124,cowplot
2022-03-14,9816,9117940,cowplot
2022-03-15,9159,9127099,cowplot
2022-03-16,9137,9136236,cowplot
2022-03-17,9129,9145365,cowplot
2022-03-18,8216,9153581,cowplot
2022-03-19,4422,9158003,cowplot
2022-03-20,4412,9162415,cowplot
2022-03-21,9936,9172351,cowplot
2022-03-22,8853,9181204,cowplot
2022-03-23,9231,9190435,cowplot
2022-03-24,8741,9199176,cowplot
2022-03-25,7087,9206263,cowplot
2022-03-26,3762,9210025,cowplot
2022-03-27,4070,9214095,cowplot
2022-03-28,8735,9222830,cowplot
2022-03-29,8715,9231545,cowplot
2022-03-30,9082,9240627,cowplot
2022-03-31,8786,9249413,cowplot
2022-04-01,8026,9257439,cowplot
2022-04-02,3998,9261437,cowplot
2022-04-03,4207,9265644,cowplot
2022-04-04,9419,9275063,cowplot
2022-04-05,9916,9284979,cowplot
2022-04-06,9162,9294141,cowplot
2022-04-07,8895,9303036,cowplot
2022-04-08,7602,9310638,cowplot
2022-04-09,4151,9314789,cowplot
2022-04-10,4359,9319148,cowplot
2022-04-11,8976,9328124,cowplot
2022-04-12,9179,9337303,cowplot
2022-04-13,8853,9346156,cowplot
2022-04-14,8749,9354905,cowplot
2022-04-15,6285,9361190,cowplot
2022-04-16,4107,9365297,cowplot
2022-04-17,4260,9369557,cowplot
2022-04-18,8345,9377902,cowplot
2022-04-19,10694,9388596,cowplot
2022-04-20,9590,9398186,cowplot
2022-04-21,9893,9408079,cowplot
2022-04-22,8865,9416944,cowplot
2022-04-23,4646,9421590,cowplot
2022-04-24,5306,9426896,cowplot
2022-04-25,9914,9436810,cowplot
2022-04-26,11880,9448690,cowplot
2022-04-27,10151,9458841,cowplot
2022-04-28,11511,9470352,cowplot
2022-04-29,9920,9480272,cowplot
2022-04-30,4640,9484912,cowplot
2022-05-01,4655,9489567,cowplot
2022-05-02,9869,9499436,cowplot
2022-05-03,9961,9509397,cowplot
2022-05-04,10378,9519775,cowplot
2022-05-05,11370,9531145,cowplot
2022-05-06,9692,9540837,cowplot
2022-05-07,4411,9545248,cowplot
2022-05-08,4529,9549777,cowplot
2022-05-09,10461,9560238,cowplot
2022-05-10,10129,9570367,cowplot
2022-05-11,10620,9580987,cowplot
2022-05-12,10403,9591390,cowplot
2022-05-13,8312,9599702,cowplot
2022-05-14,4610,9604312,cowplot
2022-05-15,4208,9608520,cowplot
2022-05-16,9247,9617767,cowplot
2022-05-17,12677,9630444,cowplot
2022-05-18,12518,9642962,cowplot
2022-05-19,12159,9655121,cowplot
2022-05-20,12139,9667260,cowplot
2022-05-21,6418,9673678,cowplot
2022-05-22,4562,9678240,cowplot
2022-05-23,9743,9687983,cowplot
2022-05-24,9102,9697085,cowplot
2022-05-25,10126,9707211,cowplot
2022-05-26,8890,9716101,cowplot
2022-05-27,7191,9723292,cowplot
2022-05-28,3743,9727035,cowplot
2022-05-29,4187,9731222,cowplot
2022-05-30,6793,9738015,cowplot
2022-05-31,9558,9747573,cowplot
2022-06-01,10080,9757653,cowplot
2022-06-02,8487,9766140,cowplot
2022-06-03,8621,9774761,cowplot
2022-06-04,4064,9778825,cowplot
2022-06-05,4018,9782843,cowplot
2022-06-06,8804,9791647,cowplot
2022-06-07,9687,9801334,cowplot
2022-06-08,11395,9812729,cowplot
2022-06-09,9214,9821943,cowplot
2022-06-10,8834,9830777,cowplot
2022-06-11,6791,9837568,cowplot
2022-06-12,5952,9843520,cowplot
2022-06-13,10068,9853588,cowplot
2022-06-14,8043,9861631,cowplot
2022-06-15,8015,9869646,cowplot
2022-06-16,8861,9878507,cowplot
2022-06-17,6908,9885415,cowplot
2022-06-18,3523,9888938,cowplot
2022-06-19,3704,9892642,cowplot
2022-06-20,8610,9901252,cowplot
2022-06-21,9398,9910650,cowplot
2022-06-22,8144,9918794,cowplot
2022-06-23,7682,9926476,cowplot
2022-06-24,6407,9932883,cowplot
2022-06-25,4918,9937801,cowplot
2022-06-26,3575,9941376,cowplot
2022-06-27,8318,9949694,cowplot
2022-06-28,8603,9958297,cowplot
2022-06-29,7638,9965935,cowplot
2022-06-30,7434,9973369,cowplot
2022-07-01,7239,9980608,cowplot
2022-07-02,2678,9983286,cowplot
2022-07-03,3007,9986293,cowplot
2022-07-04,6101,9992394,cowplot
2022-07-05,8209,10000603,cowplot
2022-07-06,9659,10010262,cowplot
2022-07-07,8018,10018280,cowplot
2022-07-08,8610,10026890,cowplot
2022-07-09,4752,10031642,cowplot
2022-07-10,3098,10034740,cowplot
2022-07-11,8441,10043181,cowplot
2022-07-12,9119,10052300,cowplot
2022-07-13,8196,10060496,cowplot
2022-07-14,7050,10067546,cowplot
2022-07-15,6485,10074031,cowplot
2022-07-16,2849,10076880,cowplot
2022-07-17,3021,10079901,cowplot
2022-07-18,8459,10088360,cowplot
2022-07-19,7698,10096058,cowplot
2022-07-20,7490,10103548,cowplot
2022-07-21,6782,10110330,cowplot
2022-07-22,6339,10116669,cowplot
2022-07-23,3072,10119741,cowplot
2022-07-24,3089,10122830,cowplot
2022-07-25,7794,10130624,cowplot
2022-07-26,9594,10140218,cowplot
2022-07-27,11419,10151637,cowplot
2022-07-28,25241,10176878,cowplot
2022-07-29,22797,10199675,cowplot
2022-07-30,21607,10221282,cowplot
2022-07-31,21635,10242917,cowplot
2022-08-01,26867,10269784,cowplot
2022-08-02,26753,10296537,cowplot
2022-08-03,26284,10322821,cowplot
2022-08-04,25059,10347880,cowplot
2022-08-05,22218,10370098,cowplot
2022-08-06,19457,10389555,cowplot
2022-08-07,21584,10411139,cowplot
2022-08-08,25073,10436212,cowplot
2022-08-09,25249,10461461,cowplot
2022-08-10,24303,10485764,cowplot
2022-08-11,21955,10507719,cowplot
2022-08-12,25068,10532787,cowplot
2022-08-13,18117,10550904,cowplot
2022-08-14,17695,10568599,cowplot
2022-08-15,23837,10592436,cowplot
2022-08-16,24629,10617065,cowplot
2022-08-17,9236,10626301,cowplot
2022-08-18,8584,10634885,cowplot
2022-08-19,8865,10643750,cowplot
2022-08-20,12214,10655964,cowplot
2022-08-21,12272,10668236,cowplot
2022-08-22,17137,10685373,cowplot
2022-08-23,17669,10703042,cowplot
2022-08-24,17215,10720257,cowplot
2022-08-25,17388,10737645,cowplot
2022-08-26,16127,10753772,cowplot
2022-08-27,11919,10765691,cowplot
2022-08-28,12762,10778453,cowplot
2022-08-29,17124,10795577,cowplot
2022-08-30,16973,10812550,cowplot
2022-08-31,16248,10828798,cowplot
2022-09-01,18034,10846832,cowplot
2022-09-02,15874,10862706,cowplot
2022-09-03,11508,10874214,cowplot
2022-09-04,11985,10886199,cowplot
2022-09-05,15983,10902182,cowplot
2022-09-06,17264,10919446,cowplot
2022-09-07,15347,10934793,cowplot
2022-09-08,14817,10949610,cowplot
2022-09-09,14122,10963732,cowplot
2022-09-10,12002,10975734,cowplot
2022-09-11,12422,10988156,cowplot
2022-09-12,10864,10999020,cowplot
2022-09-13,7958,11006978,cowplot
2022-09-14,7758,11014736,cowplot
2022-09-15,7236,11021972,cowplot
2022-09-16,6493,11028465,cowplot
2022-09-17,3086,11031551,cowplot
2022-09-18,3411,11034962,cowplot
2022-09-19,7254,11042216,cowplot
2022-09-20,7950,11050166,cowplot
2022-09-21,7775,11057941,cowplot
2022-09-22,7511,11065452,cowplot
2022-09-23,6819,11072271,cowplot
2022-09-24,3158,11075429,cowplot
2022-09-25,3411,11078840,cowplot
2022-09-26,7602,11086442,cowplot
2022-09-27,8204,11094646,cowplot
2022-09-28,7834,11102480,cowplot
2022-09-29,7610,11110090,cowplot
2022-09-30,7016,11117106,cowplot
2022-10-01,3203,11120309,cowplot
2022-10-02,3125,11123434,cowplot
2022-10-03,7834,11131268,cowplot
2022-10-04,7964,11139232,cowplot
2022-10-05,8162,11147394,cowplot
2022-10-06,7924,11155318,cowplot
2022-10-07,6523,11161841,cowplot
2022-10-08,3452,11165293,cowplot
2022-10-09,3453,11168746,cowplot
2022-10-10,7301,11176047,cowplot
2022-10-11,8464,11184511,cowplot
2022-10-12,9336,11193847,cowplot
2022-10-13,8782,11202629,cowplot
2022-10-14,7484,11210113,cowplot
2022-10-15,3500,11213613,cowplot
2022-10-16,3564,11217177,cowplot
2022-10-17,8266,11225443,cowplot
2022-10-18,8300,11233743,cowplot
2022-10-19,8129,11241872,cowplot
2022-10-20,8250,11250122,cowplot
2022-10-21,6968,11257090,cowplot
2022-10-22,3446,11260536,cowplot
2022-10-23,3570,11264106,cowplot
2022-10-24,8530,11272636,cowplot
2022-10-25,8380,11281016,cowplot
2022-10-26,8648,11289664,cowplot
2022-10-27,8601,11298265,cowplot
2022-10-28,6906,11305171,cowplot
2022-10-29,3338,11308509,cowplot
2022-10-30,3546,11312055,cowplot
2022-10-31,7549,11319604,cowplot
2022-11-01,7792,11327396,cowplot
2022-11-02,8721,11336117,cowplot
2022-11-03,9028,11345145,cowplot
2022-11-04,7900,11353045,cowplot
2022-11-05,3638,11356683,cowplot
2022-11-06,3926,11360609,cowplot
2022-11-07,9566,11370175,cowplot
2022-11-08,10243,11380418,cowplot
2022-11-09,9398,11389816,cowplot
2022-11-10,8877,11398693,cowplot
2022-11-11,6948,11405641,cowplot
2022-11-12,3923,11409564,cowplot
2022-11-13,3984,11413548,cowplot
2022-11-14,9190,11422738,cowplot
2022-11-15,9911,11432649,cowplot
2022-11-16,9704,11442353,cowplot
2022-11-17,9500,11451853,cowplot
2022-11-18,8379,11460232,cowplot
2022-11-19,3971,11464203,cowplot
2022-11-20,7970,11472173,cowplot
2022-11-21,8905,11481078,cowplot
2022-11-22,9264,11490342,cowplot
2022-11-23,8348,11498690,cowplot
2022-11-24,7362,11506052,cowplot
2022-11-25,6211,11512263,cowplot
2022-11-26,3484,11515747,cowplot
2022-11-27,4002,11519749,cowplot
2022-11-28,8732,11528481,cowplot
2022-11-29,9398,11537879,cowplot
2022-11-30,9104,11546983,cowplot
2022-12-01,8920,11555903,cowplot
2022-12-02,7511,11563414,cowplot
2022-12-03,3892,11567306,cowplot
2022-12-04,4261,11571567,cowplot
2022-12-05,8294,11579861,cowplot
2022-12-06,8810,11588671,cowplot
2022-12-07,9098,11597769,cowplot
2022-12-08,7703,11605472,cowplot
2022-12-09,7403,11612875,cowplot
2022-12-10,3681,11616556,cowplot
2022-12-11,3921,11620477,cowplot
2022-12-12,7366,11627843,cowplot
2022-12-13,7506,11635349,cowplot
2022-12-14,7333,11642682,cowplot
2022-12-15,6669,11649351,cowplot
2022-12-16,5685,11655036,cowplot
2022-12-17,3042,11658078,cowplot
2022-12-18,3016,11661094,cowplot
2022-12-19,5967,11667061,cowplot
2022-12-20,6487,11673548,cowplot
2022-12-21,5719,11679267,cowplot
2022-12-22,5510,11684777,cowplot
2022-12-23,3683,11688460,cowplot
2022-12-24,1855,11690315,cowplot
2022-12-25,1722,11692037,cowplot
2022-12-26,2764,11694801,cowplot
2022-12-27,3951,11698752,cowplot
2022-12-28,4057,11702809,cowplot
2022-12-29,4088,11706897,cowplot
2022-12-30,3301,11710198,cowplot
2022-12-31,1693,11711891,cowplot
2023-01-01,1857,11713748,cowplot
2023-01-02,3558,11717306,cowplot
2023-01-03,5264,11722570,cowplot
2023-01-04,6252,11728822,cowplot
2023-01-05,6400,11735222,cowplot
2023-01-06,5913,11741135,cowplot
2023-01-07,2665,11743800,cowplot
2023-01-08,2679,11746479,cowplot
2023-01-09,5958,11752437,cowplot
2023-01-10,6546,11758983,cowplot
2023-01-11,6714,11765697,cowplot
2023-01-12,6229,11771926,cowplot
2023-01-13,5160,11777086,cowplot
2023-01-14,2445,11779531,cowplot
2023-01-15,2843,11782374,cowplot
2023-01-16,5604,11787978,cowplot
2023-01-17,7089,11795067,cowplot
2023-01-18,6351,11801418,cowplot
2023-01-19,6392,11807810,cowplot
2023-01-20,5407,11813217,cowplot
2023-01-21,2314,11815531,cowplot
2023-01-22,2480,11818011,cowplot
2023-01-23,5708,11823719,cowplot
2023-01-24,6462,11830181,cowplot
2023-01-25,6292,11836473,cowplot
2023-01-26,6228,11842701,cowplot
2023-01-27,5542,11848243,cowplot
2023-01-28,2711,11850954,cowplot
2023-01-29,2820,11853774,cowplot
2023-01-30,6279,11860053,cowplot
2023-01-31,6958,11867011,cowplot
2023-02-01,7665,11874676,cowplot
2023-02-02,7033,11881709,cowplot
2023-02-03,6188,11887897,cowplot
2023-02-04,2757,11890654,cowplot
2023-02-05,2912,11893566,cowplot
2023-02-06,6769,11900335,cowplot
2023-02-07,7135,11907470,cowplot
2023-02-08,7165,11914635,cowplot
2023-02-09,7329,11921964,cowplot
2023-02-10,6453,11928417,cowplot
2023-02-11,2963,11931380,cowplot
2023-02-12,3225,11934605,cowplot
2023-02-13,6835,11941440,cowplot
2023-02-14,6836,11948276,cowplot
2023-02-15,7094,11955370,cowplot
2023-02-16,7164,11962534,cowplot
2023-02-17,6410,11968944,cowplot
2023-02-18,3095,11972039,cowplot
2023-02-19,3046,11975085,cowplot
2023-02-20,6335,11981420,cowplot
2023-02-21,7409,11988829,cowplot
2023-02-22,7131,11995960,cowplot
2023-02-23,7484,12003444,cowplot
2023-02-24,6401,12009845,cowplot
2023-02-25,3035,12012880,cowplot
2023-02-26,3175,12016055,cowplot
2023-02-27,6740,12022795,cowplot
2023-02-28,7274,12030069,cowplot
2023-03-01,7759,12037828,cowplot
2023-03-02,7013,12044841,cowplot
2023-03-03,6559,12051400,cowplot
2023-03-04,3175,12054575,cowplot
2023-03-05,3259,12057834,cowplot
2023-03-06,7424,12065258,cowplot
2023-03-07,7463,12072721,cowplot
2023-03-08,7164,12079885,cowplot
2023-03-09,7071,12086956,cowplot
2023-03-10,6164,12093120,cowplot
2023-03-11,3087,12096207,cowplot
2023-03-12,3130,12099337,cowplot
2023-03-13,6938,12106275,cowplot
2023-03-14,7654,12113929,cowplot
2023-03-15,7262,12121191,cowplot
2023-03-16,7103,12128294,cowplot
2023-03-17,5992,12134286,cowplot
2023-03-18,3109,12137395,cowplot
2023-03-19,3415,12140810,cowplot
2023-03-20,7379,12148189,cowplot
2023-03-21,7392,12155581,cowplot
2023-03-22,7740,12163321,cowplot
2023-03-23,7544,12170865,cowplot
2023-03-24,6600,12177465,cowplot
2023-03-25,3281,12180746,cowplot
2023-03-26,3516,12184262,cowplot
2023-03-27,7694,12191956,cowplot
2023-03-28,8293,12200249,cowplot
2023-03-29,7730,12207979,cowplot
2023-03-30,7515,12215494,cowplot
2023-03-31,6319,12221813,cowplot
2023-04-01,3365,12225178,cowplot
2023-04-02,3316,12228494,cowplot
2023-04-03,7250,12235744,cowplot
2023-04-04,7449,12243193,cowplot
2023-04-05,6785,12249978,cowplot
2023-04-06,6779,12256757,cowplot
2023-04-07,4763,12261520,cowplot
2023-04-08,3006,12264526,cowplot
2023-04-09,3119,12267645,cowplot
2023-04-10,5994,12273639,cowplot
2023-04-11,7835,12281474,cowplot
2023-04-12,7497,12288971,cowplot
2023-04-13,7149,12296120,cowplot
2023-04-14,6178,12302298,cowplot
2023-04-15,3240,12305538,cowplot
2023-04-16,3445,12308983,cowplot
2023-04-17,7084,12316067,cowplot
2023-04-18,7452,12323519,cowplot
2023-04-19,7645,12331164,cowplot
2023-04-20,7287,12338451,cowplot
2023-04-21,6044,12344495,cowplot
2023-04-22,3508,12348003,cowplot
2023-04-23,4070,12352073,cowplot
2023-04-24,8471,12360544,cowplot
2023-04-25,8542,12369086,cowplot
2023-04-26,8460,12377546,cowplot
2023-04-27,8593,12386139,cowplot
2023-04-28,6464,12392603,cowplot
2023-04-29,3355,12395958,cowplot
2023-04-30,3413,12399371,cowplot
2023-05-01,5521,12404892,cowplot
2023-05-02,7257,12412149,cowplot
2023-05-03,7552,12419701,cowplot
2023-05-04,8164,12427865,cowplot
2023-05-05,6822,12434687,cowplot
2023-05-06,3482,12438169,cowplot
2023-05-07,3410,12441579,cowplot
2023-05-08,7377,12448956,cowplot
2023-05-09,7579,12456535,cowplot
2023-05-10,7806,12464341,cowplot
2023-05-11,7780,12472121,cowplot
2023-05-12,6522,12478643,cowplot
2023-05-13,3356,12481999,cowplot
2023-05-14,3628,12485627,cowplot
2023-05-15,8226,12493853,cowplot
2023-05-16,8515,12502368,cowplot
2023-05-17,7521,12509889,cowplot
2023-05-18,6848,12516737,cowplot
2023-05-19,6220,12522957,cowplot
2023-05-20,3382,12526339,cowplot
2023-05-21,3323,12529662,cowplot
2023-05-22,7338,12537000,cowplot
2023-05-23,7818,12544818,cowplot
2023-05-24,7914,12552732,cowplot
2023-05-25,7483,12560215,cowplot
2023-05-26,6251,12566466,cowplot
2023-05-27,3438,12569904,cowplot
2023-05-28,3301,12573205,cowplot
2023-05-29,5428,12578633,cowplot
2023-05-30,7072,12585705,cowplot
2023-05-31,7325,12593030,cowplot
2023-06-01,6924,12599954,cowplot
2023-06-02,5903,12605857,cowplot
2023-06-03,2986,12608843,cowplot
2023-06-04,3198,12612041,cowplot
2023-06-05,7180,12619221,cowplot
2023-06-06,6822,12626043,cowplot
2023-06-07,6851,12632894,cowplot
2023-06-08,6519,12639413,cowplot
2023-06-09,6093,12645506,cowplot
2023-06-10,3130,12648636,cowplot
2023-06-11,3476,12652112,cowplot
2023-06-12,6958,12659070,cowplot
2023-06-13,7199,12666269,cowplot
2023-06-14,7076,12673345,cowplot
2023-06-15,7099,12680444,cowplot
2023-06-16,5988,12686432,cowplot
2023-06-17,3020,12689452,cowplot
2023-06-18,3053,12692505,cowplot
2023-06-19,6512,12699017,cowplot
2023-06-20,6985,12706002,cowplot
2023-06-21,6155,12712157,cowplot
2023-06-22,5930,12718087,cowplot
2023-06-23,5055,12723142,cowplot
2023-06-24,2662,12725804,cowplot
2023-06-25,3039,12728843,cowplot
2023-06-26,6293,12735136,cowplot
2023-06-27,6508,12741644,cowplot
2023-06-28,5744,12747388,cowplot
2023-06-29,5667,12753055,cowplot
2023-06-30,5520,12758575,cowplot
2023-07-01,3720,12762295,cowplot
2023-07-02,3723,12766018,cowplot
2023-07-03,5802,12771820,cowplot
2023-07-04,5065,12776885,cowplot
2023-07-05,5876,12782761,cowplot
2023-07-06,6127,12788888,cowplot
2023-07-07,5378,12794266,cowplot
2023-07-08,2596,12796862,cowplot
2023-07-09,2794,12799656,cowplot
2023-07-10,6493,12806149,cowplot
2023-07-11,6306,12812455,cowplot
2023-07-12,6479,12818934,cowplot
2023-07-13,6137,12825071,cowplot
2023-07-14,5230,12830301,cowplot
2023-07-15,2859,12833160,cowplot
2023-07-16,2921,12836081,cowplot
2023-07-17,6041,12842122,cowplot
2023-07-18,6603,12848725,cowplot
2023-07-19,6190,12854915,cowplot
2023-07-20,6049,12860964,cowplot
2023-07-21,4979,12865943,cowplot
2023-07-22,2518,12868461,cowplot
2023-07-23,2716,12871177,cowplot
2023-07-24,5867,12877044,cowplot
2023-07-25,5985,12883029,cowplot
2023-07-26,5941,12888970,cowplot
2023-07-27,5323,12894293,cowplot
2023-07-28,4875,12899168,cowplot
2023-07-29,2412,12901580,cowplot
2023-07-30,2569,12904149,cowplot
2023-07-31,5356,12909505,cowplot
2023-08-01,5586,12915091,cowplot
2023-08-02,5457,12920548,cowplot
2023-08-03,5651,12926199,cowplot
2023-08-04,5156,12931355,cowplot
2023-08-05,2442,12933797,cowplot
2023-08-06,2559,12936356,cowplot
2023-08-07,5343,12941699,cowplot
2023-08-08,5732,12947431,cowplot
2023-08-09,5657,12953088,cowplot
2023-08-10,5817,12958905,cowplot
2023-08-11,4624,12963529,cowplot
2023-08-12,2438,12965967,cowplot
2023-08-13,2798,12968765,cowplot
2023-08-14,5373,12974138,cowplot
2023-08-15,5161,12979299,cowplot
2023-08-16,5413,12984712,cowplot
2023-08-17,5840,12990552,cowplot
2023-08-18,5197,12995749,cowplot
2023-08-19,2478,12998227,cowplot
2023-08-20,2833,13001060,cowplot
2023-08-21,5310,13006370,cowplot
2023-08-22,5708,13012078,cowplot
2023-08-23,6301,13018379,cowplot
2023-08-24,6033,13024412,cowplot
2023-08-25,5913,13030325,cowplot
2023-08-26,2798,13033123,cowplot
2023-08-27,2973,13036096,cowplot
2023-08-28,6200,13042296,cowplot
2023-08-29,6179,13048475,cowplot
2023-08-30,6564,13055039,cowplot
2023-08-31,6082,13061121,cowplot
2023-09-01,5382,13066503,cowplot
2023-09-02,2893,13069396,cowplot
2023-09-03,3020,13072416,cowplot
2023-09-04,5360,13077776,cowplot
2023-09-05,6661,13084437,cowplot
2023-09-06,6537,13090974,cowplot
2023-09-07,6884,13097858,cowplot
2023-09-08,5915,13103773,cowplot
2023-09-09,3044,13106817,cowplot
2023-09-10,3441,13110258,cowplot
2023-09-11,6475,13116733,cowplot
2023-09-12,6966,13123699,cowplot
2023-09-13,7138,13130837,cowplot
2023-09-14,6584,13137421,cowplot
2023-09-15,5873,13143294,cowplot
2023-09-16,3010,13146304,cowplot
2023-09-17,3190,13149494,cowplot
2023-09-18,6631,13156125,cowplot
2023-09-19,7037,13163162,cowplot
2023-09-20,6969,13170131,cowplot
2023-09-21,7037,13177168,cowplot
2023-09-22,6146,13183314,cowplot
2023-09-23,3109,13186423,cowplot
2023-09-24,3243,13189666,cowplot
2023-09-25,6810,13196476,cowplot
2023-09-26,7145,13203621,cowplot
2023-09-27,7336,13210957,cowplot
2023-09-28,7463,13218420,cowplot
2023-09-29,5798,13224218,cowplot
2023-09-30,2866,13227084,cowplot
2023-10-01,3113,13230197,cowplot
2023-10-02,6399,13236596,cowplot
2023-10-03,7350,13243946,cowplot
2023-10-04,7096,13251042,cowplot
2023-10-05,7403,13258445,cowplot
2023-10-06,6345,13264790,cowplot
2023-10-07,3486,13268276,cowplot
2023-10-08,3692,13271968,cowplot
2023-10-09,6921,13278889,cowplot
2023-10-10,7471,13286360,cowplot
2023-10-11,8075,13294435,cowplot
2023-10-12,7620,13302055,cowplot
2023-10-13,6860,13308915,cowplot
2023-10-14,3176,13312091,cowplot
2023-10-15,3472,13315563,cowplot
2023-10-16,7468,13323031,cowplot
2023-10-17,8067,13331098,cowplot
2023-10-18,7869,13338967,cowplot
2023-10-19,7840,13346807,cowplot
2023-10-20,6843,13353650,cowplot
2023-10-21,4157,13357807,cowplot
2023-10-22,3953,13361760,cowplot
2023-10-23,7568,13369328,cowplot
2023-10-24,8009,13377337,cowplot
2023-10-25,7807,13385144,cowplot
2023-10-26,7773,13392917,cowplot
2023-10-27,5858,13398775,cowplot
2023-10-28,3289,13402064,cowplot
2023-10-29,3456,13405520,cowplot
2023-10-30,7358,13412878,cowplot
2023-10-31,7708,13420586,cowplot
2023-11-01,7199,13427785,cowplot
2023-11-02,8843,13436628,cowplot
2023-11-03,7086,13443714,cowplot
2023-11-04,3313,13447027,cowplot
2023-11-05,3669,13450696,cowplot
2023-11-06,8034,13458730,cowplot
2023-11-07,8162,13466892,cowplot
2023-11-08,8506,13475398,cowplot
2023-11-09,7655,13483053,cowplot
2023-11-10,6800,13489853,cowplot
2023-11-11,3380,13493233,cowplot
2023-11-12,3489,13496722,cowplot
2023-11-13,7865,13504587,cowplot
2023-11-14,8422,13513009,cowplot
2023-11-15,8210,13521219,cowplot
2023-11-16,8054,13529273,cowplot
2023-11-17,6731,13536004,cowplot
2023-11-18,3216,13539220,cowplot
2023-11-19,3819,13543039,cowplot
2023-11-20,8217,13551256,cowplot
2023-11-21,8198,13559454,cowplot
2023-11-22,7258,13566712,cowplot
2023-11-23,6842,13573554,cowplot
2023-11-24,5724,13579278,cowplot
2023-11-25,3425,13582703,cowplot
2023-11-26,4139,13586842,cowplot
2023-11-27,7838,13594680,cowplot
2023-11-28,7903,13602583,cowplot
2023-11-29,7942,13610525,cowplot
2023-11-30,7782,13618307,cowplot
2023-12-01,6821,13625128,cowplot
2023-12-02,3842,13628970,cowplot
2023-12-03,4019,13632989,cowplot
2023-12-04,7900,13640889,cowplot
2023-12-05,8339,13649228,cowplot
2023-12-06,7568,13656796,cowplot
2023-12-07,7905,13664701,cowplot
2023-12-08,6900,13671601,cowplot
2023-12-09,4063,13675664,cowplot
2023-12-10,3966,13679630,cowplot
2023-12-11,7422,13687052,cowplot
2023-12-12,7597,13694649,cowplot
2023-12-13,6925,13701574,cowplot
2023-12-14,6681,13708255,cowplot
2023-12-15,9335,13717590,cowplot
2023-12-16,4916,13722506,cowplot
2023-12-17,5154,13727660,cowplot
2023-12-18,10585,13738245,cowplot
2023-12-19,9701,13747946,cowplot
2023-12-20,9499,13757445,cowplot
2023-12-21,8097,13765542,cowplot
2023-12-22,5887,13771429,cowplot
2023-12-23,3256,13774685,cowplot
2023-12-24,3104,13777789,cowplot
2023-12-25,3603,13781392,cowplot
2023-12-26,4428,13785820,cowplot
2023-12-27,5332,13791152,cowplot
2023-12-28,5055,13796207,cowplot
2023-12-29,4337,13800544,cowplot
2023-12-30,2892,13803436,cowplot
2023-12-31,2384,13805820,cowplot
2024-01-01,2544,13808364,cowplot
2024-01-02,6221,13814585,cowplot
2024-01-03,6983,13821568,cowplot
2024-01-04,7165,13828733,cowplot
2024-01-05,6616,13835349,cowplot
2024-01-06,3813,13839162,cowplot
2024-01-07,3686,13842848,cowplot
2024-01-08,8130,13850978,cowplot
2024-01-09,8592,13859570,cowplot
2024-01-10,8418,13867988,cowplot
2024-01-11,8487,13876475,cowplot
2024-01-12,7567,13884042,cowplot
2024-01-13,3557,13887599,cowplot
2024-01-14,3615,13891214,cowplot
2024-01-15,7217,13898431,cowplot
2024-01-16,8343,13906774,cowplot
2024-01-17,8305,13915079,cowplot
2024-01-18,8409,13923488,cowplot
2024-01-19,7182,13930670,cowplot
2024-01-20,3684,13934354,cowplot
2024-01-21,3896,13938250,cowplot
2024-01-22,8476,13946726,cowplot
2024-01-23,13427,13960153,cowplot
2024-01-24,11575,13971728,cowplot
2024-01-25,10601,13982329,cowplot
2024-01-26,8463,13990792,cowplot
2024-01-27,4088,13994880,cowplot
2024-01-28,4703,13999583,cowplot
2024-01-29,10186,14009769,cowplot
2024-01-30,9854,14019623,cowplot
2024-01-31,9450,14029073,cowplot
2024-02-01,9701,14038774,cowplot
2024-02-02,8530,14047304,cowplot
2024-02-03,3618,14050922,cowplot
2024-02-04,4403,14055325,cowplot
2024-02-05,9549,14064874,cowplot
2024-02-06,9455,14074329,cowplot
2024-02-07,8967,14083296,cowplot
2024-02-08,8126,14091422,cowplot
2024-02-09,6739,14098161,cowplot
2024-02-10,2898,14101059,cowplot
2024-02-11,3184,14104243,cowplot
2024-02-12,7222,14111465,cowplot
2024-02-13,8127,14119592,cowplot
2024-02-14,7746,14127338,cowplot
2024-02-15,8050,14135388,cowplot
2024-02-16,7474,14142862,cowplot
2024-02-17,4038,14146900,cowplot
2024-02-18,3872,14150772,cowplot
2024-02-19,7855,14158627,cowplot
2024-02-20,9107,14167734,cowplot
2024-02-21,8812,14176546,cowplot
2024-02-22,9399,14185945,cowplot
2024-02-23,7848,14193793,cowplot
2024-02-24,3503,14197296,cowplot
2024-02-25,4584,14201880,cowplot
2024-02-26,9890,14211770,cowplot
2024-02-27,11148,14222918,cowplot
2024-02-28,10163,14233081,cowplot
2024-02-29,9606,14242687,cowplot
2024-03-01,8480,14251167,cowplot
2024-03-02,3914,14255081,cowplot
2024-03-03,4400,14259481,cowplot
2024-03-04,10218,14269699,cowplot
2024-03-05,10430,14280129,cowplot
2024-03-06,10109,14290238,cowplot
2024-03-07,10241,14300479,cowplot
2024-03-08,8764,14309243,cowplot
2024-03-09,3662,14312905,cowplot
2024-03-10,4219,14317124,cowplot
2024-03-11,9849,14326973,cowplot
2024-03-12,11473,14338446,cowplot
2024-03-13,10344,14348790,cowplot
2024-03-14,10859,14359649,cowplot
2024-03-15,9070,14368719,cowplot
2024-03-16,3858,14372577,cowplot
2024-03-17,4349,14376926,cowplot
2024-03-18,8830,14385756,cowplot
2024-03-19,10237,14395993,cowplot
2024-03-20,9048,14405041,cowplot
2024-03-21,9535,14414576,cowplot
2024-03-22,7690,14422266,cowplot
2024-03-23,3864,14426130,cowplot
2024-03-24,4009,14430139,cowplot
2024-03-25,8356,14438495,cowplot
2024-03-26,9005,14447500,cowplot
2024-03-27,9118,14456618,cowplot
2024-03-28,8057,14464675,cowplot
2024-03-29,6048,14470723,cowplot
2024-03-30,3794,14474517,cowplot
2024-03-31,3674,14478191,cowplot
2024-04-01,6454,14484645,cowplot
2024-04-02,9034,14493679,cowplot
2024-04-03,8798,14502477,cowplot
2024-04-04,8349,14510826,cowplot
2024-04-05,7203,14518029,cowplot
2024-04-06,4048,14522077,cowplot
2024-04-07,4786,14526863,cowplot
2024-04-08,8914,14535777,cowplot
2024-04-09,8860,14544637,cowplot
2024-04-10,8723,14553360,cowplot
2024-04-11,8530,14561890,cowplot
2024-04-12,7626,14569516,cowplot
2024-04-13,4018,14573534,cowplot
2024-04-14,3951,14577485,cowplot
2024-04-15,9324,14586809,cowplot
2024-04-16,9137,14595946,cowplot
2024-04-17,8902,14604848,cowplot
2024-04-18,8629,14613477,cowplot
2024-04-19,7455,14620932,cowplot
2024-04-20,4920,14625852,cowplot
2024-04-21,4528,14630380,cowplot
2024-04-22,8978,14639358,cowplot
2024-04-23,9475,14648833,cowplot
2024-04-24,8824,14657657,cowplot
2024-04-25,9297,14666954,cowplot
2024-04-26,8140,14675094,cowplot
2024-04-27,4152,14679246,cowplot
2024-04-28,4888,14684134,cowplot
2024-04-29,9621,14693755,cowplot
2024-04-30,9725,14703480,cowplot
2024-05-01,9284,14712764,cowplot
2024-05-02,9886,14722650,cowplot
2024-05-03,8457,14731107,cowplot
2024-05-04,4555,14735662,cowplot
2024-05-05,4713,14740375,cowplot
2024-05-06,9585,14749960,cowplot
2024-05-07,9797,14759757,cowplot
2024-05-08,9501,14769258,cowplot
2024-05-09,8607,14777865,cowplot
2024-05-10,7921,14785786,cowplot
2024-05-11,4466,14790252,cowplot
2024-05-12,4090,14794342,cowplot
2024-05-13,9556,14803898,cowplot
2024-05-14,9394,14813292,cowplot
2024-05-15,9604,14822896,cowplot
2024-05-16,9232,14832128,cowplot
2024-05-17,8104,14840232,cowplot
2024-05-18,4092,14844324,cowplot
2024-05-19,3985,14848309,cowplot
2024-05-20,7970,14856279,cowplot
2024-05-21,9609,14865888,cowplot
2024-05-22,10104,14875992,cowplot
2024-05-23,9205,14885197,cowplot
2024-05-24,7924,14893121,cowplot
2024-05-25,4030,14897151,cowplot
2024-05-26,4401,14901552,cowplot
2024-05-27,7659,14909211,cowplot
2024-05-28,9460,14918671,cowplot
2024-05-29,9050,14927721,cowplot
2024-05-30,8104,14935825,cowplot
2024-05-31,8347,14944172,cowplot
2024-06-01,3658,14947830,cowplot
2024-06-02,4100,14951930,cowplot
2024-06-03,8630,14960560,cowplot
2024-06-04,9046,14969606,cowplot
2024-06-05,8780,14978386,cowplot
2024-06-06,8026,14986412,cowplot
2024-06-07,6633,14993045,cowplot
2024-06-08,3352,14996397,cowplot
2024-06-09,3726,15000123,cowplot
2024-06-10,7637,15007760,cowplot
2024-06-11,8454,15016214,cowplot
2024-06-12,8358,15024572,cowplot
2024-06-13,8953,15033525,cowplot
2024-06-14,6767,15040292,cowplot
2024-06-15,3354,15043646,cowplot
2024-06-16,3636,15047282,cowplot
2024-06-17,7900,15055182,cowplot
2024-06-18,7936,15063118,cowplot
2024-06-19,7736,15070854,cowplot
2024-06-20,7730,15078584,cowplot
2024-06-21,6386,15084970,cowplot
2024-06-22,3158,15088128,cowplot
2024-06-23,3360,15091488,cowplot
2024-06-24,7131,15098619,cowplot
2024-06-25,7708,15106327,cowplot
2024-06-26,7490,15113817,cowplot
2024-06-27,11337,15125154,cowplot
2024-06-28,9381,15134535,cowplot
2024-06-29,4629,15139164,cowplot
2024-06-30,5358,15144522,cowplot
2024-07-01,10104,15154626,cowplot
2024-07-02,11264,15165890,cowplot
2024-07-03,11208,15177098,cowplot
2024-07-04,9514,15186612,cowplot
2024-07-05,8591,15195203,cowplot
2024-07-06,4739,15199942,cowplot
2024-07-07,5058,15205000,cowplot
2024-07-08,10151,15215151,cowplot
2024-07-09,10816,15225967,cowplot
2024-07-10,10644,15236611,cowplot
2024-07-11,10326,15246937,cowplot
2024-07-12,9433,15256370,cowplot
2024-07-13,4660,15261030,cowplot
2024-07-14,4709,15265739,cowplot
2024-07-15,9940,15275679,cowplot
2024-07-16,10168,15285847,cowplot
2024-07-17,10291,15296138,cowplot
2024-07-18,9917,15306055,cowplot
2024-07-19,8330,15314385,cowplot
2024-07-20,4761,15319146,cowplot
2024-07-21,4756,15323902,cowplot
2024-07-22,9610,15333512,cowplot
2024-07-23,10078,15343590,cowplot
2024-07-24,10257,15353847,cowplot
2024-07-25,10002,15363849,cowplot
2024-07-26,8695,15372544,cowplot
2024-07-27,4410,15376954,cowplot
2024-07-28,4565,15381519,cowplot
2024-07-29,9142,15390661,cowplot
2024-07-30,10123,15400784,cowplot
2024-07-31,9315,15410099,cowplot
2024-08-01,9461,15419560,cowplot
2024-08-02,8456,15428016,cowplot
2024-08-03,4413,15432429,cowplot
2024-08-04,5063,15437492,cowplot
2024-08-05,9115,15446607,cowplot
2024-08-06,9654,15456261,cowplot
2024-08-07,9091,15465352,cowplot
2024-08-08,8707,15474059,cowplot
2024-08-09,7184,15481243,cowplot
2024-08-10,4435,15485678,cowplot
2024-08-11,3899,15489577,cowplot
2024-08-12,8349,15497926,cowplot
2024-08-13,9113,15507039,cowplot
2024-08-14,9437,15516476,cowplot
2024-08-15,8842,15525318,cowplot
2024-08-16,7984,15533302,cowplot
2024-08-17,4043,15537345,cowplot
2024-08-18,4276,15541621,cowplot
2024-08-19,9540,15551161,cowplot
2024-08-20,9670,15560831,cowplot
2024-08-21,9932,15570763,cowplot
2024-08-22,10385,15581148,cowplot
2024-08-23,8585,15589733,cowplot
2024-08-24,4735,15594468,cowplot
2024-08-25,4812,15599280,cowplot
2024-08-26,10065,15609345,cowplot
2024-08-27,10503,15619848,cowplot
2024-08-28,10587,15630435,cowplot
2024-08-29,11060,15641495,cowplot
2024-08-30,9079,15650574,cowplot
2024-08-31,4690,15655264,cowplot
2024-09-01,4890,15660154,cowplot
2024-09-02,9360,15669514,cowplot
2024-09-03,11607,15681121,cowplot
2024-09-04,11724,15692845,cowplot
2024-09-05,11771,15704616,cowplot
2024-09-06,10105,15714721,cowplot
2024-09-07,4747,15719468,cowplot
2024-09-08,5392,15724860,cowplot
2024-09-09,12021,15736881,cowplot
2024-09-10,14512,15751393,cowplot
2024-09-11,13481,15764874,cowplot
2024-09-12,12979,15777853,cowplot
2024-09-13,10937,15788790,cowplot
2024-09-14,5595,15794385,cowplot
2024-09-15,5261,15799646,cowplot
2024-09-16,11525,15811171,cowplot
2024-09-17,12203,15823374,cowplot
2024-09-18,13835,15837209,cowplot
2024-09-19,13480,15850689,cowplot
2024-09-20,11123,15861812,cowplot
2024-09-21,5770,15867582,cowplot
2024-09-22,6207,15873789,cowplot
2024-09-23,13163,15886952,cowplot
2024-09-24,14671,15901623,cowplot
2024-09-25,14403,15916026,cowplot
2024-09-26,14587,15930613,cowplot
2024-09-27,12185,15942798,cowplot
2024-09-28,6302,15949100,cowplot
2024-09-29,6510,15955610,cowplot
2024-09-30,13542,15969152,cowplot
2024-10-01,13797,15982949,cowplot
2024-10-02,13604,15996553,cowplot
2024-10-03,13220,16009773,cowplot
2024-10-04,10982,16020755,cowplot
2024-10-05,5591,16026346,cowplot
2024-10-06,6055,16032401,cowplot
2024-10-07,13754,16046155,cowplot
2024-10-08,14853,16061008,cowplot
2024-10-09,15441,16076449,cowplot
2024-10-10,14713,16091162,cowplot
2024-10-11,12555,16103717,cowplot
2024-10-12,6484,16110201,cowplot
2024-10-13,6503,16116704,cowplot
2024-10-14,13616,16130320,cowplot
2024-10-15,15242,16145562,cowplot
2024-10-16,15629,16161191,cowplot
2024-10-17,15629,16176820,cowplot
2024-10-18,12600,16189420,cowplot
2024-10-19,5909,16195329,cowplot
2024-10-20,6430,16201759,cowplot
2024-10-21,18821,16220580,cowplot
2024-10-22,16538,16237118,cowplot
2024-10-23,16070,16253188,cowplot
2024-10-24,15209,16268397,cowplot
2024-10-25,12963,16281360,cowplot
2024-10-26,6090,16287450,cowplot
2024-10-27,6894,16294344,cowplot
2024-10-28,14727,16309071,cowplot
2024-10-29,15789,16324860,cowplot
2024-10-30,15912,16340772,cowplot
2024-10-31,15499,16356271,cowplot
2024-11-01,10322,16366593,cowplot
2024-11-02,6072,16372665,cowplot
2024-11-03,6614,16379279,cowplot
2024-11-04,14583,16393862,cowplot
2024-11-05,16056,16409918,cowplot
2024-11-06,15133,16425051,cowplot
2024-11-07,14404,16439455,cowplot
2024-11-08,13266,16452721,cowplot
2024-11-09,6790,16459511,cowplot
2024-11-10,6945,16466456,cowplot
2024-11-11,14893,16481349,cowplot
2024-11-12,16230,16497579,cowplot
2024-11-13,16024,16513603,cowplot
2024-11-14,15607,16529210,cowplot
2024-11-15,13380,16542590,cowplot
2024-11-16,6855,16549445,cowplot
2024-11-17,7377,16556822,cowplot
2024-11-18,15840,16572662,cowplot
2024-11-19,16568,16589230,cowplot
2024-11-20,15746,16604976,cowplot
2024-11-21,15790,16620766,cowplot
2024-11-22,12899,16633665,cowplot
2024-11-23,6972,16640637,cowplot
2024-11-24,7388,16648025,cowplot
2024-11-25,15315,16663340,cowplot
2024-11-26,15770,16679110,cowplot
2024-11-27,14145,16693255,cowplot
2024-11-28,12840,16706095,cowplot
2024-11-29,11268,16717363,cowplot
2024-11-30,6539,16723902,cowplot
2024-12-01,7276,16731178,cowplot
2024-12-02,14598,16745776,cowplot
2024-12-03,15386,16761162,cowplot
2024-12-04,14998,16776160,cowplot
2024-12-05,14456,16790616,cowplot
2024-12-06,11433,16802049,cowplot
2024-12-07,6694,16808743,cowplot
2024-12-08,6858,16815601,cowplot
2024-12-09,13461,16829062,cowplot
2024-12-10,13613,16842675,cowplot
2024-12-11,13565,16856240,cowplot
2024-12-12,11994,16868234,cowplot
2024-12-13,9970,16878204,cowplot
2024-12-14,14722,16892926,cowplot
2024-12-15,5762,16898688,cowplot
2024-12-16,11341,16910029,cowplot
2024-12-17,11382,16921411,cowplot
2024-12-18,11072,16932483,cowplot
2024-12-19,9969,16942452,cowplot
2024-12-20,7956,16950408,cowplot
2024-12-21,4235,16954643,cowplot
2024-12-22,4446,16959089,cowplot
2024-12-23,6344,16965433,cowplot
2024-12-24,5426,16970859,cowplot
2024-12-25,4330,16975189,cowplot
2024-12-26,5208,16980397,cowplot
2024-12-27,5611,16986008,cowplot
2024-12-28,3651,16989659,cowplot
2024-12-29,4495,16994154,cowplot
2024-12-30,6317,17000471,cowplot
2024-12-31,6201,17006672,cowplot
2025-01-01,3221,17009893,cowplot
2025-01-02,6382,17016275,cowplot
2025-01-03,6549,17022824,cowplot
2025-01-04,4467,17027291,cowplot
2025-01-05,4742,17032033,cowplot
2025-01-06,9051,17041084,cowplot
2025-01-07,10090,17051174,cowplot
2025-01-08,10710,17061884,cowplot
2025-01-09,10788,17072672,cowplot
2025-01-10,10034,17082706,cowplot
2025-01-11,4653,17087359,cowplot
2025-01-12,4981,17092340,cowplot
2025-01-13,10392,17102732,cowplot
2025-01-14,11286,17114018,cowplot
2025-01-15,11459,17125477,cowplot
2025-01-16,11453,17136930,cowplot
2025-01-17,10058,17146988,cowplot
2025-01-18,4452,17151440,cowplot
2025-01-19,5085,17156525,cowplot
2025-01-20,10135,17166660,cowplot
2025-01-21,11719,17178379,cowplot
2025-01-22,11870,17190249,cowplot
2025-01-23,11584,17201833,cowplot
2025-01-24,9807,17211640,cowplot
2025-01-25,5086,17216726,cowplot
2025-01-26,5351,17222077,cowplot
2025-01-27,10773,17232850,cowplot
2025-01-28,11843,17244693,cowplot
2025-01-29,12024,17256717,cowplot
2025-01-30,11926,17268643,cowplot
2025-01-31,9790,17278433,cowplot
2025-02-01,4843,17283276,cowplot
2025-02-02,5014,17288290,cowplot
2025-02-03,11287,17299577,cowplot
2025-02-04,12320,17311897,cowplot
2025-02-05,12803,17324700,cowplot
2025-02-06,11772,17336472,cowplot
2025-02-07,11295,17347767,cowplot
2025-02-08,5971,17353738,cowplot
2025-02-09,5774,17359512,cowplot
2025-02-10,12037,17371549,cowplot
2025-02-11,12796,17384345,cowplot
2025-02-12,12699,17397044,cowplot
2025-02-13,12215,17409259,cowplot
2025-02-14,11822,17421081,cowplot
2025-02-15,5339,17426420,cowplot
2025-02-16,5923,17432343,cowplot
2025-02-17,11822,17444165,cowplot
2025-02-18,13517,17457682,cowplot
2025-02-19,13658,17471340,cowplot
2025-02-20,13714,17485054,cowplot
2025-02-21,11808,17496862,cowplot
2025-02-22,6222,17503084,cowplot
2025-02-23,6449,17509533,cowplot
2025-02-24,13486,17523019,cowplot
2025-02-25,15517,17538536,cowplot
2025-02-26,14115,17552651,cowplot
2025-02-27,14773,17567424,cowplot
2025-02-28,12101,17579525,cowplot
2025-03-01,6370,17585895,cowplot
2025-03-02,7375,17593270,cowplot
2025-03-03,14014,17607284,cowplot
2025-03-04,16303,17623587,cowplot
2025-03-05,14877,17638464,cowplot
2025-03-06,15605,17654069,cowplot
2025-03-07,12557,17666626,cowplot
2025-03-08,6925,17673551,cowplot
2025-03-09,7202,17680753,cowplot
2025-03-10,14658,17695411,cowplot
2025-03-11,16162,17711573,cowplot
2025-03-12,15862,17727435,cowplot
2025-03-13,15264,17742699,cowplot
2025-03-14,12721,17755420,cowplot
2025-03-15,6940,17762360,cowplot
2025-03-16,7159,17769519,cowplot
2025-03-17,14534,17784053,cowplot
2025-03-18,15600,17799653,cowplot
2025-03-19,15216,17814869,cowplot
2025-03-20,15273,17830142,cowplot
2025-03-21,12558,17842700,cowplot
2025-03-22,11588,17854288,cowplot
2025-03-23,10017,17864305,cowplot
2025-03-24,14018,17878323,cowplot
2025-03-25,16713,17895036,cowplot
2025-03-26,17106,17912142,cowplot
2025-03-27,15710,17927852,cowplot
2025-03-28,13011,17940863,cowplot
2025-03-29,6868,17947731,cowplot
2025-03-30,7061,17954792,cowplot
2016-07-20,9,9,ggpubr
2016-07-21,20,29,ggpubr
2016-07-22,9,38,ggpubr
2016-07-23,2,40,ggpubr
2016-07-24,7,47,ggpubr
2016-07-25,31,78,ggpubr
2016-07-26,19,97,ggpubr
2016-07-27,6,103,ggpubr
2016-07-28,14,117,ggpubr
2016-07-29,10,127,ggpubr
2016-07-30,12,139,ggpubr
2016-07-31,6,145,ggpubr
2016-08-01,4,149,ggpubr
2016-08-02,11,160,ggpubr
2016-08-03,4,164,ggpubr
2016-08-04,8,172,ggpubr
2016-08-05,8,180,ggpubr
2016-08-06,5,185,ggpubr
2016-08-07,9,194,ggpubr
2016-08-08,10,204,ggpubr
2016-08-09,9,213,ggpubr
2016-08-10,10,223,ggpubr
2016-08-11,4,227,ggpubr
2016-08-12,7,234,ggpubr
2016-08-13,3,237,ggpubr
2016-08-14,5,242,ggpubr
2016-08-15,6,248,ggpubr
2016-08-16,4,252,ggpubr
2016-08-17,6,258,ggpubr
2016-08-18,4,262,ggpubr
2016-08-19,6,268,ggpubr
2016-08-20,0,268,ggpubr
2016-08-21,3,271,ggpubr
2016-08-22,5,276,ggpubr
2016-08-23,3,279,ggpubr
2016-08-24,11,290,ggpubr
2016-08-25,11,301,ggpubr
2016-08-26,6,307,ggpubr
2016-08-27,4,311,ggpubr
2016-08-28,2,313,ggpubr
2016-08-29,1,314,ggpubr
2016-08-30,4,318,ggpubr
2016-08-31,6,324,ggpubr
2016-09-01,6,330,ggpubr
2016-09-02,7,337,ggpubr
2016-09-03,6,343,ggpubr
2016-09-04,5,348,ggpubr
2016-09-05,11,359,ggpubr
2016-09-06,10,369,ggpubr
2016-09-07,13,382,ggpubr
2016-09-08,6,388,ggpubr
2016-09-09,10,398,ggpubr
2016-09-10,4,402,ggpubr
2016-09-11,3,405,ggpubr
2016-09-12,10,415,ggpubr
2016-09-13,8,423,ggpubr
2016-09-14,3,426,ggpubr
2016-09-15,2,428,ggpubr
2016-09-16,5,433,ggpubr
2016-09-17,2,435,ggpubr
2016-09-18,3,438,ggpubr
2016-09-19,2,440,ggpubr
2016-09-20,9,449,ggpubr
2016-09-21,6,455,ggpubr
2016-09-22,10,465,ggpubr
2016-09-23,4,469,ggpubr
2016-09-24,5,474,ggpubr
2016-09-25,8,482,ggpubr
2016-09-26,2,484,ggpubr
2016-09-27,14,498,ggpubr
2016-09-28,16,514,ggpubr
2016-09-29,12,526,ggpubr
2016-09-30,4,530,ggpubr
2016-10-01,7,537,ggpubr
2016-10-02,10,547,ggpubr
2016-10-03,9,556,ggpubr
2016-10-04,11,567,ggpubr
2016-10-05,15,582,ggpubr
2016-10-06,7,589,ggpubr
2016-10-07,12,601,ggpubr
2016-10-08,7,608,ggpubr
2016-10-09,10,618,ggpubr
2016-10-10,11,629,ggpubr
2016-10-11,16,645,ggpubr
2016-10-12,22,667,ggpubr
2016-10-13,14,681,ggpubr
2016-10-14,14,695,ggpubr
2016-10-15,6,701,ggpubr
2016-10-16,9,710,ggpubr
2016-10-17,15,725,ggpubr
2016-10-18,12,737,ggpubr
2016-10-19,13,750,ggpubr
2016-10-20,14,764,ggpubr
2016-10-21,31,795,ggpubr
2016-10-22,9,804,ggpubr
2016-10-23,13,817,ggpubr
2016-10-24,29,846,ggpubr
2016-10-25,18,864,ggpubr
2016-10-26,9,873,ggpubr
2016-10-27,6,879,ggpubr
2016-10-28,9,888,ggpubr
2016-10-29,2,890,ggpubr
2016-10-30,11,901,ggpubr
2016-10-31,19,920,ggpubr
2016-11-01,17,937,ggpubr
2016-11-02,45,982,ggpubr
2016-11-03,56,1038,ggpubr
2016-11-04,50,1088,ggpubr
2016-11-05,37,1125,ggpubr
2016-11-06,26,1151,ggpubr
2016-11-07,44,1195,ggpubr
2016-11-08,63,1258,ggpubr
2016-11-09,54,1312,ggpubr
2016-11-10,15,1327,ggpubr
2016-11-11,9,1336,ggpubr
2016-11-12,12,1348,ggpubr
2016-11-13,17,1365,ggpubr
2016-11-14,36,1401,ggpubr
2016-11-15,28,1429,ggpubr
2016-11-16,20,1449,ggpubr
2016-11-17,19,1468,ggpubr
2016-11-18,20,1488,ggpubr
2016-11-19,11,1499,ggpubr
2016-11-20,24,1523,ggpubr
2016-11-21,24,1547,ggpubr
2016-11-22,31,1578,ggpubr
2016-11-23,23,1601,ggpubr
2016-11-24,69,1670,ggpubr
2016-11-25,12,1682,ggpubr
2016-11-26,11,1693,ggpubr
2016-11-27,18,1711,ggpubr
2016-11-28,17,1728,ggpubr
2016-11-29,38,1766,ggpubr
2016-11-30,40,1806,ggpubr
2016-12-01,38,1844,ggpubr
2016-12-02,22,1866,ggpubr
2016-12-03,11,1877,ggpubr
2016-12-04,17,1894,ggpubr
2016-12-05,118,2012,ggpubr
2016-12-06,105,2117,ggpubr
2016-12-07,155,2272,ggpubr
2016-12-08,165,2437,ggpubr
2016-12-09,166,2603,ggpubr
2016-12-10,74,2677,ggpubr
2016-12-11,89,2766,ggpubr
2016-12-12,211,2977,ggpubr
2016-12-13,140,3117,ggpubr
2016-12-14,137,3254,ggpubr
2016-12-15,134,3388,ggpubr
2016-12-16,155,3543,ggpubr
2016-12-17,52,3595,ggpubr
2016-12-18,53,3648,ggpubr
2016-12-19,118,3766,ggpubr
2016-12-20,127,3893,ggpubr
2016-12-21,105,3998,ggpubr
2016-12-22,111,4109,ggpubr
2016-12-23,63,4172,ggpubr
2016-12-24,36,4208,ggpubr
2016-12-25,35,4243,ggpubr
2016-12-26,58,4301,ggpubr
2016-12-27,69,4370,ggpubr
2016-12-28,64,4434,ggpubr
2016-12-29,59,4493,ggpubr
2016-12-30,39,4532,ggpubr
2016-12-31,32,4564,ggpubr
2017-01-01,32,4596,ggpubr
2017-01-02,61,4657,ggpubr
2017-01-03,98,4755,ggpubr
2017-01-04,110,4865,ggpubr
2017-01-05,95,4960,ggpubr
2017-01-06,81,5041,ggpubr
2017-01-07,42,5083,ggpubr
2017-01-08,41,5124,ggpubr
2017-01-09,269,5393,ggpubr
2017-01-10,287,5680,ggpubr
2017-01-11,284,5964,ggpubr
2017-01-12,310,6274,ggpubr
2017-01-13,249,6523,ggpubr
2017-01-14,148,6671,ggpubr
2017-01-15,168,6839,ggpubr
2017-01-16,275,7114,ggpubr
2017-01-17,311,7425,ggpubr
2017-01-18,330,7755,ggpubr
2017-01-19,322,8077,ggpubr
2017-01-20,224,8301,ggpubr
2017-01-21,140,8441,ggpubr
2017-01-22,124,8565,ggpubr
2017-01-23,277,8842,ggpubr
2017-01-24,266,9108,ggpubr
2017-01-25,280,9388,ggpubr
2017-01-26,282,9670,ggpubr
2017-01-27,285,9955,ggpubr
2017-01-28,95,10050,ggpubr
2017-01-29,162,10212,ggpubr
2017-01-30,259,10471,ggpubr
2017-01-31,302,10773,ggpubr
2017-02-01,294,11067,ggpubr
2017-02-02,300,11367,ggpubr
2017-02-03,280,11647,ggpubr
2017-02-04,131,11778,ggpubr
2017-02-05,137,11915,ggpubr
2017-02-06,322,12237,ggpubr
2017-02-07,268,12505,ggpubr
2017-02-08,224,12729,ggpubr
2017-02-09,239,12968,ggpubr
2017-02-10,228,13196,ggpubr
2017-02-11,107,13303,ggpubr
2017-02-12,114,13417,ggpubr
2017-02-13,248,13665,ggpubr
2017-02-14,354,14019,ggpubr
2017-02-15,307,14326,ggpubr
2017-02-16,268,14594,ggpubr
2017-02-17,302,14896,ggpubr
2017-02-18,143,15039,ggpubr
2017-02-19,116,15155,ggpubr
2017-02-20,371,15526,ggpubr
2017-02-21,310,15836,ggpubr
2017-02-22,365,16201,ggpubr
2017-02-23,365,16566,ggpubr
2017-02-24,362,16928,ggpubr
2017-02-25,136,17064,ggpubr
2017-02-26,154,17218,ggpubr
2017-02-27,290,17508,ggpubr
2017-02-28,364,17872,ggpubr
2017-03-01,189,18061,ggpubr
2017-03-02,352,18413,ggpubr
2017-03-03,285,18698,ggpubr
2017-03-04,164,18862,ggpubr
2017-03-05,175,19037,ggpubr
2017-03-06,320,19357,ggpubr
2017-03-07,348,19705,ggpubr
2017-03-08,298,20003,ggpubr
2017-03-09,352,20355,ggpubr
2017-03-10,284,20639,ggpubr
2017-03-11,152,20791,ggpubr
2017-03-12,141,20932,ggpubr
2017-03-13,307,21239,ggpubr
2017-03-14,928,22167,ggpubr
2017-03-15,811,22978,ggpubr
2017-03-16,618,23596,ggpubr
2017-03-17,447,24043,ggpubr
2017-03-18,285,24328,ggpubr
2017-03-19,242,24570,ggpubr
2017-03-20,592,25162,ggpubr
2017-03-21,633,25795,ggpubr
2017-03-22,532,26327,ggpubr
2017-03-23,481,26808,ggpubr
2017-03-24,482,27290,ggpubr
2017-03-25,231,27521,ggpubr
2017-03-26,283,27804,ggpubr
2017-03-27,543,28347,ggpubr
2017-03-28,520,28867,ggpubr
2017-03-29,525,29392,ggpubr
2017-03-30,413,29805,ggpubr
2017-03-31,365,30170,ggpubr
2017-04-01,238,30408,ggpubr
2017-04-02,199,30607,ggpubr
2017-04-03,388,30995,ggpubr
2017-04-04,473,31468,ggpubr
2017-04-05,480,31948,ggpubr
2017-04-06,426,32374,ggpubr
2017-04-07,417,32791,ggpubr
2017-04-08,186,32977,ggpubr
2017-04-09,216,33193,ggpubr
2017-04-10,487,33680,ggpubr
2017-04-11,515,34195,ggpubr
2017-04-12,394,34589,ggpubr
2017-04-13,359,34948,ggpubr
2017-04-14,272,35220,ggpubr
2017-04-15,154,35374,ggpubr
2017-04-16,136,35510,ggpubr
2017-04-17,283,35793,ggpubr
2017-04-18,468,36261,ggpubr
2017-04-19,392,36653,ggpubr
2017-04-20,457,37110,ggpubr
2017-04-21,467,37577,ggpubr
2017-04-22,166,37743,ggpubr
2017-04-23,198,37941,ggpubr
2017-04-24,550,38491,ggpubr
2017-04-25,598,39089,ggpubr
2017-04-26,583,39672,ggpubr
2017-04-27,576,40248,ggpubr
2017-04-28,350,40598,ggpubr
2017-04-29,182,40780,ggpubr
2017-04-30,210,40990,ggpubr
2017-05-01,294,41284,ggpubr
2017-05-02,417,41701,ggpubr
2017-05-03,414,42115,ggpubr
2017-05-04,472,42587,ggpubr
2017-05-05,330,42917,ggpubr
2017-05-06,203,43120,ggpubr
2017-05-07,183,43303,ggpubr
2017-05-08,376,43679,ggpubr
2017-05-09,437,44116,ggpubr
2017-05-10,363,44479,ggpubr
2017-05-11,498,44977,ggpubr
2017-05-12,374,45351,ggpubr
2017-05-13,168,45519,ggpubr
2017-05-14,182,45701,ggpubr
2017-05-15,456,46157,ggpubr
2017-05-16,451,46608,ggpubr
2017-05-17,506,47114,ggpubr
2017-05-18,401,47515,ggpubr
2017-05-19,279,47794,ggpubr
2017-05-20,151,47945,ggpubr
2017-05-21,160,48105,ggpubr
2017-05-22,341,48446,ggpubr
2017-05-23,425,48871,ggpubr
2017-05-24,458,49329,ggpubr
2017-05-25,359,49688,ggpubr
2017-05-26,391,50079,ggpubr
2017-05-27,173,50252,ggpubr
2017-05-28,157,50409,ggpubr
2017-05-29,323,50732,ggpubr
2017-05-30,397,51129,ggpubr
2017-05-31,367,51496,ggpubr
2017-06-01,320,51816,ggpubr
2017-06-02,333,52149,ggpubr
2017-06-03,190,52339,ggpubr
2017-06-04,163,52502,ggpubr
2017-06-05,353,52855,ggpubr
2017-06-06,890,53745,ggpubr
2017-06-07,781,54526,ggpubr
2017-06-08,729,55255,ggpubr
2017-06-09,697,55952,ggpubr
2017-06-10,331,56283,ggpubr
2017-06-11,280,56563,ggpubr
2017-06-12,715,57278,ggpubr
2017-06-13,689,57967,ggpubr
2017-06-14,591,58558,ggpubr
2017-06-15,619,59177,ggpubr
2017-06-16,484,59661,ggpubr
2017-06-17,260,59921,ggpubr
2017-06-18,273,60194,ggpubr
2017-06-19,722,60916,ggpubr
2017-06-20,598,61514,ggpubr
2017-06-21,583,62097,ggpubr
2017-06-22,532,62629,ggpubr
2017-06-23,366,62995,ggpubr
2017-06-24,202,63197,ggpubr
2017-06-25,160,63357,ggpubr
2017-06-26,505,63862,ggpubr
2017-06-27,458,64320,ggpubr
2017-06-28,1508,65828,ggpubr
2017-06-29,1146,66974,ggpubr
2017-06-30,710,67684,ggpubr
2017-07-01,257,67941,ggpubr
2017-07-02,236,68177,ggpubr
2017-07-03,568,68745,ggpubr
2017-07-04,563,69308,ggpubr
2017-07-05,554,69862,ggpubr
2017-07-06,736,70598,ggpubr
2017-07-07,563,71161,ggpubr
2017-07-08,213,71374,ggpubr
2017-07-09,294,71668,ggpubr
2017-07-10,578,72246,ggpubr
2017-07-11,552,72798,ggpubr
2017-07-12,538,73336,ggpubr
2017-07-13,498,73834,ggpubr
2017-07-14,359,74193,ggpubr
2017-07-15,140,74333,ggpubr
2017-07-16,184,74517,ggpubr
2017-07-17,428,74945,ggpubr
2017-07-18,596,75541,ggpubr
2017-07-19,593,76134,ggpubr
2017-07-20,559,76693,ggpubr
2017-07-21,519,77212,ggpubr
2017-07-22,189,77401,ggpubr
2017-07-23,187,77588,ggpubr
2017-07-24,564,78152,ggpubr
2017-07-25,508,78660,ggpubr
2017-07-26,497,79157,ggpubr
2017-07-27,641,79798,ggpubr
2017-07-28,532,80330,ggpubr
2017-07-29,213,80543,ggpubr
2017-07-30,243,80786,ggpubr
2017-07-31,577,81363,ggpubr
2017-08-01,622,81985,ggpubr
2017-08-02,628,82613,ggpubr
2017-08-03,524,83137,ggpubr
2017-08-04,423,83560,ggpubr
2017-08-05,200,83760,ggpubr
2017-08-06,219,83979,ggpubr
2017-08-07,507,84486,ggpubr
2017-08-08,566,85052,ggpubr
2017-08-09,534,85586,ggpubr
2017-08-10,575,86161,ggpubr
2017-08-11,449,86610,ggpubr
2017-08-12,199,86809,ggpubr
2017-08-13,196,87005,ggpubr
2017-08-14,456,87461,ggpubr
2017-08-15,477,87938,ggpubr
2017-08-16,534,88472,ggpubr
2017-08-17,519,88991,ggpubr
2017-08-18,428,89419,ggpubr
2017-08-19,245,89664,ggpubr
2017-08-20,245,89909,ggpubr
2017-08-21,518,90427,ggpubr
2017-08-22,1521,91948,ggpubr
2017-08-23,1404,93352,ggpubr
2017-08-24,1018,94370,ggpubr
2017-08-25,794,95164,ggpubr
2017-08-26,340,95504,ggpubr
2017-08-27,298,95802,ggpubr
2017-08-28,858,96660,ggpubr
2017-08-29,835,97495,ggpubr
2017-08-30,788,98283,ggpubr
2017-08-31,688,98971,ggpubr
2017-09-01,601,99572,ggpubr
2017-09-02,307,99879,ggpubr
2017-09-03,281,100160,ggpubr
2017-09-04,634,100794,ggpubr
2017-09-05,796,101590,ggpubr
2017-09-06,833,102423,ggpubr
2017-09-07,770,103193,ggpubr
2017-09-08,617,103810,ggpubr
2017-09-09,289,104099,ggpubr
2017-09-10,324,104423,ggpubr
2017-09-11,782,105205,ggpubr
2017-09-12,774,105979,ggpubr
2017-09-13,953,106932,ggpubr
2017-09-14,1030,107962,ggpubr
2017-09-15,780,108742,ggpubr
2017-09-16,317,109059,ggpubr
2017-09-17,336,109395,ggpubr
2017-09-18,704,110099,ggpubr
2017-09-19,746,110845,ggpubr
2017-09-20,856,111701,ggpubr
2017-09-21,704,112405,ggpubr
2017-09-22,708,113113,ggpubr
2017-09-23,363,113476,ggpubr
2017-09-24,349,113825,ggpubr
2017-09-25,762,114587,ggpubr
2017-09-26,837,115424,ggpubr
2017-09-27,822,116246,ggpubr
2017-09-28,829,117075,ggpubr
2017-09-29,726,117801,ggpubr
2017-09-30,348,118149,ggpubr
2017-10-01,340,118489,ggpubr
2017-10-02,747,119236,ggpubr
2017-10-03,820,120056,ggpubr
2017-10-04,868,120924,ggpubr
2017-10-05,758,121682,ggpubr
2017-10-06,683,122365,ggpubr
2017-10-07,361,122726,ggpubr
2017-10-08,400,123126,ggpubr
2017-10-09,758,123884,ggpubr
2017-10-10,890,124774,ggpubr
2017-10-11,1021,125795,ggpubr
2017-10-12,847,126642,ggpubr
2017-10-13,717,127359,ggpubr
2017-10-14,446,127805,ggpubr
2017-10-15,413,128218,ggpubr
2017-10-16,914,129132,ggpubr
2017-10-17,1038,130170,ggpubr
2017-10-18,842,131012,ggpubr
2017-10-19,793,131805,ggpubr
2017-10-20,716,132521,ggpubr
2017-10-21,391,132912,ggpubr
2017-10-22,558,133470,ggpubr
2017-10-23,943,134413,ggpubr
2017-10-24,1017,135430,ggpubr
2017-10-25,1033,136463,ggpubr
2017-10-26,922,137385,ggpubr
2017-10-27,871,138256,ggpubr
2017-10-28,418,138674,ggpubr
2017-10-29,489,139163,ggpubr
2017-10-30,847,140010,ggpubr
2017-10-31,1088,141098,ggpubr
2017-11-01,912,142010,ggpubr
2017-11-02,991,143001,ggpubr
2017-11-03,789,143790,ggpubr
2017-11-04,434,144224,ggpubr
2017-11-05,488,144712,ggpubr
2017-11-06,931,145643,ggpubr
2017-11-07,1062,146705,ggpubr
2017-11-08,1030,147735,ggpubr
2017-11-09,1056,148791,ggpubr
2017-11-10,921,149712,ggpubr
2017-11-11,422,150134,ggpubr
2017-11-12,527,150661,ggpubr
2017-11-13,1107,151768,ggpubr
2017-11-14,1904,153672,ggpubr
2017-11-15,2248,155920,ggpubr
2017-11-16,2118,158038,ggpubr
2017-11-17,1358,159396,ggpubr
2017-11-18,685,160081,ggpubr
2017-11-19,651,160732,ggpubr
2017-11-20,1490,162222,ggpubr
2017-11-21,1530,163752,ggpubr
2017-11-22,1366,165118,ggpubr
2017-11-23,1063,166181,ggpubr
2017-11-24,994,167175,ggpubr
2017-11-25,576,167751,ggpubr
2017-11-26,646,168397,ggpubr
2017-11-27,1507,169904,ggpubr
2017-11-28,1563,171467,ggpubr
2017-11-29,1450,172917,ggpubr
2017-11-30,1376,174293,ggpubr
2017-12-01,1301,175594,ggpubr
2017-12-02,636,176230,ggpubr
2017-12-03,663,176893,ggpubr
2017-12-04,1330,178223,ggpubr
2017-12-05,1312,179535,ggpubr
2017-12-06,1368,180903,ggpubr
2017-12-07,1353,182256,ggpubr
2017-12-08,912,183168,ggpubr
2017-12-09,586,183754,ggpubr
2017-12-10,570,184324,ggpubr
2017-12-11,1161,185485,ggpubr
2017-12-12,1169,186654,ggpubr
2017-12-13,1099,187753,ggpubr
2017-12-14,1131,188884,ggpubr
2017-12-15,939,189823,ggpubr
2017-12-16,465,190288,ggpubr
2017-12-17,465,190753,ggpubr
2017-12-18,1050,191803,ggpubr
2017-12-19,930,192733,ggpubr
2017-12-20,989,193722,ggpubr
2017-12-21,860,194582,ggpubr
2017-12-22,600,195182,ggpubr
2017-12-23,281,195463,ggpubr
2017-12-24,274,195737,ggpubr
2017-12-25,242,195979,ggpubr
2017-12-26,438,196417,ggpubr
2017-12-27,499,196916,ggpubr
2017-12-28,480,197396,ggpubr
2017-12-29,450,197846,ggpubr
2017-12-30,297,198143,ggpubr
2017-12-31,197,198340,ggpubr
2018-01-01,213,198553,ggpubr
2018-01-02,723,199276,ggpubr
2018-01-03,709,199985,ggpubr
2018-01-04,854,200839,ggpubr
2018-01-05,790,201629,ggpubr
2018-01-06,388,202017,ggpubr
2018-01-07,418,202435,ggpubr
2018-01-08,898,203333,ggpubr
2018-01-09,942,204275,ggpubr
2018-01-10,914,205189,ggpubr
2018-01-11,858,206047,ggpubr
2018-01-12,836,206883,ggpubr
2018-01-13,456,207339,ggpubr
2018-01-14,467,207806,ggpubr
2018-01-15,922,208728,ggpubr
2018-01-16,1028,209756,ggpubr
2018-01-17,995,210751,ggpubr
2018-01-18,909,211660,ggpubr
2018-01-19,975,212635,ggpubr
2018-01-20,424,213059,ggpubr
2018-01-21,453,213512,ggpubr
2018-01-22,994,214506,ggpubr
2018-01-23,1238,215744,ggpubr
2018-01-24,1076,216820,ggpubr
2018-01-25,1035,217855,ggpubr
2018-01-26,842,218697,ggpubr
2018-01-27,494,219191,ggpubr
2018-01-28,488,219679,ggpubr
2018-01-29,1126,220805,ggpubr
2018-01-30,1268,222073,ggpubr
2018-01-31,1190,223263,ggpubr
2018-02-01,1092,224355,ggpubr
2018-02-02,998,225353,ggpubr
2018-02-03,516,225869,ggpubr
2018-02-04,444,226313,ggpubr
2018-02-05,1216,227529,ggpubr
2018-02-06,1160,228689,ggpubr
2018-02-07,1114,229803,ggpubr
2018-02-08,1042,230845,ggpubr
2018-02-09,1172,232017,ggpubr
2018-02-10,532,232549,ggpubr
2018-02-11,473,233022,ggpubr
2018-02-12,1174,234196,ggpubr
2018-02-13,1156,235352,ggpubr
2018-02-14,1176,236528,ggpubr
2018-02-15,1083,237611,ggpubr
2018-02-16,956,238567,ggpubr
2018-02-17,453,239020,ggpubr
2018-02-18,521,239541,ggpubr
2018-02-19,1048,240589,ggpubr
2018-02-20,1094,241683,ggpubr
2018-02-21,1107,242790,ggpubr
2018-02-22,1240,244030,ggpubr
2018-02-23,888,244918,ggpubr
2018-02-24,506,245424,ggpubr
2018-02-25,471,245895,ggpubr
2018-02-26,1111,247006,ggpubr
2018-02-27,1073,248079,ggpubr
2018-02-28,1292,249371,ggpubr
2018-03-01,1136,250507,ggpubr
2018-03-02,1003,251510,ggpubr
2018-03-03,469,251979,ggpubr
2018-03-04,622,252601,ggpubr
2018-03-05,1277,253878,ggpubr
2018-03-06,1320,255198,ggpubr
2018-03-07,1227,256425,ggpubr
2018-03-08,1264,257689,ggpubr
2018-03-09,1029,258718,ggpubr
2018-03-10,499,259217,ggpubr
2018-03-11,573,259790,ggpubr
2018-03-12,1191,260981,ggpubr
2018-03-13,1386,262367,ggpubr
2018-03-14,1302,263669,ggpubr
2018-03-15,1517,265186,ggpubr
2018-03-16,1117,266303,ggpubr
2018-03-17,606,266909,ggpubr
2018-03-18,537,267446,ggpubr
2018-03-19,1265,268711,ggpubr
2018-03-20,1280,269991,ggpubr
2018-03-21,1359,271350,ggpubr
2018-03-22,1383,272733,ggpubr
2018-03-23,1059,273792,ggpubr
2018-03-24,510,274302,ggpubr
2018-03-25,659,274961,ggpubr
2018-03-26,1299,276260,ggpubr
2018-03-27,1338,277598,ggpubr
2018-03-28,1387,278985,ggpubr
2018-03-29,1068,280053,ggpubr
2018-03-30,805,280858,ggpubr
2018-03-31,540,281398,ggpubr
2018-04-01,436,281834,ggpubr
2018-04-02,924,282758,ggpubr
2018-04-03,1088,283846,ggpubr
2018-04-04,1237,285083,ggpubr
2018-04-05,1328,286411,ggpubr
2018-04-06,1037,287448,ggpubr
2018-04-07,561,288009,ggpubr
2018-04-08,668,288677,ggpubr
2018-04-09,1379,290056,ggpubr
2018-04-10,1551,291607,ggpubr
2018-04-11,1366,292973,ggpubr
2018-04-12,1259,294232,ggpubr
2018-04-13,1150,295382,ggpubr
2018-04-14,675,296057,ggpubr
2018-04-15,643,296700,ggpubr
2018-04-16,1339,298039,ggpubr
2018-04-17,1381,299420,ggpubr
2018-04-18,1385,300805,ggpubr
2018-04-19,1323,302128,ggpubr
2018-04-20,1129,303257,ggpubr
2018-04-21,561,303818,ggpubr
2018-04-22,724,304542,ggpubr
2018-04-23,1411,305953,ggpubr
2018-04-24,1778,307731,ggpubr
2018-04-25,1843,309574,ggpubr
2018-04-26,1640,311214,ggpubr
2018-04-27,1269,312483,ggpubr
2018-04-28,780,313263,ggpubr
2018-04-29,711,313974,ggpubr
2018-04-30,1325,315299,ggpubr
2018-05-01,1436,316735,ggpubr
2018-05-02,1453,318188,ggpubr
2018-05-03,1493,319681,ggpubr
2018-05-04,1277,320958,ggpubr
2018-05-05,729,321687,ggpubr
2018-05-06,646,322333,ggpubr
2018-05-07,1308,323641,ggpubr
2018-05-08,1311,324952,ggpubr
2018-05-09,1524,326476,ggpubr
2018-05-10,1209,327685,ggpubr
2018-05-11,1279,328964,ggpubr
2018-05-12,692,329656,ggpubr
2018-05-13,737,330393,ggpubr
2018-05-14,1452,331845,ggpubr
2018-05-15,1392,333237,ggpubr
2018-05-16,1453,334690,ggpubr
2018-05-17,1533,336223,ggpubr
2018-05-18,1299,337522,ggpubr
2018-05-19,638,338160,ggpubr
2018-05-20,681,338841,ggpubr
2018-05-21,1151,339992,ggpubr
2018-05-22,1342,341334,ggpubr
2018-05-23,1412,342746,ggpubr
2018-05-24,1300,344046,ggpubr
2018-05-25,1095,345141,ggpubr
2018-05-26,529,345670,ggpubr
2018-05-27,621,346291,ggpubr
2018-05-28,1192,347483,ggpubr
2018-05-29,1504,348987,ggpubr
2018-05-30,1332,350319,ggpubr
2018-05-31,1366,351685,ggpubr
2018-06-01,1151,352836,ggpubr
2018-06-02,593,353429,ggpubr
2018-06-03,626,354055,ggpubr
2018-06-04,1374,355429,ggpubr
2018-06-05,1446,356875,ggpubr
2018-06-06,1411,358286,ggpubr
2018-06-07,1422,359708,ggpubr
2018-06-08,1155,360863,ggpubr
2018-06-09,607,361470,ggpubr
2018-06-10,622,362092,ggpubr
2018-06-11,1149,363241,ggpubr
2018-06-12,1384,364625,ggpubr
2018-06-13,1299,365924,ggpubr
2018-06-14,1185,367109,ggpubr
2018-06-15,1055,368164,ggpubr
2018-06-16,482,368646,ggpubr
2018-06-17,470,369116,ggpubr
2018-06-18,1174,370290,ggpubr
2018-06-19,1296,371586,ggpubr
2018-06-20,1269,372855,ggpubr
2018-06-21,1180,374035,ggpubr
2018-06-22,1068,375103,ggpubr
2018-06-23,1787,376890,ggpubr
2018-06-24,1335,378225,ggpubr
2018-06-25,1895,380120,ggpubr
2018-06-26,1883,382003,ggpubr
2018-06-27,1671,383674,ggpubr
2018-06-28,1596,385270,ggpubr
2018-06-29,1313,386583,ggpubr
2018-06-30,705,387288,ggpubr
2018-07-01,636,387924,ggpubr
2018-07-02,1539,389463,ggpubr
2018-07-03,1733,391196,ggpubr
2018-07-04,1377,392573,ggpubr
2018-07-05,1588,394161,ggpubr
2018-07-06,1288,395449,ggpubr
2018-07-07,598,396047,ggpubr
2018-07-08,564,396611,ggpubr
2018-07-09,1604,398215,ggpubr
2018-07-10,1587,399802,ggpubr
2018-07-11,1545,401347,ggpubr
2018-07-12,1406,402753,ggpubr
2018-07-13,1224,403977,ggpubr
2018-07-14,551,404528,ggpubr
2018-07-15,518,405046,ggpubr
2018-07-16,1360,406406,ggpubr
2018-07-17,1446,407852,ggpubr
2018-07-18,1542,409394,ggpubr
2018-07-19,1541,410935,ggpubr
2018-07-20,1204,412139,ggpubr
2018-07-21,571,412710,ggpubr
2018-07-22,603,413313,ggpubr
2018-07-23,1478,414791,ggpubr
2018-07-24,1566,416357,ggpubr
2018-07-25,1409,417766,ggpubr
2018-07-26,1399,419165,ggpubr
2018-07-27,1177,420342,ggpubr
2018-07-28,620,420962,ggpubr
2018-07-29,614,421576,ggpubr
2018-07-30,1350,422926,ggpubr
2018-07-31,1389,424315,ggpubr
2018-08-01,1331,425646,ggpubr
2018-08-02,1256,426902,ggpubr
2018-08-03,1261,428163,ggpubr
2018-08-04,472,428635,ggpubr
2018-08-05,523,429158,ggpubr
2018-08-06,1255,430413,ggpubr
2018-08-07,1307,431720,ggpubr
2018-08-08,1401,433121,ggpubr
2018-08-09,1258,434379,ggpubr
2018-08-10,1192,435571,ggpubr
2018-08-11,532,436103,ggpubr
2018-08-12,545,436648,ggpubr
2018-08-13,1217,437865,ggpubr
2018-08-14,1315,439180,ggpubr
2018-08-15,1033,440213,ggpubr
2018-08-16,1234,441447,ggpubr
2018-08-17,1101,442548,ggpubr
2018-08-18,564,443112,ggpubr
2018-08-19,442,443554,ggpubr
2018-08-20,1140,444694,ggpubr
2018-08-21,1304,445998,ggpubr
2018-08-22,1407,447405,ggpubr
2018-08-23,1212,448617,ggpubr
2018-08-24,1228,449845,ggpubr
2018-08-25,490,450335,ggpubr
2018-08-26,534,450869,ggpubr
2018-08-27,1151,452020,ggpubr
2018-08-28,1316,453336,ggpubr
2018-08-29,1350,454686,ggpubr
2018-08-30,3388,458074,ggpubr
2018-08-31,2151,460225,ggpubr
2018-09-01,699,460924,ggpubr
2018-09-02,660,461584,ggpubr
2018-09-03,1350,462934,ggpubr
2018-09-04,1875,464809,ggpubr
2018-09-05,1628,466437,ggpubr
2018-09-06,1684,468121,ggpubr
2018-09-07,1559,469680,ggpubr
2018-09-08,715,470395,ggpubr
2018-09-09,694,471089,ggpubr
2018-09-10,1561,472650,ggpubr
2018-09-11,1606,474256,ggpubr
2018-09-12,1875,476131,ggpubr
2018-09-13,1927,478058,ggpubr
2018-09-14,2044,480102,ggpubr
2018-09-15,662,480764,ggpubr
2018-09-16,802,481566,ggpubr
2018-09-17,2059,483625,ggpubr
2018-09-18,2140,485765,ggpubr
2018-09-19,2043,487808,ggpubr
2018-09-20,1968,489776,ggpubr
2018-09-21,1499,491275,ggpubr
2018-09-22,851,492126,ggpubr
2018-09-23,865,492991,ggpubr
2018-09-24,1932,494923,ggpubr
2018-09-25,2032,496955,ggpubr
2018-09-26,2127,499082,ggpubr
2018-09-27,2082,501164,ggpubr
2018-09-28,1864,503028,ggpubr
2018-09-29,883,503911,ggpubr
2018-09-30,821,504732,ggpubr
2018-10-01,1892,506624,ggpubr
2018-10-02,2171,508795,ggpubr
2018-10-03,2127,510922,ggpubr
2018-10-04,2201,513123,ggpubr
2018-10-05,1991,515114,ggpubr
2018-10-06,829,515943,ggpubr
2018-10-07,964,516907,ggpubr
2018-10-08,1985,518892,ggpubr
2018-10-09,2220,521112,ggpubr
2018-10-10,2285,523397,ggpubr
2018-10-11,2300,525697,ggpubr
2018-10-12,1931,527628,ggpubr
2018-10-13,888,528516,ggpubr
2018-10-14,1075,529591,ggpubr
2018-10-15,2142,531733,ggpubr
2018-10-16,2408,534141,ggpubr
2018-10-17,2449,536590,ggpubr
2018-10-18,2485,539075,ggpubr
2018-10-19,1992,541067,ggpubr
2018-10-20,1147,542214,ggpubr
2018-10-21,1270,543484,ggpubr
2018-10-22,2544,546028,ggpubr
2018-10-23,2519,548547,ggpubr
2018-10-24,2564,551111,ggpubr
2018-10-25,2417,553528,ggpubr
2018-10-26,2284,555812,ggpubr
2018-10-27,1199,557011,ggpubr
2018-10-28,1086,558097,ggpubr
2018-10-29,2274,560371,ggpubr
2018-10-30,2467,562838,ggpubr
2018-10-31,2225,565063,ggpubr
2018-11-01,2054,567117,ggpubr
2018-11-02,1795,568912,ggpubr
2018-11-03,1082,569994,ggpubr
2018-11-04,1110,571104,ggpubr
2018-11-05,2367,573471,ggpubr
2018-11-06,2451,575922,ggpubr
2018-11-07,2615,578537,ggpubr
2018-11-08,2458,580995,ggpubr
2018-11-09,1985,582980,ggpubr
2018-11-10,1233,584213,ggpubr
2018-11-11,1347,585560,ggpubr
2018-11-12,3689,589249,ggpubr
2018-11-13,3763,593012,ggpubr
2018-11-14,3535,596547,ggpubr
2018-11-15,4539,601086,ggpubr
2018-11-16,4099,605185,ggpubr
2018-11-17,1624,606809,ggpubr
2018-11-18,1695,608504,ggpubr
2018-11-19,3325,611829,ggpubr
2018-11-20,3094,614923,ggpubr
2018-11-21,3008,617931,ggpubr
2018-11-22,2569,620500,ggpubr
2018-11-23,2253,622753,ggpubr
2018-11-24,1462,624215,ggpubr
2018-11-25,1579,625794,ggpubr
2018-11-26,3053,628847,ggpubr
2018-11-27,3406,632253,ggpubr
2018-11-28,2987,635240,ggpubr
2018-11-29,3050,638290,ggpubr
2018-11-30,2916,641206,ggpubr
2018-12-01,1513,642719,ggpubr
2018-12-02,1561,644280,ggpubr
2018-12-03,3115,647395,ggpubr
2018-12-04,3159,650554,ggpubr
2018-12-05,2993,653547,ggpubr
2018-12-06,3044,656591,ggpubr
2018-12-07,2535,659126,ggpubr
2018-12-08,1430,660556,ggpubr
2018-12-09,1403,661959,ggpubr
2018-12-10,2759,664718,ggpubr
2018-12-11,2819,667537,ggpubr
2018-12-12,2702,670239,ggpubr
2018-12-13,2510,672749,ggpubr
2018-12-14,2177,674926,ggpubr
2018-12-15,1319,676245,ggpubr
2018-12-16,1578,677823,ggpubr
2018-12-17,2304,680127,ggpubr
2018-12-18,2384,682511,ggpubr
2018-12-19,2264,684775,ggpubr
2018-12-20,2153,686928,ggpubr
2018-12-21,1663,688591,ggpubr
2018-12-22,861,689452,ggpubr
2018-12-23,904,690356,ggpubr
2018-12-24,873,691229,ggpubr
2018-12-25,809,692038,ggpubr
2018-12-26,1012,693050,ggpubr
2018-12-27,1169,694219,ggpubr
2018-12-28,1191,695410,ggpubr
2018-12-29,604,696014,ggpubr
2018-12-30,617,696631,ggpubr
2018-12-31,667,697298,ggpubr
2019-01-01,423,697721,ggpubr
2019-01-02,1425,699146,ggpubr
2019-01-03,1744,700890,ggpubr
2019-01-04,1759,702649,ggpubr
2019-01-05,1086,703735,ggpubr
2019-01-06,1020,704755,ggpubr
2019-01-07,2126,706881,ggpubr
2019-01-08,2602,709483,ggpubr
2019-01-09,4367,713850,ggpubr
2019-01-10,4056,717906,ggpubr
2019-01-11,2468,720374,ggpubr
2019-01-12,1847,722221,ggpubr
2019-01-13,1841,724062,ggpubr
2019-01-14,3863,727925,ggpubr
2019-01-15,3708,731633,ggpubr
2019-01-16,3337,734970,ggpubr
2019-01-17,3129,738099,ggpubr
2019-01-18,4246,742345,ggpubr
2019-01-19,2137,744482,ggpubr
2019-01-20,1854,746336,ggpubr
2019-01-21,4089,750425,ggpubr
2019-01-22,4960,755385,ggpubr
2019-01-23,3458,758843,ggpubr
2019-01-24,4013,762856,ggpubr
2019-01-25,4473,767329,ggpubr
2019-01-26,2145,769474,ggpubr
2019-01-27,2276,771750,ggpubr
2019-01-28,4483,776233,ggpubr
2019-01-29,4332,780565,ggpubr
2019-01-30,4459,785024,ggpubr
2019-01-31,2637,787661,ggpubr
2019-02-01,4992,792653,ggpubr
2019-02-02,2792,795445,ggpubr
2019-02-03,2324,797769,ggpubr
2019-02-04,4762,802531,ggpubr
2019-02-05,4414,806945,ggpubr
2019-02-06,4339,811284,ggpubr
2019-02-07,5062,816346,ggpubr
2019-02-08,4742,821088,ggpubr
2019-02-09,2904,823992,ggpubr
2019-02-10,2788,826780,ggpubr
2019-02-11,4846,831626,ggpubr
2019-02-12,5381,837007,ggpubr
2019-02-13,6510,843517,ggpubr
2019-02-14,3641,847158,ggpubr
2019-02-15,8650,855808,ggpubr
2019-02-16,2625,858433,ggpubr
2019-02-17,2884,861317,ggpubr
2019-02-18,4502,865819,ggpubr
2019-02-19,4808,870627,ggpubr
2019-02-20,5544,876171,ggpubr
2019-02-21,6429,882600,ggpubr
2019-02-22,5217,887817,ggpubr
2019-02-23,2982,890799,ggpubr
2019-02-24,2095,892894,ggpubr
2019-02-25,5001,897895,ggpubr
2019-02-26,5480,903375,ggpubr
2019-02-27,4640,908015,ggpubr
2019-02-28,4228,912243,ggpubr
2019-03-01,3557,915800,ggpubr
2019-03-02,1701,917501,ggpubr
2019-03-03,1958,919459,ggpubr
2019-03-04,3533,922992,ggpubr
2019-03-05,3846,926838,ggpubr
2019-03-06,4096,930934,ggpubr
2019-03-07,3983,934917,ggpubr
2019-03-08,3285,938202,ggpubr
2019-03-09,2199,940401,ggpubr
2019-03-10,2125,942526,ggpubr
2019-03-11,3662,946188,ggpubr
2019-03-12,3990,950178,ggpubr
2019-03-13,3730,953908,ggpubr
2019-03-14,3646,957554,ggpubr
2019-03-15,3059,960613,ggpubr
2019-03-16,1993,962606,ggpubr
2019-03-17,2005,964611,ggpubr
2019-03-18,3910,968521,ggpubr
2019-03-19,3874,972395,ggpubr
2019-03-20,4145,976540,ggpubr
2019-03-21,4075,980615,ggpubr
2019-03-22,4024,984639,ggpubr
2019-03-23,2050,986689,ggpubr
2019-03-24,2082,988771,ggpubr
2019-03-25,3478,992249,ggpubr
2019-03-26,4276,996525,ggpubr
2019-03-27,4203,1000728,ggpubr
2019-03-28,4148,1004876,ggpubr
2019-03-29,2910,1007786,ggpubr
2019-03-30,2078,1009864,ggpubr
2019-03-31,2054,1011918,ggpubr
2019-04-01,4010,1015928,ggpubr
2019-04-02,3862,1019790,ggpubr
2019-04-03,4243,1024033,ggpubr
2019-04-04,4324,1028357,ggpubr
2019-04-05,3698,1032055,ggpubr
2019-04-06,1639,1033694,ggpubr
2019-04-07,1740,1035434,ggpubr
2019-04-08,3711,1039145,ggpubr
2019-04-09,3944,1043089,ggpubr
2019-04-10,4294,1047383,ggpubr
2019-04-11,3969,1051352,ggpubr
2019-04-12,3726,1055078,ggpubr
2019-04-13,2172,1057250,ggpubr
2019-04-14,2012,1059262,ggpubr
2019-04-15,4035,1063297,ggpubr
2019-04-16,3919,1067216,ggpubr
2019-04-17,4362,1071578,ggpubr
2019-04-18,3564,1075142,ggpubr
2019-04-19,2874,1078016,ggpubr
2019-04-20,2086,1080102,ggpubr
2019-04-21,2030,1082132,ggpubr
2019-04-22,3073,1085205,ggpubr
2019-04-23,4143,1089348,ggpubr
2019-04-24,3714,1093062,ggpubr
2019-04-25,3363,1096425,ggpubr
2019-04-26,3475,1099900,ggpubr
2019-04-27,2426,1102326,ggpubr
2019-04-28,2341,1104667,ggpubr
2019-04-29,3831,1108498,ggpubr
2019-04-30,4148,1112646,ggpubr
2019-05-01,3762,1116408,ggpubr
2019-05-02,4043,1120451,ggpubr
2019-05-03,3068,1123519,ggpubr
2019-05-04,1759,1125278,ggpubr
2019-05-05,1774,1127052,ggpubr
2019-05-06,3567,1130619,ggpubr
2019-05-07,3620,1134239,ggpubr
2019-05-08,4226,1138465,ggpubr
2019-05-09,4108,1142573,ggpubr
2019-05-10,3382,1145955,ggpubr
2019-05-11,1734,1147689,ggpubr
2019-05-12,2285,1149974,ggpubr
2019-05-13,3975,1153949,ggpubr
2019-05-14,3924,1157873,ggpubr
2019-05-15,4015,1161888,ggpubr
2019-05-16,4072,1165960,ggpubr
2019-05-17,3473,1169433,ggpubr
2019-05-18,2247,1171680,ggpubr
2019-05-19,2252,1173932,ggpubr
2019-05-20,3689,1177621,ggpubr
2019-05-21,3823,1181444,ggpubr
2019-05-22,3364,1184808,ggpubr
2019-05-23,3654,1188462,ggpubr
2019-05-24,3442,1191904,ggpubr
2019-05-25,1969,1193873,ggpubr
2019-05-26,1917,1195790,ggpubr
2019-05-27,2708,1198498,ggpubr
2019-05-28,3649,1202147,ggpubr
2019-05-29,3175,1205322,ggpubr
2019-05-30,3462,1208784,ggpubr
2019-05-31,3273,1212057,ggpubr
2019-06-01,2090,1214147,ggpubr
2019-06-02,1848,1215995,ggpubr
2019-06-03,3883,1219878,ggpubr
2019-06-04,3819,1223697,ggpubr
2019-06-05,4092,1227789,ggpubr
2019-06-06,3780,1231569,ggpubr
2019-06-07,3364,1234933,ggpubr
2019-06-08,1963,1236896,ggpubr
2019-06-09,2001,1238897,ggpubr
2019-06-10,3432,1242329,ggpubr
2019-06-11,3778,1246107,ggpubr
2019-06-12,3768,1249875,ggpubr
2019-06-13,3550,1253425,ggpubr
2019-06-14,3258,1256683,ggpubr
2019-06-15,2163,1258846,ggpubr
2019-06-16,2276,1261122,ggpubr
2019-06-17,3775,1264897,ggpubr
2019-06-18,3739,1268636,ggpubr
2019-06-19,3668,1272304,ggpubr
2019-06-20,3686,1275990,ggpubr
2019-06-21,3185,1279175,ggpubr
2019-06-22,1364,1280539,ggpubr
2019-06-23,3378,1283917,ggpubr
2019-06-24,4698,1288615,ggpubr
2019-06-25,4700,1293315,ggpubr
2019-06-26,4191,1297506,ggpubr
2019-06-27,3837,1301343,ggpubr
2019-06-28,4144,1305487,ggpubr
2019-06-29,2465,1307952,ggpubr
2019-06-30,2400,1310352,ggpubr
2019-07-01,4348,1314700,ggpubr
2019-07-02,4300,1319000,ggpubr
2019-07-03,4471,1323471,ggpubr
2019-07-04,3492,1326963,ggpubr
2019-07-05,3459,1330422,ggpubr
2019-07-06,2045,1332467,ggpubr
2019-07-07,2155,1334622,ggpubr
2019-07-08,4379,1339001,ggpubr
2019-07-09,4516,1343517,ggpubr
2019-07-10,3901,1347418,ggpubr
2019-07-11,4153,1351571,ggpubr
2019-07-12,3252,1354823,ggpubr
2019-07-13,1376,1356199,ggpubr
2019-07-14,1430,1357629,ggpubr
2019-07-15,3489,1361118,ggpubr
2019-07-16,3861,1364979,ggpubr
2019-07-17,3505,1368484,ggpubr
2019-07-18,3457,1371941,ggpubr
2019-07-19,2940,1374881,ggpubr
2019-07-20,1458,1376339,ggpubr
2019-07-21,1771,1378110,ggpubr
2019-07-22,3394,1381504,ggpubr
2019-07-23,3314,1384818,ggpubr
2019-07-24,3962,1388780,ggpubr
2019-07-25,3972,1392752,ggpubr
2019-07-26,3298,1396050,ggpubr
2019-07-27,1425,1397475,ggpubr
2019-07-28,1369,1398844,ggpubr
2019-07-29,3213,1402057,ggpubr
2019-07-30,3332,1405389,ggpubr
2019-07-31,3254,1408643,ggpubr
2019-08-01,3188,1411831,ggpubr
2019-08-02,2984,1414815,ggpubr
2019-08-03,1473,1416288,ggpubr
2019-08-04,1319,1417607,ggpubr
2019-08-05,2951,1420558,ggpubr
2019-08-06,3303,1423861,ggpubr
2019-08-07,4462,1428323,ggpubr
2019-08-08,4922,1433245,ggpubr
2019-08-09,3714,1436959,ggpubr
2019-08-10,2153,1439112,ggpubr
2019-08-11,2135,1441247,ggpubr
2019-08-12,3765,1445012,ggpubr
2019-08-13,3854,1448866,ggpubr
2019-08-14,3779,1452645,ggpubr
2019-08-15,3358,1456003,ggpubr
2019-08-16,3222,1459225,ggpubr
2019-08-17,1898,1461123,ggpubr
2019-08-18,1968,1463091,ggpubr
2019-08-19,4070,1467161,ggpubr
2019-08-20,3779,1470940,ggpubr
2019-08-21,3873,1474813,ggpubr
2019-08-22,4003,1478816,ggpubr
2019-08-23,2977,1481793,ggpubr
2019-08-24,1773,1483566,ggpubr
2019-08-25,1918,1485484,ggpubr
2019-08-26,4023,1489507,ggpubr
2019-08-27,4212,1493719,ggpubr
2019-08-28,3845,1497564,ggpubr
2019-08-29,3891,1501455,ggpubr
2019-08-30,3531,1504986,ggpubr
2019-08-31,1784,1506770,ggpubr
2019-09-01,1927,1508697,ggpubr
2019-09-02,3289,1511986,ggpubr
2019-09-03,4460,1516446,ggpubr
2019-09-04,6845,1523291,ggpubr
2019-09-05,6148,1529439,ggpubr
2019-09-06,4892,1534331,ggpubr
2019-09-07,3270,1537601,ggpubr
2019-09-08,3315,1540916,ggpubr
2019-09-09,5544,1546460,ggpubr
2019-09-10,4921,1551381,ggpubr
2019-09-11,4626,1556007,ggpubr
2019-09-12,4460,1560467,ggpubr
2019-09-13,3676,1564143,ggpubr
2019-09-14,2784,1566927,ggpubr
2019-09-15,2755,1569682,ggpubr
2019-09-16,5079,1574761,ggpubr
2019-09-17,5449,1580210,ggpubr
2019-09-18,5509,1585719,ggpubr
2019-09-19,5549,1591268,ggpubr
2019-09-20,4852,1596120,ggpubr
2019-09-21,3041,1599161,ggpubr
2019-09-22,3156,1602317,ggpubr
2019-09-23,5721,1608038,ggpubr
2019-09-24,5786,1613824,ggpubr
2019-09-25,6400,1620224,ggpubr
2019-09-26,5861,1626085,ggpubr
2019-09-27,5018,1631103,ggpubr
2019-09-28,2893,1633996,ggpubr
2019-09-29,2978,1636974,ggpubr
2019-09-30,5082,1642056,ggpubr
2019-10-01,5128,1647184,ggpubr
2019-10-02,5081,1652265,ggpubr
2019-10-03,4684,1656949,ggpubr
2019-10-04,4370,1661319,ggpubr
2019-10-05,2620,1663939,ggpubr
2019-10-06,2903,1666842,ggpubr
2019-10-07,4928,1671770,ggpubr
2019-10-08,5415,1677185,ggpubr
2019-10-09,5264,1682449,ggpubr
2019-10-10,5026,1687475,ggpubr
2019-10-11,4857,1692332,ggpubr
2019-10-12,2377,1694709,ggpubr
2019-10-13,2718,1697427,ggpubr
2019-10-14,4953,1702380,ggpubr
2019-10-15,5493,1707873,ggpubr
2019-10-16,5447,1713320,ggpubr
2019-10-17,5383,1718703,ggpubr
2019-10-18,4757,1723460,ggpubr
2019-10-19,2780,1726240,ggpubr
2019-10-20,2987,1729227,ggpubr
2019-10-21,5287,1734514,ggpubr
2019-10-22,6042,1740556,ggpubr
2019-10-23,5672,1746228,ggpubr
2019-10-24,5623,1751851,ggpubr
2019-10-25,4761,1756612,ggpubr
2019-10-26,2748,1759360,ggpubr
2019-10-27,2881,1762241,ggpubr
2019-10-28,5227,1767468,ggpubr
2019-10-29,5040,1772508,ggpubr
2019-10-30,4988,1777496,ggpubr
2019-10-31,4849,1782345,ggpubr
2019-11-01,3761,1786106,ggpubr
2019-11-02,2180,1788286,ggpubr
2019-11-03,2438,1790724,ggpubr
2019-11-04,5016,1795740,ggpubr
2019-11-05,5311,1801051,ggpubr
2019-11-06,4469,1805520,ggpubr
2019-11-07,4846,1810366,ggpubr
2019-11-08,4588,1814954,ggpubr
2019-11-09,2519,1817473,ggpubr
2019-11-10,2704,1820177,ggpubr
2019-11-11,4637,1824814,ggpubr
2019-11-12,4903,1829717,ggpubr
2019-11-13,5043,1834760,ggpubr
2019-11-14,6874,1841634,ggpubr
2019-11-15,5853,1847487,ggpubr
2019-11-16,3166,1850653,ggpubr
2019-11-17,3327,1853980,ggpubr
2019-11-18,6175,1860155,ggpubr
2019-11-19,6690,1866845,ggpubr
2019-11-20,6261,1873106,ggpubr
2019-11-21,6094,1879200,ggpubr
2019-11-22,5321,1884521,ggpubr
2019-11-23,2800,1887321,ggpubr
2019-11-24,2945,1890266,ggpubr
2019-11-25,6102,1896368,ggpubr
2019-11-26,6135,1902503,ggpubr
2019-11-27,5755,1908258,ggpubr
2019-11-28,4784,1913042,ggpubr
2019-11-29,3963,1917005,ggpubr
2019-11-30,2665,1919670,ggpubr
2019-12-01,2898,1922568,ggpubr
2019-12-02,6523,1929091,ggpubr
2019-12-03,6276,1935367,ggpubr
2019-12-04,5613,1940980,ggpubr
2019-12-05,5665,1946645,ggpubr
2019-12-06,5043,1951688,ggpubr
2019-12-07,2630,1954318,ggpubr
2019-12-08,2801,1957119,ggpubr
2019-12-09,5723,1962842,ggpubr
2019-12-10,5714,1968556,ggpubr
2019-12-11,5450,1974006,ggpubr
2019-12-12,6069,1980075,ggpubr
2019-12-13,5071,1985146,ggpubr
2019-12-14,3013,1988159,ggpubr
2019-12-15,2706,1990865,ggpubr
2019-12-16,4684,1995549,ggpubr
2019-12-17,5019,2000568,ggpubr
2019-12-18,4857,2005425,ggpubr
2019-12-19,4775,2010200,ggpubr
2019-12-20,3962,2014162,ggpubr
2019-12-21,2239,2016401,ggpubr
2019-12-22,2289,2018690,ggpubr
2019-12-23,3281,2021971,ggpubr
2019-12-24,2649,2024620,ggpubr
2019-12-25,1975,2026595,ggpubr
2019-12-26,2674,2029269,ggpubr
2019-12-27,2424,2031693,ggpubr
2019-12-28,2009,2033702,ggpubr
2019-12-29,2146,2035848,ggpubr
2019-12-30,2623,2038471,ggpubr
2019-12-31,2261,2040732,ggpubr
2020-01-01,1737,2042469,ggpubr
2020-01-02,3303,2045772,ggpubr
2020-01-03,3531,2049303,ggpubr
2020-01-04,2211,2051514,ggpubr
2020-01-05,2577,2054091,ggpubr
2020-01-06,4164,2058255,ggpubr
2020-01-07,4660,2062915,ggpubr
2020-01-08,4391,2067306,ggpubr
2020-01-09,4673,2071979,ggpubr
2020-01-10,4236,2076215,ggpubr
2020-01-11,2601,2078816,ggpubr
2020-01-12,2592,2081408,ggpubr
2020-01-13,4471,2085879,ggpubr
2020-01-14,5166,2091045,ggpubr
2020-01-15,4847,2095892,ggpubr
2020-01-16,4852,2100744,ggpubr
2020-01-17,4303,2105047,ggpubr
2020-01-18,2188,2107235,ggpubr
2020-01-19,2481,2109716,ggpubr
2020-01-20,4660,2114376,ggpubr
2020-01-21,4760,2119136,ggpubr
2020-01-22,5453,2124589,ggpubr
2020-01-23,4645,2129234,ggpubr
2020-01-24,4353,2133587,ggpubr
2020-01-25,2342,2135929,ggpubr
2020-01-26,2941,2138870,ggpubr
2020-01-27,5204,2144074,ggpubr
2020-01-28,4966,2149040,ggpubr
2020-01-29,5708,2154748,ggpubr
2020-01-30,5928,2160676,ggpubr
2020-01-31,4941,2165617,ggpubr
2020-02-01,2650,2168267,ggpubr
2020-02-02,2656,2170923,ggpubr
2020-02-03,5615,2176538,ggpubr
2020-02-04,6070,2182608,ggpubr
2020-02-05,5651,2188259,ggpubr
2020-02-06,5887,2194146,ggpubr
2020-02-07,5843,2199989,ggpubr
2020-02-08,2750,2202739,ggpubr
2020-02-09,2870,2205609,ggpubr
2020-02-10,5542,2211151,ggpubr
2020-02-11,6122,2217273,ggpubr
2020-02-12,6369,2223642,ggpubr
2020-02-13,8094,2231736,ggpubr
2020-02-14,7510,2239246,ggpubr
2020-02-15,3674,2242920,ggpubr
2020-02-16,3751,2246671,ggpubr
2020-02-17,7591,2254262,ggpubr
2020-02-18,8411,2262673,ggpubr
2020-02-19,8296,2270969,ggpubr
2020-02-20,7908,2278877,ggpubr
2020-02-21,6981,2285858,ggpubr
2020-02-22,4471,2290329,ggpubr
2020-02-23,4215,2294544,ggpubr
2020-02-24,7065,2301609,ggpubr
2020-02-25,7509,2309118,ggpubr
2020-02-26,8506,2317624,ggpubr
2020-02-27,7543,2325167,ggpubr
2020-02-28,6917,2332084,ggpubr
2020-02-29,1035,2333119,ggpubr
2020-03-01,4156,2337275,ggpubr
2020-03-02,7825,2345100,ggpubr
2020-03-03,8220,2353320,ggpubr
2020-03-04,8090,2361410,ggpubr
2020-03-05,8163,2369573,ggpubr
2020-03-06,7199,2376772,ggpubr
2020-03-07,4026,2380798,ggpubr
2020-03-08,3966,2384764,ggpubr
2020-03-09,7517,2392281,ggpubr
2020-03-10,7538,2399819,ggpubr
2020-03-11,7729,2407548,ggpubr
2020-03-12,8789,2416337,ggpubr
2020-03-13,6506,2422843,ggpubr
2020-03-14,4212,2427055,ggpubr
2020-03-15,4445,2431500,ggpubr
2020-03-16,7262,2438762,ggpubr
2020-03-17,7458,2446220,ggpubr
2020-03-18,7986,2454206,ggpubr
2020-03-19,7485,2461691,ggpubr
2020-03-20,6888,2468579,ggpubr
2020-03-21,4217,2472796,ggpubr
2020-03-22,4890,2477686,ggpubr
2020-03-23,7348,2485034,ggpubr
2020-03-24,7046,2492080,ggpubr
2020-03-25,7272,2499352,ggpubr
2020-03-26,8061,2507413,ggpubr
2020-03-27,7425,2514838,ggpubr
2020-03-28,4562,2519400,ggpubr
2020-03-29,4794,2524194,ggpubr
2020-03-30,7672,2531866,ggpubr
2020-03-31,8387,2540253,ggpubr
2020-04-01,7761,2548014,ggpubr
2020-04-02,8031,2556045,ggpubr
2020-04-03,7591,2563636,ggpubr
2020-04-04,5085,2568721,ggpubr
2020-04-05,4017,2572738,ggpubr
2020-04-06,7568,2580306,ggpubr
2020-04-07,6642,2586948,ggpubr
2020-04-08,7231,2594179,ggpubr
2020-04-09,6274,2600453,ggpubr
2020-04-10,5724,2606177,ggpubr
2020-04-11,4068,2610245,ggpubr
2020-04-12,4017,2614262,ggpubr
2020-04-13,5629,2619891,ggpubr
2020-04-14,7169,2627060,ggpubr
2020-04-15,6469,2633529,ggpubr
2020-04-16,6189,2639718,ggpubr
2020-04-17,5222,2644940,ggpubr
2020-04-18,3485,2648425,ggpubr
2020-04-19,3843,2652268,ggpubr
2020-04-20,5884,2658152,ggpubr
2020-04-21,6743,2664895,ggpubr
2020-04-22,6709,2671604,ggpubr
2020-04-23,6383,2677987,ggpubr
2020-04-24,6652,2684639,ggpubr
2020-04-25,4129,2688768,ggpubr
2020-04-26,4684,2693452,ggpubr
2020-04-27,7676,2701128,ggpubr
2020-04-28,7531,2708659,ggpubr
2020-04-29,7385,2716044,ggpubr
2020-04-30,6761,2722805,ggpubr
2020-05-01,5522,2728327,ggpubr
2020-05-02,4450,2732777,ggpubr
2020-05-03,4568,2737345,ggpubr
2020-05-04,9436,2746781,ggpubr
2020-05-05,9998,2756779,ggpubr
2020-05-06,9420,2766199,ggpubr
2020-05-07,8863,2775062,ggpubr
2020-05-08,7365,2782427,ggpubr
2020-05-09,5516,2787943,ggpubr
2020-05-10,5521,2793464,ggpubr
2020-05-11,8526,2801990,ggpubr
2020-05-12,8645,2810635,ggpubr
2020-05-13,8635,2819270,ggpubr
2020-05-14,8208,2827478,ggpubr
2020-05-15,7305,2834783,ggpubr
2020-05-16,4664,2839447,ggpubr
2020-05-17,5068,2844515,ggpubr
2020-05-18,7802,2852317,ggpubr
2020-05-19,8312,2860629,ggpubr
2020-05-20,19027,2879656,ggpubr
2020-05-21,23002,2902658,ggpubr
2020-05-22,22555,2925213,ggpubr
2020-05-23,20808,2946021,ggpubr
2020-05-24,20823,2966844,ggpubr
2020-05-25,22771,2989615,ggpubr
2020-05-26,23762,3013377,ggpubr
2020-05-27,24222,3037599,ggpubr
2020-05-28,23599,3061198,ggpubr
2020-05-29,23043,3084241,ggpubr
2020-05-30,20538,3104779,ggpubr
2020-05-31,21912,3126691,ggpubr
2020-06-01,23956,3150647,ggpubr
2020-06-02,15182,3165829,ggpubr
2020-06-03,7139,3172968,ggpubr
2020-06-04,7034,3180002,ggpubr
2020-06-05,6264,3186266,ggpubr
2020-06-06,4231,3190497,ggpubr
2020-06-07,4237,3194734,ggpubr
2020-06-08,6872,3201606,ggpubr
2020-06-09,7358,3208964,ggpubr
2020-06-10,6996,3215960,ggpubr
2020-06-11,6984,3222944,ggpubr
2020-06-12,6230,3229174,ggpubr
2020-06-13,3934,3233108,ggpubr
2020-06-14,4376,3237484,ggpubr
2020-06-15,7203,3244687,ggpubr
2020-06-16,7026,3251713,ggpubr
2020-06-17,7200,3258913,ggpubr
2020-06-18,7073,3265986,ggpubr
2020-06-19,5928,3271914,ggpubr
2020-06-20,4066,3275980,ggpubr
2020-06-21,4361,3280341,ggpubr
2020-06-22,7512,3287853,ggpubr
2020-06-23,6973,3294826,ggpubr
2020-06-24,6029,3300855,ggpubr
2020-06-25,6065,3306920,ggpubr
2020-06-26,5991,3312911,ggpubr
2020-06-27,4502,3317413,ggpubr
2020-06-28,5003,3322416,ggpubr
2020-06-29,8347,3330763,ggpubr
2020-06-30,7964,3338727,ggpubr
2020-07-01,7687,3346414,ggpubr
2020-07-02,7287,3353701,ggpubr
2020-07-03,5802,3359503,ggpubr
2020-07-04,3999,3363502,ggpubr
2020-07-05,4038,3367540,ggpubr
2020-07-06,7344,3374884,ggpubr
2020-07-07,6920,3381804,ggpubr
2020-07-08,7125,3388929,ggpubr
2020-07-09,6861,3395790,ggpubr
2020-07-10,6411,3402201,ggpubr
2020-07-11,3792,3405993,ggpubr
2020-07-12,4065,3410058,ggpubr
2020-07-13,6914,3416972,ggpubr
2020-07-14,7041,3424013,ggpubr
2020-07-15,7007,3431020,ggpubr
2020-07-16,7038,3438058,ggpubr
2020-07-17,6303,3444361,ggpubr
2020-07-18,3577,3447938,ggpubr
2020-07-19,3604,3451542,ggpubr
2020-07-20,6993,3458535,ggpubr
2020-07-21,6970,3465505,ggpubr
2020-07-22,7030,3472535,ggpubr
2020-07-23,6762,3479297,ggpubr
2020-07-24,6008,3485305,ggpubr
2020-07-25,3614,3488919,ggpubr
2020-07-26,4099,3493018,ggpubr
2020-07-27,6851,3499869,ggpubr
2020-07-28,7336,3507205,ggpubr
2020-07-29,6336,3513541,ggpubr
2020-07-30,6453,3519994,ggpubr
2020-07-31,6141,3526135,ggpubr
2020-08-01,3494,3529629,ggpubr
2020-08-02,3796,3533425,ggpubr
2020-08-03,6828,3540253,ggpubr
2020-08-04,6584,3546837,ggpubr
2020-08-05,7156,3553993,ggpubr
2020-08-06,6600,3560593,ggpubr
2020-08-07,6229,3566822,ggpubr
2020-08-08,3257,3570079,ggpubr
2020-08-09,3635,3573714,ggpubr
2020-08-10,6470,3580184,ggpubr
2020-08-11,6596,3586780,ggpubr
2020-08-12,6831,3593611,ggpubr
2020-08-13,7096,3600707,ggpubr
2020-08-14,6204,3606911,ggpubr
2020-08-15,4358,3611269,ggpubr
2020-08-16,3889,3615158,ggpubr
2020-08-17,7150,3622308,ggpubr
2020-08-18,9063,3631371,ggpubr
2020-08-19,8406,3639777,ggpubr
2020-08-20,6099,3645876,ggpubr
2020-08-21,5296,3651172,ggpubr
2020-08-22,3670,3654842,ggpubr
2020-08-23,3552,3658394,ggpubr
2020-08-24,6244,3664638,ggpubr
2020-08-25,6586,3671224,ggpubr
2020-08-26,6484,3677708,ggpubr
2020-08-27,6739,3684447,ggpubr
2020-08-28,5871,3690318,ggpubr
2020-08-29,3392,3693710,ggpubr
2020-08-30,3614,3697324,ggpubr
2020-08-31,6796,3704120,ggpubr
2020-09-01,6239,3710359,ggpubr
2020-09-02,6624,3716983,ggpubr
2020-09-03,6880,3723863,ggpubr
2020-09-04,5729,3729592,ggpubr
2020-09-05,3356,3732948,ggpubr
2020-09-06,3349,3736297,ggpubr
2020-09-07,5551,3741848,ggpubr
2020-09-08,6591,3748439,ggpubr
2020-09-09,7512,3755951,ggpubr
2020-09-10,6644,3762595,ggpubr
2020-09-11,6295,3768890,ggpubr
2020-09-12,3761,3772651,ggpubr
2020-09-13,4612,3777263,ggpubr
2020-09-14,7597,3784860,ggpubr
2020-09-15,7547,3792407,ggpubr
2020-09-16,7751,3800158,ggpubr
2020-09-17,8427,3808585,ggpubr
2020-09-18,7082,3815667,ggpubr
2020-09-19,4111,3819778,ggpubr
2020-09-20,4582,3824360,ggpubr
2020-09-21,8122,3832482,ggpubr
2020-09-22,7533,3840015,ggpubr
2020-09-23,7242,3847257,ggpubr
2020-09-24,7132,3854389,ggpubr
2020-09-25,6684,3861073,ggpubr
2020-09-26,4269,3865342,ggpubr
2020-09-27,4481,3869823,ggpubr
2020-09-28,7502,3877325,ggpubr
2020-09-29,7454,3884779,ggpubr
2020-09-30,8246,3893025,ggpubr
2020-10-01,7826,3900851,ggpubr
2020-10-02,7749,3908600,ggpubr
2020-10-03,5141,3913741,ggpubr
2020-10-04,5585,3919326,ggpubr
2020-10-05,9000,3928326,ggpubr
2020-10-06,8867,3937193,ggpubr
2020-10-07,8634,3945827,ggpubr
2020-10-08,8253,3954080,ggpubr
2020-10-09,7998,3962078,ggpubr
2020-10-10,5107,3967185,ggpubr
2020-10-11,5393,3972578,ggpubr
2020-10-12,7742,3980320,ggpubr
2020-10-13,8979,3989299,ggpubr
2020-10-14,8984,3998283,ggpubr
2020-10-15,8882,4007165,ggpubr
2020-10-16,8647,4015812,ggpubr
2020-10-17,5495,4021307,ggpubr
2020-10-18,5339,4026646,ggpubr
2020-10-19,8720,4035366,ggpubr
2020-10-20,9219,4044585,ggpubr
2020-10-21,9566,4054151,ggpubr
2020-10-22,8742,4062893,ggpubr
2020-10-23,7934,4070827,ggpubr
2020-10-24,5141,4075968,ggpubr
2020-10-25,5455,4081423,ggpubr
2020-10-26,8375,4089798,ggpubr
2020-10-27,9280,4099078,ggpubr
2020-10-28,9123,4108201,ggpubr
2020-10-29,8348,4116549,ggpubr
2020-10-30,7858,4124407,ggpubr
2020-10-31,5200,4129607,ggpubr
2020-11-01,5216,4134823,ggpubr
2020-11-02,9580,4144403,ggpubr
2020-11-03,9728,4154131,ggpubr
2020-11-04,8525,4162656,ggpubr
2020-11-05,9221,4171877,ggpubr
2020-11-06,8065,4179942,ggpubr
2020-11-07,5138,4185080,ggpubr
2020-11-08,5170,4190250,ggpubr
2020-11-09,9137,4199387,ggpubr
2020-11-10,9030,4208417,ggpubr
2020-11-11,8359,4216776,ggpubr
2020-11-12,8916,4225692,ggpubr
2020-11-13,8335,4234027,ggpubr
2020-11-14,4801,4238828,ggpubr
2020-11-15,5318,4244146,ggpubr
2020-11-16,8958,4253104,ggpubr
2020-11-17,9507,4262611,ggpubr
2020-11-18,8943,4271554,ggpubr
2020-11-19,8810,4280364,ggpubr
2020-11-20,8179,4288543,ggpubr
2020-11-21,5001,4293544,ggpubr
2020-11-22,5530,4299074,ggpubr
2020-11-23,8302,4307376,ggpubr
2020-11-24,8705,4316081,ggpubr
2020-11-25,6704,4322785,ggpubr
2020-11-26,7074,4329859,ggpubr
2020-11-27,6305,4336164,ggpubr
2020-11-28,4820,4340984,ggpubr
2020-11-29,4943,4345927,ggpubr
2020-11-30,7924,4353851,ggpubr
2020-12-01,8372,4362223,ggpubr
2020-12-02,9074,4371297,ggpubr
2020-12-03,8650,4379947,ggpubr
2020-12-04,8733,4388680,ggpubr
2020-12-05,5524,4394204,ggpubr
2020-12-06,5607,4399811,ggpubr
2020-12-07,8807,4408618,ggpubr
2020-12-08,8915,4417533,ggpubr
2020-12-09,8549,4426082,ggpubr
2020-12-10,8477,4434559,ggpubr
2020-12-11,7787,4442346,ggpubr
2020-12-12,5184,4447530,ggpubr
2020-12-13,6222,4453752,ggpubr
2020-12-14,9030,4462782,ggpubr
2020-12-15,8880,4471662,ggpubr
2020-12-16,9117,4480779,ggpubr
2020-12-17,8743,4489522,ggpubr
2020-12-18,7930,4497452,ggpubr
2020-12-19,5014,4502466,ggpubr
2020-12-20,5740,4508206,ggpubr
2020-12-21,7814,4516020,ggpubr
2020-12-22,9176,4525196,ggpubr
2020-12-23,8066,4533262,ggpubr
2020-12-24,6651,4539913,ggpubr
2020-12-25,4998,4544911,ggpubr
2020-12-26,5171,4550082,ggpubr
2020-12-27,6121,4556203,ggpubr
2020-12-28,6543,4562746,ggpubr
2020-12-29,4720,4567466,ggpubr
2020-12-30,5287,4572753,ggpubr
2020-12-31,5428,4578181,ggpubr
2021-01-01,4835,4583016,ggpubr
2021-01-02,4629,4587645,ggpubr
2021-01-03,5553,4593198,ggpubr
2021-01-04,6768,4599966,ggpubr
2021-01-05,7673,4607639,ggpubr
2021-01-06,7031,4614670,ggpubr
2021-01-07,7358,4622028,ggpubr
2021-01-08,7263,4629291,ggpubr
2021-01-09,5464,4634755,ggpubr
2021-01-10,5659,4640414,ggpubr
2021-01-11,8195,4648609,ggpubr
2021-01-12,8151,4656760,ggpubr
2021-01-13,9344,4666104,ggpubr
2021-01-14,8894,4674998,ggpubr
2021-01-15,7750,4682748,ggpubr
2021-01-16,4648,4687396,ggpubr
2021-01-17,4957,4692353,ggpubr
2021-01-18,7429,4699782,ggpubr
2021-01-19,8259,4708041,ggpubr
2021-01-20,8413,4716454,ggpubr
2021-01-21,8267,4724721,ggpubr
2021-01-22,7451,4732172,ggpubr
2021-01-23,4416,4736588,ggpubr
2021-01-24,4669,4741257,ggpubr
2021-01-25,7572,4748829,ggpubr
2021-01-26,7875,4756704,ggpubr
2021-01-27,7781,4764485,ggpubr
2021-01-28,7936,4772421,ggpubr
2021-01-29,7562,4779983,ggpubr
2021-01-30,4617,4784600,ggpubr
2021-01-31,5249,4789849,ggpubr
2021-02-01,8035,4797884,ggpubr
2021-02-02,8445,4806329,ggpubr
2021-02-03,8146,4814475,ggpubr
2021-02-04,9104,4823579,ggpubr
2021-02-05,8449,4832028,ggpubr
2021-02-06,4722,4836750,ggpubr
2021-02-07,4975,4841725,ggpubr
2021-02-08,8706,4850431,ggpubr
2021-02-09,9061,4859492,ggpubr
2021-02-10,8346,4867838,ggpubr
2021-02-11,8492,4876330,ggpubr
2021-02-12,8065,4884395,ggpubr
2021-02-13,4397,4888792,ggpubr
2021-02-14,4427,4893219,ggpubr
2021-02-15,6895,4900114,ggpubr
2021-02-16,7602,4907716,ggpubr
2021-02-17,9063,4916779,ggpubr
2021-02-18,8251,4925030,ggpubr
2021-02-19,7347,4932377,ggpubr
2021-02-20,4915,4937292,ggpubr
2021-02-21,5620,4942912,ggpubr
2021-02-22,9435,4952347,ggpubr
2021-02-23,9334,4961681,ggpubr
2021-02-24,8000,4969681,ggpubr
2021-02-25,8651,4978332,ggpubr
2021-02-26,8871,4987203,ggpubr
2021-02-27,5820,4993023,ggpubr
2021-02-28,5440,4998463,ggpubr
2021-03-01,9371,5007834,ggpubr
2021-03-02,9571,5017405,ggpubr
2021-03-03,9951,5027356,ggpubr
2021-03-04,9965,5037321,ggpubr
2021-03-05,8325,5045646,ggpubr
2021-03-06,4484,5050130,ggpubr
2021-03-07,5494,5055624,ggpubr
2021-03-08,9325,5064949,ggpubr
2021-03-09,10370,5075319,ggpubr
2021-03-10,10756,5086075,ggpubr
2021-03-11,9447,5095522,ggpubr
2021-03-12,8578,5104100,ggpubr
2021-03-13,4692,5108792,ggpubr
2021-03-14,5390,5114182,ggpubr
2021-03-15,9750,5123932,ggpubr
2021-03-16,11706,5135638,ggpubr
2021-03-17,10367,5146005,ggpubr
2021-03-18,9543,5155548,ggpubr
2021-03-19,8143,5163691,ggpubr
2021-03-20,4655,5168346,ggpubr
2021-03-21,4671,5173017,ggpubr
2021-03-22,8746,5181763,ggpubr
2021-03-23,8809,5190572,ggpubr
2021-03-24,8942,5199514,ggpubr
2021-03-25,8368,5207882,ggpubr
2021-03-26,7432,5215314,ggpubr
2021-03-27,4621,5219935,ggpubr
2021-03-28,4847,5224782,ggpubr
2021-03-29,8693,5233475,ggpubr
2021-03-30,8999,5242474,ggpubr
2021-03-31,8682,5251156,ggpubr
2021-04-01,9207,5260363,ggpubr
2021-04-02,8197,5268560,ggpubr
2021-04-03,6486,5275046,ggpubr
2021-04-04,5704,5280750,ggpubr
2021-04-05,8298,5289048,ggpubr
2021-04-06,9311,5298359,ggpubr
2021-04-07,9459,5307818,ggpubr
2021-04-08,9138,5316956,ggpubr
2021-04-09,8302,5325258,ggpubr
2021-04-10,4216,5329474,ggpubr
2021-04-11,4775,5334249,ggpubr
2021-04-12,9304,5343553,ggpubr
2021-04-13,8739,5352292,ggpubr
2021-04-14,8933,5361225,ggpubr
2021-04-15,9581,5370806,ggpubr
2021-04-16,8072,5378878,ggpubr
2021-04-17,4778,5383656,ggpubr
2021-04-18,5614,5389270,ggpubr
2021-04-19,8459,5397729,ggpubr
2021-04-20,8451,5406180,ggpubr
2021-04-21,8587,5414767,ggpubr
2021-04-22,8030,5422797,ggpubr
2021-04-23,7550,5430347,ggpubr
2021-04-24,4426,5434773,ggpubr
2021-04-25,4759,5439532,ggpubr
2021-04-26,8195,5447727,ggpubr
2021-04-27,7843,5455570,ggpubr
2021-04-28,7686,5463256,ggpubr
2021-04-29,7757,5471013,ggpubr
2021-04-30,7032,5478045,ggpubr
2021-05-01,3916,5481961,ggpubr
2021-05-02,4466,5486427,ggpubr
2021-05-03,7595,5494022,ggpubr
2021-05-04,7658,5501680,ggpubr
2021-05-05,8198,5509878,ggpubr
2021-05-06,6835,5516713,ggpubr
2021-05-07,6365,5523078,ggpubr
2021-05-08,4372,5527450,ggpubr
2021-05-09,4258,5531708,ggpubr
2021-05-10,7710,5539418,ggpubr
2021-05-11,7337,5546755,ggpubr
2021-05-12,7332,5554087,ggpubr
2021-05-13,6818,5560905,ggpubr
2021-05-14,6262,5567167,ggpubr
2021-05-15,3911,5571078,ggpubr
2021-05-16,4026,5575104,ggpubr
2021-05-17,8087,5583191,ggpubr
2021-05-18,8608,5591799,ggpubr
2021-05-19,8949,5600748,ggpubr
2021-05-20,8515,5609263,ggpubr
2021-05-21,7810,5617073,ggpubr
2021-05-22,4215,5621288,ggpubr
2021-05-23,4838,5626126,ggpubr
2021-05-24,7455,5633581,ggpubr
2021-05-25,8189,5641770,ggpubr
2021-05-26,8390,5650160,ggpubr
2021-05-27,7665,5657825,ggpubr
2021-05-28,6812,5664637,ggpubr
2021-05-29,4012,5668649,ggpubr
2021-05-30,4047,5672696,ggpubr
2021-05-31,6678,5679374,ggpubr
2021-06-01,7753,5687127,ggpubr
2021-06-02,7670,5694797,ggpubr
2021-06-03,7596,5702393,ggpubr
2021-06-04,7839,5710232,ggpubr
2021-06-05,4343,5714575,ggpubr
2021-06-06,4564,5719139,ggpubr
2021-06-07,7865,5727004,ggpubr
2021-06-08,8454,5735458,ggpubr
2021-06-09,8500,5743958,ggpubr
2021-06-10,7910,5751868,ggpubr
2021-06-11,7454,5759322,ggpubr
2021-06-12,3870,5763192,ggpubr
2021-06-13,4275,5767467,ggpubr
2021-06-14,7888,5775355,ggpubr
2021-06-15,10370,5785725,ggpubr
2021-06-16,8714,5794439,ggpubr
2021-06-17,9089,5803528,ggpubr
2021-06-18,7377,5810905,ggpubr
2021-06-19,4570,5815475,ggpubr
2021-06-20,4554,5820029,ggpubr
2021-06-21,7920,5827949,ggpubr
2021-06-22,8431,5836380,ggpubr
2021-06-23,8058,5844438,ggpubr
2021-06-24,8516,5852954,ggpubr
2021-06-25,7733,5860687,ggpubr
2021-06-26,3532,5864219,ggpubr
2021-06-27,3792,5868011,ggpubr
2021-06-28,8248,5876259,ggpubr
2021-06-29,7556,5883815,ggpubr
2021-06-30,7222,5891037,ggpubr
2021-07-01,7005,5898042,ggpubr
2021-07-02,7119,5905161,ggpubr
2021-07-03,3994,5909155,ggpubr
2021-07-04,3887,5913042,ggpubr
2021-07-05,6624,5919666,ggpubr
2021-07-06,7447,5927113,ggpubr
2021-07-07,7810,5934923,ggpubr
2021-07-08,7246,5942169,ggpubr
2021-07-09,6000,5948169,ggpubr
2021-07-10,3776,5951945,ggpubr
2021-07-11,3833,5955778,ggpubr
2021-07-12,7133,5962911,ggpubr
2021-07-13,6964,5969875,ggpubr
2021-07-14,7095,5976970,ggpubr
2021-07-15,6855,5983825,ggpubr
2021-07-16,6369,5990194,ggpubr
2021-07-17,3671,5993865,ggpubr
2021-07-18,3945,5997810,ggpubr
2021-07-19,6952,6004762,ggpubr
2021-07-20,7476,6012238,ggpubr
2021-07-21,6702,6018940,ggpubr
2021-07-22,6661,6025601,ggpubr
2021-07-23,6081,6031682,ggpubr
2021-07-24,3139,6034821,ggpubr
2021-07-25,3625,6038446,ggpubr
2021-07-26,7175,6045621,ggpubr
2021-07-27,6971,6052592,ggpubr
2021-07-28,7146,6059738,ggpubr
2021-07-29,6472,6066210,ggpubr
2021-07-30,6655,6072865,ggpubr
2021-07-31,3777,6076642,ggpubr
2021-08-01,3687,6080329,ggpubr
2021-08-02,6753,6087082,ggpubr
2021-08-03,6732,6093814,ggpubr
2021-08-04,7309,6101123,ggpubr
2021-08-05,7154,6108277,ggpubr
2021-08-06,6222,6114499,ggpubr
2021-08-07,3510,6118009,ggpubr
2021-08-08,3845,6121854,ggpubr
2021-08-09,7782,6129636,ggpubr
2021-08-10,7967,6137603,ggpubr
2021-08-11,7054,6144657,ggpubr
2021-08-12,7228,6151885,ggpubr
2021-08-13,7314,6159199,ggpubr
2021-08-14,4423,6163622,ggpubr
2021-08-15,3981,6167603,ggpubr
2021-08-16,7283,6174886,ggpubr
2021-08-17,7172,6182058,ggpubr
2021-08-18,7121,6189179,ggpubr
2021-08-19,6740,6195919,ggpubr
2021-08-20,6768,6202687,ggpubr
2021-08-21,3229,6205916,ggpubr
2021-08-22,3255,6209171,ggpubr
2021-08-23,6925,6216096,ggpubr
2021-08-24,6964,6223060,ggpubr
2021-08-25,7004,6230064,ggpubr
2021-08-26,6963,6237027,ggpubr
2021-08-27,6650,6243677,ggpubr
2021-08-28,3873,6247550,ggpubr
2021-08-29,3539,6251089,ggpubr
2021-08-30,7643,6258732,ggpubr
2021-08-31,7703,6266435,ggpubr
2021-09-01,7812,6274247,ggpubr
2021-09-02,7621,6281868,ggpubr
2021-09-03,6310,6288178,ggpubr
2021-09-04,3926,6292104,ggpubr
2021-09-05,3508,6295612,ggpubr
2021-09-06,5573,6301185,ggpubr
2021-09-07,6969,6308154,ggpubr
2021-09-08,7362,6315516,ggpubr
2021-09-09,7106,6322622,ggpubr
2021-09-10,6985,6329607,ggpubr
2021-09-11,3748,6333355,ggpubr
2021-09-12,3460,6336815,ggpubr
2021-09-13,6991,6343806,ggpubr
2021-09-14,7743,6351549,ggpubr
2021-09-15,7799,6359348,ggpubr
2021-09-16,7456,6366804,ggpubr
2021-09-17,7131,6373935,ggpubr
2021-09-18,4158,6378093,ggpubr
2021-09-19,4268,6382361,ggpubr
2021-09-20,8634,6390995,ggpubr
2021-09-21,8020,6399015,ggpubr
2021-09-22,8015,6407030,ggpubr
2021-09-23,8774,6415804,ggpubr
2021-09-24,7914,6423718,ggpubr
2021-09-25,3986,6427704,ggpubr
2021-09-26,4301,6432005,ggpubr
2021-09-27,8261,6440266,ggpubr
2021-09-28,8112,6448378,ggpubr
2021-09-29,8148,6456526,ggpubr
2021-09-30,8314,6464840,ggpubr
2021-10-01,7402,6472242,ggpubr
2021-10-02,3935,6476177,ggpubr
2021-10-03,3910,6480087,ggpubr
2021-10-04,8161,6488248,ggpubr
2021-10-05,7921,6496169,ggpubr
2021-10-06,8705,6504874,ggpubr
2021-10-07,9175,6514049,ggpubr
2021-10-08,7121,6521170,ggpubr
2021-10-09,3542,6524712,ggpubr
2021-10-10,4029,6528741,ggpubr
2021-10-11,7076,6535817,ggpubr
2021-10-12,7937,6543754,ggpubr
2021-10-13,8194,6551948,ggpubr
2021-10-14,7887,6559835,ggpubr
2021-10-15,7761,6567596,ggpubr
2021-10-16,4239,6571835,ggpubr
2021-10-17,4223,6576058,ggpubr
2021-10-18,9255,6585313,ggpubr
2021-10-19,9806,6595119,ggpubr
2021-10-20,9986,6605105,ggpubr
2021-10-21,9178,6614283,ggpubr
2021-10-22,7965,6622248,ggpubr
2021-10-23,4554,6626802,ggpubr
2021-10-24,5021,6631823,ggpubr
2021-10-25,9453,6641276,ggpubr
2021-10-26,9983,6651259,ggpubr
2021-10-27,9974,6661233,ggpubr
2021-10-28,10245,6671478,ggpubr
2021-10-29,8921,6680399,ggpubr
2021-10-30,5372,6685771,ggpubr
2021-10-31,5034,6690805,ggpubr
2021-11-01,8594,6699399,ggpubr
2021-11-02,8941,6708340,ggpubr
2021-11-03,9449,6717789,ggpubr
2021-11-04,9170,6726959,ggpubr
2021-11-05,8880,6735839,ggpubr
2021-11-06,5217,6741056,ggpubr
2021-11-07,5180,6746236,ggpubr
2021-11-08,9731,6755967,ggpubr
2021-11-09,10536,6766503,ggpubr
2021-11-10,9684,6776187,ggpubr
2021-11-11,9561,6785748,ggpubr
2021-11-12,8914,6794662,ggpubr
2021-11-13,5067,6799729,ggpubr
2021-11-14,5564,6805293,ggpubr
2021-11-15,8809,6814102,ggpubr
2021-11-16,11111,6825213,ggpubr
2021-11-17,10546,6835759,ggpubr
2021-11-18,10411,6846170,ggpubr
2021-11-19,9564,6855734,ggpubr
2021-11-20,5491,6861225,ggpubr
2021-11-21,5904,6867129,ggpubr
2021-11-22,10124,6877253,ggpubr
2021-11-23,10505,6887758,ggpubr
2021-11-24,9668,6897426,ggpubr
2021-11-25,9140,6906566,ggpubr
2021-11-26,7657,6914223,ggpubr
2021-11-27,5018,6919241,ggpubr
2021-11-28,5226,6924467,ggpubr
2021-11-29,9266,6933733,ggpubr
2021-11-30,9935,6943668,ggpubr
2021-12-01,9524,6953192,ggpubr
2021-12-02,10720,6963912,ggpubr
2021-12-03,9015,6972927,ggpubr
2021-12-04,5059,6977986,ggpubr
2021-12-05,5495,6983481,ggpubr
2021-12-06,11087,6994568,ggpubr
2021-12-07,9931,7004499,ggpubr
2021-12-08,9347,7013846,ggpubr
2021-12-09,9413,7023259,ggpubr
2021-12-10,8614,7031873,ggpubr
2021-12-11,5479,7037352,ggpubr
2021-12-12,5756,7043108,ggpubr
2021-12-13,9956,7053064,ggpubr
2021-12-14,9801,7062865,ggpubr
2021-12-15,8634,7071499,ggpubr
2021-12-16,8511,7080010,ggpubr
2021-12-17,7686,7087696,ggpubr
2021-12-18,4593,7092289,ggpubr
2021-12-19,4725,7097014,ggpubr
2021-12-20,8703,7105717,ggpubr
2021-12-21,8326,7114043,ggpubr
2021-12-22,7450,7121493,ggpubr
2021-12-23,6045,7127538,ggpubr
2021-12-24,4917,7132455,ggpubr
2021-12-25,3477,7135932,ggpubr
2021-12-26,3620,7139552,ggpubr
2021-12-27,5387,7144939,ggpubr
2021-12-28,5632,7150571,ggpubr
2021-12-29,6090,7156661,ggpubr
2021-12-30,5147,7161808,ggpubr
2021-12-31,4045,7165853,ggpubr
2022-01-01,3446,7169299,ggpubr
2022-01-02,3728,7173027,ggpubr
2022-01-03,6818,7179845,ggpubr
2022-01-04,8055,7187900,ggpubr
2022-01-05,7633,7195533,ggpubr
2022-01-06,8179,7203712,ggpubr
2022-01-07,7214,7210926,ggpubr
2022-01-08,4534,7215460,ggpubr
2022-01-09,4614,7220074,ggpubr
2022-01-10,8098,7228172,ggpubr
2022-01-11,7773,7235945,ggpubr
2022-01-12,7664,7243609,ggpubr
2022-01-13,7099,7250708,ggpubr
2022-01-14,7170,7257878,ggpubr
2022-01-15,4276,7262154,ggpubr
2022-01-16,4361,7266515,ggpubr
2022-01-17,7224,7273739,ggpubr
2022-01-18,8368,7282107,ggpubr
2022-01-19,8434,7290541,ggpubr
2022-01-20,7828,7298369,ggpubr
2022-01-21,7331,7305700,ggpubr
2022-01-22,4232,7309932,ggpubr
2022-01-23,4191,7314123,ggpubr
2022-01-24,8553,7322676,ggpubr
2022-01-25,8986,7331662,ggpubr
2022-01-26,9463,7341125,ggpubr
2022-01-27,8778,7349903,ggpubr
2022-01-28,7538,7357441,ggpubr
2022-01-29,4721,7362162,ggpubr
2022-01-30,4829,7366991,ggpubr
2022-01-31,7962,7374953,ggpubr
2022-02-01,7858,7382811,ggpubr
2022-02-02,7903,7390714,ggpubr
2022-02-03,7610,7398324,ggpubr
2022-02-04,7722,7406046,ggpubr
2022-02-05,4272,7410318,ggpubr
2022-02-06,4523,7414841,ggpubr
2022-02-07,8032,7422873,ggpubr
2022-02-08,7681,7430554,ggpubr
2022-02-09,7640,7438194,ggpubr
2022-02-10,7364,7445558,ggpubr
2022-02-11,6754,7452312,ggpubr
2022-02-12,3346,7455658,ggpubr
2022-02-13,3731,7459389,ggpubr
2022-02-14,7833,7467222,ggpubr
2022-02-15,7708,7474930,ggpubr
2022-02-16,7988,7482918,ggpubr
2022-02-17,7405,7490323,ggpubr
2022-02-18,7205,7497528,ggpubr
2022-02-19,3948,7501476,ggpubr
2022-02-20,3647,7505123,ggpubr
2022-02-21,7544,7512667,ggpubr
2022-02-22,7541,7520208,ggpubr
2022-02-23,7691,7527899,ggpubr
2022-02-24,7201,7535100,ggpubr
2022-02-25,6351,7541451,ggpubr
2022-02-26,3490,7544941,ggpubr
2022-02-27,3600,7548541,ggpubr
2022-02-28,6786,7555327,ggpubr
2022-03-01,7254,7562581,ggpubr
2022-03-02,7370,7569951,ggpubr
2022-03-03,7184,7577135,ggpubr
2022-03-04,6599,7583734,ggpubr
2022-03-05,3368,7587102,ggpubr
2022-03-06,3588,7590690,ggpubr
2022-03-07,8353,7599043,ggpubr
2022-03-08,8652,7607695,ggpubr
2022-03-09,8306,7616001,ggpubr
2022-03-10,8494,7624495,ggpubr
2022-03-11,7445,7631940,ggpubr
2022-03-12,3634,7635574,ggpubr
2022-03-13,3940,7639514,ggpubr
2022-03-14,8952,7648466,ggpubr
2022-03-15,8477,7656943,ggpubr
2022-03-16,8626,7665569,ggpubr
2022-03-17,9244,7674813,ggpubr
2022-03-18,9639,7684452,ggpubr
2022-03-19,4447,7688899,ggpubr
2022-03-20,5092,7693991,ggpubr
2022-03-21,10924,7704915,ggpubr
2022-03-22,8530,7713445,ggpubr
2022-03-23,8703,7722148,ggpubr
2022-03-24,7708,7729856,ggpubr
2022-03-25,6690,7736546,ggpubr
2022-03-26,3643,7740189,ggpubr
2022-03-27,3890,7744079,ggpubr
2022-03-28,8169,7752248,ggpubr
2022-03-29,8380,7760628,ggpubr
2022-03-30,8017,7768645,ggpubr
2022-03-31,7769,7776414,ggpubr
2022-04-01,7185,7783599,ggpubr
2022-04-02,3860,7787459,ggpubr
2022-04-03,4045,7791504,ggpubr
2022-04-04,8241,7799745,ggpubr
2022-04-05,8327,7808072,ggpubr
2022-04-06,8200,7816272,ggpubr
2022-04-07,7898,7824170,ggpubr
2022-04-08,6634,7830804,ggpubr
2022-04-09,3876,7834680,ggpubr
2022-04-10,3885,7838565,ggpubr
2022-04-11,7679,7846244,ggpubr
2022-04-12,7910,7854154,ggpubr
2022-04-13,7500,7861654,ggpubr
2022-04-14,8697,7870351,ggpubr
2022-04-15,6815,7877166,ggpubr
2022-04-16,4133,7881299,ggpubr
2022-04-17,4618,7885917,ggpubr
2022-04-18,10565,7896482,ggpubr
2022-04-19,10359,7906841,ggpubr
2022-04-20,13489,7920330,ggpubr
2022-04-21,13627,7933957,ggpubr
2022-04-22,14550,7948507,ggpubr
2022-04-23,7397,7955904,ggpubr
2022-04-24,7936,7963840,ggpubr
2022-04-25,15406,7979246,ggpubr
2022-04-26,16587,7995833,ggpubr
2022-04-27,16398,8012231,ggpubr
2022-04-28,16417,8028648,ggpubr
2022-04-29,15474,8044122,ggpubr
2022-04-30,7376,8051498,ggpubr
2022-05-01,7320,8058818,ggpubr
2022-05-02,17677,8076495,ggpubr
2022-05-03,13581,8090076,ggpubr
2022-05-04,17314,8107390,ggpubr
2022-05-05,16209,8123599,ggpubr
2022-05-06,15277,8138876,ggpubr
2022-05-07,7291,8146167,ggpubr
2022-05-08,7817,8153984,ggpubr
2022-05-09,16458,8170442,ggpubr
2022-05-10,14155,8184597,ggpubr
2022-05-11,16529,8201126,ggpubr
2022-05-12,17763,8218889,ggpubr
2022-05-13,12106,8230995,ggpubr
2022-05-14,5780,8236775,ggpubr
2022-05-15,5790,8242565,ggpubr
2022-05-16,13602,8256167,ggpubr
2022-05-17,17009,8273176,ggpubr
2022-05-18,14343,8287519,ggpubr
2022-05-19,15576,8303095,ggpubr
2022-05-20,13565,8316660,ggpubr
2022-05-21,6894,8323554,ggpubr
2022-05-22,6556,8330110,ggpubr
2022-05-23,15331,8345441,ggpubr
2022-05-24,14183,8359624,ggpubr
2022-05-25,16667,8376291,ggpubr
2022-05-26,13925,8390216,ggpubr
2022-05-27,10358,8400574,ggpubr
2022-05-28,5869,8406443,ggpubr
2022-05-29,5736,8412179,ggpubr
2022-05-30,11776,8423955,ggpubr
2022-05-31,16023,8439978,ggpubr
2022-06-01,12668,8452646,ggpubr
2022-06-02,11533,8464179,ggpubr
2022-06-03,11184,8475363,ggpubr
2022-06-04,6092,8481455,ggpubr
2022-06-05,5908,8487363,ggpubr
2022-06-06,13193,8500556,ggpubr
2022-06-07,13588,8514144,ggpubr
2022-06-08,14341,8528485,ggpubr
2022-06-09,13472,8541957,ggpubr
2022-06-10,11618,8553575,ggpubr
2022-06-11,6158,8559733,ggpubr
2022-06-12,6011,8565744,ggpubr
2022-06-13,13003,8578747,ggpubr
2022-06-14,11611,8590358,ggpubr
2022-06-15,11304,8601662,ggpubr
2022-06-16,10279,8611941,ggpubr
2022-06-17,8675,8620616,ggpubr
2022-06-18,5210,8625826,ggpubr
2022-06-19,5281,8631107,ggpubr
2022-06-20,12925,8644032,ggpubr
2022-06-21,9431,8653463,ggpubr
2022-06-22,10234,8663697,ggpubr
2022-06-23,9533,8673230,ggpubr
2022-06-24,10368,8683598,ggpubr
2022-06-25,5128,8688726,ggpubr
2022-06-26,4974,8693700,ggpubr
2022-06-27,11848,8705548,ggpubr
2022-06-28,9558,8715106,ggpubr
2022-06-29,9614,8724720,ggpubr
2022-06-30,9154,8733874,ggpubr
2022-07-01,8646,8742520,ggpubr
2022-07-02,4055,8746575,ggpubr
2022-07-03,4753,8751328,ggpubr
2022-07-04,10996,8762324,ggpubr
2022-07-05,9781,8772105,ggpubr
2022-07-06,10087,8782192,ggpubr
2022-07-07,13455,8795647,ggpubr
2022-07-08,12721,8808368,ggpubr
2022-07-09,7488,8815856,ggpubr
2022-07-10,4909,8820765,ggpubr
2022-07-11,12078,8832843,ggpubr
2022-07-12,11814,8844657,ggpubr
2022-07-13,11051,8855708,ggpubr
2022-07-14,9730,8865438,ggpubr
2022-07-15,9787,8875225,ggpubr
2022-07-16,4407,8879632,ggpubr
2022-07-17,4327,8883959,ggpubr
2022-07-18,13712,8897671,ggpubr
2022-07-19,11294,8908965,ggpubr
2022-07-20,10858,8919823,ggpubr
2022-07-21,9474,8929297,ggpubr
2022-07-22,9370,8938667,ggpubr
2022-07-23,4257,8942924,ggpubr
2022-07-24,4500,8947424,ggpubr
2022-07-25,12824,8960248,ggpubr
2022-07-26,10061,8970309,ggpubr
2022-07-27,12832,8983141,ggpubr
2022-07-28,26487,9009628,ggpubr
2022-07-29,25469,9035097,ggpubr
2022-07-30,22761,9057858,ggpubr
2022-07-31,22500,9080358,ggpubr
2022-08-01,31429,9111787,ggpubr
2022-08-02,28884,9140671,ggpubr
2022-08-03,28390,9169061,ggpubr
2022-08-04,27224,9196285,ggpubr
2022-08-05,23638,9219923,ggpubr
2022-08-06,19726,9239649,ggpubr
2022-08-07,21683,9261332,ggpubr
2022-08-08,28649,9289981,ggpubr
2022-08-09,26049,9316030,ggpubr
2022-08-10,24233,9340263,ggpubr
2022-08-11,22026,9362289,ggpubr
2022-08-12,21080,9383369,ggpubr
2022-08-13,20080,9403449,ggpubr
2022-08-14,19197,9422646,ggpubr
2022-08-15,23508,9446154,ggpubr
2022-08-16,25740,9471894,ggpubr
2022-08-17,10171,9482065,ggpubr
2022-08-18,8971,9491036,ggpubr
2022-08-19,9862,9500898,ggpubr
2022-08-20,12571,9513469,ggpubr
2022-08-21,12965,9526434,ggpubr
2022-08-22,19296,9545730,ggpubr
2022-08-23,18313,9564043,ggpubr
2022-08-24,18342,9582385,ggpubr
2022-08-25,18488,9600873,ggpubr
2022-08-26,17338,9618211,ggpubr
2022-08-27,12407,9630618,ggpubr
2022-08-28,13470,9644088,ggpubr
2022-08-29,17721,9661809,ggpubr
2022-08-30,17355,9679164,ggpubr
2022-08-31,17442,9696606,ggpubr
2022-09-01,19117,9715723,ggpubr
2022-09-02,17130,9732853,ggpubr
2022-09-03,12248,9745101,ggpubr
2022-09-04,12718,9757819,ggpubr
2022-09-05,17068,9774887,ggpubr
2022-09-06,17242,9792129,ggpubr
2022-09-07,15949,9808078,ggpubr
2022-09-08,15662,9823740,ggpubr
2022-09-09,14573,9838313,ggpubr
2022-09-10,12432,9850745,ggpubr
2022-09-11,12838,9863583,ggpubr
2022-09-12,11832,9875415,ggpubr
2022-09-13,8082,9883497,ggpubr
2022-09-14,8296,9891793,ggpubr
2022-09-15,8111,9899904,ggpubr
2022-09-16,6731,9906635,ggpubr
2022-09-17,3368,9910003,ggpubr
2022-09-18,3887,9913890,ggpubr
2022-09-19,7679,9921569,ggpubr
2022-09-20,7989,9929558,ggpubr
2022-09-21,7538,9937096,ggpubr
2022-09-22,7893,9944989,ggpubr
2022-09-23,6650,9951639,ggpubr
2022-09-24,3503,9955142,ggpubr
2022-09-25,3580,9958722,ggpubr
2022-09-26,8343,9967065,ggpubr
2022-09-27,8707,9975772,ggpubr
2022-09-28,8973,9984745,ggpubr
2022-09-29,7747,9992492,ggpubr
2022-09-30,6782,9999274,ggpubr
2022-10-01,3616,10002890,ggpubr
2022-10-02,3583,10006473,ggpubr
2022-10-03,7916,10014389,ggpubr
2022-10-04,8387,10022776,ggpubr
2022-10-05,7918,10030694,ggpubr
2022-10-06,7968,10038662,ggpubr
2022-10-07,6968,10045630,ggpubr
2022-10-08,3340,10048970,ggpubr
2022-10-09,3661,10052631,ggpubr
2022-10-10,7455,10060086,ggpubr
2022-10-11,8567,10068653,ggpubr
2022-10-12,8629,10077282,ggpubr
2022-10-13,8791,10086073,ggpubr
2022-10-14,7993,10094066,ggpubr
2022-10-15,3711,10097777,ggpubr
2022-10-16,3986,10101763,ggpubr
2022-10-17,9574,10111337,ggpubr
2022-10-18,9489,10120826,ggpubr
2022-10-19,8731,10129557,ggpubr
2022-10-20,9984,10139541,ggpubr
2022-10-21,7903,10147444,ggpubr
2022-10-22,4190,10151634,ggpubr
2022-10-23,4424,10156058,ggpubr
2022-10-24,9130,10165188,ggpubr
2022-10-25,9661,10174849,ggpubr
2022-10-26,9153,10184002,ggpubr
2022-10-27,9662,10193664,ggpubr
2022-10-28,7386,10201050,ggpubr
2022-10-29,3670,10204720,ggpubr
2022-10-30,8577,10213297,ggpubr
2022-10-31,15253,10228550,ggpubr
2022-11-01,15486,10244036,ggpubr
2022-11-02,10526,10254562,ggpubr
2022-11-03,10752,10265314,ggpubr
2022-11-04,8174,10273488,ggpubr
2022-11-05,3928,10277416,ggpubr
2022-11-06,4172,10281588,ggpubr
2022-11-07,10378,10291966,ggpubr
2022-11-08,10925,10302891,ggpubr
2022-11-09,10867,10313758,ggpubr
2022-11-10,9999,10323757,ggpubr
2022-11-11,8061,10331818,ggpubr
2022-11-12,4310,10336128,ggpubr
2022-11-13,4751,10340879,ggpubr
2022-11-14,10658,10351537,ggpubr
2022-11-15,10947,10362484,ggpubr
2022-11-16,14045,10376529,ggpubr
2022-11-17,16187,10392716,ggpubr
2022-11-18,14085,10406801,ggpubr
2022-11-19,6719,10413520,ggpubr
2022-11-20,13212,10426732,ggpubr
2022-11-21,14546,10441278,ggpubr
2022-11-22,13700,10454978,ggpubr
2022-11-23,13174,10468152,ggpubr
2022-11-24,11278,10479430,ggpubr
2022-11-25,9528,10488958,ggpubr
2022-11-26,5397,10494355,ggpubr
2022-11-27,6108,10500463,ggpubr
2022-11-28,13437,10513900,ggpubr
2022-11-29,13485,10527385,ggpubr
2022-11-30,11740,10539125,ggpubr
2022-12-01,12355,10551480,ggpubr
2022-12-02,9834,10561314,ggpubr
2022-12-03,5584,10566898,ggpubr
2022-12-04,5828,10572726,ggpubr
2022-12-05,11736,10584462,ggpubr
2022-12-06,11401,10595863,ggpubr
2022-12-07,14895,10610758,ggpubr
2022-12-08,11194,10621952,ggpubr
2022-12-09,10224,10632176,ggpubr
2022-12-10,6056,10638232,ggpubr
2022-12-11,5980,10644212,ggpubr
2022-12-12,10223,10654435,ggpubr
2022-12-13,11597,10666032,ggpubr
2022-12-14,10687,10676719,ggpubr
2022-12-15,9193,10685912,ggpubr
2022-12-16,7914,10693826,ggpubr
2022-12-17,4287,10698113,ggpubr
2022-12-18,4083,10702196,ggpubr
2022-12-19,8888,10711084,ggpubr
2022-12-20,8529,10719613,ggpubr
2022-12-21,7365,10726978,ggpubr
2022-12-22,8222,10735200,ggpubr
2022-12-23,5612,10740812,ggpubr
2022-12-24,2658,10743470,ggpubr
2022-12-25,2470,10745940,ggpubr
2022-12-26,4466,10750406,ggpubr
2022-12-27,5568,10755974,ggpubr
2022-12-28,5803,10761777,ggpubr
2022-12-29,5562,10767339,ggpubr
2022-12-30,4480,10771819,ggpubr
2022-12-31,2498,10774317,ggpubr
2023-01-01,2440,10776757,ggpubr
2023-01-02,5063,10781820,ggpubr
2023-01-03,7027,10788847,ggpubr
2023-01-04,7865,10796712,ggpubr
2023-01-05,7745,10804457,ggpubr
2023-01-06,7134,10811591,ggpubr
2023-01-07,3606,10815197,ggpubr
2023-01-08,3687,10818884,ggpubr
2023-01-09,8337,10827221,ggpubr
2023-01-10,8412,10835633,ggpubr
2023-01-11,7971,10843604,ggpubr
2023-01-12,8152,10851756,ggpubr
2023-01-13,7016,10858772,ggpubr
2023-01-14,3506,10862278,ggpubr
2023-01-15,3691,10865969,ggpubr
2023-01-16,7278,10873247,ggpubr
2023-01-17,8059,10881306,ggpubr
2023-01-18,7988,10889294,ggpubr
2023-01-19,7389,10896683,ggpubr
2023-01-20,6463,10903146,ggpubr
2023-01-21,3391,10906537,ggpubr
2023-01-22,3578,10910115,ggpubr
2023-01-23,7945,10918060,ggpubr
2023-01-24,9056,10927116,ggpubr
2023-01-25,8460,10935576,ggpubr
2023-01-26,7859,10943435,ggpubr
2023-01-27,6957,10950392,ggpubr
2023-01-28,3659,10954051,ggpubr
2023-01-29,3796,10957847,ggpubr
2023-01-30,8210,10966057,ggpubr
2023-01-31,8347,10974404,ggpubr
2023-02-01,8953,10983357,ggpubr
2023-02-02,8734,10992091,ggpubr
2023-02-03,7423,10999514,ggpubr
2023-02-04,3478,11002992,ggpubr
2023-02-05,3576,11006568,ggpubr
2023-02-06,8666,11015234,ggpubr
2023-02-07,9113,11024347,ggpubr
2023-02-08,8896,11033243,ggpubr
2023-02-09,8842,11042085,ggpubr
2023-02-10,8754,11050839,ggpubr
2023-02-11,6397,11057236,ggpubr
2023-02-12,5741,11062977,ggpubr
2023-02-13,11617,11074594,ggpubr
2023-02-14,10632,11085226,ggpubr
2023-02-15,10650,11095876,ggpubr
2023-02-16,10556,11106432,ggpubr
2023-02-17,9465,11115897,ggpubr
2023-02-18,4887,11120784,ggpubr
2023-02-19,4695,11125479,ggpubr
2023-02-20,9494,11134973,ggpubr
2023-02-21,10746,11145719,ggpubr
2023-02-22,9968,11155687,ggpubr
2023-02-23,10303,11165990,ggpubr
2023-02-24,9363,11175353,ggpubr
2023-02-25,4566,11179919,ggpubr
2023-02-26,4882,11184801,ggpubr
2023-02-27,10010,11194811,ggpubr
2023-02-28,10529,11205340,ggpubr
2023-03-01,10120,11215460,ggpubr
2023-03-02,9874,11225334,ggpubr
2023-03-03,8993,11234327,ggpubr
2023-03-04,4968,11239295,ggpubr
2023-03-05,5140,11244435,ggpubr
2023-03-06,10642,11255077,ggpubr
2023-03-07,10502,11265579,ggpubr
2023-03-08,10606,11276185,ggpubr
2023-03-09,10684,11286869,ggpubr
2023-03-10,8733,11295602,ggpubr
2023-03-11,4800,11300402,ggpubr
2023-03-12,4842,11305244,ggpubr
2023-03-13,18712,11323956,ggpubr
2023-03-14,10709,11334665,ggpubr
2023-03-15,9232,11343897,ggpubr
2023-03-16,9869,11353766,ggpubr
2023-03-17,9944,11363710,ggpubr
2023-03-18,4525,11368235,ggpubr
2023-03-19,4895,11373130,ggpubr
2023-03-20,9806,11382936,ggpubr
2023-03-21,10359,11393295,ggpubr
2023-03-22,10530,11403825,ggpubr
2023-03-23,10660,11414485,ggpubr
2023-03-24,8690,11423175,ggpubr
2023-03-25,4791,11427966,ggpubr
2023-03-26,4897,11432863,ggpubr
2023-03-27,10414,11443277,ggpubr
2023-03-28,18064,11461341,ggpubr
2023-03-29,11083,11472424,ggpubr
2023-03-30,9589,11482013,ggpubr
2023-03-31,8110,11490123,ggpubr
2023-04-01,4508,11494631,ggpubr
2023-04-02,4523,11499154,ggpubr
2023-04-03,9622,11508776,ggpubr
2023-04-04,9725,11518501,ggpubr
2023-04-05,9144,11527645,ggpubr
2023-04-06,9064,11536709,ggpubr
2023-04-07,7540,11544249,ggpubr
2023-04-08,4114,11548363,ggpubr
2023-04-09,4241,11552604,ggpubr
2023-04-10,7702,11560306,ggpubr
2023-04-11,9359,11569665,ggpubr
2023-04-12,9900,11579565,ggpubr
2023-04-13,9480,11589045,ggpubr
2023-04-14,7577,11596622,ggpubr
2023-04-15,4647,11601269,ggpubr
2023-04-16,4740,11606009,ggpubr
2023-04-17,9156,11615165,ggpubr
2023-04-18,10171,11625336,ggpubr
2023-04-19,10352,11635688,ggpubr
2023-04-20,9097,11644785,ggpubr
2023-04-21,7278,11652063,ggpubr
2023-04-22,4626,11656689,ggpubr
2023-04-23,5316,11662005,ggpubr
2023-04-24,10203,11672208,ggpubr
2023-04-25,10069,11682277,ggpubr
2023-04-26,9525,11691802,ggpubr
2023-04-27,9144,11700946,ggpubr
2023-04-28,7717,11708663,ggpubr
2023-04-29,3968,11712631,ggpubr
2023-04-30,4161,11716792,ggpubr
2023-05-01,6759,11723551,ggpubr
2023-05-02,8511,11732062,ggpubr
2023-05-03,9055,11741117,ggpubr
2023-05-04,9720,11750837,ggpubr
2023-05-05,8131,11758968,ggpubr
2023-05-06,4677,11763645,ggpubr
2023-05-07,4283,11767928,ggpubr
2023-05-08,8507,11776435,ggpubr
2023-05-09,9168,11785603,ggpubr
2023-05-10,9339,11794942,ggpubr
2023-05-11,9287,11804229,ggpubr
2023-05-12,7646,11811875,ggpubr
2023-05-13,4265,11816140,ggpubr
2023-05-14,4451,11820591,ggpubr
2023-05-15,9433,11830024,ggpubr
2023-05-16,9560,11839584,ggpubr
2023-05-17,8873,11848457,ggpubr
2023-05-18,7998,11856455,ggpubr
2023-05-19,7360,11863815,ggpubr
2023-05-20,4662,11868477,ggpubr
2023-05-21,4081,11872558,ggpubr
2023-05-22,8934,11881492,ggpubr
2023-05-23,9393,11890885,ggpubr
2023-05-24,8802,11899687,ggpubr
2023-05-25,8779,11908466,ggpubr
2023-05-26,7004,11915470,ggpubr
2023-05-27,4039,11919509,ggpubr
2023-05-28,3830,11923339,ggpubr
2023-05-29,6479,11929818,ggpubr
2023-05-30,8485,11938303,ggpubr
2023-05-31,8320,11946623,ggpubr
2023-06-01,8141,11954764,ggpubr
2023-06-02,7188,11961952,ggpubr
2023-06-03,3904,11965856,ggpubr
2023-06-04,3958,11969814,ggpubr
2023-06-05,8507,11978321,ggpubr
2023-06-06,8419,11986740,ggpubr
2023-06-07,8221,11994961,ggpubr
2023-06-08,13338,12008299,ggpubr
2023-06-09,6986,12015285,ggpubr
2023-06-10,3961,12019246,ggpubr
2023-06-11,4005,12023251,ggpubr
2023-06-12,7958,12031209,ggpubr
2023-06-13,8089,12039298,ggpubr
2023-06-14,10653,12049951,ggpubr
2023-06-15,7759,12057710,ggpubr
2023-06-16,7035,12064745,ggpubr
2023-06-17,3454,12068199,ggpubr
2023-06-18,3570,12071769,ggpubr
2023-06-19,7697,12079466,ggpubr
2023-06-20,8277,12087743,ggpubr
2023-06-21,7629,12095372,ggpubr
2023-06-22,6891,12102263,ggpubr
2023-06-23,6061,12108324,ggpubr
2023-06-24,3167,12111491,ggpubr
2023-06-25,3283,12114774,ggpubr
2023-06-26,6617,12121391,ggpubr
2023-06-27,7438,12128829,ggpubr
2023-06-28,6737,12135566,ggpubr
2023-06-29,6328,12141894,ggpubr
2023-06-30,5520,12147414,ggpubr
2023-07-01,2983,12150397,ggpubr
2023-07-02,2737,12153134,ggpubr
2023-07-03,6159,12159293,ggpubr
2023-07-04,5997,12165290,ggpubr
2023-07-05,6962,12172252,ggpubr
2023-07-06,6808,12179060,ggpubr
2023-07-07,5806,12184866,ggpubr
2023-07-08,2841,12187707,ggpubr
2023-07-09,3071,12190778,ggpubr
2023-07-10,7125,12197903,ggpubr
2023-07-11,7074,12204977,ggpubr
2023-07-12,7351,12212328,ggpubr
2023-07-13,6448,12218776,ggpubr
2023-07-14,5894,12224670,ggpubr
2023-07-15,3168,12227838,ggpubr
2023-07-16,2785,12230623,ggpubr
2023-07-17,6669,12237292,ggpubr
2023-07-18,7684,12244976,ggpubr
2023-07-19,6972,12251948,ggpubr
2023-07-20,6892,12258840,ggpubr
2023-07-21,5788,12264628,ggpubr
2023-07-22,2821,12267449,ggpubr
2023-07-23,2793,12270242,ggpubr
2023-07-24,6576,12276818,ggpubr
2023-07-25,6983,12283801,ggpubr
2023-07-26,6576,12290377,ggpubr
2023-07-27,5782,12296159,ggpubr
2023-07-28,5270,12301429,ggpubr
2023-07-29,2678,12304107,ggpubr
2023-07-30,2719,12306826,ggpubr
2023-07-31,6257,12313083,ggpubr
2023-08-01,7511,12320594,ggpubr
2023-08-02,6225,12326819,ggpubr
2023-08-03,6390,12333209,ggpubr
2023-08-04,6032,12339241,ggpubr
2023-08-05,2820,12342061,ggpubr
2023-08-06,2848,12344909,ggpubr
2023-08-07,6333,12351242,ggpubr
2023-08-08,6459,12357701,ggpubr
2023-08-09,6371,12364072,ggpubr
2023-08-10,6476,12370548,ggpubr
2023-08-11,5098,12375646,ggpubr
2023-08-12,2613,12378259,ggpubr
2023-08-13,2916,12381175,ggpubr
2023-08-14,5707,12386882,ggpubr
2023-08-15,7719,12394601,ggpubr
2023-08-16,6214,12400815,ggpubr
2023-08-17,6451,12407266,ggpubr
2023-08-18,5891,12413157,ggpubr
2023-08-19,2793,12415950,ggpubr
2023-08-20,3029,12418979,ggpubr
2023-08-21,6138,12425117,ggpubr
2023-08-22,6514,12431631,ggpubr
2023-08-23,6994,12438625,ggpubr
2023-08-24,6595,12445220,ggpubr
2023-08-25,6493,12451713,ggpubr
2023-08-26,3202,12454915,ggpubr
2023-08-27,3232,12458147,ggpubr
2023-08-28,7122,12465269,ggpubr
2023-08-29,6888,12472157,ggpubr
2023-08-30,7699,12479856,ggpubr
2023-08-31,7002,12486858,ggpubr
2023-09-01,5907,12492765,ggpubr
2023-09-02,3094,12495859,ggpubr
2023-09-03,3214,12499073,ggpubr
2023-09-04,6281,12505354,ggpubr
2023-09-05,7684,12513038,ggpubr
2023-09-06,7486,12520524,ggpubr
2023-09-07,7045,12527569,ggpubr
2023-09-08,6686,12534255,ggpubr
2023-09-09,3351,12537606,ggpubr
2023-09-10,3360,12540966,ggpubr
2023-09-11,7203,12548169,ggpubr
2023-09-12,7785,12555954,ggpubr
2023-09-13,7912,12563866,ggpubr
2023-09-14,7540,12571406,ggpubr
2023-09-15,6431,12577837,ggpubr
2023-09-16,3243,12581080,ggpubr
2023-09-17,3326,12584406,ggpubr
2023-09-18,7504,12591910,ggpubr
2023-09-19,7692,12599602,ggpubr
2023-09-20,7908,12607510,ggpubr
2023-09-21,8207,12615717,ggpubr
2023-09-22,7029,12622746,ggpubr
2023-09-23,3296,12626042,ggpubr
2023-09-24,3368,12629410,ggpubr
2023-09-25,7577,12636987,ggpubr
2023-09-26,7825,12644812,ggpubr
2023-09-27,7535,12652347,ggpubr
2023-09-28,7222,12659569,ggpubr
2023-09-29,6380,12665949,ggpubr
2023-09-30,3045,12668994,ggpubr
2023-10-01,3460,12672454,ggpubr
2023-10-02,6974,12679428,ggpubr
2023-10-03,7423,12686851,ggpubr
2023-10-04,7908,12694759,ggpubr
2023-10-05,8306,12703065,ggpubr
2023-10-06,6702,12709767,ggpubr
2023-10-07,3893,12713660,ggpubr
2023-10-08,3884,12717544,ggpubr
2023-10-09,7856,12725400,ggpubr
2023-10-10,8063,12733463,ggpubr
2023-10-11,8805,12742268,ggpubr
2023-10-12,8095,12750363,ggpubr
2023-10-13,7056,12757419,ggpubr
2023-10-14,3706,12761125,ggpubr
2023-10-15,3643,12764768,ggpubr
2023-10-16,8032,12772800,ggpubr
2023-10-17,8450,12781250,ggpubr
2023-10-18,8178,12789428,ggpubr
2023-10-19,8522,12797950,ggpubr
2023-10-20,7351,12805301,ggpubr
2023-10-21,3927,12809228,ggpubr
2023-10-22,4113,12813341,ggpubr
2023-10-23,8045,12821386,ggpubr
2023-10-24,8554,12829940,ggpubr
2023-10-25,8453,12838393,ggpubr
2023-10-26,8339,12846732,ggpubr
2023-10-27,5936,12852668,ggpubr
2023-10-28,3288,12855956,ggpubr
2023-10-29,3576,12859532,ggpubr
2023-10-30,7636,12867168,ggpubr
2023-10-31,8413,12875581,ggpubr
2023-11-01,7496,12883077,ggpubr
2023-11-02,9330,12892407,ggpubr
2023-11-03,8134,12900541,ggpubr
2023-11-04,3812,12904353,ggpubr
2023-11-05,3739,12908092,ggpubr
2023-11-06,8283,12916375,ggpubr
2023-11-07,8823,12925198,ggpubr
2023-11-08,8874,12934072,ggpubr
2023-11-09,8427,12942499,ggpubr
2023-11-10,7228,12949727,ggpubr
2023-11-11,3618,12953345,ggpubr
2023-11-12,3550,12956895,ggpubr
2023-11-13,8551,12965446,ggpubr
2023-11-14,9050,12974496,ggpubr
2023-11-15,8596,12983092,ggpubr
2023-11-16,8775,12991867,ggpubr
2023-11-17,7126,12998993,ggpubr
2023-11-18,3569,13002562,ggpubr
2023-11-19,3752,13006314,ggpubr
2023-11-20,8816,13015130,ggpubr
2023-11-21,9341,13024471,ggpubr
2023-11-22,7993,13032464,ggpubr
2023-11-23,7595,13040059,ggpubr
2023-11-24,6532,13046591,ggpubr
2023-11-25,3789,13050380,ggpubr
2023-11-26,4123,13054503,ggpubr
2023-11-27,8505,13063008,ggpubr
2023-11-28,8415,13071423,ggpubr
2023-11-29,8498,13079921,ggpubr
2023-11-30,8403,13088324,ggpubr
2023-12-01,7188,13095512,ggpubr
2023-12-02,4063,13099575,ggpubr
2023-12-03,4334,13103909,ggpubr
2023-12-04,8473,13112382,ggpubr
2023-12-05,8484,13120866,ggpubr
2023-12-06,8226,13129092,ggpubr
2023-12-07,8060,13137152,ggpubr
2023-12-08,6587,13143739,ggpubr
2023-12-09,3698,13147437,ggpubr
2023-12-10,4084,13151521,ggpubr
2023-12-11,7847,13159368,ggpubr
2023-12-12,7861,13167229,ggpubr
2023-12-13,7600,13174829,ggpubr
2023-12-14,7311,13182140,ggpubr
2023-12-15,5868,13188008,ggpubr
2023-12-16,3045,13191053,ggpubr
2023-12-17,3270,13194323,ggpubr
2023-12-18,6488,13200811,ggpubr
2023-12-19,6815,13207626,ggpubr
2023-12-20,6730,13214356,ggpubr
2023-12-21,6208,13220564,ggpubr
2023-12-22,4709,13225273,ggpubr
2023-12-23,2627,13227900,ggpubr
2023-12-24,2318,13230218,ggpubr
2023-12-25,2977,13233195,ggpubr
2023-12-26,3597,13236792,ggpubr
2023-12-27,4375,13241167,ggpubr
2023-12-28,4121,13245288,ggpubr
2023-12-29,3609,13248897,ggpubr
2023-12-30,2644,13251541,ggpubr
2023-12-31,2032,13253573,ggpubr
2024-01-01,2240,13255813,ggpubr
2024-01-02,4702,13260515,ggpubr
2024-01-03,5603,13266118,ggpubr
2024-01-04,5173,13271291,ggpubr
2024-01-05,5107,13276398,ggpubr
2024-01-06,3310,13279708,ggpubr
2024-01-07,3213,13282921,ggpubr
2024-01-08,6427,13289348,ggpubr
2024-01-09,6889,13296237,ggpubr
2024-01-10,6450,13302687,ggpubr
2024-01-11,6704,13309391,ggpubr
2024-01-12,5686,13315077,ggpubr
2024-01-13,3257,13318334,ggpubr
2024-01-14,3248,13321582,ggpubr
2024-01-15,5558,13327140,ggpubr
2024-01-16,6191,13333331,ggpubr
2024-01-17,6444,13339775,ggpubr
2024-01-18,6511,13346286,ggpubr
2024-01-19,5362,13351648,ggpubr
2024-01-20,3058,13354706,ggpubr
2024-01-21,3251,13357957,ggpubr
2024-01-22,6426,13364383,ggpubr
2024-01-23,6912,13371295,ggpubr
2024-01-24,7005,13378300,ggpubr
2024-01-25,6490,13384790,ggpubr
2024-01-26,5438,13390228,ggpubr
2024-01-27,2878,13393106,ggpubr
2024-01-28,3048,13396154,ggpubr
2024-01-29,6563,13402717,ggpubr
2024-01-30,6819,13409536,ggpubr
2024-01-31,6513,13416049,ggpubr
2024-02-01,6179,13422228,ggpubr
2024-02-02,5927,13428155,ggpubr
2024-02-03,2655,13430810,ggpubr
2024-02-04,3182,13433992,ggpubr
2024-02-05,6339,13440331,ggpubr
2024-02-06,6983,13447314,ggpubr
2024-02-07,6957,13454271,ggpubr
2024-02-08,6566,13460837,ggpubr
2024-02-09,5090,13465927,ggpubr
2024-02-10,2439,13468366,ggpubr
2024-02-11,2734,13471100,ggpubr
2024-02-12,5601,13476701,ggpubr
2024-02-13,8644,13485345,ggpubr
2024-02-14,5809,13491154,ggpubr
2024-02-15,6397,13497551,ggpubr
2024-02-16,5687,13503238,ggpubr
2024-02-17,3033,13506271,ggpubr
2024-02-18,3165,13509436,ggpubr
2024-02-19,6425,13515861,ggpubr
2024-02-20,7188,13523049,ggpubr
2024-02-21,7058,13530107,ggpubr
2024-02-22,7221,13537328,ggpubr
2024-02-23,6269,13543597,ggpubr
2024-02-24,3568,13547165,ggpubr
2024-02-25,3227,13550392,ggpubr
2024-02-26,7288,13557680,ggpubr
2024-02-27,7708,13565388,ggpubr
2024-02-28,7515,13572903,ggpubr
2024-02-29,7106,13580009,ggpubr
2024-03-01,6111,13586120,ggpubr
2024-03-02,2941,13589061,ggpubr
2024-03-03,3344,13592405,ggpubr
2024-03-04,7149,13599554,ggpubr
2024-03-05,7809,13607363,ggpubr
2024-03-06,8095,13615458,ggpubr
2024-03-07,7621,13623079,ggpubr
2024-03-08,6451,13629530,ggpubr
2024-03-09,3093,13632623,ggpubr
2024-03-10,3328,13635951,ggpubr
2024-03-11,7288,13643239,ggpubr
2024-03-12,7370,13650609,ggpubr
2024-03-13,7379,13657988,ggpubr
2024-03-14,7146,13665134,ggpubr
2024-03-15,6397,13671531,ggpubr
2024-03-16,3226,13674757,ggpubr
2024-03-17,3289,13678046,ggpubr
2024-03-18,7253,13685299,ggpubr
2024-03-19,8193,13693492,ggpubr
2024-03-20,7501,13700993,ggpubr
2024-03-21,7779,13708772,ggpubr
2024-03-22,6350,13715122,ggpubr
2024-03-23,3308,13718430,ggpubr
2024-03-24,3292,13721722,ggpubr
2024-03-25,6978,13728700,ggpubr
2024-03-26,7641,13736341,ggpubr
2024-03-27,7610,13743951,ggpubr
2024-03-28,6563,13750514,ggpubr
2024-03-29,4708,13755222,ggpubr
2024-03-30,3039,13758261,ggpubr
2024-03-31,3141,13761402,ggpubr
2024-04-01,21724,13783126,ggpubr
2024-04-02,9347,13792473,ggpubr
2024-04-03,7152,13799625,ggpubr
2024-04-04,7183,13806808,ggpubr
2024-04-05,97005,13903813,ggpubr
2024-04-06,8669,13912482,ggpubr
2024-04-07,4210,13916692,ggpubr
2024-04-08,7888,13924580,ggpubr
2024-04-09,7746,13932326,ggpubr
2024-04-10,7287,13939613,ggpubr
2024-04-11,20391,13960004,ggpubr
2024-04-12,19954,13979958,ggpubr
2024-04-13,3392,13983350,ggpubr
2024-04-14,3627,13986977,ggpubr
2024-04-15,7863,13994840,ggpubr
2024-04-16,7684,14002524,ggpubr
2024-04-17,7800,14010324,ggpubr
2024-04-18,7436,14017760,ggpubr
2024-04-19,6094,14023854,ggpubr
2024-04-20,4248,14028102,ggpubr
2024-04-21,4135,14032237,ggpubr
2024-04-22,7844,14040081,ggpubr
2024-04-23,7988,14048069,ggpubr
2024-04-24,7310,14055379,ggpubr
2024-04-25,7707,14063086,ggpubr
2024-04-26,7966,14071052,ggpubr
2024-04-27,5630,14076682,ggpubr
2024-04-28,6127,14082809,ggpubr
2024-04-29,11264,14094073,ggpubr
2024-04-30,9895,14103968,ggpubr
2024-05-01,9235,14113203,ggpubr
2024-05-02,10132,14123335,ggpubr
2024-05-03,8717,14132052,ggpubr
2024-05-04,4940,14136992,ggpubr
2024-05-05,5809,14142801,ggpubr
2024-05-06,9357,14152158,ggpubr
2024-05-07,9483,14161641,ggpubr
2024-05-08,9239,14170880,ggpubr
2024-05-09,8772,14179652,ggpubr
2024-05-10,8198,14187850,ggpubr
2024-05-11,4679,14192529,ggpubr
2024-05-12,4578,14197107,ggpubr
2024-05-13,9237,14206344,ggpubr
2024-05-14,9356,14215700,ggpubr
2024-05-15,9418,14225118,ggpubr
2024-05-16,9523,14234641,ggpubr
2024-05-17,8413,14243054,ggpubr
2024-05-18,5401,14248455,ggpubr
2024-05-19,4523,14252978,ggpubr
2024-05-20,8501,14261479,ggpubr
2024-05-21,10280,14271759,ggpubr
2024-05-22,10521,14282280,ggpubr
2024-05-23,10185,14292465,ggpubr
2024-05-24,9509,14301974,ggpubr
2024-05-25,5505,14307479,ggpubr
2024-05-26,4306,14311785,ggpubr
2024-05-27,8017,14319802,ggpubr
2024-05-28,9623,14329425,ggpubr
2024-05-29,9543,14338968,ggpubr
2024-05-30,9140,14348108,ggpubr
2024-05-31,7886,14355994,ggpubr
2024-06-01,4181,14360175,ggpubr
2024-06-02,4467,14364642,ggpubr
2024-06-03,8141,14372783,ggpubr
2024-06-04,9198,14381981,ggpubr
2024-06-05,9026,14391007,ggpubr
2024-06-06,8448,14399455,ggpubr
2024-06-07,6924,14406379,ggpubr
2024-06-08,3621,14410000,ggpubr
2024-06-09,3567,14413567,ggpubr
2024-06-10,6962,14420529,ggpubr
2024-06-11,8509,14429038,ggpubr
2024-06-12,7696,14436734,ggpubr
2024-06-13,8945,14445679,ggpubr
2024-06-14,7173,14452852,ggpubr
2024-06-15,3507,14456359,ggpubr
2024-06-16,3816,14460175,ggpubr
2024-06-17,7555,14467730,ggpubr
2024-06-18,8031,14475761,ggpubr
2024-06-19,7437,14483198,ggpubr
2024-06-20,8143,14491341,ggpubr
2024-06-21,6128,14497469,ggpubr
2024-06-22,3498,14500967,ggpubr
2024-06-23,3421,14504388,ggpubr
2024-06-24,8217,14512605,ggpubr
2024-06-25,7438,14520043,ggpubr
2024-06-26,7146,14527189,ggpubr
2024-06-27,7287,14534476,ggpubr
2024-06-28,6412,14540888,ggpubr
2024-06-29,3175,14544063,ggpubr
2024-06-30,3496,14547559,ggpubr
2024-07-01,7006,14554565,ggpubr
2024-07-02,7799,14562364,ggpubr
2024-07-03,7686,14570050,ggpubr
2024-07-04,6354,14576404,ggpubr
2024-07-05,6123,14582527,ggpubr
2024-07-06,3089,14585616,ggpubr
2024-07-07,3200,14588816,ggpubr
2024-07-08,6746,14595562,ggpubr
2024-07-09,7645,14603207,ggpubr
2024-07-10,6675,14609882,ggpubr
2024-07-11,6842,14616724,ggpubr
2024-07-12,6186,14622910,ggpubr
2024-07-13,3225,14626135,ggpubr
2024-07-14,3145,14629280,ggpubr
2024-07-15,6406,14635686,ggpubr
2024-07-16,6714,14642400,ggpubr
2024-07-17,7701,14650101,ggpubr
2024-07-18,7265,14657366,ggpubr
2024-07-19,5938,14663304,ggpubr
2024-07-20,2862,14666166,ggpubr
2024-07-21,2918,14669084,ggpubr
2024-07-22,6717,14675801,ggpubr
2024-07-23,6629,14682430,ggpubr
2024-07-24,6451,14688881,ggpubr
2024-07-25,6717,14695598,ggpubr
2024-07-26,5641,14701239,ggpubr
2024-07-27,3031,14704270,ggpubr
2024-07-28,2689,14706959,ggpubr
2024-07-29,5943,14712902,ggpubr
2024-07-30,6369,14719271,ggpubr
2024-07-31,6058,14725329,ggpubr
2024-08-01,6104,14731433,ggpubr
2024-08-02,5762,14737195,ggpubr
2024-08-03,2889,14740084,ggpubr
2024-08-04,3080,14743164,ggpubr
2024-08-05,5697,14748861,ggpubr
2024-08-06,6119,14754980,ggpubr
2024-08-07,5990,14760970,ggpubr
2024-08-08,5538,14766508,ggpubr
2024-08-09,4791,14771299,ggpubr
2024-08-10,3022,14774321,ggpubr
2024-08-11,2901,14777222,ggpubr
2024-08-12,5796,14783018,ggpubr
2024-08-13,5852,14788870,ggpubr
2024-08-14,5495,14794365,ggpubr
2024-08-15,5174,14799539,ggpubr
2024-08-16,5351,14804890,ggpubr
2024-08-17,3109,14807999,ggpubr
2024-08-18,2790,14810789,ggpubr
2024-08-19,5738,14816527,ggpubr
2024-08-20,7034,14823561,ggpubr
2024-08-21,6196,14829757,ggpubr
2024-08-22,6679,14836436,ggpubr
2024-08-23,5640,14842076,ggpubr
2024-08-24,3251,14845327,ggpubr
2024-08-25,2977,14848304,ggpubr
2024-08-26,5781,14854085,ggpubr
2024-08-27,7419,14861504,ggpubr
2024-08-28,6515,14868019,ggpubr
2024-08-29,6692,14874711,ggpubr
2024-08-30,5394,14880105,ggpubr
2024-08-31,3113,14883218,ggpubr
2024-09-01,2943,14886161,ggpubr
2024-09-02,6509,14892670,ggpubr
2024-09-03,7196,14899866,ggpubr
2024-09-04,7666,14907532,ggpubr
2024-09-05,7304,14914836,ggpubr
2024-09-06,6326,14921162,ggpubr
2024-09-07,2995,14924157,ggpubr
2024-09-08,3232,14927389,ggpubr
2024-09-09,6883,14934272,ggpubr
2024-09-10,7761,14942033,ggpubr
2024-09-11,7079,14949112,ggpubr
2024-09-12,6706,14955818,ggpubr
2024-09-13,5764,14961582,ggpubr
2024-09-14,3074,14964656,ggpubr
2024-09-15,3033,14967689,ggpubr
2024-09-16,6861,14974550,ggpubr
2024-09-17,7134,14981684,ggpubr
2024-09-18,7317,14989001,ggpubr
2024-09-19,7210,14996211,ggpubr
2024-09-20,6579,15002790,ggpubr
2024-09-21,3171,15005961,ggpubr
2024-09-22,3430,15009391,ggpubr
2024-09-23,7702,15017093,ggpubr
2024-09-24,8177,15025270,ggpubr
2024-09-25,7976,15033246,ggpubr
2024-09-26,7177,15040423,ggpubr
2024-09-27,6820,15047243,ggpubr
2024-09-28,3609,15050852,ggpubr
2024-09-29,3538,15054390,ggpubr
2024-09-30,7983,15062373,ggpubr
2024-10-01,7912,15070285,ggpubr
2024-10-02,7600,15077885,ggpubr
2024-10-03,7564,15085449,ggpubr
2024-10-04,5916,15091365,ggpubr
2024-10-05,3079,15094444,ggpubr
2024-10-06,3251,15097695,ggpubr
2024-10-07,8749,15106444,ggpubr
2024-10-08,9193,15115637,ggpubr
2024-10-09,8663,15124300,ggpubr
2024-10-10,8500,15132800,ggpubr
2024-10-11,7201,15140001,ggpubr
2024-10-12,3575,15143576,ggpubr
2024-10-13,3329,15146905,ggpubr
2024-10-14,7265,15154170,ggpubr
2024-10-15,8523,15162693,ggpubr
2024-10-16,8232,15170925,ggpubr
2024-10-17,8602,15179527,ggpubr
2024-10-18,6921,15186448,ggpubr
2024-10-19,3145,15189593,ggpubr
2024-10-20,3495,15193088,ggpubr
2024-10-21,7759,15200847,ggpubr
2024-10-22,9421,15210268,ggpubr
2024-10-23,8836,15219104,ggpubr
2024-10-24,8812,15227916,ggpubr
2024-10-25,7711,15235627,ggpubr
2024-10-26,3509,15239136,ggpubr
2024-10-27,3603,15242739,ggpubr
2024-10-28,7991,15250730,ggpubr
2024-10-29,8753,15259483,ggpubr
2024-10-30,8999,15268482,ggpubr
2024-10-31,7978,15276460,ggpubr
2024-11-01,6135,15282595,ggpubr
2024-11-02,3524,15286119,ggpubr
2024-11-03,3468,15289587,ggpubr
2024-11-04,8006,15297593,ggpubr
2024-11-05,9466,15307059,ggpubr
2024-11-06,9188,15316247,ggpubr
2024-11-07,9123,15325370,ggpubr
2024-11-08,7933,15333303,ggpubr
2024-11-09,3864,15337167,ggpubr
2024-11-10,4140,15341307,ggpubr
2024-11-11,7995,15349302,ggpubr
2024-11-12,9463,15358765,ggpubr
2024-11-13,9956,15368721,ggpubr
2024-11-14,8930,15377651,ggpubr
2024-11-15,7593,15385244,ggpubr
2024-11-16,3832,15389076,ggpubr
2024-11-17,4310,15393386,ggpubr
2024-11-18,9272,15402658,ggpubr
2024-11-19,10354,15413012,ggpubr
2024-11-20,9493,15422505,ggpubr
2024-11-21,9169,15431674,ggpubr
2024-11-22,7391,15439065,ggpubr
2024-11-23,4164,15443229,ggpubr
2024-11-24,4379,15447608,ggpubr
2024-11-25,8850,15456458,ggpubr
2024-11-26,9082,15465540,ggpubr
2024-11-27,8214,15473754,ggpubr
2024-11-28,8076,15481830,ggpubr
2024-11-29,6372,15488202,ggpubr
2024-11-30,3857,15492059,ggpubr
2024-12-01,4285,15496344,ggpubr
2024-12-02,8658,15505002,ggpubr
2024-12-03,8457,15513459,ggpubr
2024-12-04,9530,15522989,ggpubr
2024-12-05,8646,15531635,ggpubr
2024-12-06,6863,15538498,ggpubr
2024-12-07,3737,15542235,ggpubr
2024-12-08,4150,15546385,ggpubr
2024-12-09,8119,15554504,ggpubr
2024-12-10,7866,15562370,ggpubr
2024-12-11,8213,15570583,ggpubr
2024-12-12,7695,15578278,ggpubr
2024-12-13,6139,15584417,ggpubr
2024-12-14,3441,15587858,ggpubr
2024-12-15,3640,15591498,ggpubr
2024-12-16,7366,15598864,ggpubr
2024-12-17,8014,15606878,ggpubr
2024-12-18,7304,15614182,ggpubr
2024-12-19,6806,15620988,ggpubr
2024-12-20,5770,15626758,ggpubr
2024-12-21,2705,15629463,ggpubr
2024-12-22,2633,15632096,ggpubr
2024-12-23,4084,15636180,ggpubr
2024-12-24,3683,15639863,ggpubr
2024-12-25,2792,15642655,ggpubr
2024-12-26,3185,15645840,ggpubr
2024-12-27,3134,15648974,ggpubr
2024-12-28,2234,15651208,ggpubr
2024-12-29,2688,15653896,ggpubr
2024-12-30,4110,15658006,ggpubr
2024-12-31,3206,15661212,ggpubr
2025-01-01,2037,15663249,ggpubr
2025-01-02,3708,15666957,ggpubr
2025-01-03,4233,15671190,ggpubr
2025-01-04,2538,15673728,ggpubr
2025-01-05,2674,15676402,ggpubr
2025-01-06,5060,15681462,ggpubr
2025-01-07,5819,15687281,ggpubr
2025-01-08,5741,15693022,ggpubr
2025-01-09,5771,15698793,ggpubr
2025-01-10,5201,15703994,ggpubr
2025-01-11,2423,15706417,ggpubr
2025-01-12,2868,15709285,ggpubr
2025-01-13,5637,15714922,ggpubr
2025-01-14,6120,15721042,ggpubr
2025-01-15,6326,15727368,ggpubr
2025-01-16,5856,15733224,ggpubr
2025-01-17,5351,15738575,ggpubr
2025-01-18,2683,15741258,ggpubr
2025-01-19,2918,15744176,ggpubr
2025-01-20,5693,15749869,ggpubr
2025-01-21,6812,15756681,ggpubr
2025-01-22,6431,15763112,ggpubr
2025-01-23,6267,15769379,ggpubr
2025-01-24,5288,15774667,ggpubr
2025-01-25,2532,15777199,ggpubr
2025-01-26,2673,15779872,ggpubr
2025-01-27,5615,15785487,ggpubr
2025-01-28,6465,15791952,ggpubr
2025-01-29,5940,15797892,ggpubr
2025-01-30,6132,15804024,ggpubr
2025-01-31,5348,15809372,ggpubr
2025-02-01,2631,15812003,ggpubr
2025-02-02,2915,15814918,ggpubr
2025-02-03,6069,15820987,ggpubr
2025-02-04,7158,15828145,ggpubr
2025-02-05,7124,15835269,ggpubr
2025-02-06,6661,15841930,ggpubr
2025-02-07,6729,15848659,ggpubr
2025-02-08,3241,15851900,ggpubr
2025-02-09,3597,15855497,ggpubr
2025-02-10,6817,15862314,ggpubr
2025-02-11,7533,15869847,ggpubr
2025-02-12,8099,15877946,ggpubr
2025-02-13,8084,15886030,ggpubr
2025-02-14,7038,15893068,ggpubr
2025-02-15,4671,15897739,ggpubr
2025-02-16,5223,15902962,ggpubr
2025-02-17,8445,15911407,ggpubr
2025-02-18,9336,15920743,ggpubr
2025-02-19,10002,15930745,ggpubr
2025-02-20,9471,15940216,ggpubr
2025-02-21,8245,15948461,ggpubr
2025-02-22,4943,15953404,ggpubr
2025-02-23,5194,15958598,ggpubr
2025-02-24,8978,15967576,ggpubr
2025-02-25,9969,15977545,ggpubr
2025-02-26,9963,15987508,ggpubr
2025-02-27,9723,15997231,ggpubr
2025-02-28,8475,16005706,ggpubr
2025-03-01,5211,16010917,ggpubr
2025-03-02,5757,16016674,ggpubr
2025-03-03,8266,16024940,ggpubr
2025-03-04,8968,16033908,ggpubr
2025-03-05,8687,16042595,ggpubr
2025-03-06,9471,16052066,ggpubr
2025-03-07,7334,16059400,ggpubr
2025-03-08,3595,16062995,ggpubr
2025-03-09,3763,16066758,ggpubr
2025-03-10,8111,16074869,ggpubr
2025-03-11,8872,16083741,ggpubr
2025-03-12,9446,16093187,ggpubr
2025-03-13,9164,16102351,ggpubr
2025-03-14,6846,16109197,ggpubr
2025-03-15,3874,16113071,ggpubr
2025-03-16,4119,16117190,ggpubr
2025-03-17,8754,16125944,ggpubr
2025-03-18,8889,16134833,ggpubr
2025-03-19,9221,16144054,ggpubr
2025-03-20,8445,16152499,ggpubr
2025-03-21,7137,16159636,ggpubr
2025-03-22,3639,16163275,ggpubr
2025-03-23,5001,16168276,ggpubr
2025-03-24,8846,16177122,ggpubr
2025-03-25,9694,16186816,ggpubr
2025-03-26,9214,16196030,ggpubr
2025-03-27,8462,16204492,ggpubr
2025-03-28,7009,16211501,ggpubr
2025-03-29,4159,16215660,ggpubr
2025-03-30,4324,16219984,ggpubr
2016-07-20,9,9,ggpubr
2016-07-21,20,29,ggpubr
2016-07-22,9,38,ggpubr
2016-07-23,2,40,ggpubr
2016-07-24,7,47,ggpubr
2016-07-25,31,78,ggpubr
2016-07-26,19,97,ggpubr
2016-07-27,6,103,ggpubr
2016-07-28,14,117,ggpubr
2016-07-29,10,127,ggpubr
2016-07-30,12,139,ggpubr
2016-07-31,6,145,ggpubr
2016-08-01,4,149,ggpubr
2016-08-02,11,160,ggpubr
2016-08-03,4,164,ggpubr
2016-08-04,8,172,ggpubr
2016-08-05,8,180,ggpubr
2016-08-06,5,185,ggpubr
2016-08-07,9,194,ggpubr
2016-08-08,10,204,ggpubr
2016-08-09,9,213,ggpubr
2016-08-10,10,223,ggpubr
2016-08-11,4,227,ggpubr
2016-08-12,7,234,ggpubr
2016-08-13,3,237,ggpubr
2016-08-14,5,242,ggpubr
2016-08-15,6,248,ggpubr
2016-08-16,4,252,ggpubr
2016-08-17,6,258,ggpubr
2016-08-18,4,262,ggpubr
2016-08-19,6,268,ggpubr
2016-08-20,0,268,ggpubr
2016-08-21,3,271,ggpubr
2016-08-22,5,276,ggpubr
2016-08-23,3,279,ggpubr
2016-08-24,11,290,ggpubr
2016-08-25,11,301,ggpubr
2016-08-26,6,307,ggpubr
2016-08-27,4,311,ggpubr
2016-08-28,2,313,ggpubr
2016-08-29,1,314,ggpubr
2016-08-30,4,318,ggpubr
2016-08-31,6,324,ggpubr
2016-09-01,6,330,ggpubr
2016-09-02,7,337,ggpubr
2016-09-03,6,343,ggpubr
2016-09-04,5,348,ggpubr
2016-09-05,11,359,ggpubr
2016-09-06,10,369,ggpubr
2016-09-07,13,382,ggpubr
2016-09-08,6,388,ggpubr
2016-09-09,10,398,ggpubr
2016-09-10,4,402,ggpubr
2016-09-11,3,405,ggpubr
2016-09-12,10,415,ggpubr
2016-09-13,8,423,ggpubr
2016-09-14,3,426,ggpubr
2016-09-15,2,428,ggpubr
2016-09-16,5,433,ggpubr
2016-09-17,2,435,ggpubr
2016-09-18,3,438,ggpubr
2016-09-19,2,440,ggpubr
2016-09-20,9,449,ggpubr
2016-09-21,6,455,ggpubr
2016-09-22,10,465,ggpubr
2016-09-23,4,469,ggpubr
2016-09-24,5,474,ggpubr
2016-09-25,8,482,ggpubr
2016-09-26,2,484,ggpubr
2016-09-27,14,498,ggpubr
2016-09-28,16,514,ggpubr
2016-09-29,12,526,ggpubr
2016-09-30,4,530,ggpubr
2016-10-01,7,537,ggpubr
2016-10-02,10,547,ggpubr
2016-10-03,9,556,ggpubr
2016-10-04,11,567,ggpubr
2016-10-05,15,582,ggpubr
2016-10-06,7,589,ggpubr
2016-10-07,12,601,ggpubr
2016-10-08,7,608,ggpubr
2016-10-09,10,618,ggpubr
2016-10-10,11,629,ggpubr
2016-10-11,16,645,ggpubr
2016-10-12,22,667,ggpubr
2016-10-13,14,681,ggpubr
2016-10-14,14,695,ggpubr
2016-10-15,6,701,ggpubr
2016-10-16,9,710,ggpubr
2016-10-17,15,725,ggpubr
2016-10-18,12,737,ggpubr
2016-10-19,13,750,ggpubr
2016-10-20,14,764,ggpubr
2016-10-21,31,795,ggpubr
2016-10-22,9,804,ggpubr
2016-10-23,13,817,ggpubr
2016-10-24,29,846,ggpubr
2016-10-25,18,864,ggpubr
2016-10-26,9,873,ggpubr
2016-10-27,6,879,ggpubr
2016-10-28,9,888,ggpubr
2016-10-29,2,890,ggpubr
2016-10-30,11,901,ggpubr
2016-10-31,19,920,ggpubr
2016-11-01,17,937,ggpubr
2016-11-02,45,982,ggpubr
2016-11-03,56,1038,ggpubr
2016-11-04,50,1088,ggpubr
2016-11-05,37,1125,ggpubr
2016-11-06,26,1151,ggpubr
2016-11-07,44,1195,ggpubr
2016-11-08,63,1258,ggpubr
2016-11-09,54,1312,ggpubr
2016-11-10,15,1327,ggpubr
2016-11-11,9,1336,ggpubr
2016-11-12,12,1348,ggpubr
2016-11-13,17,1365,ggpubr
2016-11-14,36,1401,ggpubr
2016-11-15,28,1429,ggpubr
2016-11-16,20,1449,ggpubr
2016-11-17,19,1468,ggpubr
2016-11-18,20,1488,ggpubr
2016-11-19,11,1499,ggpubr
2016-11-20,24,1523,ggpubr
2016-11-21,24,1547,ggpubr
2016-11-22,31,1578,ggpubr
2016-11-23,23,1601,ggpubr
2016-11-24,69,1670,ggpubr
2016-11-25,12,1682,ggpubr
2016-11-26,11,1693,ggpubr
2016-11-27,18,1711,ggpubr
2016-11-28,17,1728,ggpubr
2016-11-29,38,1766,ggpubr
2016-11-30,40,1806,ggpubr
2016-12-01,38,1844,ggpubr
2016-12-02,22,1866,ggpubr
2016-12-03,11,1877,ggpubr
2016-12-04,17,1894,ggpubr
2016-12-05,118,2012,ggpubr
2016-12-06,105,2117,ggpubr
2016-12-07,155,2272,ggpubr
2016-12-08,165,2437,ggpubr
2016-12-09,166,2603,ggpubr
2016-12-10,74,2677,ggpubr
2016-12-11,89,2766,ggpubr
2016-12-12,211,2977,ggpubr
2016-12-13,140,3117,ggpubr
2016-12-14,137,3254,ggpubr
2016-12-15,134,3388,ggpubr
2016-12-16,155,3543,ggpubr
2016-12-17,52,3595,ggpubr
2016-12-18,53,3648,ggpubr
2016-12-19,118,3766,ggpubr
2016-12-20,127,3893,ggpubr
2016-12-21,105,3998,ggpubr
2016-12-22,111,4109,ggpubr
2016-12-23,63,4172,ggpubr
2016-12-24,36,4208,ggpubr
2016-12-25,35,4243,ggpubr
2016-12-26,58,4301,ggpubr
2016-12-27,69,4370,ggpubr
2016-12-28,64,4434,ggpubr
2016-12-29,59,4493,ggpubr
2016-12-30,39,4532,ggpubr
2016-12-31,32,4564,ggpubr
2017-01-01,32,4596,ggpubr
2017-01-02,61,4657,ggpubr
2017-01-03,98,4755,ggpubr
2017-01-04,110,4865,ggpubr
2017-01-05,95,4960,ggpubr
2017-01-06,81,5041,ggpubr
2017-01-07,42,5083,ggpubr
2017-01-08,41,5124,ggpubr
2017-01-09,269,5393,ggpubr
2017-01-10,287,5680,ggpubr
2017-01-11,284,5964,ggpubr
2017-01-12,310,6274,ggpubr
2017-01-13,249,6523,ggpubr
2017-01-14,148,6671,ggpubr
2017-01-15,168,6839,ggpubr
2017-01-16,275,7114,ggpubr
2017-01-17,311,7425,ggpubr
2017-01-18,330,7755,ggpubr
2017-01-19,322,8077,ggpubr
2017-01-20,224,8301,ggpubr
2017-01-21,140,8441,ggpubr
2017-01-22,124,8565,ggpubr
2017-01-23,277,8842,ggpubr
2017-01-24,266,9108,ggpubr
2017-01-25,280,9388,ggpubr
2017-01-26,282,9670,ggpubr
2017-01-27,285,9955,ggpubr
2017-01-28,95,10050,ggpubr
2017-01-29,162,10212,ggpubr
2017-01-30,259,10471,ggpubr
2017-01-31,302,10773,ggpubr
2017-02-01,294,11067,ggpubr
2017-02-02,300,11367,ggpubr
2017-02-03,280,11647,ggpubr
2017-02-04,131,11778,ggpubr
2017-02-05,137,11915,ggpubr
2017-02-06,322,12237,ggpubr
2017-02-07,268,12505,ggpubr
2017-02-08,224,12729,ggpubr
2017-02-09,239,12968,ggpubr
2017-02-10,228,13196,ggpubr
2017-02-11,107,13303,ggpubr
2017-02-12,114,13417,ggpubr
2017-02-13,248,13665,ggpubr
2017-02-14,354,14019,ggpubr
2017-02-15,307,14326,ggpubr
2017-02-16,268,14594,ggpubr
2017-02-17,302,14896,ggpubr
2017-02-18,143,15039,ggpubr
2017-02-19,116,15155,ggpubr
2017-02-20,371,15526,ggpubr
2017-02-21,310,15836,ggpubr
2017-02-22,365,16201,ggpubr
2017-02-23,365,16566,ggpubr
2017-02-24,362,16928,ggpubr
2017-02-25,136,17064,ggpubr
2017-02-26,154,17218,ggpubr
2017-02-27,290,17508,ggpubr
2017-02-28,364,17872,ggpubr
2017-03-01,189,18061,ggpubr
2017-03-02,352,18413,ggpubr
2017-03-03,285,18698,ggpubr
2017-03-04,164,18862,ggpubr
2017-03-05,175,19037,ggpubr
2017-03-06,320,19357,ggpubr
2017-03-07,348,19705,ggpubr
2017-03-08,298,20003,ggpubr
2017-03-09,352,20355,ggpubr
2017-03-10,284,20639,ggpubr
2017-03-11,152,20791,ggpubr
2017-03-12,141,20932,ggpubr
2017-03-13,307,21239,ggpubr
2017-03-14,928,22167,ggpubr
2017-03-15,811,22978,ggpubr
2017-03-16,618,23596,ggpubr
2017-03-17,447,24043,ggpubr
2017-03-18,285,24328,ggpubr
2017-03-19,242,24570,ggpubr
2017-03-20,592,25162,ggpubr
2017-03-21,633,25795,ggpubr
2017-03-22,532,26327,ggpubr
2017-03-23,481,26808,ggpubr
2017-03-24,482,27290,ggpubr
2017-03-25,231,27521,ggpubr
2017-03-26,283,27804,ggpubr
2017-03-27,543,28347,ggpubr
2017-03-28,520,28867,ggpubr
2017-03-29,525,29392,ggpubr
2017-03-30,413,29805,ggpubr
2017-03-31,365,30170,ggpubr
2017-04-01,238,30408,ggpubr
2017-04-02,199,30607,ggpubr
2017-04-03,388,30995,ggpubr
2017-04-04,473,31468,ggpubr
2017-04-05,480,31948,ggpubr
2017-04-06,426,32374,ggpubr
2017-04-07,417,32791,ggpubr
2017-04-08,186,32977,ggpubr
2017-04-09,216,33193,ggpubr
2017-04-10,487,33680,ggpubr
2017-04-11,515,34195,ggpubr
2017-04-12,394,34589,ggpubr
2017-04-13,359,34948,ggpubr
2017-04-14,272,35220,ggpubr
2017-04-15,154,35374,ggpubr
2017-04-16,136,35510,ggpubr
2017-04-17,283,35793,ggpubr
2017-04-18,468,36261,ggpubr
2017-04-19,392,36653,ggpubr
2017-04-20,457,37110,ggpubr
2017-04-21,467,37577,ggpubr
2017-04-22,166,37743,ggpubr
2017-04-23,198,37941,ggpubr
2017-04-24,550,38491,ggpubr
2017-04-25,598,39089,ggpubr
2017-04-26,583,39672,ggpubr
2017-04-27,576,40248,ggpubr
2017-04-28,350,40598,ggpubr
2017-04-29,182,40780,ggpubr
2017-04-30,210,40990,ggpubr
2017-05-01,294,41284,ggpubr
2017-05-02,417,41701,ggpubr
2017-05-03,414,42115,ggpubr
2017-05-04,472,42587,ggpubr
2017-05-05,330,42917,ggpubr
2017-05-06,203,43120,ggpubr
2017-05-07,183,43303,ggpubr
2017-05-08,376,43679,ggpubr
2017-05-09,437,44116,ggpubr
2017-05-10,363,44479,ggpubr
2017-05-11,498,44977,ggpubr
2017-05-12,374,45351,ggpubr
2017-05-13,168,45519,ggpubr
2017-05-14,182,45701,ggpubr
2017-05-15,456,46157,ggpubr
2017-05-16,451,46608,ggpubr
2017-05-17,506,47114,ggpubr
2017-05-18,401,47515,ggpubr
2017-05-19,279,47794,ggpubr
2017-05-20,151,47945,ggpubr
2017-05-21,160,48105,ggpubr
2017-05-22,341,48446,ggpubr
2017-05-23,425,48871,ggpubr
2017-05-24,458,49329,ggpubr
2017-05-25,359,49688,ggpubr
2017-05-26,391,50079,ggpubr
2017-05-27,173,50252,ggpubr
2017-05-28,157,50409,ggpubr
2017-05-29,323,50732,ggpubr
2017-05-30,397,51129,ggpubr
2017-05-31,367,51496,ggpubr
2017-06-01,320,51816,ggpubr
2017-06-02,333,52149,ggpubr
2017-06-03,190,52339,ggpubr
2017-06-04,163,52502,ggpubr
2017-06-05,353,52855,ggpubr
2017-06-06,890,53745,ggpubr
2017-06-07,781,54526,ggpubr
2017-06-08,729,55255,ggpubr
2017-06-09,697,55952,ggpubr
2017-06-10,331,56283,ggpubr
2017-06-11,280,56563,ggpubr
2017-06-12,715,57278,ggpubr
2017-06-13,689,57967,ggpubr
2017-06-14,591,58558,ggpubr
2017-06-15,619,59177,ggpubr
2017-06-16,484,59661,ggpubr
2017-06-17,260,59921,ggpubr
2017-06-18,273,60194,ggpubr
2017-06-19,722,60916,ggpubr
2017-06-20,598,61514,ggpubr
2017-06-21,583,62097,ggpubr
2017-06-22,532,62629,ggpubr
2017-06-23,366,62995,ggpubr
2017-06-24,202,63197,ggpubr
2017-06-25,160,63357,ggpubr
2017-06-26,505,63862,ggpubr
2017-06-27,458,64320,ggpubr
2017-06-28,1508,65828,ggpubr
2017-06-29,1146,66974,ggpubr
2017-06-30,710,67684,ggpubr
2017-07-01,257,67941,ggpubr
2017-07-02,236,68177,ggpubr
2017-07-03,568,68745,ggpubr
2017-07-04,563,69308,ggpubr
2017-07-05,554,69862,ggpubr
2017-07-06,736,70598,ggpubr
2017-07-07,563,71161,ggpubr
2017-07-08,213,71374,ggpubr
2017-07-09,294,71668,ggpubr
2017-07-10,578,72246,ggpubr
2017-07-11,552,72798,ggpubr
2017-07-12,538,73336,ggpubr
2017-07-13,498,73834,ggpubr
2017-07-14,359,74193,ggpubr
2017-07-15,140,74333,ggpubr
2017-07-16,184,74517,ggpubr
2017-07-17,428,74945,ggpubr
2017-07-18,596,75541,ggpubr
2017-07-19,593,76134,ggpubr
2017-07-20,559,76693,ggpubr
2017-07-21,519,77212,ggpubr
2017-07-22,189,77401,ggpubr
2017-07-23,187,77588,ggpubr
2017-07-24,564,78152,ggpubr
2017-07-25,508,78660,ggpubr
2017-07-26,497,79157,ggpubr
2017-07-27,641,79798,ggpubr
2017-07-28,532,80330,ggpubr
2017-07-29,213,80543,ggpubr
2017-07-30,243,80786,ggpubr
2017-07-31,577,81363,ggpubr
2017-08-01,622,81985,ggpubr
2017-08-02,628,82613,ggpubr
2017-08-03,524,83137,ggpubr
2017-08-04,423,83560,ggpubr
2017-08-05,200,83760,ggpubr
2017-08-06,219,83979,ggpubr
2017-08-07,507,84486,ggpubr
2017-08-08,566,85052,ggpubr
2017-08-09,534,85586,ggpubr
2017-08-10,575,86161,ggpubr
2017-08-11,449,86610,ggpubr
2017-08-12,199,86809,ggpubr
2017-08-13,196,87005,ggpubr
2017-08-14,456,87461,ggpubr
2017-08-15,477,87938,ggpubr
2017-08-16,534,88472,ggpubr
2017-08-17,519,88991,ggpubr
2017-08-18,428,89419,ggpubr
2017-08-19,245,89664,ggpubr
2017-08-20,245,89909,ggpubr
2017-08-21,518,90427,ggpubr
2017-08-22,1521,91948,ggpubr
2017-08-23,1404,93352,ggpubr
2017-08-24,1018,94370,ggpubr
2017-08-25,794,95164,ggpubr
2017-08-26,340,95504,ggpubr
2017-08-27,298,95802,ggpubr
2017-08-28,858,96660,ggpubr
2017-08-29,835,97495,ggpubr
2017-08-30,788,98283,ggpubr
2017-08-31,688,98971,ggpubr
2017-09-01,601,99572,ggpubr
2017-09-02,307,99879,ggpubr
2017-09-03,281,100160,ggpubr
2017-09-04,634,100794,ggpubr
2017-09-05,796,101590,ggpubr
2017-09-06,833,102423,ggpubr
2017-09-07,770,103193,ggpubr
2017-09-08,617,103810,ggpubr
2017-09-09,289,104099,ggpubr
2017-09-10,324,104423,ggpubr
2017-09-11,782,105205,ggpubr
2017-09-12,774,105979,ggpubr
2017-09-13,953,106932,ggpubr
2017-09-14,1030,107962,ggpubr
2017-09-15,780,108742,ggpubr
2017-09-16,317,109059,ggpubr
2017-09-17,336,109395,ggpubr
2017-09-18,704,110099,ggpubr
2017-09-19,746,110845,ggpubr
2017-09-20,856,111701,ggpubr
2017-09-21,704,112405,ggpubr
2017-09-22,708,113113,ggpubr
2017-09-23,363,113476,ggpubr
2017-09-24,349,113825,ggpubr
2017-09-25,762,114587,ggpubr
2017-09-26,837,115424,ggpubr
2017-09-27,822,116246,ggpubr
2017-09-28,829,117075,ggpubr
2017-09-29,726,117801,ggpubr
2017-09-30,348,118149,ggpubr
2017-10-01,340,118489,ggpubr
2017-10-02,747,119236,ggpubr
2017-10-03,820,120056,ggpubr
2017-10-04,868,120924,ggpubr
2017-10-05,758,121682,ggpubr
2017-10-06,683,122365,ggpubr
2017-10-07,361,122726,ggpubr
2017-10-08,400,123126,ggpubr
2017-10-09,758,123884,ggpubr
2017-10-10,890,124774,ggpubr
2017-10-11,1021,125795,ggpubr
2017-10-12,847,126642,ggpubr
2017-10-13,717,127359,ggpubr
2017-10-14,446,127805,ggpubr
2017-10-15,413,128218,ggpubr
2017-10-16,914,129132,ggpubr
2017-10-17,1038,130170,ggpubr
2017-10-18,842,131012,ggpubr
2017-10-19,793,131805,ggpubr
2017-10-20,716,132521,ggpubr
2017-10-21,391,132912,ggpubr
2017-10-22,558,133470,ggpubr
2017-10-23,943,134413,ggpubr
2017-10-24,1017,135430,ggpubr
2017-10-25,1033,136463,ggpubr
2017-10-26,922,137385,ggpubr
2017-10-27,871,138256,ggpubr
2017-10-28,418,138674,ggpubr
2017-10-29,489,139163,ggpubr
2017-10-30,847,140010,ggpubr
2017-10-31,1088,141098,ggpubr
2017-11-01,912,142010,ggpubr
2017-11-02,991,143001,ggpubr
2017-11-03,789,143790,ggpubr
2017-11-04,434,144224,ggpubr
2017-11-05,488,144712,ggpubr
2017-11-06,931,145643,ggpubr
2017-11-07,1062,146705,ggpubr
2017-11-08,1030,147735,ggpubr
2017-11-09,1056,148791,ggpubr
2017-11-10,921,149712,ggpubr
2017-11-11,422,150134,ggpubr
2017-11-12,527,150661,ggpubr
2017-11-13,1107,151768,ggpubr
2017-11-14,1904,153672,ggpubr
2017-11-15,2248,155920,ggpubr
2017-11-16,2118,158038,ggpubr
2017-11-17,1358,159396,ggpubr
2017-11-18,685,160081,ggpubr
2017-11-19,651,160732,ggpubr
2017-11-20,1490,162222,ggpubr
2017-11-21,1530,163752,ggpubr
2017-11-22,1366,165118,ggpubr
2017-11-23,1063,166181,ggpubr
2017-11-24,994,167175,ggpubr
2017-11-25,576,167751,ggpubr
2017-11-26,646,168397,ggpubr
2017-11-27,1507,169904,ggpubr
2017-11-28,1563,171467,ggpubr
2017-11-29,1450,172917,ggpubr
2017-11-30,1376,174293,ggpubr
2017-12-01,1301,175594,ggpubr
2017-12-02,636,176230,ggpubr
2017-12-03,663,176893,ggpubr
2017-12-04,1330,178223,ggpubr
2017-12-05,1312,179535,ggpubr
2017-12-06,1368,180903,ggpubr
2017-12-07,1353,182256,ggpubr
2017-12-08,912,183168,ggpubr
2017-12-09,586,183754,ggpubr
2017-12-10,570,184324,ggpubr
2017-12-11,1161,185485,ggpubr
2017-12-12,1169,186654,ggpubr
2017-12-13,1099,187753,ggpubr
2017-12-14,1131,188884,ggpubr
2017-12-15,939,189823,ggpubr
2017-12-16,465,190288,ggpubr
2017-12-17,465,190753,ggpubr
2017-12-18,1050,191803,ggpubr
2017-12-19,930,192733,ggpubr
2017-12-20,989,193722,ggpubr
2017-12-21,860,194582,ggpubr
2017-12-22,600,195182,ggpubr
2017-12-23,281,195463,ggpubr
2017-12-24,274,195737,ggpubr
2017-12-25,242,195979,ggpubr
2017-12-26,438,196417,ggpubr
2017-12-27,499,196916,ggpubr
2017-12-28,480,197396,ggpubr
2017-12-29,450,197846,ggpubr
2017-12-30,297,198143,ggpubr
2017-12-31,197,198340,ggpubr
2018-01-01,213,198553,ggpubr
2018-01-02,723,199276,ggpubr
2018-01-03,709,199985,ggpubr
2018-01-04,854,200839,ggpubr
2018-01-05,790,201629,ggpubr
2018-01-06,388,202017,ggpubr
2018-01-07,418,202435,ggpubr
2018-01-08,898,203333,ggpubr
2018-01-09,942,204275,ggpubr
2018-01-10,914,205189,ggpubr
2018-01-11,858,206047,ggpubr
2018-01-12,836,206883,ggpubr
2018-01-13,456,207339,ggpubr
2018-01-14,467,207806,ggpubr
2018-01-15,922,208728,ggpubr
2018-01-16,1028,209756,ggpubr
2018-01-17,995,210751,ggpubr
2018-01-18,909,211660,ggpubr
2018-01-19,975,212635,ggpubr
2018-01-20,424,213059,ggpubr
2018-01-21,453,213512,ggpubr
2018-01-22,994,214506,ggpubr
2018-01-23,1238,215744,ggpubr
2018-01-24,1076,216820,ggpubr
2018-01-25,1035,217855,ggpubr
2018-01-26,842,218697,ggpubr
2018-01-27,494,219191,ggpubr
2018-01-28,488,219679,ggpubr
2018-01-29,1126,220805,ggpubr
2018-01-30,1268,222073,ggpubr
2018-01-31,1190,223263,ggpubr
2018-02-01,1092,224355,ggpubr
2018-02-02,998,225353,ggpubr
2018-02-03,516,225869,ggpubr
2018-02-04,444,226313,ggpubr
2018-02-05,1216,227529,ggpubr
2018-02-06,1160,228689,ggpubr
2018-02-07,1114,229803,ggpubr
2018-02-08,1042,230845,ggpubr
2018-02-09,1172,232017,ggpubr
2018-02-10,532,232549,ggpubr
2018-02-11,473,233022,ggpubr
2018-02-12,1174,234196,ggpubr
2018-02-13,1156,235352,ggpubr
2018-02-14,1176,236528,ggpubr
2018-02-15,1083,237611,ggpubr
2018-02-16,956,238567,ggpubr
2018-02-17,453,239020,ggpubr
2018-02-18,521,239541,ggpubr
2018-02-19,1048,240589,ggpubr
2018-02-20,1094,241683,ggpubr
2018-02-21,1107,242790,ggpubr
2018-02-22,1240,244030,ggpubr
2018-02-23,888,244918,ggpubr
2018-02-24,506,245424,ggpubr
2018-02-25,471,245895,ggpubr
2018-02-26,1111,247006,ggpubr
2018-02-27,1073,248079,ggpubr
2018-02-28,1292,249371,ggpubr
2018-03-01,1136,250507,ggpubr
2018-03-02,1003,251510,ggpubr
2018-03-03,469,251979,ggpubr
2018-03-04,622,252601,ggpubr
2018-03-05,1277,253878,ggpubr
2018-03-06,1320,255198,ggpubr
2018-03-07,1227,256425,ggpubr
2018-03-08,1264,257689,ggpubr
2018-03-09,1029,258718,ggpubr
2018-03-10,499,259217,ggpubr
2018-03-11,573,259790,ggpubr
2018-03-12,1191,260981,ggpubr
2018-03-13,1386,262367,ggpubr
2018-03-14,1302,263669,ggpubr
2018-03-15,1517,265186,ggpubr
2018-03-16,1117,266303,ggpubr
2018-03-17,606,266909,ggpubr
2018-03-18,537,267446,ggpubr
2018-03-19,1265,268711,ggpubr
2018-03-20,1280,269991,ggpubr
2018-03-21,1359,271350,ggpubr
2018-03-22,1383,272733,ggpubr
2018-03-23,1059,273792,ggpubr
2018-03-24,510,274302,ggpubr
2018-03-25,659,274961,ggpubr
2018-03-26,1299,276260,ggpubr
2018-03-27,1338,277598,ggpubr
2018-03-28,1387,278985,ggpubr
2018-03-29,1068,280053,ggpubr
2018-03-30,805,280858,ggpubr
2018-03-31,540,281398,ggpubr
2018-04-01,436,281834,ggpubr
2018-04-02,924,282758,ggpubr
2018-04-03,1088,283846,ggpubr
2018-04-04,1237,285083,ggpubr
2018-04-05,1328,286411,ggpubr
2018-04-06,1037,287448,ggpubr
2018-04-07,561,288009,ggpubr
2018-04-08,668,288677,ggpubr
2018-04-09,1379,290056,ggpubr
2018-04-10,1551,291607,ggpubr
2018-04-11,1366,292973,ggpubr
2018-04-12,1259,294232,ggpubr
2018-04-13,1150,295382,ggpubr
2018-04-14,675,296057,ggpubr
2018-04-15,643,296700,ggpubr
2018-04-16,1339,298039,ggpubr
2018-04-17,1381,299420,ggpubr
2018-04-18,1385,300805,ggpubr
2018-04-19,1323,302128,ggpubr
2018-04-20,1129,303257,ggpubr
2018-04-21,561,303818,ggpubr
2018-04-22,724,304542,ggpubr
2018-04-23,1411,305953,ggpubr
2018-04-24,1778,307731,ggpubr
2018-04-25,1843,309574,ggpubr
2018-04-26,1640,311214,ggpubr
2018-04-27,1269,312483,ggpubr
2018-04-28,780,313263,ggpubr
2018-04-29,711,313974,ggpubr
2018-04-30,1325,315299,ggpubr
2018-05-01,1436,316735,ggpubr
2018-05-02,1453,318188,ggpubr
2018-05-03,1493,319681,ggpubr
2018-05-04,1277,320958,ggpubr
2018-05-05,729,321687,ggpubr
2018-05-06,646,322333,ggpubr
2018-05-07,1308,323641,ggpubr
2018-05-08,1311,324952,ggpubr
2018-05-09,1524,326476,ggpubr
2018-05-10,1209,327685,ggpubr
2018-05-11,1279,328964,ggpubr
2018-05-12,692,329656,ggpubr
2018-05-13,737,330393,ggpubr
2018-05-14,1452,331845,ggpubr
2018-05-15,1392,333237,ggpubr
2018-05-16,1453,334690,ggpubr
2018-05-17,1533,336223,ggpubr
2018-05-18,1299,337522,ggpubr
2018-05-19,638,338160,ggpubr
2018-05-20,681,338841,ggpubr
2018-05-21,1151,339992,ggpubr
2018-05-22,1342,341334,ggpubr
2018-05-23,1412,342746,ggpubr
2018-05-24,1300,344046,ggpubr
2018-05-25,1095,345141,ggpubr
2018-05-26,529,345670,ggpubr
2018-05-27,621,346291,ggpubr
2018-05-28,1192,347483,ggpubr
2018-05-29,1504,348987,ggpubr
2018-05-30,1332,350319,ggpubr
2018-05-31,1366,351685,ggpubr
2018-06-01,1151,352836,ggpubr
2018-06-02,593,353429,ggpubr
2018-06-03,626,354055,ggpubr
2018-06-04,1374,355429,ggpubr
2018-06-05,1446,356875,ggpubr
2018-06-06,1411,358286,ggpubr
2018-06-07,1422,359708,ggpubr
2018-06-08,1155,360863,ggpubr
2018-06-09,607,361470,ggpubr
2018-06-10,622,362092,ggpubr
2018-06-11,1149,363241,ggpubr
2018-06-12,1384,364625,ggpubr
2018-06-13,1299,365924,ggpubr
2018-06-14,1185,367109,ggpubr
2018-06-15,1055,368164,ggpubr
2018-06-16,482,368646,ggpubr
2018-06-17,470,369116,ggpubr
2018-06-18,1174,370290,ggpubr
2018-06-19,1296,371586,ggpubr
2018-06-20,1269,372855,ggpubr
2018-06-21,1180,374035,ggpubr
2018-06-22,1068,375103,ggpubr
2018-06-23,1787,376890,ggpubr
2018-06-24,1335,378225,ggpubr
2018-06-25,1895,380120,ggpubr
2018-06-26,1883,382003,ggpubr
2018-06-27,1671,383674,ggpubr
2018-06-28,1596,385270,ggpubr
2018-06-29,1313,386583,ggpubr
2018-06-30,705,387288,ggpubr
2018-07-01,636,387924,ggpubr
2018-07-02,1539,389463,ggpubr
2018-07-03,1733,391196,ggpubr
2018-07-04,1377,392573,ggpubr
2018-07-05,1588,394161,ggpubr
2018-07-06,1288,395449,ggpubr
2018-07-07,598,396047,ggpubr
2018-07-08,564,396611,ggpubr
2018-07-09,1604,398215,ggpubr
2018-07-10,1587,399802,ggpubr
2018-07-11,1545,401347,ggpubr
2018-07-12,1406,402753,ggpubr
2018-07-13,1224,403977,ggpubr
2018-07-14,551,404528,ggpubr
2018-07-15,518,405046,ggpubr
2018-07-16,1360,406406,ggpubr
2018-07-17,1446,407852,ggpubr
2018-07-18,1542,409394,ggpubr
2018-07-19,1541,410935,ggpubr
2018-07-20,1204,412139,ggpubr
2018-07-21,571,412710,ggpubr
2018-07-22,603,413313,ggpubr
2018-07-23,1478,414791,ggpubr
2018-07-24,1566,416357,ggpubr
2018-07-25,1409,417766,ggpubr
2018-07-26,1399,419165,ggpubr
2018-07-27,1177,420342,ggpubr
2018-07-28,620,420962,ggpubr
2018-07-29,614,421576,ggpubr
2018-07-30,1350,422926,ggpubr
2018-07-31,1389,424315,ggpubr
2018-08-01,1331,425646,ggpubr
2018-08-02,1256,426902,ggpubr
2018-08-03,1261,428163,ggpubr
2018-08-04,472,428635,ggpubr
2018-08-05,523,429158,ggpubr
2018-08-06,1255,430413,ggpubr
2018-08-07,1307,431720,ggpubr
2018-08-08,1401,433121,ggpubr
2018-08-09,1258,434379,ggpubr
2018-08-10,1192,435571,ggpubr
2018-08-11,532,436103,ggpubr
2018-08-12,545,436648,ggpubr
2018-08-13,1217,437865,ggpubr
2018-08-14,1315,439180,ggpubr
2018-08-15,1033,440213,ggpubr
2018-08-16,1234,441447,ggpubr
2018-08-17,1101,442548,ggpubr
2018-08-18,564,443112,ggpubr
2018-08-19,442,443554,ggpubr
2018-08-20,1140,444694,ggpubr
2018-08-21,1304,445998,ggpubr
2018-08-22,1407,447405,ggpubr
2018-08-23,1212,448617,ggpubr
2018-08-24,1228,449845,ggpubr
2018-08-25,490,450335,ggpubr
2018-08-26,534,450869,ggpubr
2018-08-27,1151,452020,ggpubr
2018-08-28,1316,453336,ggpubr
2018-08-29,1350,454686,ggpubr
2018-08-30,3388,458074,ggpubr
2018-08-31,2151,460225,ggpubr
2018-09-01,699,460924,ggpubr
2018-09-02,660,461584,ggpubr
2018-09-03,1350,462934,ggpubr
2018-09-04,1875,464809,ggpubr
2018-09-05,1628,466437,ggpubr
2018-09-06,1684,468121,ggpubr
2018-09-07,1559,469680,ggpubr
2018-09-08,715,470395,ggpubr
2018-09-09,694,471089,ggpubr
2018-09-10,1561,472650,ggpubr
2018-09-11,1606,474256,ggpubr
2018-09-12,1875,476131,ggpubr
2018-09-13,1927,478058,ggpubr
2018-09-14,2044,480102,ggpubr
2018-09-15,662,480764,ggpubr
2018-09-16,802,481566,ggpubr
2018-09-17,2059,483625,ggpubr
2018-09-18,2140,485765,ggpubr
2018-09-19,2043,487808,ggpubr
2018-09-20,1968,489776,ggpubr
2018-09-21,1499,491275,ggpubr
2018-09-22,851,492126,ggpubr
2018-09-23,865,492991,ggpubr
2018-09-24,1932,494923,ggpubr
2018-09-25,2032,496955,ggpubr
2018-09-26,2127,499082,ggpubr
2018-09-27,2082,501164,ggpubr
2018-09-28,1864,503028,ggpubr
2018-09-29,883,503911,ggpubr
2018-09-30,821,504732,ggpubr
2018-10-01,1892,506624,ggpubr
2018-10-02,2171,508795,ggpubr
2018-10-03,2127,510922,ggpubr
2018-10-04,2201,513123,ggpubr
2018-10-05,1991,515114,ggpubr
2018-10-06,829,515943,ggpubr
2018-10-07,964,516907,ggpubr
2018-10-08,1985,518892,ggpubr
2018-10-09,2220,521112,ggpubr
2018-10-10,2285,523397,ggpubr
2018-10-11,2300,525697,ggpubr
2018-10-12,1931,527628,ggpubr
2018-10-13,888,528516,ggpubr
2018-10-14,1075,529591,ggpubr
2018-10-15,2142,531733,ggpubr
2018-10-16,2408,534141,ggpubr
2018-10-17,2449,536590,ggpubr
2018-10-18,2485,539075,ggpubr
2018-10-19,1992,541067,ggpubr
2018-10-20,1147,542214,ggpubr
2018-10-21,1270,543484,ggpubr
2018-10-22,2544,546028,ggpubr
2018-10-23,2519,548547,ggpubr
2018-10-24,2564,551111,ggpubr
2018-10-25,2417,553528,ggpubr
2018-10-26,2284,555812,ggpubr
2018-10-27,1199,557011,ggpubr
2018-10-28,1086,558097,ggpubr
2018-10-29,2274,560371,ggpubr
2018-10-30,2467,562838,ggpubr
2018-10-31,2225,565063,ggpubr
2018-11-01,2054,567117,ggpubr
2018-11-02,1795,568912,ggpubr
2018-11-03,1082,569994,ggpubr
2018-11-04,1110,571104,ggpubr
2018-11-05,2367,573471,ggpubr
2018-11-06,2451,575922,ggpubr
2018-11-07,2615,578537,ggpubr
2018-11-08,2458,580995,ggpubr
2018-11-09,1985,582980,ggpubr
2018-11-10,1233,584213,ggpubr
2018-11-11,1347,585560,ggpubr
2018-11-12,3689,589249,ggpubr
2018-11-13,3763,593012,ggpubr
2018-11-14,3535,596547,ggpubr
2018-11-15,4539,601086,ggpubr
2018-11-16,4099,605185,ggpubr
2018-11-17,1624,606809,ggpubr
2018-11-18,1695,608504,ggpubr
2018-11-19,3325,611829,ggpubr
2018-11-20,3094,614923,ggpubr
2018-11-21,3008,617931,ggpubr
2018-11-22,2569,620500,ggpubr
2018-11-23,2253,622753,ggpubr
2018-11-24,1462,624215,ggpubr
2018-11-25,1579,625794,ggpubr
2018-11-26,3053,628847,ggpubr
2018-11-27,3406,632253,ggpubr
2018-11-28,2987,635240,ggpubr
2018-11-29,3050,638290,ggpubr
2018-11-30,2916,641206,ggpubr
2018-12-01,1513,642719,ggpubr
2018-12-02,1561,644280,ggpubr
2018-12-03,3115,647395,ggpubr
2018-12-04,3159,650554,ggpubr
2018-12-05,2993,653547,ggpubr
2018-12-06,3044,656591,ggpubr
2018-12-07,2535,659126,ggpubr
2018-12-08,1430,660556,ggpubr
2018-12-09,1403,661959,ggpubr
2018-12-10,2759,664718,ggpubr
2018-12-11,2819,667537,ggpubr
2018-12-12,2702,670239,ggpubr
2018-12-13,2510,672749,ggpubr
2018-12-14,2177,674926,ggpubr
2018-12-15,1319,676245,ggpubr
2018-12-16,1578,677823,ggpubr
2018-12-17,2304,680127,ggpubr
2018-12-18,2384,682511,ggpubr
2018-12-19,2264,684775,ggpubr
2018-12-20,2153,686928,ggpubr
2018-12-21,1663,688591,ggpubr
2018-12-22,861,689452,ggpubr
2018-12-23,904,690356,ggpubr
2018-12-24,873,691229,ggpubr
2018-12-25,809,692038,ggpubr
2018-12-26,1012,693050,ggpubr
2018-12-27,1169,694219,ggpubr
2018-12-28,1191,695410,ggpubr
2018-12-29,604,696014,ggpubr
2018-12-30,617,696631,ggpubr
2018-12-31,667,697298,ggpubr
2019-01-01,423,697721,ggpubr
2019-01-02,1425,699146,ggpubr
2019-01-03,1744,700890,ggpubr
2019-01-04,1759,702649,ggpubr
2019-01-05,1086,703735,ggpubr
2019-01-06,1020,704755,ggpubr
2019-01-07,2126,706881,ggpubr
2019-01-08,2602,709483,ggpubr
2019-01-09,4367,713850,ggpubr
2019-01-10,4056,717906,ggpubr
2019-01-11,2468,720374,ggpubr
2019-01-12,1847,722221,ggpubr
2019-01-13,1841,724062,ggpubr
2019-01-14,3863,727925,ggpubr
2019-01-15,3708,731633,ggpubr
2019-01-16,3337,734970,ggpubr
2019-01-17,3129,738099,ggpubr
2019-01-18,4246,742345,ggpubr
2019-01-19,2137,744482,ggpubr
2019-01-20,1854,746336,ggpubr
2019-01-21,4089,750425,ggpubr
2019-01-22,4960,755385,ggpubr
2019-01-23,3458,758843,ggpubr
2019-01-24,4013,762856,ggpubr
2019-01-25,4473,767329,ggpubr
2019-01-26,2145,769474,ggpubr
2019-01-27,2276,771750,ggpubr
2019-01-28,4483,776233,ggpubr
2019-01-29,4332,780565,ggpubr
2019-01-30,4459,785024,ggpubr
2019-01-31,2637,787661,ggpubr
2019-02-01,4992,792653,ggpubr
2019-02-02,2792,795445,ggpubr
2019-02-03,2324,797769,ggpubr
2019-02-04,4762,802531,ggpubr
2019-02-05,4414,806945,ggpubr
2019-02-06,4339,811284,ggpubr
2019-02-07,5062,816346,ggpubr
2019-02-08,4742,821088,ggpubr
2019-02-09,2904,823992,ggpubr
2019-02-10,2788,826780,ggpubr
2019-02-11,4846,831626,ggpubr
2019-02-12,5381,837007,ggpubr
2019-02-13,6510,843517,ggpubr
2019-02-14,3641,847158,ggpubr
2019-02-15,8650,855808,ggpubr
2019-02-16,2625,858433,ggpubr
2019-02-17,2884,861317,ggpubr
2019-02-18,4502,865819,ggpubr
2019-02-19,4808,870627,ggpubr
2019-02-20,5544,876171,ggpubr
2019-02-21,6429,882600,ggpubr
2019-02-22,5217,887817,ggpubr
2019-02-23,2982,890799,ggpubr
2019-02-24,2095,892894,ggpubr
2019-02-25,5001,897895,ggpubr
2019-02-26,5480,903375,ggpubr
2019-02-27,4640,908015,ggpubr
2019-02-28,4228,912243,ggpubr
2019-03-01,3557,915800,ggpubr
2019-03-02,1701,917501,ggpubr
2019-03-03,1958,919459,ggpubr
2019-03-04,3533,922992,ggpubr
2019-03-05,3846,926838,ggpubr
2019-03-06,4096,930934,ggpubr
2019-03-07,3983,934917,ggpubr
2019-03-08,3285,938202,ggpubr
2019-03-09,2199,940401,ggpubr
2019-03-10,2125,942526,ggpubr
2019-03-11,3662,946188,ggpubr
2019-03-12,3990,950178,ggpubr
2019-03-13,3730,953908,ggpubr
2019-03-14,3646,957554,ggpubr
2019-03-15,3059,960613,ggpubr
2019-03-16,1993,962606,ggpubr
2019-03-17,2005,964611,ggpubr
2019-03-18,3910,968521,ggpubr
2019-03-19,3874,972395,ggpubr
2019-03-20,4145,976540,ggpubr
2019-03-21,4075,980615,ggpubr
2019-03-22,4024,984639,ggpubr
2019-03-23,2050,986689,ggpubr
2019-03-24,2082,988771,ggpubr
2019-03-25,3478,992249,ggpubr
2019-03-26,4276,996525,ggpubr
2019-03-27,4203,1000728,ggpubr
2019-03-28,4148,1004876,ggpubr
2019-03-29,2910,1007786,ggpubr
2019-03-30,2078,1009864,ggpubr
2019-03-31,2054,1011918,ggpubr
2019-04-01,4010,1015928,ggpubr
2019-04-02,3862,1019790,ggpubr
2019-04-03,4243,1024033,ggpubr
2019-04-04,4324,1028357,ggpubr
2019-04-05,3698,1032055,ggpubr
2019-04-06,1639,1033694,ggpubr
2019-04-07,1740,1035434,ggpubr
2019-04-08,3711,1039145,ggpubr
2019-04-09,3944,1043089,ggpubr
2019-04-10,4294,1047383,ggpubr
2019-04-11,3969,1051352,ggpubr
2019-04-12,3726,1055078,ggpubr
2019-04-13,2172,1057250,ggpubr
2019-04-14,2012,1059262,ggpubr
2019-04-15,4035,1063297,ggpubr
2019-04-16,3919,1067216,ggpubr
2019-04-17,4362,1071578,ggpubr
2019-04-18,3564,1075142,ggpubr
2019-04-19,2874,1078016,ggpubr
2019-04-20,2086,1080102,ggpubr
2019-04-21,2030,1082132,ggpubr
2019-04-22,3073,1085205,ggpubr
2019-04-23,4143,1089348,ggpubr
2019-04-24,3714,1093062,ggpubr
2019-04-25,3363,1096425,ggpubr
2019-04-26,3475,1099900,ggpubr
2019-04-27,2426,1102326,ggpubr
2019-04-28,2341,1104667,ggpubr
2019-04-29,3831,1108498,ggpubr
2019-04-30,4148,1112646,ggpubr
2019-05-01,3762,1116408,ggpubr
2019-05-02,4043,1120451,ggpubr
2019-05-03,3068,1123519,ggpubr
2019-05-04,1759,1125278,ggpubr
2019-05-05,1774,1127052,ggpubr
2019-05-06,3567,1130619,ggpubr
2019-05-07,3620,1134239,ggpubr
2019-05-08,4226,1138465,ggpubr
2019-05-09,4108,1142573,ggpubr
2019-05-10,3382,1145955,ggpubr
2019-05-11,1734,1147689,ggpubr
2019-05-12,2285,1149974,ggpubr
2019-05-13,3975,1153949,ggpubr
2019-05-14,3924,1157873,ggpubr
2019-05-15,4015,1161888,ggpubr
2019-05-16,4072,1165960,ggpubr
2019-05-17,3473,1169433,ggpubr
2019-05-18,2247,1171680,ggpubr
2019-05-19,2252,1173932,ggpubr
2019-05-20,3689,1177621,ggpubr
2019-05-21,3823,1181444,ggpubr
2019-05-22,3364,1184808,ggpubr
2019-05-23,3654,1188462,ggpubr
2019-05-24,3442,1191904,ggpubr
2019-05-25,1969,1193873,ggpubr
2019-05-26,1917,1195790,ggpubr
2019-05-27,2708,1198498,ggpubr
2019-05-28,3649,1202147,ggpubr
2019-05-29,3175,1205322,ggpubr
2019-05-30,3462,1208784,ggpubr
2019-05-31,3273,1212057,ggpubr
2019-06-01,2090,1214147,ggpubr
2019-06-02,1848,1215995,ggpubr
2019-06-03,3883,1219878,ggpubr
2019-06-04,3819,1223697,ggpubr
2019-06-05,4092,1227789,ggpubr
2019-06-06,3780,1231569,ggpubr
2019-06-07,3364,1234933,ggpubr
2019-06-08,1963,1236896,ggpubr
2019-06-09,2001,1238897,ggpubr
2019-06-10,3432,1242329,ggpubr
2019-06-11,3778,1246107,ggpubr
2019-06-12,3768,1249875,ggpubr
2019-06-13,3550,1253425,ggpubr
2019-06-14,3258,1256683,ggpubr
2019-06-15,2163,1258846,ggpubr
2019-06-16,2276,1261122,ggpubr
2019-06-17,3775,1264897,ggpubr
2019-06-18,3739,1268636,ggpubr
2019-06-19,3668,1272304,ggpubr
2019-06-20,3686,1275990,ggpubr
2019-06-21,3185,1279175,ggpubr
2019-06-22,1364,1280539,ggpubr
2019-06-23,3378,1283917,ggpubr
2019-06-24,4698,1288615,ggpubr
2019-06-25,4700,1293315,ggpubr
2019-06-26,4191,1297506,ggpubr
2019-06-27,3837,1301343,ggpubr
2019-06-28,4144,1305487,ggpubr
2019-06-29,2465,1307952,ggpubr
2019-06-30,2400,1310352,ggpubr
2019-07-01,4348,1314700,ggpubr
2019-07-02,4300,1319000,ggpubr
2019-07-03,4471,1323471,ggpubr
2019-07-04,3492,1326963,ggpubr
2019-07-05,3459,1330422,ggpubr
2019-07-06,2045,1332467,ggpubr
2019-07-07,2155,1334622,ggpubr
2019-07-08,4379,1339001,ggpubr
2019-07-09,4516,1343517,ggpubr
2019-07-10,3901,1347418,ggpubr
2019-07-11,4153,1351571,ggpubr
2019-07-12,3252,1354823,ggpubr
2019-07-13,1376,1356199,ggpubr
2019-07-14,1430,1357629,ggpubr
2019-07-15,3489,1361118,ggpubr
2019-07-16,3861,1364979,ggpubr
2019-07-17,3505,1368484,ggpubr
2019-07-18,3457,1371941,ggpubr
2019-07-19,2940,1374881,ggpubr
2019-07-20,1458,1376339,ggpubr
2019-07-21,1771,1378110,ggpubr
2019-07-22,3394,1381504,ggpubr
2019-07-23,3314,1384818,ggpubr
2019-07-24,3962,1388780,ggpubr
2019-07-25,3972,1392752,ggpubr
2019-07-26,3298,1396050,ggpubr
2019-07-27,1425,1397475,ggpubr
2019-07-28,1369,1398844,ggpubr
2019-07-29,3213,1402057,ggpubr
2019-07-30,3332,1405389,ggpubr
2019-07-31,3254,1408643,ggpubr
2019-08-01,3188,1411831,ggpubr
2019-08-02,2984,1414815,ggpubr
2019-08-03,1473,1416288,ggpubr
2019-08-04,1319,1417607,ggpubr
2019-08-05,2951,1420558,ggpubr
2019-08-06,3303,1423861,ggpubr
2019-08-07,4462,1428323,ggpubr
2019-08-08,4922,1433245,ggpubr
2019-08-09,3714,1436959,ggpubr
2019-08-10,2153,1439112,ggpubr
2019-08-11,2135,1441247,ggpubr
2019-08-12,3765,1445012,ggpubr
2019-08-13,3854,1448866,ggpubr
2019-08-14,3779,1452645,ggpubr
2019-08-15,3358,1456003,ggpubr
2019-08-16,3222,1459225,ggpubr
2019-08-17,1898,1461123,ggpubr
2019-08-18,1968,1463091,ggpubr
2019-08-19,4070,1467161,ggpubr
2019-08-20,3779,1470940,ggpubr
2019-08-21,3873,1474813,ggpubr
2019-08-22,4003,1478816,ggpubr
2019-08-23,2977,1481793,ggpubr
2019-08-24,1773,1483566,ggpubr
2019-08-25,1918,1485484,ggpubr
2019-08-26,4023,1489507,ggpubr
2019-08-27,4212,1493719,ggpubr
2019-08-28,3845,1497564,ggpubr
2019-08-29,3891,1501455,ggpubr
2019-08-30,3531,1504986,ggpubr
2019-08-31,1784,1506770,ggpubr
2019-09-01,1927,1508697,ggpubr
2019-09-02,3289,1511986,ggpubr
2019-09-03,4460,1516446,ggpubr
2019-09-04,6845,1523291,ggpubr
2019-09-05,6148,1529439,ggpubr
2019-09-06,4892,1534331,ggpubr
2019-09-07,3270,1537601,ggpubr
2019-09-08,3315,1540916,ggpubr
2019-09-09,5544,1546460,ggpubr
2019-09-10,4921,1551381,ggpubr
2019-09-11,4626,1556007,ggpubr
2019-09-12,4460,1560467,ggpubr
2019-09-13,3676,1564143,ggpubr
2019-09-14,2784,1566927,ggpubr
2019-09-15,2755,1569682,ggpubr
2019-09-16,5079,1574761,ggpubr
2019-09-17,5449,1580210,ggpubr
2019-09-18,5509,1585719,ggpubr
2019-09-19,5549,1591268,ggpubr
2019-09-20,4852,1596120,ggpubr
2019-09-21,3041,1599161,ggpubr
2019-09-22,3156,1602317,ggpubr
2019-09-23,5721,1608038,ggpubr
2019-09-24,5786,1613824,ggpubr
2019-09-25,6400,1620224,ggpubr
2019-09-26,5861,1626085,ggpubr
2019-09-27,5018,1631103,ggpubr
2019-09-28,2893,1633996,ggpubr
2019-09-29,2978,1636974,ggpubr
2019-09-30,5082,1642056,ggpubr
2019-10-01,5128,1647184,ggpubr
2019-10-02,5081,1652265,ggpubr
2019-10-03,4684,1656949,ggpubr
2019-10-04,4370,1661319,ggpubr
2019-10-05,2620,1663939,ggpubr
2019-10-06,2903,1666842,ggpubr
2019-10-07,4928,1671770,ggpubr
2019-10-08,5415,1677185,ggpubr
2019-10-09,5264,1682449,ggpubr
2019-10-10,5026,1687475,ggpubr
2019-10-11,4857,1692332,ggpubr
2019-10-12,2377,1694709,ggpubr
2019-10-13,2718,1697427,ggpubr
2019-10-14,4953,1702380,ggpubr
2019-10-15,5493,1707873,ggpubr
2019-10-16,5447,1713320,ggpubr
2019-10-17,5383,1718703,ggpubr
2019-10-18,4757,1723460,ggpubr
2019-10-19,2780,1726240,ggpubr
2019-10-20,2987,1729227,ggpubr
2019-10-21,5287,1734514,ggpubr
2019-10-22,6042,1740556,ggpubr
2019-10-23,5672,1746228,ggpubr
2019-10-24,5623,1751851,ggpubr
2019-10-25,4761,1756612,ggpubr
2019-10-26,2748,1759360,ggpubr
2019-10-27,2881,1762241,ggpubr
2019-10-28,5227,1767468,ggpubr
2019-10-29,5040,1772508,ggpubr
2019-10-30,4988,1777496,ggpubr
2019-10-31,4849,1782345,ggpubr
2019-11-01,3761,1786106,ggpubr
2019-11-02,2180,1788286,ggpubr
2019-11-03,2438,1790724,ggpubr
2019-11-04,5016,1795740,ggpubr
2019-11-05,5311,1801051,ggpubr
2019-11-06,4469,1805520,ggpubr
2019-11-07,4846,1810366,ggpubr
2019-11-08,4588,1814954,ggpubr
2019-11-09,2519,1817473,ggpubr
2019-11-10,2704,1820177,ggpubr
2019-11-11,4637,1824814,ggpubr
2019-11-12,4903,1829717,ggpubr
2019-11-13,5043,1834760,ggpubr
2019-11-14,6874,1841634,ggpubr
2019-11-15,5853,1847487,ggpubr
2019-11-16,3166,1850653,ggpubr
2019-11-17,3327,1853980,ggpubr
2019-11-18,6175,1860155,ggpubr
2019-11-19,6690,1866845,ggpubr
2019-11-20,6261,1873106,ggpubr
2019-11-21,6094,1879200,ggpubr
2019-11-22,5321,1884521,ggpubr
2019-11-23,2800,1887321,ggpubr
2019-11-24,2945,1890266,ggpubr
2019-11-25,6102,1896368,ggpubr
2019-11-26,6135,1902503,ggpubr
2019-11-27,5755,1908258,ggpubr
2019-11-28,4784,1913042,ggpubr
2019-11-29,3963,1917005,ggpubr
2019-11-30,2665,1919670,ggpubr
2019-12-01,2898,1922568,ggpubr
2019-12-02,6523,1929091,ggpubr
2019-12-03,6276,1935367,ggpubr
2019-12-04,5613,1940980,ggpubr
2019-12-05,5665,1946645,ggpubr
2019-12-06,5043,1951688,ggpubr
2019-12-07,2630,1954318,ggpubr
2019-12-08,2801,1957119,ggpubr
2019-12-09,5723,1962842,ggpubr
2019-12-10,5714,1968556,ggpubr
2019-12-11,5450,1974006,ggpubr
2019-12-12,6069,1980075,ggpubr
2019-12-13,5071,1985146,ggpubr
2019-12-14,3013,1988159,ggpubr
2019-12-15,2706,1990865,ggpubr
2019-12-16,4684,1995549,ggpubr
2019-12-17,5019,2000568,ggpubr
2019-12-18,4857,2005425,ggpubr
2019-12-19,4775,2010200,ggpubr
2019-12-20,3962,2014162,ggpubr
2019-12-21,2239,2016401,ggpubr
2019-12-22,2289,2018690,ggpubr
2019-12-23,3281,2021971,ggpubr
2019-12-24,2649,2024620,ggpubr
2019-12-25,1975,2026595,ggpubr
2019-12-26,2674,2029269,ggpubr
2019-12-27,2424,2031693,ggpubr
2019-12-28,2009,2033702,ggpubr
2019-12-29,2146,2035848,ggpubr
2019-12-30,2623,2038471,ggpubr
2019-12-31,2261,2040732,ggpubr
2020-01-01,1737,2042469,ggpubr
2020-01-02,3303,2045772,ggpubr
2020-01-03,3531,2049303,ggpubr
2020-01-04,2211,2051514,ggpubr
2020-01-05,2577,2054091,ggpubr
2020-01-06,4164,2058255,ggpubr
2020-01-07,4660,2062915,ggpubr
2020-01-08,4391,2067306,ggpubr
2020-01-09,4673,2071979,ggpubr
2020-01-10,4236,2076215,ggpubr
2020-01-11,2601,2078816,ggpubr
2020-01-12,2592,2081408,ggpubr
2020-01-13,4471,2085879,ggpubr
2020-01-14,5166,2091045,ggpubr
2020-01-15,4847,2095892,ggpubr
2020-01-16,4852,2100744,ggpubr
2020-01-17,4303,2105047,ggpubr
2020-01-18,2188,2107235,ggpubr
2020-01-19,2481,2109716,ggpubr
2020-01-20,4660,2114376,ggpubr
2020-01-21,4760,2119136,ggpubr
2020-01-22,5453,2124589,ggpubr
2020-01-23,4645,2129234,ggpubr
2020-01-24,4353,2133587,ggpubr
2020-01-25,2342,2135929,ggpubr
2020-01-26,2941,2138870,ggpubr
2020-01-27,5204,2144074,ggpubr
2020-01-28,4966,2149040,ggpubr
2020-01-29,5708,2154748,ggpubr
2020-01-30,5928,2160676,ggpubr
2020-01-31,4941,2165617,ggpubr
2020-02-01,2650,2168267,ggpubr
2020-02-02,2656,2170923,ggpubr
2020-02-03,5615,2176538,ggpubr
2020-02-04,6070,2182608,ggpubr
2020-02-05,5651,2188259,ggpubr
2020-02-06,5887,2194146,ggpubr
2020-02-07,5843,2199989,ggpubr
2020-02-08,2750,2202739,ggpubr
2020-02-09,2870,2205609,ggpubr
2020-02-10,5542,2211151,ggpubr
2020-02-11,6122,2217273,ggpubr
2020-02-12,6369,2223642,ggpubr
2020-02-13,8094,2231736,ggpubr
2020-02-14,7510,2239246,ggpubr
2020-02-15,3674,2242920,ggpubr
2020-02-16,3751,2246671,ggpubr
2020-02-17,7591,2254262,ggpubr
2020-02-18,8411,2262673,ggpubr
2020-02-19,8296,2270969,ggpubr
2020-02-20,7908,2278877,ggpubr
2020-02-21,6981,2285858,ggpubr
2020-02-22,4471,2290329,ggpubr
2020-02-23,4215,2294544,ggpubr
2020-02-24,7065,2301609,ggpubr
2020-02-25,7509,2309118,ggpubr
2020-02-26,8506,2317624,ggpubr
2020-02-27,7543,2325167,ggpubr
2020-02-28,6917,2332084,ggpubr
2020-02-29,1035,2333119,ggpubr
2020-03-01,4156,2337275,ggpubr
2020-03-02,7825,2345100,ggpubr
2020-03-03,8220,2353320,ggpubr
2020-03-04,8090,2361410,ggpubr
2020-03-05,8163,2369573,ggpubr
2020-03-06,7199,2376772,ggpubr
2020-03-07,4026,2380798,ggpubr
2020-03-08,3966,2384764,ggpubr
2020-03-09,7517,2392281,ggpubr
2020-03-10,7538,2399819,ggpubr
2020-03-11,7729,2407548,ggpubr
2020-03-12,8789,2416337,ggpubr
2020-03-13,6506,2422843,ggpubr
2020-03-14,4212,2427055,ggpubr
2020-03-15,4445,2431500,ggpubr
2020-03-16,7262,2438762,ggpubr
2020-03-17,7458,2446220,ggpubr
2020-03-18,7986,2454206,ggpubr
2020-03-19,7485,2461691,ggpubr
2020-03-20,6888,2468579,ggpubr
2020-03-21,4217,2472796,ggpubr
2020-03-22,4890,2477686,ggpubr
2020-03-23,7348,2485034,ggpubr
2020-03-24,7046,2492080,ggpubr
2020-03-25,7272,2499352,ggpubr
2020-03-26,8061,2507413,ggpubr
2020-03-27,7425,2514838,ggpubr
2020-03-28,4562,2519400,ggpubr
2020-03-29,4794,2524194,ggpubr
2020-03-30,7672,2531866,ggpubr
2020-03-31,8387,2540253,ggpubr
2020-04-01,7761,2548014,ggpubr
2020-04-02,8031,2556045,ggpubr
2020-04-03,7591,2563636,ggpubr
2020-04-04,5085,2568721,ggpubr
2020-04-05,4017,2572738,ggpubr
2020-04-06,7568,2580306,ggpubr
2020-04-07,6642,2586948,ggpubr
2020-04-08,7231,2594179,ggpubr
2020-04-09,6274,2600453,ggpubr
2020-04-10,5724,2606177,ggpubr
2020-04-11,4068,2610245,ggpubr
2020-04-12,4017,2614262,ggpubr
2020-04-13,5629,2619891,ggpubr
2020-04-14,7169,2627060,ggpubr
2020-04-15,6469,2633529,ggpubr
2020-04-16,6189,2639718,ggpubr
2020-04-17,5222,2644940,ggpubr
2020-04-18,3485,2648425,ggpubr
2020-04-19,3843,2652268,ggpubr
2020-04-20,5884,2658152,ggpubr
2020-04-21,6743,2664895,ggpubr
2020-04-22,6709,2671604,ggpubr
2020-04-23,6383,2677987,ggpubr
2020-04-24,6652,2684639,ggpubr
2020-04-25,4129,2688768,ggpubr
2020-04-26,4684,2693452,ggpubr
2020-04-27,7676,2701128,ggpubr
2020-04-28,7531,2708659,ggpubr
2020-04-29,7385,2716044,ggpubr
2020-04-30,6761,2722805,ggpubr
2020-05-01,5522,2728327,ggpubr
2020-05-02,4450,2732777,ggpubr
2020-05-03,4568,2737345,ggpubr
2020-05-04,9436,2746781,ggpubr
2020-05-05,9998,2756779,ggpubr
2020-05-06,9420,2766199,ggpubr
2020-05-07,8863,2775062,ggpubr
2020-05-08,7365,2782427,ggpubr
2020-05-09,5516,2787943,ggpubr
2020-05-10,5521,2793464,ggpubr
2020-05-11,8526,2801990,ggpubr
2020-05-12,8645,2810635,ggpubr
2020-05-13,8635,2819270,ggpubr
2020-05-14,8208,2827478,ggpubr
2020-05-15,7305,2834783,ggpubr
2020-05-16,4664,2839447,ggpubr
2020-05-17,5068,2844515,ggpubr
2020-05-18,7802,2852317,ggpubr
2020-05-19,8312,2860629,ggpubr
2020-05-20,19027,2879656,ggpubr
2020-05-21,23002,2902658,ggpubr
2020-05-22,22555,2925213,ggpubr
2020-05-23,20808,2946021,ggpubr
2020-05-24,20823,2966844,ggpubr
2020-05-25,22771,2989615,ggpubr
2020-05-26,23762,3013377,ggpubr
2020-05-27,24222,3037599,ggpubr
2020-05-28,23599,3061198,ggpubr
2020-05-29,23043,3084241,ggpubr
2020-05-30,20538,3104779,ggpubr
2020-05-31,21912,3126691,ggpubr
2020-06-01,23956,3150647,ggpubr
2020-06-02,15182,3165829,ggpubr
2020-06-03,7139,3172968,ggpubr
2020-06-04,7034,3180002,ggpubr
2020-06-05,6264,3186266,ggpubr
2020-06-06,4231,3190497,ggpubr
2020-06-07,4237,3194734,ggpubr
2020-06-08,6872,3201606,ggpubr
2020-06-09,7358,3208964,ggpubr
2020-06-10,6996,3215960,ggpubr
2020-06-11,6984,3222944,ggpubr
2020-06-12,6230,3229174,ggpubr
2020-06-13,3934,3233108,ggpubr
2020-06-14,4376,3237484,ggpubr
2020-06-15,7203,3244687,ggpubr
2020-06-16,7026,3251713,ggpubr
2020-06-17,7200,3258913,ggpubr
2020-06-18,7073,3265986,ggpubr
2020-06-19,5928,3271914,ggpubr
2020-06-20,4066,3275980,ggpubr
2020-06-21,4361,3280341,ggpubr
2020-06-22,7512,3287853,ggpubr
2020-06-23,6973,3294826,ggpubr
2020-06-24,6029,3300855,ggpubr
2020-06-25,6065,3306920,ggpubr
2020-06-26,5991,3312911,ggpubr
2020-06-27,4502,3317413,ggpubr
2020-06-28,5003,3322416,ggpubr
2020-06-29,8347,3330763,ggpubr
2020-06-30,7964,3338727,ggpubr
2020-07-01,7687,3346414,ggpubr
2020-07-02,7287,3353701,ggpubr
2020-07-03,5802,3359503,ggpubr
2020-07-04,3999,3363502,ggpubr
2020-07-05,4038,3367540,ggpubr
2020-07-06,7344,3374884,ggpubr
2020-07-07,6920,3381804,ggpubr
2020-07-08,7125,3388929,ggpubr
2020-07-09,6861,3395790,ggpubr
2020-07-10,6411,3402201,ggpubr
2020-07-11,3792,3405993,ggpubr
2020-07-12,4065,3410058,ggpubr
2020-07-13,6914,3416972,ggpubr
2020-07-14,7041,3424013,ggpubr
2020-07-15,7007,3431020,ggpubr
2020-07-16,7038,3438058,ggpubr
2020-07-17,6303,3444361,ggpubr
2020-07-18,3577,3447938,ggpubr
2020-07-19,3604,3451542,ggpubr
2020-07-20,6993,3458535,ggpubr
2020-07-21,6970,3465505,ggpubr
2020-07-22,7030,3472535,ggpubr
2020-07-23,6762,3479297,ggpubr
2020-07-24,6008,3485305,ggpubr
2020-07-25,3614,3488919,ggpubr
2020-07-26,4099,3493018,ggpubr
2020-07-27,6851,3499869,ggpubr
2020-07-28,7336,3507205,ggpubr
2020-07-29,6336,3513541,ggpubr
2020-07-30,6453,3519994,ggpubr
2020-07-31,6141,3526135,ggpubr
2020-08-01,3494,3529629,ggpubr
2020-08-02,3796,3533425,ggpubr
2020-08-03,6828,3540253,ggpubr
2020-08-04,6584,3546837,ggpubr
2020-08-05,7156,3553993,ggpubr
2020-08-06,6600,3560593,ggpubr
2020-08-07,6229,3566822,ggpubr
2020-08-08,3257,3570079,ggpubr
2020-08-09,3635,3573714,ggpubr
2020-08-10,6470,3580184,ggpubr
2020-08-11,6596,3586780,ggpubr
2020-08-12,6831,3593611,ggpubr
2020-08-13,7096,3600707,ggpubr
2020-08-14,6204,3606911,ggpubr
2020-08-15,4358,3611269,ggpubr
2020-08-16,3889,3615158,ggpubr
2020-08-17,7150,3622308,ggpubr
2020-08-18,9063,3631371,ggpubr
2020-08-19,8406,3639777,ggpubr
2020-08-20,6099,3645876,ggpubr
2020-08-21,5296,3651172,ggpubr
2020-08-22,3670,3654842,ggpubr
2020-08-23,3552,3658394,ggpubr
2020-08-24,6244,3664638,ggpubr
2020-08-25,6586,3671224,ggpubr
2020-08-26,6484,3677708,ggpubr
2020-08-27,6739,3684447,ggpubr
2020-08-28,5871,3690318,ggpubr
2020-08-29,3392,3693710,ggpubr
2020-08-30,3614,3697324,ggpubr
2020-08-31,6796,3704120,ggpubr
2020-09-01,6239,3710359,ggpubr
2020-09-02,6624,3716983,ggpubr
2020-09-03,6880,3723863,ggpubr
2020-09-04,5729,3729592,ggpubr
2020-09-05,3356,3732948,ggpubr
2020-09-06,3349,3736297,ggpubr
2020-09-07,5551,3741848,ggpubr
2020-09-08,6591,3748439,ggpubr
2020-09-09,7512,3755951,ggpubr
2020-09-10,6644,3762595,ggpubr
2020-09-11,6295,3768890,ggpubr
2020-09-12,3761,3772651,ggpubr
2020-09-13,4612,3777263,ggpubr
2020-09-14,7597,3784860,ggpubr
2020-09-15,7547,3792407,ggpubr
2020-09-16,7751,3800158,ggpubr
2020-09-17,8427,3808585,ggpubr
2020-09-18,7082,3815667,ggpubr
2020-09-19,4111,3819778,ggpubr
2020-09-20,4582,3824360,ggpubr
2020-09-21,8122,3832482,ggpubr
2020-09-22,7533,3840015,ggpubr
2020-09-23,7242,3847257,ggpubr
2020-09-24,7132,3854389,ggpubr
2020-09-25,6684,3861073,ggpubr
2020-09-26,4269,3865342,ggpubr
2020-09-27,4481,3869823,ggpubr
2020-09-28,7502,3877325,ggpubr
2020-09-29,7454,3884779,ggpubr
2020-09-30,8246,3893025,ggpubr
2020-10-01,7826,3900851,ggpubr
2020-10-02,7749,3908600,ggpubr
2020-10-03,5141,3913741,ggpubr
2020-10-04,5585,3919326,ggpubr
2020-10-05,9000,3928326,ggpubr
2020-10-06,8867,3937193,ggpubr
2020-10-07,8634,3945827,ggpubr
2020-10-08,8253,3954080,ggpubr
2020-10-09,7998,3962078,ggpubr
2020-10-10,5107,3967185,ggpubr
2020-10-11,5393,3972578,ggpubr
2020-10-12,7742,3980320,ggpubr
2020-10-13,8979,3989299,ggpubr
2020-10-14,8984,3998283,ggpubr
2020-10-15,8882,4007165,ggpubr
2020-10-16,8647,4015812,ggpubr
2020-10-17,5495,4021307,ggpubr
2020-10-18,5339,4026646,ggpubr
2020-10-19,8720,4035366,ggpubr
2020-10-20,9219,4044585,ggpubr
2020-10-21,9566,4054151,ggpubr
2020-10-22,8742,4062893,ggpubr
2020-10-23,7934,4070827,ggpubr
2020-10-24,5141,4075968,ggpubr
2020-10-25,5455,4081423,ggpubr
2020-10-26,8375,4089798,ggpubr
2020-10-27,9280,4099078,ggpubr
2020-10-28,9123,4108201,ggpubr
2020-10-29,8348,4116549,ggpubr
2020-10-30,7858,4124407,ggpubr
2020-10-31,5200,4129607,ggpubr
2020-11-01,5216,4134823,ggpubr
2020-11-02,9580,4144403,ggpubr
2020-11-03,9728,4154131,ggpubr
2020-11-04,8525,4162656,ggpubr
2020-11-05,9221,4171877,ggpubr
2020-11-06,8065,4179942,ggpubr
2020-11-07,5138,4185080,ggpubr
2020-11-08,5170,4190250,ggpubr
2020-11-09,9137,4199387,ggpubr
2020-11-10,9030,4208417,ggpubr
2020-11-11,8359,4216776,ggpubr
2020-11-12,8916,4225692,ggpubr
2020-11-13,8335,4234027,ggpubr
2020-11-14,4801,4238828,ggpubr
2020-11-15,5318,4244146,ggpubr
2020-11-16,8958,4253104,ggpubr
2020-11-17,9507,4262611,ggpubr
2020-11-18,8943,4271554,ggpubr
2020-11-19,8810,4280364,ggpubr
2020-11-20,8179,4288543,ggpubr
2020-11-21,5001,4293544,ggpubr
2020-11-22,5530,4299074,ggpubr
2020-11-23,8302,4307376,ggpubr
2020-11-24,8705,4316081,ggpubr
2020-11-25,6704,4322785,ggpubr
2020-11-26,7074,4329859,ggpubr
2020-11-27,6305,4336164,ggpubr
2020-11-28,4820,4340984,ggpubr
2020-11-29,4943,4345927,ggpubr
2020-11-30,7924,4353851,ggpubr
2020-12-01,8372,4362223,ggpubr
2020-12-02,9074,4371297,ggpubr
2020-12-03,8650,4379947,ggpubr
2020-12-04,8733,4388680,ggpubr
2020-12-05,5524,4394204,ggpubr
2020-12-06,5607,4399811,ggpubr
2020-12-07,8807,4408618,ggpubr
2020-12-08,8915,4417533,ggpubr
2020-12-09,8549,4426082,ggpubr
2020-12-10,8477,4434559,ggpubr
2020-12-11,7787,4442346,ggpubr
2020-12-12,5184,4447530,ggpubr
2020-12-13,6222,4453752,ggpubr
2020-12-14,9030,4462782,ggpubr
2020-12-15,8880,4471662,ggpubr
2020-12-16,9117,4480779,ggpubr
2020-12-17,8743,4489522,ggpubr
2020-12-18,7930,4497452,ggpubr
2020-12-19,5014,4502466,ggpubr
2020-12-20,5740,4508206,ggpubr
2020-12-21,7814,4516020,ggpubr
2020-12-22,9176,4525196,ggpubr
2020-12-23,8066,4533262,ggpubr
2020-12-24,6651,4539913,ggpubr
2020-12-25,4998,4544911,ggpubr
2020-12-26,5171,4550082,ggpubr
2020-12-27,6121,4556203,ggpubr
2020-12-28,6543,4562746,ggpubr
2020-12-29,4720,4567466,ggpubr
2020-12-30,5287,4572753,ggpubr
2020-12-31,5428,4578181,ggpubr
2021-01-01,4835,4583016,ggpubr
2021-01-02,4629,4587645,ggpubr
2021-01-03,5553,4593198,ggpubr
2021-01-04,6768,4599966,ggpubr
2021-01-05,7673,4607639,ggpubr
2021-01-06,7031,4614670,ggpubr
2021-01-07,7358,4622028,ggpubr
2021-01-08,7263,4629291,ggpubr
2021-01-09,5464,4634755,ggpubr
2021-01-10,5659,4640414,ggpubr
2021-01-11,8195,4648609,ggpubr
2021-01-12,8151,4656760,ggpubr
2021-01-13,9344,4666104,ggpubr
2021-01-14,8894,4674998,ggpubr
2021-01-15,7750,4682748,ggpubr
2021-01-16,4648,4687396,ggpubr
2021-01-17,4957,4692353,ggpubr
2021-01-18,7429,4699782,ggpubr
2021-01-19,8259,4708041,ggpubr
2021-01-20,8413,4716454,ggpubr
2021-01-21,8267,4724721,ggpubr
2021-01-22,7451,4732172,ggpubr
2021-01-23,4416,4736588,ggpubr
2021-01-24,4669,4741257,ggpubr
2021-01-25,7572,4748829,ggpubr
2021-01-26,7875,4756704,ggpubr
2021-01-27,7781,4764485,ggpubr
2021-01-28,7936,4772421,ggpubr
2021-01-29,7562,4779983,ggpubr
2021-01-30,4617,4784600,ggpubr
2021-01-31,5249,4789849,ggpubr
2021-02-01,8035,4797884,ggpubr
2021-02-02,8445,4806329,ggpubr
2021-02-03,8146,4814475,ggpubr
2021-02-04,9104,4823579,ggpubr
2021-02-05,8449,4832028,ggpubr
2021-02-06,4722,4836750,ggpubr
2021-02-07,4975,4841725,ggpubr
2021-02-08,8706,4850431,ggpubr
2021-02-09,9061,4859492,ggpubr
2021-02-10,8346,4867838,ggpubr
2021-02-11,8492,4876330,ggpubr
2021-02-12,8065,4884395,ggpubr
2021-02-13,4397,4888792,ggpubr
2021-02-14,4427,4893219,ggpubr
2021-02-15,6895,4900114,ggpubr
2021-02-16,7602,4907716,ggpubr
2021-02-17,9063,4916779,ggpubr
2021-02-18,8251,4925030,ggpubr
2021-02-19,7347,4932377,ggpubr
2021-02-20,4915,4937292,ggpubr
2021-02-21,5620,4942912,ggpubr
2021-02-22,9435,4952347,ggpubr
2021-02-23,9334,4961681,ggpubr
2021-02-24,8000,4969681,ggpubr
2021-02-25,8651,4978332,ggpubr
2021-02-26,8871,4987203,ggpubr
2021-02-27,5820,4993023,ggpubr
2021-02-28,5440,4998463,ggpubr
2021-03-01,9371,5007834,ggpubr
2021-03-02,9571,5017405,ggpubr
2021-03-03,9951,5027356,ggpubr
2021-03-04,9965,5037321,ggpubr
2021-03-05,8325,5045646,ggpubr
2021-03-06,4484,5050130,ggpubr
2021-03-07,5494,5055624,ggpubr
2021-03-08,9325,5064949,ggpubr
2021-03-09,10370,5075319,ggpubr
2021-03-10,10756,5086075,ggpubr
2021-03-11,9447,5095522,ggpubr
2021-03-12,8578,5104100,ggpubr
2021-03-13,4692,5108792,ggpubr
2021-03-14,5390,5114182,ggpubr
2021-03-15,9750,5123932,ggpubr
2021-03-16,11706,5135638,ggpubr
2021-03-17,10367,5146005,ggpubr
2021-03-18,9543,5155548,ggpubr
2021-03-19,8143,5163691,ggpubr
2021-03-20,4655,5168346,ggpubr
2021-03-21,4671,5173017,ggpubr
2021-03-22,8746,5181763,ggpubr
2021-03-23,8809,5190572,ggpubr
2021-03-24,8942,5199514,ggpubr
2021-03-25,8368,5207882,ggpubr
2021-03-26,7432,5215314,ggpubr
2021-03-27,4621,5219935,ggpubr
2021-03-28,4847,5224782,ggpubr
2021-03-29,8693,5233475,ggpubr
2021-03-30,8999,5242474,ggpubr
2021-03-31,8682,5251156,ggpubr
2021-04-01,9207,5260363,ggpubr
2021-04-02,8197,5268560,ggpubr
2021-04-03,6486,5275046,ggpubr
2021-04-04,5704,5280750,ggpubr
2021-04-05,8298,5289048,ggpubr
2021-04-06,9311,5298359,ggpubr
2021-04-07,9459,5307818,ggpubr
2021-04-08,9138,5316956,ggpubr
2021-04-09,8302,5325258,ggpubr
2021-04-10,4216,5329474,ggpubr
2021-04-11,4775,5334249,ggpubr
2021-04-12,9304,5343553,ggpubr
2021-04-13,8739,5352292,ggpubr
2021-04-14,8933,5361225,ggpubr
2021-04-15,9581,5370806,ggpubr
2021-04-16,8072,5378878,ggpubr
2021-04-17,4778,5383656,ggpubr
2021-04-18,5614,5389270,ggpubr
2021-04-19,8459,5397729,ggpubr
2021-04-20,8451,5406180,ggpubr
2021-04-21,8587,5414767,ggpubr
2021-04-22,8030,5422797,ggpubr
2021-04-23,7550,5430347,ggpubr
2021-04-24,4426,5434773,ggpubr
2021-04-25,4759,5439532,ggpubr
2021-04-26,8195,5447727,ggpubr
2021-04-27,7843,5455570,ggpubr
2021-04-28,7686,5463256,ggpubr
2021-04-29,7757,5471013,ggpubr
2021-04-30,7032,5478045,ggpubr
2021-05-01,3916,5481961,ggpubr
2021-05-02,4466,5486427,ggpubr
2021-05-03,7595,5494022,ggpubr
2021-05-04,7658,5501680,ggpubr
2021-05-05,8198,5509878,ggpubr
2021-05-06,6835,5516713,ggpubr
2021-05-07,6365,5523078,ggpubr
2021-05-08,4372,5527450,ggpubr
2021-05-09,4258,5531708,ggpubr
2021-05-10,7710,5539418,ggpubr
2021-05-11,7337,5546755,ggpubr
2021-05-12,7332,5554087,ggpubr
2021-05-13,6818,5560905,ggpubr
2021-05-14,6262,5567167,ggpubr
2021-05-15,3911,5571078,ggpubr
2021-05-16,4026,5575104,ggpubr
2021-05-17,8087,5583191,ggpubr
2021-05-18,8608,5591799,ggpubr
2021-05-19,8949,5600748,ggpubr
2021-05-20,8515,5609263,ggpubr
2021-05-21,7810,5617073,ggpubr
2021-05-22,4215,5621288,ggpubr
2021-05-23,4838,5626126,ggpubr
2021-05-24,7455,5633581,ggpubr
2021-05-25,8189,5641770,ggpubr
2021-05-26,8390,5650160,ggpubr
2021-05-27,7665,5657825,ggpubr
2021-05-28,6812,5664637,ggpubr
2021-05-29,4012,5668649,ggpubr
2021-05-30,4047,5672696,ggpubr
2021-05-31,6678,5679374,ggpubr
2021-06-01,7753,5687127,ggpubr
2021-06-02,7670,5694797,ggpubr
2021-06-03,7596,5702393,ggpubr
2021-06-04,7839,5710232,ggpubr
2021-06-05,4343,5714575,ggpubr
2021-06-06,4564,5719139,ggpubr
2021-06-07,7865,5727004,ggpubr
2021-06-08,8454,5735458,ggpubr
2021-06-09,8500,5743958,ggpubr
2021-06-10,7910,5751868,ggpubr
2021-06-11,7454,5759322,ggpubr
2021-06-12,3870,5763192,ggpubr
2021-06-13,4275,5767467,ggpubr
2021-06-14,7888,5775355,ggpubr
2021-06-15,10370,5785725,ggpubr
2021-06-16,8714,5794439,ggpubr
2021-06-17,9089,5803528,ggpubr
2021-06-18,7377,5810905,ggpubr
2021-06-19,4570,5815475,ggpubr
2021-06-20,4554,5820029,ggpubr
2021-06-21,7920,5827949,ggpubr
2021-06-22,8431,5836380,ggpubr
2021-06-23,8058,5844438,ggpubr
2021-06-24,8516,5852954,ggpubr
2021-06-25,7733,5860687,ggpubr
2021-06-26,3532,5864219,ggpubr
2021-06-27,3792,5868011,ggpubr
2021-06-28,8248,5876259,ggpubr
2021-06-29,7556,5883815,ggpubr
2021-06-30,7222,5891037,ggpubr
2021-07-01,7005,5898042,ggpubr
2021-07-02,7119,5905161,ggpubr
2021-07-03,3994,5909155,ggpubr
2021-07-04,3887,5913042,ggpubr
2021-07-05,6624,5919666,ggpubr
2021-07-06,7447,5927113,ggpubr
2021-07-07,7810,5934923,ggpubr
2021-07-08,7246,5942169,ggpubr
2021-07-09,6000,5948169,ggpubr
2021-07-10,3776,5951945,ggpubr
2021-07-11,3833,5955778,ggpubr
2021-07-12,7133,5962911,ggpubr
2021-07-13,6964,5969875,ggpubr
2021-07-14,7095,5976970,ggpubr
2021-07-15,6855,5983825,ggpubr
2021-07-16,6369,5990194,ggpubr
2021-07-17,3671,5993865,ggpubr
2021-07-18,3945,5997810,ggpubr
2021-07-19,6952,6004762,ggpubr
2021-07-20,7476,6012238,ggpubr
2021-07-21,6702,6018940,ggpubr
2021-07-22,6661,6025601,ggpubr
2021-07-23,6081,6031682,ggpubr
2021-07-24,3139,6034821,ggpubr
2021-07-25,3625,6038446,ggpubr
2021-07-26,7175,6045621,ggpubr
2021-07-27,6971,6052592,ggpubr
2021-07-28,7146,6059738,ggpubr
2021-07-29,6472,6066210,ggpubr
2021-07-30,6655,6072865,ggpubr
2021-07-31,3777,6076642,ggpubr
2021-08-01,3687,6080329,ggpubr
2021-08-02,6753,6087082,ggpubr
2021-08-03,6732,6093814,ggpubr
2021-08-04,7309,6101123,ggpubr
2021-08-05,7154,6108277,ggpubr
2021-08-06,6222,6114499,ggpubr
2021-08-07,3510,6118009,ggpubr
2021-08-08,3845,6121854,ggpubr
2021-08-09,7782,6129636,ggpubr
2021-08-10,7967,6137603,ggpubr
2021-08-11,7054,6144657,ggpubr
2021-08-12,7228,6151885,ggpubr
2021-08-13,7314,6159199,ggpubr
2021-08-14,4423,6163622,ggpubr
2021-08-15,3981,6167603,ggpubr
2021-08-16,7283,6174886,ggpubr
2021-08-17,7172,6182058,ggpubr
2021-08-18,7121,6189179,ggpubr
2021-08-19,6740,6195919,ggpubr
2021-08-20,6768,6202687,ggpubr
2021-08-21,3229,6205916,ggpubr
2021-08-22,3255,6209171,ggpubr
2021-08-23,6925,6216096,ggpubr
2021-08-24,6964,6223060,ggpubr
2021-08-25,7004,6230064,ggpubr
2021-08-26,6963,6237027,ggpubr
2021-08-27,6650,6243677,ggpubr
2021-08-28,3873,6247550,ggpubr
2021-08-29,3539,6251089,ggpubr
2021-08-30,7643,6258732,ggpubr
2021-08-31,7703,6266435,ggpubr
2021-09-01,7812,6274247,ggpubr
2021-09-02,7621,6281868,ggpubr
2021-09-03,6310,6288178,ggpubr
2021-09-04,3926,6292104,ggpubr
2021-09-05,3508,6295612,ggpubr
2021-09-06,5573,6301185,ggpubr
2021-09-07,6969,6308154,ggpubr
2021-09-08,7362,6315516,ggpubr
2021-09-09,7106,6322622,ggpubr
2021-09-10,6985,6329607,ggpubr
2021-09-11,3748,6333355,ggpubr
2021-09-12,3460,6336815,ggpubr
2021-09-13,6991,6343806,ggpubr
2021-09-14,7743,6351549,ggpubr
2021-09-15,7799,6359348,ggpubr
2021-09-16,7456,6366804,ggpubr
2021-09-17,7131,6373935,ggpubr
2021-09-18,4158,6378093,ggpubr
2021-09-19,4268,6382361,ggpubr
2021-09-20,8634,6390995,ggpubr
2021-09-21,8020,6399015,ggpubr
2021-09-22,8015,6407030,ggpubr
2021-09-23,8774,6415804,ggpubr
2021-09-24,7914,6423718,ggpubr
2021-09-25,3986,6427704,ggpubr
2021-09-26,4301,6432005,ggpubr
2021-09-27,8261,6440266,ggpubr
2021-09-28,8112,6448378,ggpubr
2021-09-29,8148,6456526,ggpubr
2021-09-30,8314,6464840,ggpubr
2021-10-01,7402,6472242,ggpubr
2021-10-02,3935,6476177,ggpubr
2021-10-03,3910,6480087,ggpubr
2021-10-04,8161,6488248,ggpubr
2021-10-05,7921,6496169,ggpubr
2021-10-06,8705,6504874,ggpubr
2021-10-07,9175,6514049,ggpubr
2021-10-08,7121,6521170,ggpubr
2021-10-09,3542,6524712,ggpubr
2021-10-10,4029,6528741,ggpubr
2021-10-11,7076,6535817,ggpubr
2021-10-12,7937,6543754,ggpubr
2021-10-13,8194,6551948,ggpubr
2021-10-14,7887,6559835,ggpubr
2021-10-15,7761,6567596,ggpubr
2021-10-16,4239,6571835,ggpubr
2021-10-17,4223,6576058,ggpubr
2021-10-18,9255,6585313,ggpubr
2021-10-19,9806,6595119,ggpubr
2021-10-20,9986,6605105,ggpubr
2021-10-21,9178,6614283,ggpubr
2021-10-22,7965,6622248,ggpubr
2021-10-23,4554,6626802,ggpubr
2021-10-24,5021,6631823,ggpubr
2021-10-25,9453,6641276,ggpubr
2021-10-26,9983,6651259,ggpubr
2021-10-27,9974,6661233,ggpubr
2021-10-28,10245,6671478,ggpubr
2021-10-29,8921,6680399,ggpubr
2021-10-30,5372,6685771,ggpubr
2021-10-31,5034,6690805,ggpubr
2021-11-01,8594,6699399,ggpubr
2021-11-02,8941,6708340,ggpubr
2021-11-03,9449,6717789,ggpubr
2021-11-04,9170,6726959,ggpubr
2021-11-05,8880,6735839,ggpubr
2021-11-06,5217,6741056,ggpubr
2021-11-07,5180,6746236,ggpubr
2021-11-08,9731,6755967,ggpubr
2021-11-09,10536,6766503,ggpubr
2021-11-10,9684,6776187,ggpubr
2021-11-11,9561,6785748,ggpubr
2021-11-12,8914,6794662,ggpubr
2021-11-13,5067,6799729,ggpubr
2021-11-14,5564,6805293,ggpubr
2021-11-15,8809,6814102,ggpubr
2021-11-16,11111,6825213,ggpubr
2021-11-17,10546,6835759,ggpubr
2021-11-18,10411,6846170,ggpubr
2021-11-19,9564,6855734,ggpubr
2021-11-20,5491,6861225,ggpubr
2021-11-21,5904,6867129,ggpubr
2021-11-22,10124,6877253,ggpubr
2021-11-23,10505,6887758,ggpubr
2021-11-24,9668,6897426,ggpubr
2021-11-25,9140,6906566,ggpubr
2021-11-26,7657,6914223,ggpubr
2021-11-27,5018,6919241,ggpubr
2021-11-28,5226,6924467,ggpubr
2021-11-29,9266,6933733,ggpubr
2021-11-30,9935,6943668,ggpubr
2021-12-01,9524,6953192,ggpubr
2021-12-02,10720,6963912,ggpubr
2021-12-03,9015,6972927,ggpubr
2021-12-04,5059,6977986,ggpubr
2021-12-05,5495,6983481,ggpubr
2021-12-06,11087,6994568,ggpubr
2021-12-07,9931,7004499,ggpubr
2021-12-08,9347,7013846,ggpubr
2021-12-09,9413,7023259,ggpubr
2021-12-10,8614,7031873,ggpubr
2021-12-11,5479,7037352,ggpubr
2021-12-12,5756,7043108,ggpubr
2021-12-13,9956,7053064,ggpubr
2021-12-14,9801,7062865,ggpubr
2021-12-15,8634,7071499,ggpubr
2021-12-16,8511,7080010,ggpubr
2021-12-17,7686,7087696,ggpubr
2021-12-18,4593,7092289,ggpubr
2021-12-19,4725,7097014,ggpubr
2021-12-20,8703,7105717,ggpubr
2021-12-21,8326,7114043,ggpubr
2021-12-22,7450,7121493,ggpubr
2021-12-23,6045,7127538,ggpubr
2021-12-24,4917,7132455,ggpubr
2021-12-25,3477,7135932,ggpubr
2021-12-26,3620,7139552,ggpubr
2021-12-27,5387,7144939,ggpubr
2021-12-28,5632,7150571,ggpubr
2021-12-29,6090,7156661,ggpubr
2021-12-30,5147,7161808,ggpubr
2021-12-31,4045,7165853,ggpubr
2022-01-01,3446,7169299,ggpubr
2022-01-02,3728,7173027,ggpubr
2022-01-03,6818,7179845,ggpubr
2022-01-04,8055,7187900,ggpubr
2022-01-05,7633,7195533,ggpubr
2022-01-06,8179,7203712,ggpubr
2022-01-07,7214,7210926,ggpubr
2022-01-08,4534,7215460,ggpubr
2022-01-09,4614,7220074,ggpubr
2022-01-10,8098,7228172,ggpubr
2022-01-11,7773,7235945,ggpubr
2022-01-12,7664,7243609,ggpubr
2022-01-13,7099,7250708,ggpubr
2022-01-14,7170,7257878,ggpubr
2022-01-15,4276,7262154,ggpubr
2022-01-16,4361,7266515,ggpubr
2022-01-17,7224,7273739,ggpubr
2022-01-18,8368,7282107,ggpubr
2022-01-19,8434,7290541,ggpubr
2022-01-20,7828,7298369,ggpubr
2022-01-21,7331,7305700,ggpubr
2022-01-22,4232,7309932,ggpubr
2022-01-23,4191,7314123,ggpubr
2022-01-24,8553,7322676,ggpubr
2022-01-25,8986,7331662,ggpubr
2022-01-26,9463,7341125,ggpubr
2022-01-27,8778,7349903,ggpubr
2022-01-28,7538,7357441,ggpubr
2022-01-29,4721,7362162,ggpubr
2022-01-30,4829,7366991,ggpubr
2022-01-31,7962,7374953,ggpubr
2022-02-01,7858,7382811,ggpubr
2022-02-02,7903,7390714,ggpubr
2022-02-03,7610,7398324,ggpubr
2022-02-04,7722,7406046,ggpubr
2022-02-05,4272,7410318,ggpubr
2022-02-06,4523,7414841,ggpubr
2022-02-07,8032,7422873,ggpubr
2022-02-08,7681,7430554,ggpubr
2022-02-09,7640,7438194,ggpubr
2022-02-10,7364,7445558,ggpubr
2022-02-11,6754,7452312,ggpubr
2022-02-12,3346,7455658,ggpubr
2022-02-13,3731,7459389,ggpubr
2022-02-14,7833,7467222,ggpubr
2022-02-15,7708,7474930,ggpubr
2022-02-16,7988,7482918,ggpubr
2022-02-17,7405,7490323,ggpubr
2022-02-18,7205,7497528,ggpubr
2022-02-19,3948,7501476,ggpubr
2022-02-20,3647,7505123,ggpubr
2022-02-21,7544,7512667,ggpubr
2022-02-22,7541,7520208,ggpubr
2022-02-23,7691,7527899,ggpubr
2022-02-24,7201,7535100,ggpubr
2022-02-25,6351,7541451,ggpubr
2022-02-26,3490,7544941,ggpubr
2022-02-27,3600,7548541,ggpubr
2022-02-28,6786,7555327,ggpubr
2022-03-01,7254,7562581,ggpubr
2022-03-02,7370,7569951,ggpubr
2022-03-03,7184,7577135,ggpubr
2022-03-04,6599,7583734,ggpubr
2022-03-05,3368,7587102,ggpubr
2022-03-06,3588,7590690,ggpubr
2022-03-07,8353,7599043,ggpubr
2022-03-08,8652,7607695,ggpubr
2022-03-09,8306,7616001,ggpubr
2022-03-10,8494,7624495,ggpubr
2022-03-11,7445,7631940,ggpubr
2022-03-12,3634,7635574,ggpubr
2022-03-13,3940,7639514,ggpubr
2022-03-14,8952,7648466,ggpubr
2022-03-15,8477,7656943,ggpubr
2022-03-16,8626,7665569,ggpubr
2022-03-17,9244,7674813,ggpubr
2022-03-18,9639,7684452,ggpubr
2022-03-19,4447,7688899,ggpubr
2022-03-20,5092,7693991,ggpubr
2022-03-21,10924,7704915,ggpubr
2022-03-22,8530,7713445,ggpubr
2022-03-23,8703,7722148,ggpubr
2022-03-24,7708,7729856,ggpubr
2022-03-25,6690,7736546,ggpubr
2022-03-26,3643,7740189,ggpubr
2022-03-27,3890,7744079,ggpubr
2022-03-28,8169,7752248,ggpubr
2022-03-29,8380,7760628,ggpubr
2022-03-30,8017,7768645,ggpubr
2022-03-31,7769,7776414,ggpubr
2022-04-01,7185,7783599,ggpubr
2022-04-02,3860,7787459,ggpubr
2022-04-03,4045,7791504,ggpubr
2022-04-04,8241,7799745,ggpubr
2022-04-05,8327,7808072,ggpubr
2022-04-06,8200,7816272,ggpubr
2022-04-07,7898,7824170,ggpubr
2022-04-08,6634,7830804,ggpubr
2022-04-09,3876,7834680,ggpubr
2022-04-10,3885,7838565,ggpubr
2022-04-11,7679,7846244,ggpubr
2022-04-12,7910,7854154,ggpubr
2022-04-13,7500,7861654,ggpubr
2022-04-14,8697,7870351,ggpubr
2022-04-15,6815,7877166,ggpubr
2022-04-16,4133,7881299,ggpubr
2022-04-17,4618,7885917,ggpubr
2022-04-18,10565,7896482,ggpubr
2022-04-19,10359,7906841,ggpubr
2022-04-20,13489,7920330,ggpubr
2022-04-21,13627,7933957,ggpubr
2022-04-22,14550,7948507,ggpubr
2022-04-23,7397,7955904,ggpubr
2022-04-24,7936,7963840,ggpubr
2022-04-25,15406,7979246,ggpubr
2022-04-26,16587,7995833,ggpubr
2022-04-27,16398,8012231,ggpubr
2022-04-28,16417,8028648,ggpubr
2022-04-29,15474,8044122,ggpubr
2022-04-30,7376,8051498,ggpubr
2022-05-01,7320,8058818,ggpubr
2022-05-02,17677,8076495,ggpubr
2022-05-03,13581,8090076,ggpubr
2022-05-04,17314,8107390,ggpubr
2022-05-05,16209,8123599,ggpubr
2022-05-06,15277,8138876,ggpubr
2022-05-07,7291,8146167,ggpubr
2022-05-08,7817,8153984,ggpubr
2022-05-09,16458,8170442,ggpubr
2022-05-10,14155,8184597,ggpubr
2022-05-11,16529,8201126,ggpubr
2022-05-12,17763,8218889,ggpubr
2022-05-13,12106,8230995,ggpubr
2022-05-14,5780,8236775,ggpubr
2022-05-15,5790,8242565,ggpubr
2022-05-16,13602,8256167,ggpubr
2022-05-17,17009,8273176,ggpubr
2022-05-18,14343,8287519,ggpubr
2022-05-19,15576,8303095,ggpubr
2022-05-20,13565,8316660,ggpubr
2022-05-21,6894,8323554,ggpubr
2022-05-22,6556,8330110,ggpubr
2022-05-23,15331,8345441,ggpubr
2022-05-24,14183,8359624,ggpubr
2022-05-25,16667,8376291,ggpubr
2022-05-26,13925,8390216,ggpubr
2022-05-27,10358,8400574,ggpubr
2022-05-28,5869,8406443,ggpubr
2022-05-29,5736,8412179,ggpubr
2022-05-30,11776,8423955,ggpubr
2022-05-31,16023,8439978,ggpubr
2022-06-01,12668,8452646,ggpubr
2022-06-02,11533,8464179,ggpubr
2022-06-03,11184,8475363,ggpubr
2022-06-04,6092,8481455,ggpubr
2022-06-05,5908,8487363,ggpubr
2022-06-06,13193,8500556,ggpubr
2022-06-07,13588,8514144,ggpubr
2022-06-08,14341,8528485,ggpubr
2022-06-09,13472,8541957,ggpubr
2022-06-10,11618,8553575,ggpubr
2022-06-11,6158,8559733,ggpubr
2022-06-12,6011,8565744,ggpubr
2022-06-13,13003,8578747,ggpubr
2022-06-14,11611,8590358,ggpubr
2022-06-15,11304,8601662,ggpubr
2022-06-16,10279,8611941,ggpubr
2022-06-17,8675,8620616,ggpubr
2022-06-18,5210,8625826,ggpubr
2022-06-19,5281,8631107,ggpubr
2022-06-20,12925,8644032,ggpubr
2022-06-21,9431,8653463,ggpubr
2022-06-22,10234,8663697,ggpubr
2022-06-23,9533,8673230,ggpubr
2022-06-24,10368,8683598,ggpubr
2022-06-25,5128,8688726,ggpubr
2022-06-26,4974,8693700,ggpubr
2022-06-27,11848,8705548,ggpubr
2022-06-28,9558,8715106,ggpubr
2022-06-29,9614,8724720,ggpubr
2022-06-30,9154,8733874,ggpubr
2022-07-01,8646,8742520,ggpubr
2022-07-02,4055,8746575,ggpubr
2022-07-03,4753,8751328,ggpubr
2022-07-04,10996,8762324,ggpubr
2022-07-05,9781,8772105,ggpubr
2022-07-06,10087,8782192,ggpubr
2022-07-07,13455,8795647,ggpubr
2022-07-08,12721,8808368,ggpubr
2022-07-09,7488,8815856,ggpubr
2022-07-10,4909,8820765,ggpubr
2022-07-11,12078,8832843,ggpubr
2022-07-12,11814,8844657,ggpubr
2022-07-13,11051,8855708,ggpubr
2022-07-14,9730,8865438,ggpubr
2022-07-15,9787,8875225,ggpubr
2022-07-16,4407,8879632,ggpubr
2022-07-17,4327,8883959,ggpubr
2022-07-18,13712,8897671,ggpubr
2022-07-19,11294,8908965,ggpubr
2022-07-20,10858,8919823,ggpubr
2022-07-21,9474,8929297,ggpubr
2022-07-22,9370,8938667,ggpubr
2022-07-23,4257,8942924,ggpubr
2022-07-24,4500,8947424,ggpubr
2022-07-25,12824,8960248,ggpubr
2022-07-26,10061,8970309,ggpubr
2022-07-27,12832,8983141,ggpubr
2022-07-28,26487,9009628,ggpubr
2022-07-29,25469,9035097,ggpubr
2022-07-30,22761,9057858,ggpubr
2022-07-31,22500,9080358,ggpubr
2022-08-01,31429,9111787,ggpubr
2022-08-02,28884,9140671,ggpubr
2022-08-03,28390,9169061,ggpubr
2022-08-04,27224,9196285,ggpubr
2022-08-05,23638,9219923,ggpubr
2022-08-06,19726,9239649,ggpubr
2022-08-07,21683,9261332,ggpubr
2022-08-08,28649,9289981,ggpubr
2022-08-09,26049,9316030,ggpubr
2022-08-10,24233,9340263,ggpubr
2022-08-11,22026,9362289,ggpubr
2022-08-12,21080,9383369,ggpubr
2022-08-13,20080,9403449,ggpubr
2022-08-14,19197,9422646,ggpubr
2022-08-15,23508,9446154,ggpubr
2022-08-16,25740,9471894,ggpubr
2022-08-17,10171,9482065,ggpubr
2022-08-18,8971,9491036,ggpubr
2022-08-19,9862,9500898,ggpubr
2022-08-20,12571,9513469,ggpubr
2022-08-21,12965,9526434,ggpubr
2022-08-22,19296,9545730,ggpubr
2022-08-23,18313,9564043,ggpubr
2022-08-24,18342,9582385,ggpubr
2022-08-25,18488,9600873,ggpubr
2022-08-26,17338,9618211,ggpubr
2022-08-27,12407,9630618,ggpubr
2022-08-28,13470,9644088,ggpubr
2022-08-29,17721,9661809,ggpubr
2022-08-30,17355,9679164,ggpubr
2022-08-31,17442,9696606,ggpubr
2022-09-01,19117,9715723,ggpubr
2022-09-02,17130,9732853,ggpubr
2022-09-03,12248,9745101,ggpubr
2022-09-04,12718,9757819,ggpubr
2022-09-05,17068,9774887,ggpubr
2022-09-06,17242,9792129,ggpubr
2022-09-07,15949,9808078,ggpubr
2022-09-08,15662,9823740,ggpubr
2022-09-09,14573,9838313,ggpubr
2022-09-10,12432,9850745,ggpubr
2022-09-11,12838,9863583,ggpubr
2022-09-12,11832,9875415,ggpubr
2022-09-13,8082,9883497,ggpubr
2022-09-14,8296,9891793,ggpubr
2022-09-15,8111,9899904,ggpubr
2022-09-16,6731,9906635,ggpubr
2022-09-17,3368,9910003,ggpubr
2022-09-18,3887,9913890,ggpubr
2022-09-19,7679,9921569,ggpubr
2022-09-20,7989,9929558,ggpubr
2022-09-21,7538,9937096,ggpubr
2022-09-22,7893,9944989,ggpubr
2022-09-23,6650,9951639,ggpubr
2022-09-24,3503,9955142,ggpubr
2022-09-25,3580,9958722,ggpubr
2022-09-26,8343,9967065,ggpubr
2022-09-27,8707,9975772,ggpubr
2022-09-28,8973,9984745,ggpubr
2022-09-29,7747,9992492,ggpubr
2022-09-30,6782,9999274,ggpubr
2022-10-01,3616,10002890,ggpubr
2022-10-02,3583,10006473,ggpubr
2022-10-03,7916,10014389,ggpubr
2022-10-04,8387,10022776,ggpubr
2022-10-05,7918,10030694,ggpubr
2022-10-06,7968,10038662,ggpubr
2022-10-07,6968,10045630,ggpubr
2022-10-08,3340,10048970,ggpubr
2022-10-09,3661,10052631,ggpubr
2022-10-10,7455,10060086,ggpubr
2022-10-11,8567,10068653,ggpubr
2022-10-12,8629,10077282,ggpubr
2022-10-13,8791,10086073,ggpubr
2022-10-14,7993,10094066,ggpubr
2022-10-15,3711,10097777,ggpubr
2022-10-16,3986,10101763,ggpubr
2022-10-17,9574,10111337,ggpubr
2022-10-18,9489,10120826,ggpubr
2022-10-19,8731,10129557,ggpubr
2022-10-20,9984,10139541,ggpubr
2022-10-21,7903,10147444,ggpubr
2022-10-22,4190,10151634,ggpubr
2022-10-23,4424,10156058,ggpubr
2022-10-24,9130,10165188,ggpubr
2022-10-25,9661,10174849,ggpubr
2022-10-26,9153,10184002,ggpubr
2022-10-27,9662,10193664,ggpubr
2022-10-28,7386,10201050,ggpubr
2022-10-29,3670,10204720,ggpubr
2022-10-30,8577,10213297,ggpubr
2022-10-31,15253,10228550,ggpubr
2022-11-01,15486,10244036,ggpubr
2022-11-02,10526,10254562,ggpubr
2022-11-03,10752,10265314,ggpubr
2022-11-04,8174,10273488,ggpubr
2022-11-05,3928,10277416,ggpubr
2022-11-06,4172,10281588,ggpubr
2022-11-07,10378,10291966,ggpubr
2022-11-08,10925,10302891,ggpubr
2022-11-09,10867,10313758,ggpubr
2022-11-10,9999,10323757,ggpubr
2022-11-11,8061,10331818,ggpubr
2022-11-12,4310,10336128,ggpubr
2022-11-13,4751,10340879,ggpubr
2022-11-14,10658,10351537,ggpubr
2022-11-15,10947,10362484,ggpubr
2022-11-16,14045,10376529,ggpubr
2022-11-17,16187,10392716,ggpubr
2022-11-18,14085,10406801,ggpubr
2022-11-19,6719,10413520,ggpubr
2022-11-20,13212,10426732,ggpubr
2022-11-21,14546,10441278,ggpubr
2022-11-22,13700,10454978,ggpubr
2022-11-23,13174,10468152,ggpubr
2022-11-24,11278,10479430,ggpubr
2022-11-25,9528,10488958,ggpubr
2022-11-26,5397,10494355,ggpubr
2022-11-27,6108,10500463,ggpubr
2022-11-28,13437,10513900,ggpubr
2022-11-29,13485,10527385,ggpubr
2022-11-30,11740,10539125,ggpubr
2022-12-01,12355,10551480,ggpubr
2022-12-02,9834,10561314,ggpubr
2022-12-03,5584,10566898,ggpubr
2022-12-04,5828,10572726,ggpubr
2022-12-05,11736,10584462,ggpubr
2022-12-06,11401,10595863,ggpubr
2022-12-07,14895,10610758,ggpubr
2022-12-08,11194,10621952,ggpubr
2022-12-09,10224,10632176,ggpubr
2022-12-10,6056,10638232,ggpubr
2022-12-11,5980,10644212,ggpubr
2022-12-12,10223,10654435,ggpubr
2022-12-13,11597,10666032,ggpubr
2022-12-14,10687,10676719,ggpubr
2022-12-15,9193,10685912,ggpubr
2022-12-16,7914,10693826,ggpubr
2022-12-17,4287,10698113,ggpubr
2022-12-18,4083,10702196,ggpubr
2022-12-19,8888,10711084,ggpubr
2022-12-20,8529,10719613,ggpubr
2022-12-21,7365,10726978,ggpubr
2022-12-22,8222,10735200,ggpubr
2022-12-23,5612,10740812,ggpubr
2022-12-24,2658,10743470,ggpubr
2022-12-25,2470,10745940,ggpubr
2022-12-26,4466,10750406,ggpubr
2022-12-27,5568,10755974,ggpubr
2022-12-28,5803,10761777,ggpubr
2022-12-29,5562,10767339,ggpubr
2022-12-30,4480,10771819,ggpubr
2022-12-31,2498,10774317,ggpubr
2023-01-01,2440,10776757,ggpubr
2023-01-02,5063,10781820,ggpubr
2023-01-03,7027,10788847,ggpubr
2023-01-04,7865,10796712,ggpubr
2023-01-05,7745,10804457,ggpubr
2023-01-06,7134,10811591,ggpubr
2023-01-07,3606,10815197,ggpubr
2023-01-08,3687,10818884,ggpubr
2023-01-09,8337,10827221,ggpubr
2023-01-10,8412,10835633,ggpubr
2023-01-11,7971,10843604,ggpubr
2023-01-12,8152,10851756,ggpubr
2023-01-13,7016,10858772,ggpubr
2023-01-14,3506,10862278,ggpubr
2023-01-15,3691,10865969,ggpubr
2023-01-16,7278,10873247,ggpubr
2023-01-17,8059,10881306,ggpubr
2023-01-18,7988,10889294,ggpubr
2023-01-19,7389,10896683,ggpubr
2023-01-20,6463,10903146,ggpubr
2023-01-21,3391,10906537,ggpubr
2023-01-22,3578,10910115,ggpubr
2023-01-23,7945,10918060,ggpubr
2023-01-24,9056,10927116,ggpubr
2023-01-25,8460,10935576,ggpubr
2023-01-26,7859,10943435,ggpubr
2023-01-27,6957,10950392,ggpubr
2023-01-28,3659,10954051,ggpubr
2023-01-29,3796,10957847,ggpubr
2023-01-30,8210,10966057,ggpubr
2023-01-31,8347,10974404,ggpubr
2023-02-01,8953,10983357,ggpubr
2023-02-02,8734,10992091,ggpubr
2023-02-03,7423,10999514,ggpubr
2023-02-04,3478,11002992,ggpubr
2023-02-05,3576,11006568,ggpubr
2023-02-06,8666,11015234,ggpubr
2023-02-07,9113,11024347,ggpubr
2023-02-08,8896,11033243,ggpubr
2023-02-09,8842,11042085,ggpubr
2023-02-10,8754,11050839,ggpubr
2023-02-11,6397,11057236,ggpubr
2023-02-12,5741,11062977,ggpubr
2023-02-13,11617,11074594,ggpubr
2023-02-14,10632,11085226,ggpubr
2023-02-15,10650,11095876,ggpubr
2023-02-16,10556,11106432,ggpubr
2023-02-17,9465,11115897,ggpubr
2023-02-18,4887,11120784,ggpubr
2023-02-19,4695,11125479,ggpubr
2023-02-20,9494,11134973,ggpubr
2023-02-21,10746,11145719,ggpubr
2023-02-22,9968,11155687,ggpubr
2023-02-23,10303,11165990,ggpubr
2023-02-24,9363,11175353,ggpubr
2023-02-25,4566,11179919,ggpubr
2023-02-26,4882,11184801,ggpubr
2023-02-27,10010,11194811,ggpubr
2023-02-28,10529,11205340,ggpubr
2023-03-01,10120,11215460,ggpubr
2023-03-02,9874,11225334,ggpubr
2023-03-03,8993,11234327,ggpubr
2023-03-04,4968,11239295,ggpubr
2023-03-05,5140,11244435,ggpubr
2023-03-06,10642,11255077,ggpubr
2023-03-07,10502,11265579,ggpubr
2023-03-08,10606,11276185,ggpubr
2023-03-09,10684,11286869,ggpubr
2023-03-10,8733,11295602,ggpubr
2023-03-11,4800,11300402,ggpubr
2023-03-12,4842,11305244,ggpubr
2023-03-13,18712,11323956,ggpubr
2023-03-14,10709,11334665,ggpubr
2023-03-15,9232,11343897,ggpubr
2023-03-16,9869,11353766,ggpubr
2023-03-17,9944,11363710,ggpubr
2023-03-18,4525,11368235,ggpubr
2023-03-19,4895,11373130,ggpubr
2023-03-20,9806,11382936,ggpubr
2023-03-21,10359,11393295,ggpubr
2023-03-22,10530,11403825,ggpubr
2023-03-23,10660,11414485,ggpubr
2023-03-24,8690,11423175,ggpubr
2023-03-25,4791,11427966,ggpubr
2023-03-26,4897,11432863,ggpubr
2023-03-27,10414,11443277,ggpubr
2023-03-28,18064,11461341,ggpubr
2023-03-29,11083,11472424,ggpubr
2023-03-30,9589,11482013,ggpubr
2023-03-31,8110,11490123,ggpubr
2023-04-01,4508,11494631,ggpubr
2023-04-02,4523,11499154,ggpubr
2023-04-03,9622,11508776,ggpubr
2023-04-04,9725,11518501,ggpubr
2023-04-05,9144,11527645,ggpubr
2023-04-06,9064,11536709,ggpubr
2023-04-07,7540,11544249,ggpubr
2023-04-08,4114,11548363,ggpubr
2023-04-09,4241,11552604,ggpubr
2023-04-10,7702,11560306,ggpubr
2023-04-11,9359,11569665,ggpubr
2023-04-12,9900,11579565,ggpubr
2023-04-13,9480,11589045,ggpubr
2023-04-14,7577,11596622,ggpubr
2023-04-15,4647,11601269,ggpubr
2023-04-16,4740,11606009,ggpubr
2023-04-17,9156,11615165,ggpubr
2023-04-18,10171,11625336,ggpubr
2023-04-19,10352,11635688,ggpubr
2023-04-20,9097,11644785,ggpubr
2023-04-21,7278,11652063,ggpubr
2023-04-22,4626,11656689,ggpubr
2023-04-23,5316,11662005,ggpubr
2023-04-24,10203,11672208,ggpubr
2023-04-25,10069,11682277,ggpubr
2023-04-26,9525,11691802,ggpubr
2023-04-27,9144,11700946,ggpubr
2023-04-28,7717,11708663,ggpubr
2023-04-29,3968,11712631,ggpubr
2023-04-30,4161,11716792,ggpubr
2023-05-01,6759,11723551,ggpubr
2023-05-02,8511,11732062,ggpubr
2023-05-03,9055,11741117,ggpubr
2023-05-04,9720,11750837,ggpubr
2023-05-05,8131,11758968,ggpubr
2023-05-06,4677,11763645,ggpubr
2023-05-07,4283,11767928,ggpubr
2023-05-08,8507,11776435,ggpubr
2023-05-09,9168,11785603,ggpubr
2023-05-10,9339,11794942,ggpubr
2023-05-11,9287,11804229,ggpubr
2023-05-12,7646,11811875,ggpubr
2023-05-13,4265,11816140,ggpubr
2023-05-14,4451,11820591,ggpubr
2023-05-15,9433,11830024,ggpubr
2023-05-16,9560,11839584,ggpubr
2023-05-17,8873,11848457,ggpubr
2023-05-18,7998,11856455,ggpubr
2023-05-19,7360,11863815,ggpubr
2023-05-20,4662,11868477,ggpubr
2023-05-21,4081,11872558,ggpubr
2023-05-22,8934,11881492,ggpubr
2023-05-23,9393,11890885,ggpubr
2023-05-24,8802,11899687,ggpubr
2023-05-25,8779,11908466,ggpubr
2023-05-26,7004,11915470,ggpubr
2023-05-27,4039,11919509,ggpubr
2023-05-28,3830,11923339,ggpubr
2023-05-29,6479,11929818,ggpubr
2023-05-30,8485,11938303,ggpubr
2023-05-31,8320,11946623,ggpubr
2023-06-01,8141,11954764,ggpubr
2023-06-02,7188,11961952,ggpubr
2023-06-03,3904,11965856,ggpubr
2023-06-04,3958,11969814,ggpubr
2023-06-05,8507,11978321,ggpubr
2023-06-06,8419,11986740,ggpubr
2023-06-07,8221,11994961,ggpubr
2023-06-08,13338,12008299,ggpubr
2023-06-09,6986,12015285,ggpubr
2023-06-10,3961,12019246,ggpubr
2023-06-11,4005,12023251,ggpubr
2023-06-12,7958,12031209,ggpubr
2023-06-13,8089,12039298,ggpubr
2023-06-14,10653,12049951,ggpubr
2023-06-15,7759,12057710,ggpubr
2023-06-16,7035,12064745,ggpubr
2023-06-17,3454,12068199,ggpubr
2023-06-18,3570,12071769,ggpubr
2023-06-19,7697,12079466,ggpubr
2023-06-20,8277,12087743,ggpubr
2023-06-21,7629,12095372,ggpubr
2023-06-22,6891,12102263,ggpubr
2023-06-23,6061,12108324,ggpubr
2023-06-24,3167,12111491,ggpubr
2023-06-25,3283,12114774,ggpubr
2023-06-26,6617,12121391,ggpubr
2023-06-27,7438,12128829,ggpubr
2023-06-28,6737,12135566,ggpubr
2023-06-29,6328,12141894,ggpubr
2023-06-30,5520,12147414,ggpubr
2023-07-01,2983,12150397,ggpubr
2023-07-02,2737,12153134,ggpubr
2023-07-03,6159,12159293,ggpubr
2023-07-04,5997,12165290,ggpubr
2023-07-05,6962,12172252,ggpubr
2023-07-06,6808,12179060,ggpubr
2023-07-07,5806,12184866,ggpubr
2023-07-08,2841,12187707,ggpubr
2023-07-09,3071,12190778,ggpubr
2023-07-10,7125,12197903,ggpubr
2023-07-11,7074,12204977,ggpubr
2023-07-12,7351,12212328,ggpubr
2023-07-13,6448,12218776,ggpubr
2023-07-14,5894,12224670,ggpubr
2023-07-15,3168,12227838,ggpubr
2023-07-16,2785,12230623,ggpubr
2023-07-17,6669,12237292,ggpubr
2023-07-18,7684,12244976,ggpubr
2023-07-19,6972,12251948,ggpubr
2023-07-20,6892,12258840,ggpubr
2023-07-21,5788,12264628,ggpubr
2023-07-22,2821,12267449,ggpubr
2023-07-23,2793,12270242,ggpubr
2023-07-24,6576,12276818,ggpubr
2023-07-25,6983,12283801,ggpubr
2023-07-26,6576,12290377,ggpubr
2023-07-27,5782,12296159,ggpubr
2023-07-28,5270,12301429,ggpubr
2023-07-29,2678,12304107,ggpubr
2023-07-30,2719,12306826,ggpubr
2023-07-31,6257,12313083,ggpubr
2023-08-01,7511,12320594,ggpubr
2023-08-02,6225,12326819,ggpubr
2023-08-03,6390,12333209,ggpubr
2023-08-04,6032,12339241,ggpubr
2023-08-05,2820,12342061,ggpubr
2023-08-06,2848,12344909,ggpubr
2023-08-07,6333,12351242,ggpubr
2023-08-08,6459,12357701,ggpubr
2023-08-09,6371,12364072,ggpubr
2023-08-10,6476,12370548,ggpubr
2023-08-11,5098,12375646,ggpubr
2023-08-12,2613,12378259,ggpubr
2023-08-13,2916,12381175,ggpubr
2023-08-14,5707,12386882,ggpubr
2023-08-15,7719,12394601,ggpubr
2023-08-16,6214,12400815,ggpubr
2023-08-17,6451,12407266,ggpubr
2023-08-18,5891,12413157,ggpubr
2023-08-19,2793,12415950,ggpubr
2023-08-20,3029,12418979,ggpubr
2023-08-21,6138,12425117,ggpubr
2023-08-22,6514,12431631,ggpubr
2023-08-23,6994,12438625,ggpubr
2023-08-24,6595,12445220,ggpubr
2023-08-25,6493,12451713,ggpubr
2023-08-26,3202,12454915,ggpubr
2023-08-27,3232,12458147,ggpubr
2023-08-28,7122,12465269,ggpubr
2023-08-29,6888,12472157,ggpubr
2023-08-30,7699,12479856,ggpubr
2023-08-31,7002,12486858,ggpubr
2023-09-01,5907,12492765,ggpubr
2023-09-02,3094,12495859,ggpubr
2023-09-03,3214,12499073,ggpubr
2023-09-04,6281,12505354,ggpubr
2023-09-05,7684,12513038,ggpubr
2023-09-06,7486,12520524,ggpubr
2023-09-07,7045,12527569,ggpubr
2023-09-08,6686,12534255,ggpubr
2023-09-09,3351,12537606,ggpubr
2023-09-10,3360,12540966,ggpubr
2023-09-11,7203,12548169,ggpubr
2023-09-12,7785,12555954,ggpubr
2023-09-13,7912,12563866,ggpubr
2023-09-14,7540,12571406,ggpubr
2023-09-15,6431,12577837,ggpubr
2023-09-16,3243,12581080,ggpubr
2023-09-17,3326,12584406,ggpubr
2023-09-18,7504,12591910,ggpubr
2023-09-19,7692,12599602,ggpubr
2023-09-20,7908,12607510,ggpubr
2023-09-21,8207,12615717,ggpubr
2023-09-22,7029,12622746,ggpubr
2023-09-23,3296,12626042,ggpubr
2023-09-24,3368,12629410,ggpubr
2023-09-25,7577,12636987,ggpubr
2023-09-26,7825,12644812,ggpubr
2023-09-27,7535,12652347,ggpubr
2023-09-28,7222,12659569,ggpubr
2023-09-29,6380,12665949,ggpubr
2023-09-30,3045,12668994,ggpubr
2023-10-01,3460,12672454,ggpubr
2023-10-02,6974,12679428,ggpubr
2023-10-03,7423,12686851,ggpubr
2023-10-04,7908,12694759,ggpubr
2023-10-05,8306,12703065,ggpubr
2023-10-06,6702,12709767,ggpubr
2023-10-07,3893,12713660,ggpubr
2023-10-08,3884,12717544,ggpubr
2023-10-09,7856,12725400,ggpubr
2023-10-10,8063,12733463,ggpubr
2023-10-11,8805,12742268,ggpubr
2023-10-12,8095,12750363,ggpubr
2023-10-13,7056,12757419,ggpubr
2023-10-14,3706,12761125,ggpubr
2023-10-15,3643,12764768,ggpubr
2023-10-16,8032,12772800,ggpubr
2023-10-17,8450,12781250,ggpubr
2023-10-18,8178,12789428,ggpubr
2023-10-19,8522,12797950,ggpubr
2023-10-20,7351,12805301,ggpubr
2023-10-21,3927,12809228,ggpubr
2023-10-22,4113,12813341,ggpubr
2023-10-23,8045,12821386,ggpubr
2023-10-24,8554,12829940,ggpubr
2023-10-25,8453,12838393,ggpubr
2023-10-26,8339,12846732,ggpubr
2023-10-27,5936,12852668,ggpubr
2023-10-28,3288,12855956,ggpubr
2023-10-29,3576,12859532,ggpubr
2023-10-30,7636,12867168,ggpubr
2023-10-31,8413,12875581,ggpubr
2023-11-01,7496,12883077,ggpubr
2023-11-02,9330,12892407,ggpubr
2023-11-03,8134,12900541,ggpubr
2023-11-04,3812,12904353,ggpubr
2023-11-05,3739,12908092,ggpubr
2023-11-06,8283,12916375,ggpubr
2023-11-07,8823,12925198,ggpubr
2023-11-08,8874,12934072,ggpubr
2023-11-09,8427,12942499,ggpubr
2023-11-10,7228,12949727,ggpubr
2023-11-11,3618,12953345,ggpubr
2023-11-12,3550,12956895,ggpubr
2023-11-13,8551,12965446,ggpubr
2023-11-14,9050,12974496,ggpubr
2023-11-15,8596,12983092,ggpubr
2023-11-16,8775,12991867,ggpubr
2023-11-17,7126,12998993,ggpubr
2023-11-18,3569,13002562,ggpubr
2023-11-19,3752,13006314,ggpubr
2023-11-20,8816,13015130,ggpubr
2023-11-21,9341,13024471,ggpubr
2023-11-22,7993,13032464,ggpubr
2023-11-23,7595,13040059,ggpubr
2023-11-24,6532,13046591,ggpubr
2023-11-25,3789,13050380,ggpubr
2023-11-26,4123,13054503,ggpubr
2023-11-27,8505,13063008,ggpubr
2023-11-28,8415,13071423,ggpubr
2023-11-29,8498,13079921,ggpubr
2023-11-30,8403,13088324,ggpubr
2023-12-01,7188,13095512,ggpubr
2023-12-02,4063,13099575,ggpubr
2023-12-03,4334,13103909,ggpubr
2023-12-04,8473,13112382,ggpubr
2023-12-05,8484,13120866,ggpubr
2023-12-06,8226,13129092,ggpubr
2023-12-07,8060,13137152,ggpubr
2023-12-08,6587,13143739,ggpubr
2023-12-09,3698,13147437,ggpubr
2023-12-10,4084,13151521,ggpubr
2023-12-11,7847,13159368,ggpubr
2023-12-12,7861,13167229,ggpubr
2023-12-13,7600,13174829,ggpubr
2023-12-14,7311,13182140,ggpubr
2023-12-15,5868,13188008,ggpubr
2023-12-16,3045,13191053,ggpubr
2023-12-17,3270,13194323,ggpubr
2023-12-18,6488,13200811,ggpubr
2023-12-19,6815,13207626,ggpubr
2023-12-20,6730,13214356,ggpubr
2023-12-21,6208,13220564,ggpubr
2023-12-22,4709,13225273,ggpubr
2023-12-23,2627,13227900,ggpubr
2023-12-24,2318,13230218,ggpubr
2023-12-25,2977,13233195,ggpubr
2023-12-26,3597,13236792,ggpubr
2023-12-27,4375,13241167,ggpubr
2023-12-28,4121,13245288,ggpubr
2023-12-29,3609,13248897,ggpubr
2023-12-30,2644,13251541,ggpubr
2023-12-31,2032,13253573,ggpubr
2024-01-01,2240,13255813,ggpubr
2024-01-02,4702,13260515,ggpubr
2024-01-03,5603,13266118,ggpubr
2024-01-04,5173,13271291,ggpubr
2024-01-05,5107,13276398,ggpubr
2024-01-06,3310,13279708,ggpubr
2024-01-07,3213,13282921,ggpubr
2024-01-08,6427,13289348,ggpubr
2024-01-09,6889,13296237,ggpubr
2024-01-10,6450,13302687,ggpubr
2024-01-11,6704,13309391,ggpubr
2024-01-12,5686,13315077,ggpubr
2024-01-13,3257,13318334,ggpubr
2024-01-14,3248,13321582,ggpubr
2024-01-15,5558,13327140,ggpubr
2024-01-16,6191,13333331,ggpubr
2024-01-17,6444,13339775,ggpubr
2024-01-18,6511,13346286,ggpubr
2024-01-19,5362,13351648,ggpubr
2024-01-20,3058,13354706,ggpubr
2024-01-21,3251,13357957,ggpubr
2024-01-22,6426,13364383,ggpubr
2024-01-23,6912,13371295,ggpubr
2024-01-24,7005,13378300,ggpubr
2024-01-25,6490,13384790,ggpubr
2024-01-26,5438,13390228,ggpubr
2024-01-27,2878,13393106,ggpubr
2024-01-28,3048,13396154,ggpubr
2024-01-29,6563,13402717,ggpubr
2024-01-30,6819,13409536,ggpubr
2024-01-31,6513,13416049,ggpubr
2024-02-01,6179,13422228,ggpubr
2024-02-02,5927,13428155,ggpubr
2024-02-03,2655,13430810,ggpubr
2024-02-04,3182,13433992,ggpubr
2024-02-05,6339,13440331,ggpubr
2024-02-06,6983,13447314,ggpubr
2024-02-07,6957,13454271,ggpubr
2024-02-08,6566,13460837,ggpubr
2024-02-09,5090,13465927,ggpubr
2024-02-10,2439,13468366,ggpubr
2024-02-11,2734,13471100,ggpubr
2024-02-12,5601,13476701,ggpubr
2024-02-13,8644,13485345,ggpubr
2024-02-14,5809,13491154,ggpubr
2024-02-15,6397,13497551,ggpubr
2024-02-16,5687,13503238,ggpubr
2024-02-17,3033,13506271,ggpubr
2024-02-18,3165,13509436,ggpubr
2024-02-19,6425,13515861,ggpubr
2024-02-20,7188,13523049,ggpubr
2024-02-21,7058,13530107,ggpubr
2024-02-22,7221,13537328,ggpubr
2024-02-23,6269,13543597,ggpubr
2024-02-24,3568,13547165,ggpubr
2024-02-25,3227,13550392,ggpubr
2024-02-26,7288,13557680,ggpubr
2024-02-27,7708,13565388,ggpubr
2024-02-28,7515,13572903,ggpubr
2024-02-29,7106,13580009,ggpubr
2024-03-01,6111,13586120,ggpubr
2024-03-02,2941,13589061,ggpubr
2024-03-03,3344,13592405,ggpubr
2024-03-04,7149,13599554,ggpubr
2024-03-05,7809,13607363,ggpubr
2024-03-06,8095,13615458,ggpubr
2024-03-07,7621,13623079,ggpubr
2024-03-08,6451,13629530,ggpubr
2024-03-09,3093,13632623,ggpubr
2024-03-10,3328,13635951,ggpubr
2024-03-11,7288,13643239,ggpubr
2024-03-12,7370,13650609,ggpubr
2024-03-13,7379,13657988,ggpubr
2024-03-14,7146,13665134,ggpubr
2024-03-15,6397,13671531,ggpubr
2024-03-16,3226,13674757,ggpubr
2024-03-17,3289,13678046,ggpubr
2024-03-18,7253,13685299,ggpubr
2024-03-19,8193,13693492,ggpubr
2024-03-20,7501,13700993,ggpubr
2024-03-21,7779,13708772,ggpubr
2024-03-22,6350,13715122,ggpubr
2024-03-23,3308,13718430,ggpubr
2024-03-24,3292,13721722,ggpubr
2024-03-25,6978,13728700,ggpubr
2024-03-26,7641,13736341,ggpubr
2024-03-27,7610,13743951,ggpubr
2024-03-28,6563,13750514,ggpubr
2024-03-29,4708,13755222,ggpubr
2024-03-30,3039,13758261,ggpubr
2024-03-31,3141,13761402,ggpubr
2024-04-01,21724,13783126,ggpubr
2024-04-02,9347,13792473,ggpubr
2024-04-03,7152,13799625,ggpubr
2024-04-04,7183,13806808,ggpubr
2024-04-05,97005,13903813,ggpubr
2024-04-06,8669,13912482,ggpubr
2024-04-07,4210,13916692,ggpubr
2024-04-08,7888,13924580,ggpubr
2024-04-09,7746,13932326,ggpubr
2024-04-10,7287,13939613,ggpubr
2024-04-11,20391,13960004,ggpubr
2024-04-12,19954,13979958,ggpubr
2024-04-13,3392,13983350,ggpubr
2024-04-14,3627,13986977,ggpubr
2024-04-15,7863,13994840,ggpubr
2024-04-16,7684,14002524,ggpubr
2024-04-17,7800,14010324,ggpubr
2024-04-18,7436,14017760,ggpubr
2024-04-19,6094,14023854,ggpubr
2024-04-20,4248,14028102,ggpubr
2024-04-21,4135,14032237,ggpubr
2024-04-22,7844,14040081,ggpubr
2024-04-23,7988,14048069,ggpubr
2024-04-24,7310,14055379,ggpubr
2024-04-25,7707,14063086,ggpubr
2024-04-26,7966,14071052,ggpubr
2024-04-27,5630,14076682,ggpubr
2024-04-28,6127,14082809,ggpubr
2024-04-29,11264,14094073,ggpubr
2024-04-30,9895,14103968,ggpubr
2024-05-01,9235,14113203,ggpubr
2024-05-02,10132,14123335,ggpubr
2024-05-03,8717,14132052,ggpubr
2024-05-04,4940,14136992,ggpubr
2024-05-05,5809,14142801,ggpubr
2024-05-06,9357,14152158,ggpubr
2024-05-07,9483,14161641,ggpubr
2024-05-08,9239,14170880,ggpubr
2024-05-09,8772,14179652,ggpubr
2024-05-10,8198,14187850,ggpubr
2024-05-11,4679,14192529,ggpubr
2024-05-12,4578,14197107,ggpubr
2024-05-13,9237,14206344,ggpubr
2024-05-14,9356,14215700,ggpubr
2024-05-15,9418,14225118,ggpubr
2024-05-16,9523,14234641,ggpubr
2024-05-17,8413,14243054,ggpubr
2024-05-18,5401,14248455,ggpubr
2024-05-19,4523,14252978,ggpubr
2024-05-20,8501,14261479,ggpubr
2024-05-21,10280,14271759,ggpubr
2024-05-22,10521,14282280,ggpubr
2024-05-23,10185,14292465,ggpubr
2024-05-24,9509,14301974,ggpubr
2024-05-25,5505,14307479,ggpubr
2024-05-26,4306,14311785,ggpubr
2024-05-27,8017,14319802,ggpubr
2024-05-28,9623,14329425,ggpubr
2024-05-29,9543,14338968,ggpubr
2024-05-30,9140,14348108,ggpubr
2024-05-31,7886,14355994,ggpubr
2024-06-01,4181,14360175,ggpubr
2024-06-02,4467,14364642,ggpubr
2024-06-03,8141,14372783,ggpubr
2024-06-04,9198,14381981,ggpubr
2024-06-05,9026,14391007,ggpubr
2024-06-06,8448,14399455,ggpubr
2024-06-07,6924,14406379,ggpubr
2024-06-08,3621,14410000,ggpubr
2024-06-09,3567,14413567,ggpubr
2024-06-10,6962,14420529,ggpubr
2024-06-11,8509,14429038,ggpubr
2024-06-12,7696,14436734,ggpubr
2024-06-13,8945,14445679,ggpubr
2024-06-14,7173,14452852,ggpubr
2024-06-15,3507,14456359,ggpubr
2024-06-16,3816,14460175,ggpubr
2024-06-17,7555,14467730,ggpubr
2024-06-18,8031,14475761,ggpubr
2024-06-19,7437,14483198,ggpubr
2024-06-20,8143,14491341,ggpubr
2024-06-21,6128,14497469,ggpubr
2024-06-22,3498,14500967,ggpubr
2024-06-23,3421,14504388,ggpubr
2024-06-24,8217,14512605,ggpubr
2024-06-25,7438,14520043,ggpubr
2024-06-26,7146,14527189,ggpubr
2024-06-27,7287,14534476,ggpubr
2024-06-28,6412,14540888,ggpubr
2024-06-29,3175,14544063,ggpubr
2024-06-30,3496,14547559,ggpubr
2024-07-01,7006,14554565,ggpubr
2024-07-02,7799,14562364,ggpubr
2024-07-03,7686,14570050,ggpubr
2024-07-04,6354,14576404,ggpubr
2024-07-05,6123,14582527,ggpubr
2024-07-06,3089,14585616,ggpubr
2024-07-07,3200,14588816,ggpubr
2024-07-08,6746,14595562,ggpubr
2024-07-09,7645,14603207,ggpubr
2024-07-10,6675,14609882,ggpubr
2024-07-11,6842,14616724,ggpubr
2024-07-12,6186,14622910,ggpubr
2024-07-13,3225,14626135,ggpubr
2024-07-14,3145,14629280,ggpubr
2024-07-15,6406,14635686,ggpubr
2024-07-16,6714,14642400,ggpubr
2024-07-17,7701,14650101,ggpubr
2024-07-18,7265,14657366,ggpubr
2024-07-19,5938,14663304,ggpubr
2024-07-20,2862,14666166,ggpubr
2024-07-21,2918,14669084,ggpubr
2024-07-22,6717,14675801,ggpubr
2024-07-23,6629,14682430,ggpubr
2024-07-24,6451,14688881,ggpubr
2024-07-25,6717,14695598,ggpubr
2024-07-26,5641,14701239,ggpubr
2024-07-27,3031,14704270,ggpubr
2024-07-28,2689,14706959,ggpubr
2024-07-29,5943,14712902,ggpubr
2024-07-30,6369,14719271,ggpubr
2024-07-31,6058,14725329,ggpubr
2024-08-01,6104,14731433,ggpubr
2024-08-02,5762,14737195,ggpubr
2024-08-03,2889,14740084,ggpubr
2024-08-04,3080,14743164,ggpubr
2024-08-05,5697,14748861,ggpubr
2024-08-06,6119,14754980,ggpubr
2024-08-07,5990,14760970,ggpubr
2024-08-08,5538,14766508,ggpubr
2024-08-09,4791,14771299,ggpubr
2024-08-10,3022,14774321,ggpubr
2024-08-11,2901,14777222,ggpubr
2024-08-12,5796,14783018,ggpubr
2024-08-13,5852,14788870,ggpubr
2024-08-14,5495,14794365,ggpubr
2024-08-15,5174,14799539,ggpubr
2024-08-16,5351,14804890,ggpubr
2024-08-17,3109,14807999,ggpubr
2024-08-18,2790,14810789,ggpubr
2024-08-19,5738,14816527,ggpubr
2024-08-20,7034,14823561,ggpubr
2024-08-21,6196,14829757,ggpubr
2024-08-22,6679,14836436,ggpubr
2024-08-23,5640,14842076,ggpubr
2024-08-24,3251,14845327,ggpubr
2024-08-25,2977,14848304,ggpubr
2024-08-26,5781,14854085,ggpubr
2024-08-27,7419,14861504,ggpubr
2024-08-28,6515,14868019,ggpubr
2024-08-29,6692,14874711,ggpubr
2024-08-30,5394,14880105,ggpubr
2024-08-31,3113,14883218,ggpubr
2024-09-01,2943,14886161,ggpubr
2024-09-02,6509,14892670,ggpubr
2024-09-03,7196,14899866,ggpubr
2024-09-04,7666,14907532,ggpubr
2024-09-05,7304,14914836,ggpubr
2024-09-06,6326,14921162,ggpubr
2024-09-07,2995,14924157,ggpubr
2024-09-08,3232,14927389,ggpubr
2024-09-09,6883,14934272,ggpubr
2024-09-10,7761,14942033,ggpubr
2024-09-11,7079,14949112,ggpubr
2024-09-12,6706,14955818,ggpubr
2024-09-13,5764,14961582,ggpubr
2024-09-14,3074,14964656,ggpubr
2024-09-15,3033,14967689,ggpubr
2024-09-16,6861,14974550,ggpubr
2024-09-17,7134,14981684,ggpubr
2024-09-18,7317,14989001,ggpubr
2024-09-19,7210,14996211,ggpubr
2024-09-20,6579,15002790,ggpubr
2024-09-21,3171,15005961,ggpubr
2024-09-22,3430,15009391,ggpubr
2024-09-23,7702,15017093,ggpubr
2024-09-24,8177,15025270,ggpubr
2024-09-25,7976,15033246,ggpubr
2024-09-26,7177,15040423,ggpubr
2024-09-27,6820,15047243,ggpubr
2024-09-28,3609,15050852,ggpubr
2024-09-29,3538,15054390,ggpubr
2024-09-30,7983,15062373,ggpubr
2024-10-01,7912,15070285,ggpubr
2024-10-02,7600,15077885,ggpubr
2024-10-03,7564,15085449,ggpubr
2024-10-04,5916,15091365,ggpubr
2024-10-05,3079,15094444,ggpubr
2024-10-06,3251,15097695,ggpubr
2024-10-07,8749,15106444,ggpubr
2024-10-08,9193,15115637,ggpubr
2024-10-09,8663,15124300,ggpubr
2024-10-10,8500,15132800,ggpubr
2024-10-11,7201,15140001,ggpubr
2024-10-12,3575,15143576,ggpubr
2024-10-13,3329,15146905,ggpubr
2024-10-14,7265,15154170,ggpubr
2024-10-15,8523,15162693,ggpubr
2024-10-16,8232,15170925,ggpubr
2024-10-17,8602,15179527,ggpubr
2024-10-18,6921,15186448,ggpubr
2024-10-19,3145,15189593,ggpubr
2024-10-20,3495,15193088,ggpubr
2024-10-21,7759,15200847,ggpubr
2024-10-22,9421,15210268,ggpubr
2024-10-23,8836,15219104,ggpubr
2024-10-24,8812,15227916,ggpubr
2024-10-25,7711,15235627,ggpubr
2024-10-26,3509,15239136,ggpubr
2024-10-27,3603,15242739,ggpubr
2024-10-28,7991,15250730,ggpubr
2024-10-29,8753,15259483,ggpubr
2024-10-30,8999,15268482,ggpubr
2024-10-31,7978,15276460,ggpubr
2024-11-01,6135,15282595,ggpubr
2024-11-02,3524,15286119,ggpubr
2024-11-03,3468,15289587,ggpubr
2024-11-04,8006,15297593,ggpubr
2024-11-05,9466,15307059,ggpubr
2024-11-06,9188,15316247,ggpubr
2024-11-07,9123,15325370,ggpubr
2024-11-08,7933,15333303,ggpubr
2024-11-09,3864,15337167,ggpubr
2024-11-10,4140,15341307,ggpubr
2024-11-11,7995,15349302,ggpubr
2024-11-12,9463,15358765,ggpubr
2024-11-13,9956,15368721,ggpubr
2024-11-14,8930,15377651,ggpubr
2024-11-15,7593,15385244,ggpubr
2024-11-16,3832,15389076,ggpubr
2024-11-17,4310,15393386,ggpubr
2024-11-18,9272,15402658,ggpubr
2024-11-19,10354,15413012,ggpubr
2024-11-20,9493,15422505,ggpubr
2024-11-21,9169,15431674,ggpubr
2024-11-22,7391,15439065,ggpubr
2024-11-23,4164,15443229,ggpubr
2024-11-24,4379,15447608,ggpubr
2024-11-25,8850,15456458,ggpubr
2024-11-26,9082,15465540,ggpubr
2024-11-27,8214,15473754,ggpubr
2024-11-28,8076,15481830,ggpubr
2024-11-29,6372,15488202,ggpubr
2024-11-30,3857,15492059,ggpubr
2024-12-01,4285,15496344,ggpubr
2024-12-02,8658,15505002,ggpubr
2024-12-03,8457,15513459,ggpubr
2024-12-04,9530,15522989,ggpubr
2024-12-05,8646,15531635,ggpubr
2024-12-06,6863,15538498,ggpubr
2024-12-07,3737,15542235,ggpubr
2024-12-08,4150,15546385,ggpubr
2024-12-09,8119,15554504,ggpubr
2024-12-10,7866,15562370,ggpubr
2024-12-11,8213,15570583,ggpubr
2024-12-12,7695,15578278,ggpubr
2024-12-13,6139,15584417,ggpubr
2024-12-14,3441,15587858,ggpubr
2024-12-15,3640,15591498,ggpubr
2024-12-16,7366,15598864,ggpubr
2024-12-17,8014,15606878,ggpubr
2024-12-18,7304,15614182,ggpubr
2024-12-19,6806,15620988,ggpubr
2024-12-20,5770,15626758,ggpubr
2024-12-21,2705,15629463,ggpubr
2024-12-22,2633,15632096,ggpubr
2024-12-23,4084,15636180,ggpubr
2024-12-24,3683,15639863,ggpubr
2024-12-25,2792,15642655,ggpubr
2024-12-26,3185,15645840,ggpubr
2024-12-27,3134,15648974,ggpubr
2024-12-28,2234,15651208,ggpubr
2024-12-29,2688,15653896,ggpubr
2024-12-30,4110,15658006,ggpubr
2024-12-31,3206,15661212,ggpubr
2025-01-01,2037,15663249,ggpubr
2025-01-02,3708,15666957,ggpubr
2025-01-03,4233,15671190,ggpubr
2025-01-04,2538,15673728,ggpubr
2025-01-05,2674,15676402,ggpubr
2025-01-06,5060,15681462,ggpubr
2025-01-07,5819,15687281,ggpubr
2025-01-08,5741,15693022,ggpubr
2025-01-09,5771,15698793,ggpubr
2025-01-10,5201,15703994,ggpubr
2025-01-11,2423,15706417,ggpubr
2025-01-12,2868,15709285,ggpubr
2025-01-13,5637,15714922,ggpubr
2025-01-14,6120,15721042,ggpubr
2025-01-15,6326,15727368,ggpubr
2025-01-16,5856,15733224,ggpubr
2025-01-17,5351,15738575,ggpubr
2025-01-18,2683,15741258,ggpubr
2025-01-19,2918,15744176,ggpubr
2025-01-20,5693,15749869,ggpubr
2025-01-21,6812,15756681,ggpubr
2025-01-22,6431,15763112,ggpubr
2025-01-23,6267,15769379,ggpubr
2025-01-24,5288,15774667,ggpubr
2025-01-25,2532,15777199,ggpubr
2025-01-26,2673,15779872,ggpubr
2025-01-27,5615,15785487,ggpubr
2025-01-28,6465,15791952,ggpubr
2025-01-29,5940,15797892,ggpubr
2025-01-30,6132,15804024,ggpubr
2025-01-31,5348,15809372,ggpubr
2025-02-01,2631,15812003,ggpubr
2025-02-02,2915,15814918,ggpubr
2025-02-03,6069,15820987,ggpubr
2025-02-04,7158,15828145,ggpubr
2025-02-05,7124,15835269,ggpubr
2025-02-06,6661,15841930,ggpubr
2025-02-07,6729,15848659,ggpubr
2025-02-08,3241,15851900,ggpubr
2025-02-09,3597,15855497,ggpubr
2025-02-10,6817,15862314,ggpubr
2025-02-11,7533,15869847,ggpubr
2025-02-12,8099,15877946,ggpubr
2025-02-13,8084,15886030,ggpubr
2025-02-14,7038,15893068,ggpubr
2025-02-15,4671,15897739,ggpubr
2025-02-16,5223,15902962,ggpubr
2025-02-17,8445,15911407,ggpubr
2025-02-18,9336,15920743,ggpubr
2025-02-19,10002,15930745,ggpubr
2025-02-20,9471,15940216,ggpubr
2025-02-21,8245,15948461,ggpubr
2025-02-22,4943,15953404,ggpubr
2025-02-23,5194,15958598,ggpubr
2025-02-24,8978,15967576,ggpubr
2025-02-25,9969,15977545,ggpubr
2025-02-26,9963,15987508,ggpubr
2025-02-27,9723,15997231,ggpubr
2025-02-28,8475,16005706,ggpubr
2025-03-01,5211,16010917,ggpubr
2025-03-02,5757,16016674,ggpubr
2025-03-03,8266,16024940,ggpubr
2025-03-04,8968,16033908,ggpubr
2025-03-05,8687,16042595,ggpubr
2025-03-06,9471,16052066,ggpubr
2025-03-07,7334,16059400,ggpubr
2025-03-08,3595,16062995,ggpubr
2025-03-09,3763,16066758,ggpubr
2025-03-10,8111,16074869,ggpubr
2025-03-11,8872,16083741,ggpubr
2025-03-12,9446,16093187,ggpubr
2025-03-13,9164,16102351,ggpubr
2025-03-14,6846,16109197,ggpubr
2025-03-15,3874,16113071,ggpubr
2025-03-16,4119,16117190,ggpubr
2025-03-17,8754,16125944,ggpubr
2025-03-18,8889,16134833,ggpubr
2025-03-19,9221,16144054,ggpubr
2025-03-20,8445,16152499,ggpubr
2025-03-21,7137,16159636,ggpubr
2025-03-22,3639,16163275,ggpubr
2025-03-23,5001,16168276,ggpubr
2025-03-24,8846,16177122,ggpubr
2025-03-25,9694,16186816,ggpubr
2025-03-26,9214,16196030,ggpubr
2025-03-27,8462,16204492,ggpubr
2025-03-28,7009,16211501,ggpubr
2025-03-29,4159,16215660,ggpubr
2025-03-30,4324,16219984,ggpubr
2016-04-04,5,5,ggsci
2016-04-05,13,18,ggsci
2016-04-06,9,27,ggsci
2016-04-07,19,46,ggsci
2016-04-08,8,54,ggsci
2016-04-09,5,59,ggsci
2016-04-10,6,65,ggsci
2016-04-11,9,74,ggsci
2016-04-12,14,88,ggsci
2016-04-13,5,93,ggsci
2016-04-14,13,106,ggsci
2016-04-15,2,108,ggsci
2016-04-16,2,110,ggsci
2016-04-17,3,113,ggsci
2016-04-18,4,117,ggsci
2016-04-19,4,121,ggsci
2016-04-20,6,127,ggsci
2016-04-21,6,133,ggsci
2016-04-22,3,136,ggsci
2016-04-23,4,140,ggsci
2016-04-24,2,142,ggsci
2016-04-25,6,148,ggsci
2016-04-26,9,157,ggsci
2016-04-27,9,166,ggsci
2016-04-28,5,171,ggsci
2016-04-29,5,176,ggsci
2016-04-30,0,176,ggsci
2016-05-01,0,176,ggsci
2016-05-02,6,182,ggsci
2016-05-03,12,194,ggsci
2016-05-04,11,205,ggsci
2016-05-05,9,214,ggsci
2016-05-06,2,216,ggsci
2016-05-07,2,218,ggsci
2016-05-08,1,219,ggsci
2016-05-09,8,227,ggsci
2016-05-10,11,238,ggsci
2016-05-11,7,245,ggsci
2016-05-12,6,251,ggsci
2016-05-13,4,255,ggsci
2016-05-14,5,260,ggsci
2016-05-15,4,264,ggsci
2016-05-16,8,272,ggsci
2016-05-17,4,276,ggsci
2016-05-18,1,277,ggsci
2016-05-19,4,281,ggsci
2016-05-20,5,286,ggsci
2016-05-21,12,298,ggsci
2016-05-22,11,309,ggsci
2016-05-23,4,313,ggsci
2016-05-24,4,317,ggsci
2016-05-25,8,325,ggsci
2016-05-26,12,337,ggsci
2016-05-27,10,347,ggsci
2016-05-28,5,352,ggsci
2016-05-29,2,354,ggsci
2016-05-30,9,363,ggsci
2016-05-31,5,368,ggsci
2016-06-01,6,374,ggsci
2016-06-02,9,383,ggsci
2016-06-03,11,394,ggsci
2016-06-04,3,397,ggsci
2016-06-05,2,399,ggsci
2016-06-06,1,400,ggsci
2016-06-07,10,410,ggsci
2016-06-08,5,415,ggsci
2016-06-09,8,423,ggsci
2016-06-10,5,428,ggsci
2016-06-11,0,428,ggsci
2016-06-12,1,429,ggsci
2016-06-13,6,435,ggsci
2016-06-14,3,438,ggsci
2016-06-15,1,439,ggsci
2016-06-16,1,440,ggsci
2016-06-17,6,446,ggsci
2016-06-18,1,447,ggsci
2016-06-19,6,453,ggsci
2016-06-20,4,457,ggsci
2016-06-21,7,464,ggsci
2016-06-22,10,474,ggsci
2016-06-23,7,481,ggsci
2016-06-24,8,489,ggsci
2016-06-25,5,494,ggsci
2016-06-26,8,502,ggsci
2016-06-27,7,509,ggsci
2016-06-28,7,516,ggsci
2016-06-29,4,520,ggsci
2016-06-30,4,524,ggsci
2016-07-01,4,528,ggsci
2016-07-02,2,530,ggsci
2016-07-03,6,536,ggsci
2016-07-04,2,538,ggsci
2016-07-05,8,546,ggsci
2016-07-06,4,550,ggsci
2016-07-07,7,557,ggsci
2016-07-08,14,571,ggsci
2016-07-09,6,577,ggsci
2016-07-10,5,582,ggsci
2016-07-11,6,588,ggsci
2016-07-12,7,595,ggsci
2016-07-13,0,595,ggsci
2016-07-14,1,596,ggsci
2016-07-15,8,604,ggsci
2016-07-16,9,613,ggsci
2016-07-17,6,619,ggsci
2016-07-18,8,627,ggsci
2016-07-19,12,639,ggsci
2016-07-20,21,660,ggsci
2016-07-21,16,676,ggsci
2016-07-22,4,680,ggsci
2016-07-23,5,685,ggsci
2016-07-24,6,691,ggsci
2016-07-25,35,726,ggsci
2016-07-26,20,746,ggsci
2016-07-27,14,760,ggsci
2016-07-28,14,774,ggsci
2016-07-29,8,782,ggsci
2016-07-30,22,804,ggsci
2016-07-31,10,814,ggsci
2016-08-01,12,826,ggsci
2016-08-02,12,838,ggsci
2016-08-03,12,850,ggsci
2016-08-04,20,870,ggsci
2016-08-05,37,907,ggsci
2016-08-06,28,935,ggsci
2016-08-07,29,964,ggsci
2016-08-08,42,1006,ggsci
2016-08-09,25,1031,ggsci
2016-08-10,21,1052,ggsci
2016-08-11,14,1066,ggsci
2016-08-12,18,1084,ggsci
2016-08-13,13,1097,ggsci
2016-08-14,11,1108,ggsci
2016-08-15,7,1115,ggsci
2016-08-16,6,1121,ggsci
2016-08-17,16,1137,ggsci
2016-08-18,15,1152,ggsci
2016-08-19,10,1162,ggsci
2016-08-20,2,1164,ggsci
2016-08-21,6,1170,ggsci
2016-08-22,9,1179,ggsci
2016-08-23,7,1186,ggsci
2016-08-24,20,1206,ggsci
2016-08-25,15,1221,ggsci
2016-08-26,11,1232,ggsci
2016-08-27,5,1237,ggsci
2016-08-28,8,1245,ggsci
2016-08-29,12,1257,ggsci
2016-08-30,10,1267,ggsci
2016-08-31,15,1282,ggsci
2016-09-01,10,1292,ggsci
2016-09-02,8,1300,ggsci
2016-09-03,9,1309,ggsci
2016-09-04,5,1314,ggsci
2016-09-05,16,1330,ggsci
2016-09-06,12,1342,ggsci
2016-09-07,16,1358,ggsci
2016-09-08,5,1363,ggsci
2016-09-09,12,1375,ggsci
2016-09-10,9,1384,ggsci
2016-09-11,4,1388,ggsci
2016-09-12,12,1400,ggsci
2016-09-13,8,1408,ggsci
2016-09-14,11,1419,ggsci
2016-09-15,11,1430,ggsci
2016-09-16,10,1440,ggsci
2016-09-17,3,1443,ggsci
2016-09-18,3,1446,ggsci
2016-09-19,10,1456,ggsci
2016-09-20,12,1468,ggsci
2016-09-21,12,1480,ggsci
2016-09-22,13,1493,ggsci
2016-09-23,4,1497,ggsci
2016-09-24,5,1502,ggsci
2016-09-25,10,1512,ggsci
2016-09-26,5,1517,ggsci
2016-09-27,27,1544,ggsci
2016-09-28,18,1562,ggsci
2016-09-29,14,1576,ggsci
2016-09-30,4,1580,ggsci
2016-10-01,10,1590,ggsci
2016-10-02,19,1609,ggsci
2016-10-03,10,1619,ggsci
2016-10-04,17,1636,ggsci
2016-10-05,24,1660,ggsci
2016-10-06,12,1672,ggsci
2016-10-07,16,1688,ggsci
2016-10-08,9,1697,ggsci
2016-10-09,24,1721,ggsci
2016-10-10,11,1732,ggsci
2016-10-11,18,1750,ggsci
2016-10-12,32,1782,ggsci
2016-10-13,26,1808,ggsci
2016-10-14,17,1825,ggsci
2016-10-15,4,1829,ggsci
2016-10-16,11,1840,ggsci
2016-10-17,15,1855,ggsci
2016-10-18,16,1871,ggsci
2016-10-19,22,1893,ggsci
2016-10-20,19,1912,ggsci
2016-10-21,42,1954,ggsci
2016-10-22,10,1964,ggsci
2016-10-23,21,1985,ggsci
2016-10-24,28,2013,ggsci
2016-10-25,26,2039,ggsci
2016-10-26,13,2052,ggsci
2016-10-27,11,2063,ggsci
2016-10-28,15,2078,ggsci
2016-10-29,3,2081,ggsci
2016-10-30,11,2092,ggsci
2016-10-31,20,2112,ggsci
2016-11-01,17,2129,ggsci
2016-11-02,37,2166,ggsci
2016-11-03,47,2213,ggsci
2016-11-04,45,2258,ggsci
2016-11-05,18,2276,ggsci
2016-11-06,18,2294,ggsci
2016-11-07,31,2325,ggsci
2016-11-08,47,2372,ggsci
2016-11-09,64,2436,ggsci
2016-11-10,66,2502,ggsci
2016-11-11,31,2533,ggsci
2016-11-12,28,2561,ggsci
2016-11-13,35,2596,ggsci
2016-11-14,70,2666,ggsci
2016-11-15,57,2723,ggsci
2016-11-16,51,2774,ggsci
2016-11-17,56,2830,ggsci
2016-11-18,43,2873,ggsci
2016-11-19,27,2900,ggsci
2016-11-20,44,2944,ggsci
2016-11-21,460,3404,ggsci
2016-11-22,360,3764,ggsci
2016-11-23,108,3872,ggsci
2016-11-24,116,3988,ggsci
2016-11-25,71,4059,ggsci
2016-11-26,48,4107,ggsci
2016-11-27,51,4158,ggsci
2016-11-28,82,4240,ggsci
2016-11-29,96,4336,ggsci
2016-11-30,94,4430,ggsci
2016-12-01,82,4512,ggsci
2016-12-02,52,4564,ggsci
2016-12-03,37,4601,ggsci
2016-12-04,45,4646,ggsci
2016-12-05,68,4714,ggsci
2016-12-06,70,4784,ggsci
2016-12-07,152,4936,ggsci
2016-12-08,161,5097,ggsci
2016-12-09,166,5263,ggsci
2016-12-10,79,5342,ggsci
2016-12-11,84,5426,ggsci
2016-12-12,250,5676,ggsci
2016-12-13,117,5793,ggsci
2016-12-14,123,5916,ggsci
2016-12-15,117,6033,ggsci
2016-12-16,122,6155,ggsci
2016-12-17,41,6196,ggsci
2016-12-18,50,6246,ggsci
2016-12-19,98,6344,ggsci
2016-12-20,96,6440,ggsci
2016-12-21,91,6531,ggsci
2016-12-22,84,6615,ggsci
2016-12-23,46,6661,ggsci
2016-12-24,32,6693,ggsci
2016-12-25,33,6726,ggsci
2016-12-26,66,6792,ggsci
2016-12-27,64,6856,ggsci
2016-12-28,51,6907,ggsci
2016-12-29,61,6968,ggsci
2016-12-30,38,7006,ggsci
2016-12-31,32,7038,ggsci
2017-01-01,26,7064,ggsci
2017-01-02,51,7115,ggsci
2017-01-03,92,7207,ggsci
2017-01-04,93,7300,ggsci
2017-01-05,84,7384,ggsci
2017-01-06,79,7463,ggsci
2017-01-07,41,7504,ggsci
2017-01-08,47,7551,ggsci
2017-01-09,253,7804,ggsci
2017-01-10,281,8085,ggsci
2017-01-11,272,8357,ggsci
2017-01-12,286,8643,ggsci
2017-01-13,241,8884,ggsci
2017-01-14,138,9022,ggsci
2017-01-15,156,9178,ggsci
2017-01-16,264,9442,ggsci
2017-01-17,300,9742,ggsci
2017-01-18,313,10055,ggsci
2017-01-19,310,10365,ggsci
2017-01-20,228,10593,ggsci
2017-01-21,136,10729,ggsci
2017-01-22,120,10849,ggsci
2017-01-23,265,11114,ggsci
2017-01-24,247,11361,ggsci
2017-01-25,277,11638,ggsci
2017-01-26,267,11905,ggsci
2017-01-27,275,12180,ggsci
2017-01-28,91,12271,ggsci
2017-01-29,153,12424,ggsci
2017-01-30,243,12667,ggsci
2017-01-31,294,12961,ggsci
2017-02-01,281,13242,ggsci
2017-02-02,284,13526,ggsci
2017-02-03,305,13831,ggsci
2017-02-04,118,13949,ggsci
2017-02-05,119,14068,ggsci
2017-02-06,301,14369,ggsci
2017-02-07,279,14648,ggsci
2017-02-08,250,14898,ggsci
2017-02-09,273,15171,ggsci
2017-02-10,254,15425,ggsci
2017-02-11,120,15545,ggsci
2017-02-12,131,15676,ggsci
2017-02-13,271,15947,ggsci
2017-02-14,368,16315,ggsci
2017-02-15,328,16643,ggsci
2017-02-16,298,16941,ggsci
2017-02-17,325,17266,ggsci
2017-02-18,150,17416,ggsci
2017-02-19,125,17541,ggsci
2017-02-20,379,17920,ggsci
2017-02-21,340,18260,ggsci
2017-02-22,386,18646,ggsci
2017-02-23,414,19060,ggsci
2017-02-24,395,19455,ggsci
2017-02-25,150,19605,ggsci
2017-02-26,155,19760,ggsci
2017-02-27,322,20082,ggsci
2017-02-28,368,20450,ggsci
2017-03-01,256,20706,ggsci
2017-03-02,346,21052,ggsci
2017-03-03,310,21362,ggsci
2017-03-04,195,21557,ggsci
2017-03-05,184,21741,ggsci
2017-03-06,340,22081,ggsci
2017-03-07,360,22441,ggsci
2017-03-08,1267,23708,ggsci
2017-03-09,845,24553,ggsci
2017-03-10,547,25100,ggsci
2017-03-11,267,25367,ggsci
2017-03-12,305,25672,ggsci
2017-03-13,554,26226,ggsci
2017-03-14,575,26801,ggsci
2017-03-15,536,27337,ggsci
2017-03-16,544,27881,ggsci
2017-03-17,428,28309,ggsci
2017-03-18,269,28578,ggsci
2017-03-19,228,28806,ggsci
2017-03-20,511,29317,ggsci
2017-03-21,606,29923,ggsci
2017-03-22,507,30430,ggsci
2017-03-23,474,30904,ggsci
2017-03-24,468,31372,ggsci
2017-03-25,225,31597,ggsci
2017-03-26,291,31888,ggsci
2017-03-27,501,32389,ggsci
2017-03-28,519,32908,ggsci
2017-03-29,531,33439,ggsci
2017-03-30,432,33871,ggsci
2017-03-31,354,34225,ggsci
2017-04-01,239,34464,ggsci
2017-04-02,207,34671,ggsci
2017-04-03,382,35053,ggsci
2017-04-04,479,35532,ggsci
2017-04-05,473,36005,ggsci
2017-04-06,449,36454,ggsci
2017-04-07,426,36880,ggsci
2017-04-08,195,37075,ggsci
2017-04-09,214,37289,ggsci
2017-04-10,503,37792,ggsci
2017-04-11,525,38317,ggsci
2017-04-12,404,38721,ggsci
2017-04-13,364,39085,ggsci
2017-04-14,277,39362,ggsci
2017-04-15,164,39526,ggsci
2017-04-16,149,39675,ggsci
2017-04-17,312,39987,ggsci
2017-04-18,486,40473,ggsci
2017-04-19,411,40884,ggsci
2017-04-20,483,41367,ggsci
2017-04-21,492,41859,ggsci
2017-04-22,176,42035,ggsci
2017-04-23,225,42260,ggsci
2017-04-24,568,42828,ggsci
2017-04-25,635,43463,ggsci
2017-04-26,608,44071,ggsci
2017-04-27,576,44647,ggsci
2017-04-28,378,45025,ggsci
2017-04-29,191,45216,ggsci
2017-04-30,204,45420,ggsci
2017-05-01,307,45727,ggsci
2017-05-02,435,46162,ggsci
2017-05-03,421,46583,ggsci
2017-05-04,503,47086,ggsci
2017-05-05,358,47444,ggsci
2017-05-06,212,47656,ggsci
2017-05-07,211,47867,ggsci
2017-05-08,433,48300,ggsci
2017-05-09,451,48751,ggsci
2017-05-10,388,49139,ggsci
2017-05-11,526,49665,ggsci
2017-05-12,425,50090,ggsci
2017-05-13,195,50285,ggsci
2017-05-14,183,50468,ggsci
2017-05-15,490,50958,ggsci
2017-05-16,486,51444,ggsci
2017-05-17,566,52010,ggsci
2017-05-18,421,52431,ggsci
2017-05-19,289,52720,ggsci
2017-05-20,154,52874,ggsci
2017-05-21,175,53049,ggsci
2017-05-22,359,53408,ggsci
2017-05-23,435,53843,ggsci
2017-05-24,490,54333,ggsci
2017-05-25,367,54700,ggsci
2017-05-26,420,55120,ggsci
2017-05-27,181,55301,ggsci
2017-05-28,168,55469,ggsci
2017-05-29,335,55804,ggsci
2017-05-30,397,56201,ggsci
2017-05-31,380,56581,ggsci
2017-06-01,342,56923,ggsci
2017-06-02,345,57268,ggsci
2017-06-03,186,57454,ggsci
2017-06-04,170,57624,ggsci
2017-06-05,366,57990,ggsci
2017-06-06,452,58442,ggsci
2017-06-07,379,58821,ggsci
2017-06-08,441,59262,ggsci
2017-06-09,451,59713,ggsci
2017-06-10,241,59954,ggsci
2017-06-11,178,60132,ggsci
2017-06-12,832,60964,ggsci
2017-06-13,1225,62189,ggsci
2017-06-14,762,62951,ggsci
2017-06-15,735,63686,ggsci
2017-06-16,550,64236,ggsci
2017-06-17,280,64516,ggsci
2017-06-18,313,64829,ggsci
2017-06-19,758,65587,ggsci
2017-06-20,648,66235,ggsci
2017-06-21,614,66849,ggsci
2017-06-22,565,67414,ggsci
2017-06-23,384,67798,ggsci
2017-06-24,194,67992,ggsci
2017-06-25,176,68168,ggsci
2017-06-26,485,68653,ggsci
2017-06-27,498,69151,ggsci
2017-06-28,614,69765,ggsci
2017-06-29,619,70384,ggsci
2017-06-30,512,70896,ggsci
2017-07-01,200,71096,ggsci
2017-07-02,186,71282,ggsci
2017-07-03,414,71696,ggsci
2017-07-04,445,72141,ggsci
2017-07-05,440,72581,ggsci
2017-07-06,620,73201,ggsci
2017-07-07,461,73662,ggsci
2017-07-08,184,73846,ggsci
2017-07-09,242,74088,ggsci
2017-07-10,470,74558,ggsci
2017-07-11,479,75037,ggsci
2017-07-12,438,75475,ggsci
2017-07-13,440,75915,ggsci
2017-07-14,340,76255,ggsci
2017-07-15,122,76377,ggsci
2017-07-16,168,76545,ggsci
2017-07-17,400,76945,ggsci
2017-07-18,520,77465,ggsci
2017-07-19,519,77984,ggsci
2017-07-20,474,78458,ggsci
2017-07-21,401,78859,ggsci
2017-07-22,165,79024,ggsci
2017-07-23,171,79195,ggsci
2017-07-24,463,79658,ggsci
2017-07-25,444,80102,ggsci
2017-07-26,461,80563,ggsci
2017-07-27,575,81138,ggsci
2017-07-28,499,81637,ggsci
2017-07-29,196,81833,ggsci
2017-07-30,220,82053,ggsci
2017-07-31,522,82575,ggsci
2017-08-01,541,83116,ggsci
2017-08-02,541,83657,ggsci
2017-08-03,448,84105,ggsci
2017-08-04,366,84471,ggsci
2017-08-05,172,84643,ggsci
2017-08-06,188,84831,ggsci
2017-08-07,451,85282,ggsci
2017-08-08,521,85803,ggsci
2017-08-09,476,86279,ggsci
2017-08-10,503,86782,ggsci
2017-08-11,395,87177,ggsci
2017-08-12,193,87370,ggsci
2017-08-13,191,87561,ggsci
2017-08-14,412,87973,ggsci
2017-08-15,438,88411,ggsci
2017-08-16,500,88911,ggsci
2017-08-17,463,89374,ggsci
2017-08-18,414,89788,ggsci
2017-08-19,215,90003,ggsci
2017-08-20,205,90208,ggsci
2017-08-21,481,90689,ggsci
2017-08-22,568,91257,ggsci
2017-08-23,602,91859,ggsci
2017-08-24,646,92505,ggsci
2017-08-25,462,92967,ggsci
2017-08-26,204,93171,ggsci
2017-08-27,172,93343,ggsci
2017-08-28,518,93861,ggsci
2017-08-29,488,94349,ggsci
2017-08-30,495,94844,ggsci
2017-08-31,459,95303,ggsci
2017-09-01,401,95704,ggsci
2017-09-02,216,95920,ggsci
2017-09-03,174,96094,ggsci
2017-09-04,409,96503,ggsci
2017-09-05,524,97027,ggsci
2017-09-06,544,97571,ggsci
2017-09-07,577,98148,ggsci
2017-09-08,417,98565,ggsci
2017-09-09,219,98784,ggsci
2017-09-10,239,99023,ggsci
2017-09-11,558,99581,ggsci
2017-09-12,570,100151,ggsci
2017-09-13,752,100903,ggsci
2017-09-14,757,101660,ggsci
2017-09-15,580,102240,ggsci
2017-09-16,248,102488,ggsci
2017-09-17,261,102749,ggsci
2017-09-18,580,103329,ggsci
2017-09-19,600,103929,ggsci
2017-09-20,641,104570,ggsci
2017-09-21,525,105095,ggsci
2017-09-22,533,105628,ggsci
2017-09-23,276,105904,ggsci
2017-09-24,276,106180,ggsci
2017-09-25,591,106771,ggsci
2017-09-26,658,107429,ggsci
2017-09-27,682,108111,ggsci
2017-09-28,574,108685,ggsci
2017-09-29,552,109237,ggsci
2017-09-30,753,109990,ggsci
2017-10-01,1456,111446,ggsci
2017-10-02,1141,112587,ggsci
2017-10-03,1028,113615,ggsci
2017-10-04,1017,114632,ggsci
2017-10-05,909,115541,ggsci
2017-10-06,798,116339,ggsci
2017-10-07,401,116740,ggsci
2017-10-08,425,117165,ggsci
2017-10-09,822,117987,ggsci
2017-10-10,996,118983,ggsci
2017-10-11,1039,120022,ggsci
2017-10-12,887,120909,ggsci
2017-10-13,760,121669,ggsci
2017-10-14,474,122143,ggsci
2017-10-15,423,122566,ggsci
2017-10-16,977,123543,ggsci
2017-10-17,979,124522,ggsci
2017-10-18,822,125344,ggsci
2017-10-19,815,126159,ggsci
2017-10-20,747,126906,ggsci
2017-10-21,412,127318,ggsci
2017-10-22,522,127840,ggsci
2017-10-23,943,128783,ggsci
2017-10-24,975,129758,ggsci
2017-10-25,974,130732,ggsci
2017-10-26,916,131648,ggsci
2017-10-27,824,132472,ggsci
2017-10-28,377,132849,ggsci
2017-10-29,474,133323,ggsci
2017-10-30,797,134120,ggsci
2017-10-31,982,135102,ggsci
2017-11-01,852,135954,ggsci
2017-11-02,934,136888,ggsci
2017-11-03,746,137634,ggsci
2017-11-04,399,138033,ggsci
2017-11-05,472,138505,ggsci
2017-11-06,921,139426,ggsci
2017-11-07,1004,140430,ggsci
2017-11-08,963,141393,ggsci
2017-11-09,1024,142417,ggsci
2017-11-10,880,143297,ggsci
2017-11-11,393,143690,ggsci
2017-11-12,494,144184,ggsci
2017-11-13,999,145183,ggsci
2017-11-14,1034,146217,ggsci
2017-11-15,924,147141,ggsci
2017-11-16,1359,148500,ggsci
2017-11-17,846,149346,ggsci
2017-11-18,437,149783,ggsci
2017-11-19,460,150243,ggsci
2017-11-20,988,151231,ggsci
2017-11-21,1073,152304,ggsci
2017-11-22,951,153255,ggsci
2017-11-23,810,154065,ggsci
2017-11-24,707,154772,ggsci
2017-11-25,451,155223,ggsci
2017-11-26,475,155698,ggsci
2017-11-27,1052,156750,ggsci
2017-11-28,1119,157869,ggsci
2017-11-29,987,158856,ggsci
2017-11-30,961,159817,ggsci
2017-12-01,901,160718,ggsci
2017-12-02,498,161216,ggsci
2017-12-03,533,161749,ggsci
2017-12-04,999,162748,ggsci
2017-12-05,1042,163790,ggsci
2017-12-06,1061,164851,ggsci
2017-12-07,1018,165869,ggsci
2017-12-08,681,166550,ggsci
2017-12-09,463,167013,ggsci
2017-12-10,441,167454,ggsci
2017-12-11,933,168387,ggsci
2017-12-12,929,169316,ggsci
2017-12-13,849,170165,ggsci
2017-12-14,844,171009,ggsci
2017-12-15,718,171727,ggsci
2017-12-16,381,172108,ggsci
2017-12-17,352,172460,ggsci
2017-12-18,862,173322,ggsci
2017-12-19,742,174064,ggsci
2017-12-20,816,174880,ggsci
2017-12-21,692,175572,ggsci
2017-12-22,567,176139,ggsci
2017-12-23,244,176383,ggsci
2017-12-24,235,176618,ggsci
2017-12-25,207,176825,ggsci
2017-12-26,330,177155,ggsci
2017-12-27,377,177532,ggsci
2017-12-28,390,177922,ggsci
2017-12-29,353,178275,ggsci
2017-12-30,237,178512,ggsci
2017-12-31,157,178669,ggsci
2018-01-01,165,178834,ggsci
2018-01-02,568,179402,ggsci
2018-01-03,548,179950,ggsci
2018-01-04,698,180648,ggsci
2018-01-05,598,181246,ggsci
2018-01-06,312,181558,ggsci
2018-01-07,332,181890,ggsci
2018-01-08,752,182642,ggsci
2018-01-09,761,183403,ggsci
2018-01-10,753,184156,ggsci
2018-01-11,699,184855,ggsci
2018-01-12,684,185539,ggsci
2018-01-13,435,185974,ggsci
2018-01-14,363,186337,ggsci
2018-01-15,738,187075,ggsci
2018-01-16,837,187912,ggsci
2018-01-17,830,188742,ggsci
2018-01-18,764,189506,ggsci
2018-01-19,782,190288,ggsci
2018-01-20,328,190616,ggsci
2018-01-21,378,190994,ggsci
2018-01-22,817,191811,ggsci
2018-01-23,996,192807,ggsci
2018-01-24,899,193706,ggsci
2018-01-25,847,194553,ggsci
2018-01-26,719,195272,ggsci
2018-01-27,434,195706,ggsci
2018-01-28,406,196112,ggsci
2018-01-29,926,197038,ggsci
2018-01-30,1024,198062,ggsci
2018-01-31,923,198985,ggsci
2018-02-01,864,199849,ggsci
2018-02-02,817,200666,ggsci
2018-02-03,386,201052,ggsci
2018-02-04,376,201428,ggsci
2018-02-05,989,202417,ggsci
2018-02-06,948,203365,ggsci
2018-02-07,893,204258,ggsci
2018-02-08,828,205086,ggsci
2018-02-09,992,206078,ggsci
2018-02-10,428,206506,ggsci
2018-02-11,377,206883,ggsci
2018-02-12,972,207855,ggsci
2018-02-13,920,208775,ggsci
2018-02-14,975,209750,ggsci
2018-02-15,929,210679,ggsci
2018-02-16,784,211463,ggsci
2018-02-17,365,211828,ggsci
2018-02-18,436,212264,ggsci
2018-02-19,813,213077,ggsci
2018-02-20,854,213931,ggsci
2018-02-21,927,214858,ggsci
2018-02-22,1027,215885,ggsci
2018-02-23,746,216631,ggsci
2018-02-24,424,217055,ggsci
2018-02-25,385,217440,ggsci
2018-02-26,862,218302,ggsci
2018-02-27,901,219203,ggsci
2018-02-28,1015,220218,ggsci
2018-03-01,941,221159,ggsci
2018-03-02,791,221950,ggsci
2018-03-03,384,222334,ggsci
2018-03-04,465,222799,ggsci
2018-03-05,947,223746,ggsci
2018-03-06,1093,224839,ggsci
2018-03-07,983,225822,ggsci
2018-03-08,992,226814,ggsci
2018-03-09,846,227660,ggsci
2018-03-10,410,228070,ggsci
2018-03-11,477,228547,ggsci
2018-03-12,942,229489,ggsci
2018-03-13,1074,230563,ggsci
2018-03-14,1041,231604,ggsci
2018-03-15,1178,232782,ggsci
2018-03-16,869,233651,ggsci
2018-03-17,467,234118,ggsci
2018-03-18,447,234565,ggsci
2018-03-19,1007,235572,ggsci
2018-03-20,1063,236635,ggsci
2018-03-21,1133,237768,ggsci
2018-03-22,1127,238895,ggsci
2018-03-23,899,239794,ggsci
2018-03-24,423,240217,ggsci
2018-03-25,553,240770,ggsci
2018-03-26,1080,241850,ggsci
2018-03-27,1082,242932,ggsci
2018-03-28,1082,244014,ggsci
2018-03-29,899,244913,ggsci
2018-03-30,611,245524,ggsci
2018-03-31,445,245969,ggsci
2018-04-01,349,246318,ggsci
2018-04-02,747,247065,ggsci
2018-04-03,895,247960,ggsci
2018-04-04,991,248951,ggsci
2018-04-05,1021,249972,ggsci
2018-04-06,844,250816,ggsci
2018-04-07,498,251314,ggsci
2018-04-08,526,251840,ggsci
2018-04-09,1152,252992,ggsci
2018-04-10,1324,254316,ggsci
2018-04-11,1144,255460,ggsci
2018-04-12,1033,256493,ggsci
2018-04-13,1007,257500,ggsci
2018-04-14,566,258066,ggsci
2018-04-15,542,258608,ggsci
2018-04-16,1120,259728,ggsci
2018-04-17,1194,260922,ggsci
2018-04-18,1107,262029,ggsci
2018-04-19,1091,263120,ggsci
2018-04-20,952,264072,ggsci
2018-04-21,482,264554,ggsci
2018-04-22,589,265143,ggsci
2018-04-23,1119,266262,ggsci
2018-04-24,1532,267794,ggsci
2018-04-25,1611,269405,ggsci
2018-04-26,1415,270820,ggsci
2018-04-27,1093,271913,ggsci
2018-04-28,634,272547,ggsci
2018-04-29,618,273165,ggsci
2018-04-30,1147,274312,ggsci
2018-05-01,1200,275512,ggsci
2018-05-02,1182,276694,ggsci
2018-05-03,1275,277969,ggsci
2018-05-04,1086,279055,ggsci
2018-05-05,629,279684,ggsci
2018-05-06,521,280205,ggsci
2018-05-07,1110,281315,ggsci
2018-05-08,1126,282441,ggsci
2018-05-09,1293,283734,ggsci
2018-05-10,1069,284803,ggsci
2018-05-11,1090,285893,ggsci
2018-05-12,571,286464,ggsci
2018-05-13,620,287084,ggsci
2018-05-14,2673,289757,ggsci
2018-05-15,1873,291630,ggsci
2018-05-16,1796,293426,ggsci
2018-05-17,1838,295264,ggsci
2018-05-18,1535,296799,ggsci
2018-05-19,714,297513,ggsci
2018-05-20,712,298225,ggsci
2018-05-21,1379,299604,ggsci
2018-05-22,1561,301165,ggsci
2018-05-23,1584,302749,ggsci
2018-05-24,1498,304247,ggsci
2018-05-25,1227,305474,ggsci
2018-05-26,577,306051,ggsci
2018-05-27,659,306710,ggsci
2018-05-28,1268,307978,ggsci
2018-05-29,1587,309565,ggsci
2018-05-30,1451,311016,ggsci
2018-05-31,1471,312487,ggsci
2018-06-01,1223,313710,ggsci
2018-06-02,613,314323,ggsci
2018-06-03,601,314924,ggsci
2018-06-04,1453,316377,ggsci
2018-06-05,1501,317878,ggsci
2018-06-06,1446,319324,ggsci
2018-06-07,1395,320719,ggsci
2018-06-08,1160,321879,ggsci
2018-06-09,605,322484,ggsci
2018-06-10,589,323073,ggsci
2018-06-11,1184,324257,ggsci
2018-06-12,1436,325693,ggsci
2018-06-13,1248,326941,ggsci
2018-06-14,1226,328167,ggsci
2018-06-15,1089,329256,ggsci
2018-06-16,489,329745,ggsci
2018-06-17,478,330223,ggsci
2018-06-18,1207,331430,ggsci
2018-06-19,1254,332684,ggsci
2018-06-20,1254,333938,ggsci
2018-06-21,1208,335146,ggsci
2018-06-22,1074,336220,ggsci
2018-06-23,431,336651,ggsci
2018-06-24,441,337092,ggsci
2018-06-25,1150,338242,ggsci
2018-06-26,1244,339486,ggsci
2018-06-27,1189,340675,ggsci
2018-06-28,1200,341875,ggsci
2018-06-29,1000,342875,ggsci
2018-06-30,567,343442,ggsci
2018-07-01,525,343967,ggsci
2018-07-02,1157,345124,ggsci
2018-07-03,1317,346441,ggsci
2018-07-04,1040,347481,ggsci
2018-07-05,1170,348651,ggsci
2018-07-06,985,349636,ggsci
2018-07-07,475,350111,ggsci
2018-07-08,468,350579,ggsci
2018-07-09,1223,351802,ggsci
2018-07-10,1220,353022,ggsci
2018-07-11,1183,354205,ggsci
2018-07-12,1091,355296,ggsci
2018-07-13,997,356293,ggsci
2018-07-14,461,356754,ggsci
2018-07-15,425,357179,ggsci
2018-07-16,1073,358252,ggsci
2018-07-17,1159,359411,ggsci
2018-07-18,1237,360648,ggsci
2018-07-19,1208,361856,ggsci
2018-07-20,937,362793,ggsci
2018-07-21,443,363236,ggsci
2018-07-22,477,363713,ggsci
2018-07-23,1166,364879,ggsci
2018-07-24,1283,366162,ggsci
2018-07-25,1131,367293,ggsci
2018-07-26,1154,368447,ggsci
2018-07-27,977,369424,ggsci
2018-07-28,492,369916,ggsci
2018-07-29,496,370412,ggsci
2018-07-30,1067,371479,ggsci
2018-07-31,1121,372600,ggsci
2018-08-01,1069,373669,ggsci
2018-08-02,1002,374671,ggsci
2018-08-03,1003,375674,ggsci
2018-08-04,396,376070,ggsci
2018-08-05,444,376514,ggsci
2018-08-06,988,377502,ggsci
2018-08-07,1051,378553,ggsci
2018-08-08,1147,379700,ggsci
2018-08-09,1038,380738,ggsci
2018-08-10,964,381702,ggsci
2018-08-11,430,382132,ggsci
2018-08-12,448,382580,ggsci
2018-08-13,1023,383603,ggsci
2018-08-14,1073,384676,ggsci
2018-08-15,881,385557,ggsci
2018-08-16,1001,386558,ggsci
2018-08-17,941,387499,ggsci
2018-08-18,466,387965,ggsci
2018-08-19,376,388341,ggsci
2018-08-20,926,389267,ggsci
2018-08-21,1059,390326,ggsci
2018-08-22,1198,391524,ggsci
2018-08-23,1013,392537,ggsci
2018-08-24,1017,393554,ggsci
2018-08-25,404,393958,ggsci
2018-08-26,438,394396,ggsci
2018-08-27,943,395339,ggsci
2018-08-28,1122,396461,ggsci
2018-08-29,1094,397555,ggsci
2018-08-30,1225,398780,ggsci
2018-08-31,974,399754,ggsci
2018-09-01,438,400192,ggsci
2018-09-02,414,400606,ggsci
2018-09-03,924,401530,ggsci
2018-09-04,1249,402779,ggsci
2018-09-05,1095,403874,ggsci
2018-09-06,1130,405004,ggsci
2018-09-07,1086,406090,ggsci
2018-09-08,515,406605,ggsci
2018-09-09,511,407116,ggsci
2018-09-10,1106,408222,ggsci
2018-09-11,1176,409398,ggsci
2018-09-12,1331,410729,ggsci
2018-09-13,1446,412175,ggsci
2018-09-14,1627,413802,ggsci
2018-09-15,492,414294,ggsci
2018-09-16,634,414928,ggsci
2018-09-17,1602,416530,ggsci
2018-09-18,1592,418122,ggsci
2018-09-19,1523,419645,ggsci
2018-09-20,1452,421097,ggsci
2018-09-21,1098,422195,ggsci
2018-09-22,711,422906,ggsci
2018-09-23,656,423562,ggsci
2018-09-24,1487,425049,ggsci
2018-09-25,1525,426574,ggsci
2018-09-26,1667,428241,ggsci
2018-09-27,1692,429933,ggsci
2018-09-28,1448,431381,ggsci
2018-09-29,696,432077,ggsci
2018-09-30,646,432723,ggsci
2018-10-01,1460,434183,ggsci
2018-10-02,1762,435945,ggsci
2018-10-03,1748,437693,ggsci
2018-10-04,1808,439501,ggsci
2018-10-05,1619,441120,ggsci
2018-10-06,666,441786,ggsci
2018-10-07,806,442592,ggsci
2018-10-08,1587,444179,ggsci
2018-10-09,1852,446031,ggsci
2018-10-10,1896,447927,ggsci
2018-10-11,1884,449811,ggsci
2018-10-12,1519,451330,ggsci
2018-10-13,770,452100,ggsci
2018-10-14,877,452977,ggsci
2018-10-15,1660,454637,ggsci
2018-10-16,1937,456574,ggsci
2018-10-17,1959,458533,ggsci
2018-10-18,2045,460578,ggsci
2018-10-19,1679,462257,ggsci
2018-10-20,994,463251,ggsci
2018-10-21,1107,464358,ggsci
2018-10-22,2118,466476,ggsci
2018-10-23,2098,468574,ggsci
2018-10-24,2100,470674,ggsci
2018-10-25,2011,472685,ggsci
2018-10-26,1932,474617,ggsci
2018-10-27,1041,475658,ggsci
2018-10-28,942,476600,ggsci
2018-10-29,1895,478495,ggsci
2018-10-30,2074,480569,ggsci
2018-10-31,1915,482484,ggsci
2018-11-01,1720,484204,ggsci
2018-11-02,1524,485728,ggsci
2018-11-03,943,486671,ggsci
2018-11-04,969,487640,ggsci
2018-11-05,1981,489621,ggsci
2018-11-06,2055,491676,ggsci
2018-11-07,2224,493900,ggsci
2018-11-08,2059,495959,ggsci
2018-11-09,1720,497679,ggsci
2018-11-10,1081,498760,ggsci
2018-11-11,1006,499766,ggsci
2018-11-12,1938,501704,ggsci
2018-11-13,2351,504055,ggsci
2018-11-14,2233,506288,ggsci
2018-11-15,2009,508297,ggsci
2018-11-16,1861,510158,ggsci
2018-11-17,1122,511280,ggsci
2018-11-18,1089,512369,ggsci
2018-11-19,2153,514522,ggsci
2018-11-20,2088,516610,ggsci
2018-11-21,2145,518755,ggsci
2018-11-22,1859,520614,ggsci
2018-11-23,1625,522239,ggsci
2018-11-24,1165,523404,ggsci
2018-11-25,1156,524560,ggsci
2018-11-26,2203,526763,ggsci
2018-11-27,2499,529262,ggsci
2018-11-28,2194,531456,ggsci
2018-11-29,2313,533769,ggsci
2018-11-30,2171,535940,ggsci
2018-12-01,1212,537152,ggsci
2018-12-02,1252,538404,ggsci
2018-12-03,2363,540767,ggsci
2018-12-04,2440,543207,ggsci
2018-12-05,2272,545479,ggsci
2018-12-06,2373,547852,ggsci
2018-12-07,1947,549799,ggsci
2018-12-08,1063,550862,ggsci
2018-12-09,1084,551946,ggsci
2018-12-10,2112,554058,ggsci
2018-12-11,2141,556199,ggsci
2018-12-12,2082,558281,ggsci
2018-12-13,1954,560235,ggsci
2018-12-14,1743,561978,ggsci
2018-12-15,1087,563065,ggsci
2018-12-16,1239,564304,ggsci
2018-12-17,1803,566107,ggsci
2018-12-18,1919,568026,ggsci
2018-12-19,1802,569828,ggsci
2018-12-20,1658,571486,ggsci
2018-12-21,1288,572774,ggsci
2018-12-22,687,573461,ggsci
2018-12-23,731,574192,ggsci
2018-12-24,712,574904,ggsci
2018-12-25,690,575594,ggsci
2018-12-26,819,576413,ggsci
2018-12-27,919,577332,ggsci
2018-12-28,959,578291,ggsci
2018-12-29,486,578777,ggsci
2018-12-30,469,579246,ggsci
2018-12-31,467,579713,ggsci
2019-01-01,327,580040,ggsci
2019-01-02,1098,581138,ggsci
2019-01-03,1393,582531,ggsci
2019-01-04,1422,583953,ggsci
2019-01-05,863,584816,ggsci
2019-01-06,839,585655,ggsci
2019-01-07,1643,587298,ggsci
2019-01-08,2073,589371,ggsci
2019-01-09,3916,593287,ggsci
2019-01-10,3580,596867,ggsci
2019-01-11,2004,598871,ggsci
2019-01-12,1635,600506,ggsci
2019-01-13,1562,602068,ggsci
2019-01-14,3361,605429,ggsci
2019-01-15,3196,608625,ggsci
2019-01-16,2876,611501,ggsci
2019-01-17,2609,614110,ggsci
2019-01-18,3815,617925,ggsci
2019-01-19,1912,619837,ggsci
2019-01-20,1668,621505,ggsci
2019-01-21,3615,625120,ggsci
2019-01-22,4399,629519,ggsci
2019-01-23,2968,632487,ggsci
2019-01-24,3545,636032,ggsci
2019-01-25,4069,640101,ggsci
2019-01-26,1961,642062,ggsci
2019-01-27,2097,644159,ggsci
2019-01-28,3926,648085,ggsci
2019-01-29,3844,651929,ggsci
2019-01-30,3799,655728,ggsci
2019-01-31,2195,657923,ggsci
2019-02-01,4029,661952,ggsci
2019-02-02,2514,664466,ggsci
2019-02-03,2131,666597,ggsci
2019-02-04,4063,670660,ggsci
2019-02-05,3755,674415,ggsci
2019-02-06,3441,677856,ggsci
2019-02-07,4328,682184,ggsci
2019-02-08,4302,686486,ggsci
2019-02-09,2684,689170,ggsci
2019-02-10,2563,691733,ggsci
2019-02-11,4296,696029,ggsci
2019-02-12,4877,700906,ggsci
2019-02-13,5421,706327,ggsci
2019-02-14,3237,709564,ggsci
2019-02-15,8044,717608,ggsci
2019-02-16,2352,719960,ggsci
2019-02-17,2612,722572,ggsci
2019-02-18,4016,726588,ggsci
2019-02-19,4372,730960,ggsci
2019-02-20,5011,735971,ggsci
2019-02-21,5759,741730,ggsci
2019-02-22,4766,746496,ggsci
2019-02-23,2780,749276,ggsci
2019-02-24,1872,751148,ggsci
2019-02-25,4511,755659,ggsci
2019-02-26,4650,760309,ggsci
2019-02-27,4198,764507,ggsci
2019-02-28,3668,768175,ggsci
2019-03-01,3184,771359,ggsci
2019-03-02,1502,772861,ggsci
2019-03-03,1640,774501,ggsci
2019-03-04,2973,777474,ggsci
2019-03-05,3254,780728,ggsci
2019-03-06,3544,784272,ggsci
2019-03-07,3389,787661,ggsci
2019-03-08,2879,790540,ggsci
2019-03-09,1936,792476,ggsci
2019-03-10,1814,794290,ggsci
2019-03-11,3128,797418,ggsci
2019-03-12,3291,800709,ggsci
2019-03-13,3058,803767,ggsci
2019-03-14,2972,806739,ggsci
2019-03-15,2484,809223,ggsci
2019-03-16,1604,810827,ggsci
2019-03-17,1599,812426,ggsci
2019-03-18,3208,815634,ggsci
2019-03-19,3150,818784,ggsci
2019-03-20,3426,822210,ggsci
2019-03-21,3256,825466,ggsci
2019-03-22,3310,828776,ggsci
2019-03-23,1696,830472,ggsci
2019-03-24,1728,832200,ggsci
2019-03-25,2742,834942,ggsci
2019-03-26,3472,838414,ggsci
2019-03-27,3413,841827,ggsci
2019-03-28,3443,845270,ggsci
2019-03-29,2345,847615,ggsci
2019-03-30,1736,849351,ggsci
2019-03-31,1672,851023,ggsci
2019-04-01,3178,854201,ggsci
2019-04-02,3249,857450,ggsci
2019-04-03,3636,861086,ggsci
2019-04-04,3727,864813,ggsci
2019-04-05,3157,867970,ggsci
2019-04-06,1327,869297,ggsci
2019-04-07,1385,870682,ggsci
2019-04-08,3099,873781,ggsci
2019-04-09,3341,877122,ggsci
2019-04-10,3634,880756,ggsci
2019-04-11,3263,884019,ggsci
2019-04-12,3006,887025,ggsci
2019-04-13,1694,888719,ggsci
2019-04-14,1668,890387,ggsci
2019-04-15,3421,893808,ggsci
2019-04-16,2955,896763,ggsci
2019-04-17,3377,900140,ggsci
2019-04-18,3012,903152,ggsci
2019-04-19,2492,905644,ggsci
2019-04-20,1758,907402,ggsci
2019-04-21,1603,909005,ggsci
2019-04-22,2572,911577,ggsci
2019-04-23,3438,915015,ggsci
2019-04-24,3118,918133,ggsci
2019-04-25,2801,920934,ggsci
2019-04-26,2878,923812,ggsci
2019-04-27,2074,925886,ggsci
2019-04-28,1956,927842,ggsci
2019-04-29,3213,931055,ggsci
2019-04-30,3613,934668,ggsci
2019-05-01,3209,937877,ggsci
2019-05-02,3475,941352,ggsci
2019-05-03,2535,943887,ggsci
2019-05-04,1322,945209,ggsci
2019-05-05,1489,946698,ggsci
2019-05-06,2987,949685,ggsci
2019-05-07,2943,952628,ggsci
2019-05-08,3641,956269,ggsci
2019-05-09,3510,959779,ggsci
2019-05-10,2784,962563,ggsci
2019-05-11,1424,963987,ggsci
2019-05-12,1940,965927,ggsci
2019-05-13,3277,969204,ggsci
2019-05-14,3320,972524,ggsci
2019-05-15,3267,975791,ggsci
2019-05-16,3423,979214,ggsci
2019-05-17,2971,982185,ggsci
2019-05-18,1914,984099,ggsci
2019-05-19,1902,986001,ggsci
2019-05-20,3019,989020,ggsci
2019-05-21,3113,992133,ggsci
2019-05-22,2694,994827,ggsci
2019-05-23,3168,997995,ggsci
2019-05-24,2896,1000891,ggsci
2019-05-25,1666,1002557,ggsci
2019-05-26,1636,1004193,ggsci
2019-05-27,2220,1006413,ggsci
2019-05-28,3112,1009525,ggsci
2019-05-29,2646,1012171,ggsci
2019-05-30,2898,1015069,ggsci
2019-05-31,2765,1017834,ggsci
2019-06-01,1742,1019576,ggsci
2019-06-02,1517,1021093,ggsci
2019-06-03,3336,1024429,ggsci
2019-06-04,3299,1027728,ggsci
2019-06-05,3410,1031138,ggsci
2019-06-06,3216,1034354,ggsci
2019-06-07,2855,1037209,ggsci
2019-06-08,1686,1038895,ggsci
2019-06-09,1691,1040586,ggsci
2019-06-10,2863,1043449,ggsci
2019-06-11,3263,1046712,ggsci
2019-06-12,3178,1049890,ggsci
2019-06-13,3009,1052899,ggsci
2019-06-14,2786,1055685,ggsci
2019-06-15,1929,1057614,ggsci
2019-06-16,1966,1059580,ggsci
2019-06-17,3265,1062845,ggsci
2019-06-18,3217,1066062,ggsci
2019-06-19,3064,1069126,ggsci
2019-06-20,3166,1072292,ggsci
2019-06-21,2739,1075031,ggsci
2019-06-22,1102,1076133,ggsci
2019-06-23,1185,1077318,ggsci
2019-06-24,2338,1079656,ggsci
2019-06-25,2722,1082378,ggsci
2019-06-26,2474,1084852,ggsci
2019-06-27,2406,1087258,ggsci
2019-06-28,2952,1090210,ggsci
2019-06-29,1855,1092065,ggsci
2019-06-30,1836,1093901,ggsci
2019-07-01,2980,1096881,ggsci
2019-07-02,3111,1099992,ggsci
2019-07-03,3256,1103248,ggsci
2019-07-04,2533,1105781,ggsci
2019-07-05,2527,1108308,ggsci
2019-07-06,1555,1109863,ggsci
2019-07-07,1661,1111524,ggsci
2019-07-08,3195,1114719,ggsci
2019-07-09,3194,1117913,ggsci
2019-07-10,2715,1120628,ggsci
2019-07-11,2819,1123447,ggsci
2019-07-12,2091,1125538,ggsci
2019-07-13,893,1126431,ggsci
2019-07-14,879,1127310,ggsci
2019-07-15,2227,1129537,ggsci
2019-07-16,2579,1132116,ggsci
2019-07-17,2227,1134343,ggsci
2019-07-18,2270,1136613,ggsci
2019-07-19,1982,1138595,ggsci
2019-07-20,953,1139548,ggsci
2019-07-21,1074,1140622,ggsci
2019-07-22,2247,1142869,ggsci
2019-07-23,2167,1145036,ggsci
2019-07-24,2481,1147517,ggsci
2019-07-25,2311,1149828,ggsci
2019-07-26,2108,1151936,ggsci
2019-07-27,968,1152904,ggsci
2019-07-28,847,1153751,ggsci
2019-07-29,2282,1156033,ggsci
2019-07-30,2287,1158320,ggsci
2019-07-31,2208,1160528,ggsci
2019-08-01,2192,1162720,ggsci
2019-08-02,2071,1164791,ggsci
2019-08-03,1008,1165799,ggsci
2019-08-04,829,1166628,ggsci
2019-08-05,1902,1168530,ggsci
2019-08-06,2304,1170834,ggsci
2019-08-07,2282,1173116,ggsci
2019-08-08,2875,1175991,ggsci
2019-08-09,2113,1178104,ggsci
2019-08-10,1366,1179470,ggsci
2019-08-11,1352,1180822,ggsci
2019-08-12,2177,1182999,ggsci
2019-08-13,2293,1185292,ggsci
2019-08-14,2282,1187574,ggsci
2019-08-15,2083,1189657,ggsci
2019-08-16,1921,1191578,ggsci
2019-08-17,1291,1192869,ggsci
2019-08-18,1359,1194228,ggsci
2019-08-19,2599,1196827,ggsci
2019-08-20,2252,1199079,ggsci
2019-08-21,2435,1201514,ggsci
2019-08-22,2734,1204248,ggsci
2019-08-23,1897,1206145,ggsci
2019-08-24,1258,1207403,ggsci
2019-08-25,1258,1208661,ggsci
2019-08-26,2642,1211303,ggsci
2019-08-27,2853,1214156,ggsci
2019-08-28,2696,1216852,ggsci
2019-08-29,2757,1219609,ggsci
2019-08-30,2546,1222155,ggsci
2019-08-31,1270,1223425,ggsci
2019-09-01,1373,1224798,ggsci
2019-09-02,2304,1227102,ggsci
2019-09-03,2976,1230078,ggsci
2019-09-04,2891,1232969,ggsci
2019-09-05,2967,1235936,ggsci
2019-09-06,2297,1238233,ggsci
2019-09-07,1465,1239698,ggsci
2019-09-08,1580,1241278,ggsci
2019-09-09,3036,1244314,ggsci
2019-09-10,3143,1247457,ggsci
2019-09-11,2886,1250343,ggsci
2019-09-12,2869,1253212,ggsci
2019-09-13,2363,1255575,ggsci
2019-09-14,2090,1257665,ggsci
2019-09-15,2021,1259686,ggsci
2019-09-16,3651,1263337,ggsci
2019-09-17,3799,1267136,ggsci
2019-09-18,4150,1271286,ggsci
2019-09-19,4002,1275288,ggsci
2019-09-20,3620,1278908,ggsci
2019-09-21,2347,1281255,ggsci
2019-09-22,2426,1283681,ggsci
2019-09-23,4170,1287851,ggsci
2019-09-24,4265,1292116,ggsci
2019-09-25,4910,1297026,ggsci
2019-09-26,4329,1301355,ggsci
2019-09-27,3731,1305086,ggsci
2019-09-28,2253,1307339,ggsci
2019-09-29,2275,1309614,ggsci
2019-09-30,3724,1313338,ggsci
2019-10-01,3832,1317170,ggsci
2019-10-02,3664,1320834,ggsci
2019-10-03,3350,1324184,ggsci
2019-10-04,3195,1327379,ggsci
2019-10-05,1998,1329377,ggsci
2019-10-06,2210,1331587,ggsci
2019-10-07,3712,1335299,ggsci
2019-10-08,4178,1339477,ggsci
2019-10-09,3953,1343430,ggsci
2019-10-10,3824,1347254,ggsci
2019-10-11,3810,1351064,ggsci
2019-10-12,1924,1352988,ggsci
2019-10-13,2139,1355127,ggsci
2019-10-14,3794,1358921,ggsci
2019-10-15,4188,1363109,ggsci
2019-10-16,4012,1367121,ggsci
2019-10-17,4032,1371153,ggsci
2019-10-18,3611,1374764,ggsci
2019-10-19,2236,1377000,ggsci
2019-10-20,2373,1379373,ggsci
2019-10-21,3953,1383326,ggsci
2019-10-22,4743,1388069,ggsci
2019-10-23,4362,1392431,ggsci
2019-10-24,4445,1396876,ggsci
2019-10-25,3647,1400523,ggsci
2019-10-26,2172,1402695,ggsci
2019-10-27,2290,1404985,ggsci
2019-10-28,3844,1408829,ggsci
2019-10-29,3869,1412698,ggsci
2019-10-30,3740,1416438,ggsci
2019-10-31,3752,1420190,ggsci
2019-11-01,2907,1423097,ggsci
2019-11-02,1644,1424741,ggsci
2019-11-03,1927,1426668,ggsci
2019-11-04,3797,1430465,ggsci
2019-11-05,3974,1434439,ggsci
2019-11-06,3301,1437740,ggsci
2019-11-07,3629,1441369,ggsci
2019-11-08,3423,1444792,ggsci
2019-11-09,1896,1446688,ggsci
2019-11-10,2028,1448716,ggsci
2019-11-11,3576,1452292,ggsci
2019-11-12,3571,1455863,ggsci
2019-11-13,3747,1459610,ggsci
2019-11-14,3847,1463457,ggsci
2019-11-15,3312,1466769,ggsci
2019-11-16,1975,1468744,ggsci
2019-11-17,1953,1470697,ggsci
2019-11-18,3755,1474452,ggsci
2019-11-19,4153,1478605,ggsci
2019-11-20,3909,1482514,ggsci
2019-11-21,3766,1486280,ggsci
2019-11-22,3469,1489749,ggsci
2019-11-23,1821,1491570,ggsci
2019-11-24,1913,1493483,ggsci
2019-11-25,3868,1497351,ggsci
2019-11-26,4076,1501427,ggsci
2019-11-27,3935,1505362,ggsci
2019-11-28,3278,1508640,ggsci
2019-11-29,2810,1511450,ggsci
2019-11-30,1770,1513220,ggsci
2019-12-01,1975,1515195,ggsci
2019-12-02,4524,1519719,ggsci
2019-12-03,4479,1524198,ggsci
2019-12-04,3885,1528083,ggsci
2019-12-05,3997,1532080,ggsci
2019-12-06,3455,1535535,ggsci
2019-12-07,1762,1537297,ggsci
2019-12-08,1998,1539295,ggsci
2019-12-09,3974,1543269,ggsci
2019-12-10,3975,1547244,ggsci
2019-12-11,3777,1551021,ggsci
2019-12-12,4285,1555306,ggsci
2019-12-13,3726,1559032,ggsci
2019-12-14,2254,1561286,ggsci
2019-12-15,2076,1563362,ggsci
2019-12-16,3323,1566685,ggsci
2019-12-17,3641,1570326,ggsci
2019-12-18,3571,1573897,ggsci
2019-12-19,3674,1577571,ggsci
2019-12-20,3041,1580612,ggsci
2019-12-21,1772,1582384,ggsci
2019-12-22,1745,1584129,ggsci
2019-12-23,2556,1586685,ggsci
2019-12-24,2115,1588800,ggsci
2019-12-25,1608,1590408,ggsci
2019-12-26,2133,1592541,ggsci
2019-12-27,1913,1594454,ggsci
2019-12-28,1679,1596133,ggsci
2019-12-29,1755,1597888,ggsci
2019-12-30,2093,1599981,ggsci
2019-12-31,1860,1601841,ggsci
2020-01-01,1443,1603284,ggsci
2020-01-02,2582,1605866,ggsci
2020-01-03,2818,1608684,ggsci
2020-01-04,1776,1610460,ggsci
2020-01-05,2150,1612610,ggsci
2020-01-06,3192,1615802,ggsci
2020-01-07,3555,1619357,ggsci
2020-01-08,3389,1622746,ggsci
2020-01-09,3698,1626444,ggsci
2020-01-10,3185,1629629,ggsci
2020-01-11,2057,1631686,ggsci
2020-01-12,2074,1633760,ggsci
2020-01-13,3321,1637081,ggsci
2020-01-14,4050,1641131,ggsci
2020-01-15,3672,1644803,ggsci
2020-01-16,3717,1648520,ggsci
2020-01-17,3211,1651731,ggsci
2020-01-18,1596,1653327,ggsci
2020-01-19,1908,1655235,ggsci
2020-01-20,3466,1658701,ggsci
2020-01-21,3579,1662280,ggsci
2020-01-22,4092,1666372,ggsci
2020-01-23,3559,1669931,ggsci
2020-01-24,3459,1673390,ggsci
2020-01-25,1944,1675334,ggsci
2020-01-26,2494,1677828,ggsci
2020-01-27,4104,1681932,ggsci
2020-01-28,3680,1685612,ggsci
2020-01-29,4537,1690149,ggsci
2020-01-30,4814,1694963,ggsci
2020-01-31,3973,1698936,ggsci
2020-02-01,2183,1701119,ggsci
2020-02-02,2165,1703284,ggsci
2020-02-03,4406,1707690,ggsci
2020-02-04,4820,1712510,ggsci
2020-02-05,4540,1717050,ggsci
2020-02-06,4751,1721801,ggsci
2020-02-07,4719,1726520,ggsci
2020-02-08,2188,1728708,ggsci
2020-02-09,2347,1731055,ggsci
2020-02-10,4395,1735450,ggsci
2020-02-11,4872,1740322,ggsci
2020-02-12,5209,1745531,ggsci
2020-02-13,4918,1750449,ggsci
2020-02-14,4769,1755218,ggsci
2020-02-15,2493,1757711,ggsci
2020-02-16,2538,1760249,ggsci
2020-02-17,3922,1764171,ggsci
2020-02-18,5833,1770004,ggsci
2020-02-19,5890,1775894,ggsci
2020-02-20,5671,1781565,ggsci
2020-02-21,5119,1786684,ggsci
2020-02-22,3595,1790279,ggsci
2020-02-23,3292,1793571,ggsci
2020-02-24,4989,1798560,ggsci
2020-02-25,5464,1804024,ggsci
2020-02-26,6424,1810448,ggsci
2020-02-27,5473,1815921,ggsci
2020-02-28,5282,1821203,ggsci
2020-02-29,731,1821934,ggsci
2020-03-01,3172,1825106,ggsci
2020-03-02,5906,1831012,ggsci
2020-03-03,6191,1837203,ggsci
2020-03-04,6151,1843354,ggsci
2020-03-05,6020,1849374,ggsci
2020-03-06,5422,1854796,ggsci
2020-03-07,3184,1857980,ggsci
2020-03-08,2945,1860925,ggsci
2020-03-09,5700,1866625,ggsci
2020-03-10,5658,1872283,ggsci
2020-03-11,5995,1878278,ggsci
2020-03-12,7206,1885484,ggsci
2020-03-13,5138,1890622,ggsci
2020-03-14,3262,1893884,ggsci
2020-03-15,3435,1897319,ggsci
2020-03-16,5743,1903062,ggsci
2020-03-17,5681,1908743,ggsci
2020-03-18,6222,1914965,ggsci
2020-03-19,6052,1921017,ggsci
2020-03-20,5509,1926526,ggsci
2020-03-21,3345,1929871,ggsci
2020-03-22,4002,1933873,ggsci
2020-03-23,5850,1939723,ggsci
2020-03-24,5475,1945198,ggsci
2020-03-25,5700,1950898,ggsci
2020-03-26,6325,1957223,ggsci
2020-03-27,5973,1963196,ggsci
2020-03-28,3763,1966959,ggsci
2020-03-29,3899,1970858,ggsci
2020-03-30,6203,1977061,ggsci
2020-03-31,6722,1983783,ggsci
2020-04-01,6169,1989952,ggsci
2020-04-02,6424,1996376,ggsci
2020-04-03,6144,2002520,ggsci
2020-04-04,4270,2006790,ggsci
2020-04-05,3120,2009910,ggsci
2020-04-06,6076,2015986,ggsci
2020-04-07,5225,2021211,ggsci
2020-04-08,5789,2027000,ggsci
2020-04-09,4892,2031892,ggsci
2020-04-10,4428,2036320,ggsci
2020-04-11,3211,2039531,ggsci
2020-04-12,3231,2042762,ggsci
2020-04-13,4480,2047242,ggsci
2020-04-14,5708,2052950,ggsci
2020-04-15,5128,2058078,ggsci
2020-04-16,4986,2063064,ggsci
2020-04-17,4087,2067151,ggsci
2020-04-18,2751,2069902,ggsci
2020-04-19,3094,2072996,ggsci
2020-04-20,4442,2077438,ggsci
2020-04-21,5171,2082609,ggsci
2020-04-22,5473,2088082,ggsci
2020-04-23,4919,2093001,ggsci
2020-04-24,5524,2098525,ggsci
2020-04-25,3515,2102040,ggsci
2020-04-26,3968,2106008,ggsci
2020-04-27,6344,2112352,ggsci
2020-04-28,6234,2118586,ggsci
2020-04-29,6114,2124700,ggsci
2020-04-30,5674,2130374,ggsci
2020-05-01,4420,2134794,ggsci
2020-05-02,3806,2138600,ggsci
2020-05-03,3890,2142490,ggsci
2020-05-04,5832,2148322,ggsci
2020-05-05,6221,2154543,ggsci
2020-05-06,5943,2160486,ggsci
2020-05-07,5555,2166041,ggsci
2020-05-08,4925,2170966,ggsci
2020-05-09,4083,2175049,ggsci
2020-05-10,3882,2178931,ggsci
2020-05-11,6068,2184999,ggsci
2020-05-12,6209,2191208,ggsci
2020-05-13,6328,2197536,ggsci
2020-05-14,6022,2203558,ggsci
2020-05-15,5330,2208888,ggsci
2020-05-16,3462,2212350,ggsci
2020-05-17,3564,2215914,ggsci
2020-05-18,5392,2221306,ggsci
2020-05-19,5700,2227006,ggsci
2020-05-20,5069,2232075,ggsci
2020-05-21,4770,2236845,ggsci
2020-05-22,4468,2241313,ggsci
2020-05-23,3398,2244711,ggsci
2020-05-24,3173,2247884,ggsci
2020-05-25,4410,2252294,ggsci
2020-05-26,5211,2257505,ggsci
2020-05-27,5361,2262866,ggsci
2020-05-28,5334,2268200,ggsci
2020-05-29,4913,2273113,ggsci
2020-05-30,3041,2276154,ggsci
2020-05-31,3087,2279241,ggsci
2020-06-01,4502,2283743,ggsci
2020-06-02,4843,2288586,ggsci
2020-06-03,4848,2293434,ggsci
2020-06-04,5019,2298453,ggsci
2020-06-05,4534,2302987,ggsci
2020-06-06,3170,2306157,ggsci
2020-06-07,3214,2309371,ggsci
2020-06-08,4869,2314240,ggsci
2020-06-09,5225,2319465,ggsci
2020-06-10,4981,2324446,ggsci
2020-06-11,5140,2329586,ggsci
2020-06-12,4592,2334178,ggsci
2020-06-13,3086,2337264,ggsci
2020-06-14,3505,2340769,ggsci
2020-06-15,5466,2346235,ggsci
2020-06-16,5189,2351424,ggsci
2020-06-17,5357,2356781,ggsci
2020-06-18,5002,2361783,ggsci
2020-06-19,4332,2366115,ggsci
2020-06-20,2991,2369106,ggsci
2020-06-21,3083,2372189,ggsci
2020-06-22,5384,2377573,ggsci
2020-06-23,4869,2382442,ggsci
2020-06-24,4386,2386828,ggsci
2020-06-25,4444,2391272,ggsci
2020-06-26,4586,2395858,ggsci
2020-06-27,2630,2398488,ggsci
2020-06-28,2811,2401299,ggsci
2020-06-29,4619,2405918,ggsci
2020-06-30,4704,2410622,ggsci
2020-07-01,4837,2415459,ggsci
2020-07-02,4638,2420097,ggsci
2020-07-03,3644,2423741,ggsci
2020-07-04,2948,2426689,ggsci
2020-07-05,2793,2429482,ggsci
2020-07-06,4630,2434112,ggsci
2020-07-07,4256,2438368,ggsci
2020-07-08,4476,2442844,ggsci
2020-07-09,4830,2447674,ggsci
2020-07-10,4295,2451969,ggsci
2020-07-11,2832,2454801,ggsci
2020-07-12,2959,2457760,ggsci
2020-07-13,4622,2462382,ggsci
2020-07-14,4858,2467240,ggsci
2020-07-15,4821,2472061,ggsci
2020-07-16,5080,2477141,ggsci
2020-07-17,4552,2481693,ggsci
2020-07-18,2675,2484368,ggsci
2020-07-19,2669,2487037,ggsci
2020-07-20,4914,2491951,ggsci
2020-07-21,4847,2496798,ggsci
2020-07-22,5162,2501960,ggsci
2020-07-23,5018,2506978,ggsci
2020-07-24,4425,2511403,ggsci
2020-07-25,2785,2514188,ggsci
2020-07-26,3187,2517375,ggsci
2020-07-27,4909,2522284,ggsci
2020-07-28,5485,2527769,ggsci
2020-07-29,4665,2532434,ggsci
2020-07-30,4987,2537421,ggsci
2020-07-31,4773,2542194,ggsci
2020-08-01,2829,2545023,ggsci
2020-08-02,2898,2547921,ggsci
2020-08-03,5140,2553061,ggsci
2020-08-04,4946,2558007,ggsci
2020-08-05,5488,2563495,ggsci
2020-08-06,5053,2568548,ggsci
2020-08-07,4949,2573497,ggsci
2020-08-08,2659,2576156,ggsci
2020-08-09,2884,2579040,ggsci
2020-08-10,4956,2583996,ggsci
2020-08-11,4920,2588916,ggsci
2020-08-12,5136,2594052,ggsci
2020-08-13,4697,2598749,ggsci
2020-08-14,4152,2602901,ggsci
2020-08-15,2987,2605888,ggsci
2020-08-16,2498,2608386,ggsci
2020-08-17,4172,2612558,ggsci
2020-08-18,4740,2617298,ggsci
2020-08-19,4862,2622160,ggsci
2020-08-20,4642,2626802,ggsci
2020-08-21,4147,2630949,ggsci
2020-08-22,3044,2633993,ggsci
2020-08-23,2787,2636780,ggsci
2020-08-24,4668,2641448,ggsci
2020-08-25,5041,2646489,ggsci
2020-08-26,4911,2651400,ggsci
2020-08-27,5259,2656659,ggsci
2020-08-28,4377,2661036,ggsci
2020-08-29,2655,2663691,ggsci
2020-08-30,2838,2666529,ggsci
2020-08-31,4957,2671486,ggsci
2020-09-01,4672,2676158,ggsci
2020-09-02,4980,2681138,ggsci
2020-09-03,5128,2686266,ggsci
2020-09-04,4251,2690517,ggsci
2020-09-05,2697,2693214,ggsci
2020-09-06,2497,2695711,ggsci
2020-09-07,4104,2699815,ggsci
2020-09-08,4888,2704703,ggsci
2020-09-09,5435,2710138,ggsci
2020-09-10,4878,2715016,ggsci
2020-09-11,4856,2719872,ggsci
2020-09-12,2954,2722826,ggsci
2020-09-13,3479,2726305,ggsci
2020-09-14,5599,2731904,ggsci
2020-09-15,5595,2737499,ggsci
2020-09-16,5699,2743198,ggsci
2020-09-17,6205,2749403,ggsci
2020-09-18,5336,2754739,ggsci
2020-09-19,3308,2758047,ggsci
2020-09-20,3589,2761636,ggsci
2020-09-21,6188,2767824,ggsci
2020-09-22,5808,2773632,ggsci
2020-09-23,5488,2779120,ggsci
2020-09-24,5458,2784578,ggsci
2020-09-25,5145,2789723,ggsci
2020-09-26,3546,2793269,ggsci
2020-09-27,3681,2796950,ggsci
2020-09-28,5916,2802866,ggsci
2020-09-29,5790,2808656,ggsci
2020-09-30,6243,2814899,ggsci
2020-10-01,6407,2821306,ggsci
2020-10-02,6501,2827807,ggsci
2020-10-03,4385,2832192,ggsci
2020-10-04,4722,2836914,ggsci
2020-10-05,7427,2844341,ggsci
2020-10-06,7085,2851426,ggsci
2020-10-07,6821,2858247,ggsci
2020-10-08,6641,2864888,ggsci
2020-10-09,6271,2871159,ggsci
2020-10-10,4329,2875488,ggsci
2020-10-11,4516,2880004,ggsci
2020-10-12,6122,2886126,ggsci
2020-10-13,7190,2893316,ggsci
2020-10-14,7074,2900390,ggsci
2020-10-15,6940,2907330,ggsci
2020-10-16,6440,2913770,ggsci
2020-10-17,4527,2918297,ggsci
2020-10-18,4332,2922629,ggsci
2020-10-19,6897,2929526,ggsci
2020-10-20,7184,2936710,ggsci
2020-10-21,7338,2944048,ggsci
2020-10-22,6903,2950951,ggsci
2020-10-23,6422,2957373,ggsci
2020-10-24,4295,2961668,ggsci
2020-10-25,4468,2966136,ggsci
2020-10-26,6650,2972786,ggsci
2020-10-27,7434,2980220,ggsci
2020-10-28,7232,2987452,ggsci
2020-10-29,6760,2994212,ggsci
2020-10-30,6290,3000502,ggsci
2020-10-31,4368,3004870,ggsci
2020-11-01,4297,3009167,ggsci
2020-11-02,7603,3016770,ggsci
2020-11-03,7761,3024531,ggsci
2020-11-04,6785,3031316,ggsci
2020-11-05,7338,3038654,ggsci
2020-11-06,6507,3045161,ggsci
2020-11-07,4252,3049413,ggsci
2020-11-08,4166,3053579,ggsci
2020-11-09,7132,3060711,ggsci
2020-11-10,7277,3067988,ggsci
2020-11-11,6650,3074638,ggsci
2020-11-12,7304,3081942,ggsci
2020-11-13,6918,3088860,ggsci
2020-11-14,3897,3092757,ggsci
2020-11-15,4424,3097181,ggsci
2020-11-16,7255,3104436,ggsci
2020-11-17,7461,3111897,ggsci
2020-11-18,7208,3119105,ggsci
2020-11-19,7163,3126268,ggsci
2020-11-20,6738,3133006,ggsci
2020-11-21,4203,3137209,ggsci
2020-11-22,4495,3141704,ggsci
2020-11-23,6525,3148229,ggsci
2020-11-24,6899,3155128,ggsci
2020-11-25,5329,3160457,ggsci
2020-11-26,5699,3166156,ggsci
2020-11-27,5123,3171279,ggsci
2020-11-28,3962,3175241,ggsci
2020-11-29,3990,3179231,ggsci
2020-11-30,6146,3185377,ggsci
2020-12-01,6620,3191997,ggsci
2020-12-02,7188,3199185,ggsci
2020-12-03,7142,3206327,ggsci
2020-12-04,7386,3213713,ggsci
2020-12-05,4603,3218316,ggsci
2020-12-06,4631,3222947,ggsci
2020-12-07,7015,3229962,ggsci
2020-12-08,7299,3237261,ggsci
2020-12-09,6886,3244147,ggsci
2020-12-10,6888,3251035,ggsci
2020-12-11,6457,3257492,ggsci
2020-12-12,4360,3261852,ggsci
2020-12-13,5197,3267049,ggsci
2020-12-14,7436,3274485,ggsci
2020-12-15,7471,3281956,ggsci
2020-12-16,7670,3289626,ggsci
2020-12-17,7353,3296979,ggsci
2020-12-18,6372,3303351,ggsci
2020-12-19,4103,3307454,ggsci
2020-12-20,4170,3311624,ggsci
2020-12-21,6548,3318172,ggsci
2020-12-22,7483,3325655,ggsci
2020-12-23,6015,3331670,ggsci
2020-12-24,4769,3336439,ggsci
2020-12-25,3243,3339682,ggsci
2020-12-26,3361,3343043,ggsci
2020-12-27,4883,3347926,ggsci
2020-12-28,5421,3353347,ggsci
2020-12-29,3943,3357290,ggsci
2020-12-30,4495,3361785,ggsci
2020-12-31,4997,3366782,ggsci
2021-01-01,4505,3371287,ggsci
2021-01-02,4152,3375439,ggsci
2021-01-03,5014,3380453,ggsci
2021-01-04,5725,3386178,ggsci
2021-01-05,6455,3392633,ggsci
2021-01-06,5888,3398521,ggsci
2021-01-07,5639,3404160,ggsci
2021-01-08,5602,3409762,ggsci
2021-01-09,4004,3413766,ggsci
2021-01-10,4171,3417937,ggsci
2021-01-11,6158,3424095,ggsci
2021-01-12,6117,3430212,ggsci
2021-01-13,7222,3437434,ggsci
2021-01-14,6935,3444369,ggsci
2021-01-15,5889,3450258,ggsci
2021-01-16,3759,3454017,ggsci
2021-01-17,4130,3458147,ggsci
2021-01-18,6290,3464437,ggsci
2021-01-19,6981,3471418,ggsci
2021-01-20,6879,3478297,ggsci
2021-01-21,6572,3484869,ggsci
2021-01-22,6300,3491169,ggsci
2021-01-23,3785,3494954,ggsci
2021-01-24,4033,3498987,ggsci
2021-01-25,6110,3505097,ggsci
2021-01-26,6621,3511718,ggsci
2021-01-27,6453,3518171,ggsci
2021-01-28,6403,3524574,ggsci
2021-01-29,6211,3530785,ggsci
2021-01-30,3933,3534718,ggsci
2021-01-31,4534,3539252,ggsci
2021-02-01,6796,3546048,ggsci
2021-02-02,7022,3553070,ggsci
2021-02-03,6550,3559620,ggsci
2021-02-04,7650,3567270,ggsci
2021-02-05,7074,3574344,ggsci
2021-02-06,4074,3578418,ggsci
2021-02-07,4271,3582689,ggsci
2021-02-08,7261,3589950,ggsci
2021-02-09,7383,3597333,ggsci
2021-02-10,7073,3604406,ggsci
2021-02-11,7140,3611546,ggsci
2021-02-12,6920,3618466,ggsci
2021-02-13,3728,3622194,ggsci
2021-02-14,3698,3625892,ggsci
2021-02-15,5372,3631264,ggsci
2021-02-16,6069,3637333,ggsci
2021-02-17,7476,3644809,ggsci
2021-02-18,6873,3651682,ggsci
2021-02-19,6022,3657704,ggsci
2021-02-20,4013,3661717,ggsci
2021-02-21,4837,3666554,ggsci
2021-02-22,7768,3674322,ggsci
2021-02-23,7811,3682133,ggsci
2021-02-24,6419,3688552,ggsci
2021-02-25,6940,3695492,ggsci
2021-02-26,7446,3702938,ggsci
2021-02-27,5101,3708039,ggsci
2021-02-28,4785,3712824,ggsci
2021-03-01,7920,3720744,ggsci
2021-03-02,7872,3728616,ggsci
2021-03-03,8282,3736898,ggsci
2021-03-04,8158,3745056,ggsci
2021-03-05,6942,3751998,ggsci
2021-03-06,3949,3755947,ggsci
2021-03-07,4653,3760600,ggsci
2021-03-08,7837,3768437,ggsci
2021-03-09,8710,3777147,ggsci
2021-03-10,8972,3786119,ggsci
2021-03-11,7866,3793985,ggsci
2021-03-12,6870,3800855,ggsci
2021-03-13,3909,3804764,ggsci
2021-03-14,4620,3809384,ggsci
2021-03-15,7863,3817247,ggsci
2021-03-16,10003,3827250,ggsci
2021-03-17,8507,3835757,ggsci
2021-03-18,8030,3843787,ggsci
2021-03-19,6765,3850552,ggsci
2021-03-20,3909,3854461,ggsci
2021-03-21,3893,3858354,ggsci
2021-03-22,7136,3865490,ggsci
2021-03-23,7199,3872689,ggsci
2021-03-24,7421,3880110,ggsci
2021-03-25,6858,3886968,ggsci
2021-03-26,5840,3892808,ggsci
2021-03-27,3734,3896542,ggsci
2021-03-28,4017,3900559,ggsci
2021-03-29,6896,3907455,ggsci
2021-03-30,7311,3914766,ggsci
2021-03-31,7220,3921986,ggsci
2021-04-01,7841,3929827,ggsci
2021-04-02,7114,3936941,ggsci
2021-04-03,5885,3942826,ggsci
2021-04-04,5028,3947854,ggsci
2021-04-05,7016,3954870,ggsci
2021-04-06,7801,3962671,ggsci
2021-04-07,7772,3970443,ggsci
2021-04-08,7327,3977770,ggsci
2021-04-09,6760,3984530,ggsci
2021-04-10,3474,3988004,ggsci
2021-04-11,3915,3991919,ggsci
2021-04-12,7663,3999582,ggsci
2021-04-13,6925,4006507,ggsci
2021-04-14,7302,4013809,ggsci
2021-04-15,7599,4021408,ggsci
2021-04-16,6396,4027804,ggsci
2021-04-17,3836,4031640,ggsci
2021-04-18,4778,4036418,ggsci
2021-04-19,6903,4043321,ggsci
2021-04-20,6829,4050150,ggsci
2021-04-21,6783,4056933,ggsci
2021-04-22,6584,4063517,ggsci
2021-04-23,6260,4069777,ggsci
2021-04-24,3532,4073309,ggsci
2021-04-25,3803,4077112,ggsci
2021-04-26,6664,4083776,ggsci
2021-04-27,6366,4090142,ggsci
2021-04-28,6164,4096306,ggsci
2021-04-29,6249,4102555,ggsci
2021-04-30,5448,4108003,ggsci
2021-05-01,3308,4111311,ggsci
2021-05-02,3689,4115000,ggsci
2021-05-03,6365,4121365,ggsci
2021-05-04,6251,4127616,ggsci
2021-05-05,6694,4134310,ggsci
2021-05-06,5528,4139838,ggsci
2021-05-07,5369,4145207,ggsci
2021-05-08,3622,4148829,ggsci
2021-05-09,3543,4152372,ggsci
2021-05-10,6223,4158595,ggsci
2021-05-11,5926,4164521,ggsci
2021-05-12,6001,4170522,ggsci
2021-05-13,5653,4176175,ggsci
2021-05-14,5272,4181447,ggsci
2021-05-15,3338,4184785,ggsci
2021-05-16,3380,4188165,ggsci
2021-05-17,6599,4194764,ggsci
2021-05-18,6993,4201757,ggsci
2021-05-19,7457,4209214,ggsci
2021-05-20,7248,4216462,ggsci
2021-05-21,6667,4223129,ggsci
2021-05-22,3610,4226739,ggsci
2021-05-23,4051,4230790,ggsci
2021-05-24,6297,4237087,ggsci
2021-05-25,6911,4243998,ggsci
2021-05-26,7002,4251000,ggsci
2021-05-27,6309,4257309,ggsci
2021-05-28,5592,4262901,ggsci
2021-05-29,3354,4266255,ggsci
2021-05-30,3400,4269655,ggsci
2021-05-31,5529,4275184,ggsci
2021-06-01,6465,4281649,ggsci
2021-06-02,6422,4288071,ggsci
2021-06-03,6214,4294285,ggsci
2021-06-04,6697,4300982,ggsci
2021-06-05,3718,4304700,ggsci
2021-06-06,3893,4308593,ggsci
2021-06-07,6643,4315236,ggsci
2021-06-08,7239,4322475,ggsci
2021-06-09,7258,4329733,ggsci
2021-06-10,6653,4336386,ggsci
2021-06-11,6322,4342708,ggsci
2021-06-12,3288,4345996,ggsci
2021-06-13,3628,4349624,ggsci
2021-06-14,6757,4356381,ggsci
2021-06-15,9034,4365415,ggsci
2021-06-16,7342,4372757,ggsci
2021-06-17,7754,4380511,ggsci
2021-06-18,6284,4386795,ggsci
2021-06-19,3936,4390731,ggsci
2021-06-20,3831,4394562,ggsci
2021-06-21,6665,4401227,ggsci
2021-06-22,7175,4408402,ggsci
2021-06-23,6679,4415081,ggsci
2021-06-24,7314,4422395,ggsci
2021-06-25,6703,4429098,ggsci
2021-06-26,3040,4432138,ggsci
2021-06-27,3207,4435345,ggsci
2021-06-28,6653,4441998,ggsci
2021-06-29,6358,4448356,ggsci
2021-06-30,5898,4454254,ggsci
2021-07-01,5826,4460080,ggsci
2021-07-02,6160,4466240,ggsci
2021-07-03,3423,4469663,ggsci
2021-07-04,3349,4473012,ggsci
2021-07-05,5645,4478657,ggsci
2021-07-06,6445,4485102,ggsci
2021-07-07,6523,4491625,ggsci
2021-07-08,6108,4497733,ggsci
2021-07-09,5100,4502833,ggsci
2021-07-10,3383,4506216,ggsci
2021-07-11,3395,4509611,ggsci
2021-07-12,5974,4515585,ggsci
2021-07-13,5900,4521485,ggsci
2021-07-14,6080,4527565,ggsci
2021-07-15,5870,4533435,ggsci
2021-07-16,5294,4538729,ggsci
2021-07-17,3172,4541901,ggsci
2021-07-18,3333,4545234,ggsci
2021-07-19,5959,4551193,ggsci
2021-07-20,6096,4557289,ggsci
2021-07-21,5740,4563029,ggsci
2021-07-22,5713,4568742,ggsci
2021-07-23,5191,4573933,ggsci
2021-07-24,2678,4576611,ggsci
2021-07-25,3047,4579658,ggsci
2021-07-26,6192,4585850,ggsci
2021-07-27,5986,4591836,ggsci
2021-07-28,5967,4597803,ggsci
2021-07-29,5513,4603316,ggsci
2021-07-30,5772,4609088,ggsci
2021-07-31,3362,4612450,ggsci
2021-08-01,3096,4615546,ggsci
2021-08-02,5807,4621353,ggsci
2021-08-03,5797,4627150,ggsci
2021-08-04,6221,4633371,ggsci
2021-08-05,6065,4639436,ggsci
2021-08-06,5437,4644873,ggsci
2021-08-07,3029,4647902,ggsci
2021-08-08,3404,4651306,ggsci
2021-08-09,6875,4658181,ggsci
2021-08-10,6986,4665167,ggsci
2021-08-11,6235,4671402,ggsci
2021-08-12,6359,4677761,ggsci
2021-08-13,6591,4684352,ggsci
2021-08-14,4007,4688359,ggsci
2021-08-15,3533,4691892,ggsci
2021-08-16,6398,4698290,ggsci
2021-08-17,6110,4704400,ggsci
2021-08-18,6197,4710597,ggsci
2021-08-19,5795,4716392,ggsci
2021-08-20,5737,4722129,ggsci
2021-08-21,2775,4724904,ggsci
2021-08-22,2808,4727712,ggsci
2021-08-23,5977,4733689,ggsci
2021-08-24,6018,4739707,ggsci
2021-08-25,6183,4745890,ggsci
2021-08-26,6069,4751959,ggsci
2021-08-27,5857,4757816,ggsci
2021-08-28,3464,4761280,ggsci
2021-08-29,3113,4764393,ggsci
2021-08-30,6857,4771250,ggsci
2021-08-31,6678,4777928,ggsci
2021-09-01,6766,4784694,ggsci
2021-09-02,6641,4791335,ggsci
2021-09-03,5529,4796864,ggsci
2021-09-04,3423,4800287,ggsci
2021-09-05,3103,4803390,ggsci
2021-09-06,4764,4808154,ggsci
2021-09-07,5922,4814076,ggsci
2021-09-08,6307,4820383,ggsci
2021-09-09,6029,4826412,ggsci
2021-09-10,6165,4832577,ggsci
2021-09-11,3309,4835886,ggsci
2021-09-12,3041,4838927,ggsci
2021-09-13,6135,4845062,ggsci
2021-09-14,6463,4851525,ggsci
2021-09-15,6835,4858360,ggsci
2021-09-16,6553,4864913,ggsci
2021-09-17,5969,4870882,ggsci
2021-09-18,3494,4874376,ggsci
2021-09-19,3703,4878079,ggsci
2021-09-20,7536,4885615,ggsci
2021-09-21,6848,4892463,ggsci
2021-09-22,6822,4899285,ggsci
2021-09-23,7646,4906931,ggsci
2021-09-24,6924,4913855,ggsci
2021-09-25,3524,4917379,ggsci
2021-09-26,3828,4921207,ggsci
2021-09-27,7406,4928613,ggsci
2021-09-28,7032,4935645,ggsci
2021-09-29,6968,4942613,ggsci
2021-09-30,7256,4949869,ggsci
2021-10-01,6465,4956334,ggsci
2021-10-02,3498,4959832,ggsci
2021-10-03,3408,4963240,ggsci
2021-10-04,7070,4970310,ggsci
2021-10-05,6800,4977110,ggsci
2021-10-06,7502,4984612,ggsci
2021-10-07,7770,4992382,ggsci
2021-10-08,5998,4998380,ggsci
2021-10-09,3145,5001525,ggsci
2021-10-10,3538,5005063,ggsci
2021-10-11,6104,5011167,ggsci
2021-10-12,6623,5017790,ggsci
2021-10-13,7037,5024827,ggsci
2021-10-14,6604,5031431,ggsci
2021-10-15,6761,5038192,ggsci
2021-10-16,3631,5041823,ggsci
2021-10-17,3492,5045315,ggsci
2021-10-18,8007,5053322,ggsci
2021-10-19,8574,5061896,ggsci
2021-10-20,8517,5070413,ggsci
2021-10-21,7847,5078260,ggsci
2021-10-22,6708,5084968,ggsci
2021-10-23,4015,5088983,ggsci
2021-10-24,4393,5093376,ggsci
2021-10-25,8110,5101486,ggsci
2021-10-26,8625,5110111,ggsci
2021-10-27,8643,5118754,ggsci
2021-10-28,8908,5127662,ggsci
2021-10-29,7669,5135331,ggsci
2021-10-30,4730,5140061,ggsci
2021-10-31,4333,5144394,ggsci
2021-11-01,7274,5151668,ggsci
2021-11-02,7650,5159318,ggsci
2021-11-03,8177,5167495,ggsci
2021-11-04,7685,5175180,ggsci
2021-11-05,7671,5182851,ggsci
2021-11-06,4564,5187415,ggsci
2021-11-07,4474,5191889,ggsci
2021-11-08,8389,5200278,ggsci
2021-11-09,9185,5209463,ggsci
2021-11-10,8461,5217924,ggsci
2021-11-11,8372,5226296,ggsci
2021-11-12,7716,5234012,ggsci
2021-11-13,4401,5238413,ggsci
2021-11-14,4714,5243127,ggsci
2021-11-15,7444,5250571,ggsci
2021-11-16,9649,5260220,ggsci
2021-11-17,9173,5269393,ggsci
2021-11-18,8918,5278311,ggsci
2021-11-19,8343,5286654,ggsci
2021-11-20,4765,5291419,ggsci
2021-11-21,5010,5296429,ggsci
2021-11-22,8693,5305122,ggsci
2021-11-23,9173,5314295,ggsci
2021-11-24,8237,5322532,ggsci
2021-11-25,7877,5330409,ggsci
2021-11-26,6623,5337032,ggsci
2021-11-27,4398,5341430,ggsci
2021-11-28,4596,5346026,ggsci
2021-11-29,7930,5353956,ggsci
2021-11-30,8235,5362191,ggsci
2021-12-01,7950,5370141,ggsci
2021-12-02,9146,5379287,ggsci
2021-12-03,7792,5387079,ggsci
2021-12-04,4203,5391282,ggsci
2021-12-05,4517,5395799,ggsci
2021-12-06,9550,5405349,ggsci
2021-12-07,8556,5413905,ggsci
2021-12-08,7866,5421771,ggsci
2021-12-09,8083,5429854,ggsci
2021-12-10,7234,5437088,ggsci
2021-12-11,4767,5441855,ggsci
2021-12-12,4922,5446777,ggsci
2021-12-13,8644,5455421,ggsci
2021-12-14,8418,5463839,ggsci
2021-12-15,7489,5471328,ggsci
2021-12-16,7349,5478677,ggsci
2021-12-17,6791,5485468,ggsci
2021-12-18,3995,5489463,ggsci
2021-12-19,4203,5493666,ggsci
2021-12-20,7749,5501415,ggsci
2021-12-21,7325,5508740,ggsci
2021-12-22,6539,5515279,ggsci
2021-12-23,5549,5520828,ggsci
2021-12-24,4486,5525314,ggsci
2021-12-25,3225,5528539,ggsci
2021-12-26,3199,5531738,ggsci
2021-12-27,4790,5536528,ggsci
2021-12-28,4960,5541488,ggsci
2021-12-29,5481,5546969,ggsci
2021-12-30,4602,5551571,ggsci
2021-12-31,3686,5555257,ggsci
2022-01-01,3143,5558400,ggsci
2022-01-02,3303,5561703,ggsci
2022-01-03,5949,5567652,ggsci
2022-01-04,6920,5574572,ggsci
2022-01-05,6592,5581164,ggsci
2022-01-06,7203,5588367,ggsci
2022-01-07,6363,5594730,ggsci
2022-01-08,3989,5598719,ggsci
2022-01-09,4080,5602799,ggsci
2022-01-10,7130,5609929,ggsci
2022-01-11,6775,5616704,ggsci
2022-01-12,6732,5623436,ggsci
2022-01-13,6179,5629615,ggsci
2022-01-14,6227,5635842,ggsci
2022-01-15,3820,5639662,ggsci
2022-01-16,3771,5643433,ggsci
2022-01-17,6252,5649685,ggsci
2022-01-18,7231,5656916,ggsci
2022-01-19,7182,5664098,ggsci
2022-01-20,6789,5670887,ggsci
2022-01-21,6382,5677269,ggsci
2022-01-22,3701,5680970,ggsci
2022-01-23,3670,5684640,ggsci
2022-01-24,7539,5692179,ggsci
2022-01-25,7829,5700008,ggsci
2022-01-26,8087,5708095,ggsci
2022-01-27,7159,5715254,ggsci
2022-01-28,6187,5721441,ggsci
2022-01-29,3880,5725321,ggsci
2022-01-30,3957,5729278,ggsci
2022-01-31,6388,5735666,ggsci
2022-02-01,6364,5742030,ggsci
2022-02-02,6441,5748471,ggsci
2022-02-03,6058,5754529,ggsci
2022-02-04,6298,5760827,ggsci
2022-02-05,3612,5764439,ggsci
2022-02-06,3755,5768194,ggsci
2022-02-07,6464,5774658,ggsci
2022-02-08,5911,5780569,ggsci
2022-02-09,6005,5786574,ggsci
2022-02-10,5869,5792443,ggsci
2022-02-11,5281,5797724,ggsci
2022-02-12,2716,5800440,ggsci
2022-02-13,2853,5803293,ggsci
2022-02-14,6322,5809615,ggsci
2022-02-15,6157,5815772,ggsci
2022-02-16,6202,5821974,ggsci
2022-02-17,5895,5827869,ggsci
2022-02-18,5627,5833496,ggsci
2022-02-19,3072,5836568,ggsci
2022-02-20,2900,5839468,ggsci
2022-02-21,5932,5845400,ggsci
2022-02-22,6104,5851504,ggsci
2022-02-23,6071,5857575,ggsci
2022-02-24,5734,5863309,ggsci
2022-02-25,4992,5868301,ggsci
2022-02-26,2825,5871126,ggsci
2022-02-27,2752,5873878,ggsci
2022-02-28,5144,5879022,ggsci
2022-03-01,5667,5884689,ggsci
2022-03-02,5732,5890421,ggsci
2022-03-03,5552,5895973,ggsci
2022-03-04,5247,5901220,ggsci
2022-03-05,2730,5903950,ggsci
2022-03-06,2804,5906754,ggsci
2022-03-07,6376,5913130,ggsci
2022-03-08,6497,5919627,ggsci
2022-03-09,6088,5925715,ggsci
2022-03-10,6118,5931833,ggsci
2022-03-11,5509,5937342,ggsci
2022-03-12,2862,5940204,ggsci
2022-03-13,3132,5943336,ggsci
2022-03-14,6476,5949812,ggsci
2022-03-15,6305,5956117,ggsci
2022-03-16,6005,5962122,ggsci
2022-03-17,6005,5968127,ggsci
2022-03-18,4996,5973123,ggsci
2022-03-19,2919,5976042,ggsci
2022-03-20,2806,5978848,ggsci
2022-03-21,6327,5985175,ggsci
2022-03-22,6185,5991360,ggsci
2022-03-23,6279,5997639,ggsci
2022-03-24,5811,6003450,ggsci
2022-03-25,5147,6008597,ggsci
2022-03-26,2772,6011369,ggsci
2022-03-27,2921,6014290,ggsci
2022-03-28,6327,6020617,ggsci
2022-03-29,6430,6027047,ggsci
2022-03-30,6248,6033295,ggsci
2022-03-31,6097,6039392,ggsci
2022-04-01,5604,6044996,ggsci
2022-04-02,2987,6047983,ggsci
2022-04-03,3039,6051022,ggsci
2022-04-04,6277,6057299,ggsci
2022-04-05,6434,6063733,ggsci
2022-04-06,6505,6070238,ggsci
2022-04-07,6379,6076617,ggsci
2022-04-08,5089,6081706,ggsci
2022-04-09,3110,6084816,ggsci
2022-04-10,3018,6087834,ggsci
2022-04-11,6107,6093941,ggsci
2022-04-12,6153,6100094,ggsci
2022-04-13,5814,6105908,ggsci
2022-04-14,5153,6111061,ggsci
2022-04-15,4150,6115211,ggsci
2022-04-16,2761,6117972,ggsci
2022-04-17,2990,6120962,ggsci
2022-04-18,5225,6126187,ggsci
2022-04-19,6134,6132321,ggsci
2022-04-20,6176,6138497,ggsci
2022-04-21,5942,6144439,ggsci
2022-04-22,5733,6150172,ggsci
2022-04-23,3322,6153494,ggsci
2022-04-24,3677,6157171,ggsci
2022-04-25,6291,6163462,ggsci
2022-04-26,6812,6170274,ggsci
2022-04-27,6872,6177146,ggsci
2022-04-28,6589,6183735,ggsci
2022-04-29,6171,6189906,ggsci
2022-04-30,3424,6193330,ggsci
2022-05-01,3328,6196658,ggsci
2022-05-02,6112,6202770,ggsci
2022-05-03,6080,6208850,ggsci
2022-05-04,6516,6215366,ggsci
2022-05-05,6578,6221944,ggsci
2022-05-06,5802,6227746,ggsci
2022-05-07,3083,6230829,ggsci
2022-05-08,3138,6233967,ggsci
2022-05-09,6241,6240208,ggsci
2022-05-10,6399,6246607,ggsci
2022-05-11,6564,6253171,ggsci
2022-05-12,6636,6259807,ggsci
2022-05-13,5522,6265329,ggsci
2022-05-14,2929,6268258,ggsci
2022-05-15,2848,6271106,ggsci
2022-05-16,6094,6277200,ggsci
2022-05-17,7142,6284342,ggsci
2022-05-18,6002,6290344,ggsci
2022-05-19,6409,6296753,ggsci
2022-05-20,5413,6302166,ggsci
2022-05-21,2892,6305058,ggsci
2022-05-22,2957,6308015,ggsci
2022-05-23,6071,6314086,ggsci
2022-05-24,6022,6320108,ggsci
2022-05-25,6709,6326817,ggsci
2022-05-26,5392,6332209,ggsci
2022-05-27,4501,6336710,ggsci
2022-05-28,2669,6339379,ggsci
2022-05-29,2623,6342002,ggsci
2022-05-30,4965,6346967,ggsci
2022-05-31,6021,6352988,ggsci
2022-06-01,5444,6358432,ggsci
2022-06-02,5367,6363799,ggsci
2022-06-03,4816,6368615,ggsci
2022-06-04,2884,6371499,ggsci
2022-06-05,2784,6374283,ggsci
2022-06-06,5073,6379356,ggsci
2022-06-07,5809,6385165,ggsci
2022-06-08,5978,6391143,ggsci
2022-06-09,6332,6397475,ggsci
2022-06-10,5148,6402623,ggsci
2022-06-11,2746,6405369,ggsci
2022-06-12,2761,6408130,ggsci
2022-06-13,5562,6413692,ggsci
2022-06-14,5380,6419072,ggsci
2022-06-15,5243,6424315,ggsci
2022-06-16,4944,6429259,ggsci
2022-06-17,4190,6433449,ggsci
2022-06-18,2392,6435841,ggsci
2022-06-19,2517,6438358,ggsci
2022-06-20,5034,6443392,ggsci
2022-06-21,5100,6448492,ggsci
2022-06-22,5305,6453797,ggsci
2022-06-23,4802,6458599,ggsci
2022-06-24,4070,6462669,ggsci
2022-06-25,2326,6464995,ggsci
2022-06-26,2318,6467313,ggsci
2022-06-27,4744,6472057,ggsci
2022-06-28,4904,6476961,ggsci
2022-06-29,4808,6481769,ggsci
2022-06-30,4487,6486256,ggsci
2022-07-01,3824,6490080,ggsci
2022-07-02,1841,6491921,ggsci
2022-07-03,2072,6493993,ggsci
2022-07-04,4035,6498028,ggsci
2022-07-05,4613,6502641,ggsci
2022-07-06,4613,6507254,ggsci
2022-07-07,4715,6511969,ggsci
2022-07-08,4069,6516038,ggsci
2022-07-09,2037,6518075,ggsci
2022-07-10,1979,6520054,ggsci
2022-07-11,4481,6524535,ggsci
2022-07-12,4818,6529353,ggsci
2022-07-13,4517,6533870,ggsci
2022-07-14,4407,6538277,ggsci
2022-07-15,3917,6542194,ggsci
2022-07-16,1887,6544081,ggsci
2022-07-17,2018,6546099,ggsci
2022-07-18,4820,6550919,ggsci
2022-07-19,4608,6555527,ggsci
2022-07-20,4629,6560156,ggsci
2022-07-21,4562,6564718,ggsci
2022-07-22,4016,6568734,ggsci
2022-07-23,2128,6570862,ggsci
2022-07-24,2100,6572962,ggsci
2022-07-25,4725,6577687,ggsci
2022-07-26,4774,6582461,ggsci
2022-07-27,7260,6589721,ggsci
2022-07-28,21177,6610898,ggsci
2022-07-29,20173,6631071,ggsci
2022-07-30,20452,6651523,ggsci
2022-07-31,20538,6672061,ggsci
2022-08-01,23276,6695337,ggsci
2022-08-02,22908,6718245,ggsci
2022-08-03,22708,6740953,ggsci
2022-08-04,22320,6763273,ggsci
2022-08-05,19151,6782424,ggsci
2022-08-06,18233,6800657,ggsci
2022-08-07,20495,6821152,ggsci
2022-08-08,22497,6843649,ggsci
2022-08-09,22089,6865738,ggsci
2022-08-10,20551,6886289,ggsci
2022-08-11,18294,6904583,ggsci
2022-08-12,18279,6922862,ggsci
2022-08-13,17452,6940314,ggsci
2022-08-14,16876,6957190,ggsci
2022-08-15,20699,6977889,ggsci
2022-08-16,21554,6999443,ggsci
2022-08-17,5652,7005095,ggsci
2022-08-18,4630,7009725,ggsci
2022-08-19,6353,7016078,ggsci
2022-08-20,11271,7027349,ggsci
2022-08-21,11349,7038698,ggsci
2022-08-22,14081,7052779,ggsci
2022-08-23,14071,7066850,ggsci
2022-08-24,14469,7081319,ggsci
2022-08-25,14355,7095674,ggsci
2022-08-26,13226,7108900,ggsci
2022-08-27,11290,7120190,ggsci
2022-08-28,12043,7132233,ggsci
2022-08-29,14390,7146623,ggsci
2022-08-30,13888,7160511,ggsci
2022-08-31,13192,7173703,ggsci
2022-09-01,14408,7188111,ggsci
2022-09-02,13649,7201760,ggsci
2022-09-03,11028,7212788,ggsci
2022-09-04,11258,7224046,ggsci
2022-09-05,13767,7237813,ggsci
2022-09-06,14274,7252087,ggsci
2022-09-07,12947,7265034,ggsci
2022-09-08,12742,7277776,ggsci
2022-09-09,12137,7289913,ggsci
2022-09-10,11449,7301362,ggsci
2022-09-11,11752,7313114,ggsci
2022-09-12,9155,7322269,ggsci
2022-09-13,5381,7327650,ggsci
2022-09-14,5508,7333158,ggsci
2022-09-15,5460,7338618,ggsci
2022-09-16,4695,7343313,ggsci
2022-09-17,2538,7345851,ggsci
2022-09-18,2625,7348476,ggsci
2022-09-19,5050,7353526,ggsci
2022-09-20,5948,7359474,ggsci
2022-09-21,5463,7364937,ggsci
2022-09-22,5624,7370561,ggsci
2022-09-23,5038,7375599,ggsci
2022-09-24,2610,7378209,ggsci
2022-09-25,2746,7380955,ggsci
2022-09-26,5539,7386494,ggsci
2022-09-27,6229,7392723,ggsci
2022-09-28,5909,7398632,ggsci
2022-09-29,5659,7404291,ggsci
2022-09-30,5338,7409629,ggsci
2022-10-01,2823,7412452,ggsci
2022-10-02,2572,7415024,ggsci
2022-10-03,5308,7420332,ggsci
2022-10-04,5978,7426310,ggsci
2022-10-05,6123,7432433,ggsci
2022-10-06,5869,7438302,ggsci
2022-10-07,5012,7443314,ggsci
2022-10-08,2829,7446143,ggsci
2022-10-09,2839,7448982,ggsci
2022-10-10,5597,7454579,ggsci
2022-10-11,6064,7460643,ggsci
2022-10-12,6167,7466810,ggsci
2022-10-13,6237,7473047,ggsci
2022-10-14,5242,7478289,ggsci
2022-10-15,2929,7481218,ggsci
2022-10-16,2909,7484127,ggsci
2022-10-17,6111,7490238,ggsci
2022-10-18,6124,7496362,ggsci
2022-10-19,5873,7502235,ggsci
2022-10-20,6307,7508542,ggsci
2022-10-21,5108,7513650,ggsci
2022-10-22,2638,7516288,ggsci
2022-10-23,2809,7519097,ggsci
2022-10-24,5945,7525042,ggsci
2022-10-25,6000,7531042,ggsci
2022-10-26,6243,7537285,ggsci
2022-10-27,6487,7543772,ggsci
2022-10-28,5034,7548806,ggsci
2022-10-29,2866,7551672,ggsci
2022-10-30,3016,7554688,ggsci
2022-10-31,5493,7560181,ggsci
2022-11-01,6103,7566284,ggsci
2022-11-02,6896,7573180,ggsci
2022-11-03,6781,7579961,ggsci
2022-11-04,5880,7585841,ggsci
2022-11-05,3171,7589012,ggsci
2022-11-06,3269,7592281,ggsci
2022-11-07,6924,7599205,ggsci
2022-11-08,7488,7606693,ggsci
2022-11-09,7324,7614017,ggsci
2022-11-10,6822,7620839,ggsci
2022-11-11,5380,7626219,ggsci
2022-11-12,3333,7629552,ggsci
2022-11-13,3347,7632899,ggsci
2022-11-14,6866,7639765,ggsci
2022-11-15,7514,7647279,ggsci
2022-11-16,7507,7654786,ggsci
2022-11-17,7549,7662335,ggsci
2022-11-18,6157,7668492,ggsci
2022-11-19,3442,7671934,ggsci
2022-11-20,6854,7678788,ggsci
2022-11-21,7127,7685915,ggsci
2022-11-22,7101,7693016,ggsci
2022-11-23,6615,7699631,ggsci
2022-11-24,5913,7705544,ggsci
2022-11-25,5231,7710775,ggsci
2022-11-26,3104,7713879,ggsci
2022-11-27,3416,7717295,ggsci
2022-11-28,6706,7724001,ggsci
2022-11-29,7521,7731522,ggsci
2022-11-30,6872,7738394,ggsci
2022-12-01,7237,7745631,ggsci
2022-12-02,5842,7751473,ggsci
2022-12-03,3293,7754766,ggsci
2022-12-04,3607,7758373,ggsci
2022-12-05,6504,7764877,ggsci
2022-12-06,6808,7771685,ggsci
2022-12-07,6670,7778355,ggsci
2022-12-08,6145,7784500,ggsci
2022-12-09,5486,7789986,ggsci
2022-12-10,3175,7793161,ggsci
2022-12-11,3377,7796538,ggsci
2022-12-12,5717,7802255,ggsci
2022-12-13,5884,7808139,ggsci
2022-12-14,5522,7813661,ggsci
2022-12-15,5295,7818956,ggsci
2022-12-16,4431,7823387,ggsci
2022-12-17,2669,7826056,ggsci
2022-12-18,2609,7828665,ggsci
2022-12-19,4925,7833590,ggsci
2022-12-20,4711,7838301,ggsci
2022-12-21,4533,7842834,ggsci
2022-12-22,4311,7847145,ggsci
2022-12-23,3020,7850165,ggsci
2022-12-24,1687,7851852,ggsci
2022-12-25,1610,7853462,ggsci
2022-12-26,2418,7855880,ggsci
2022-12-27,3023,7858903,ggsci
2022-12-28,3226,7862129,ggsci
2022-12-29,3284,7865413,ggsci
2022-12-30,2669,7868082,ggsci
2022-12-31,1571,7869653,ggsci
2023-01-01,1657,7871310,ggsci
2023-01-02,3001,7874311,ggsci
2023-01-03,4036,7878347,ggsci
2023-01-04,4629,7882976,ggsci
2023-01-05,4606,7887582,ggsci
2023-01-06,4132,7891714,ggsci
2023-01-07,2374,7894088,ggsci
2023-01-08,2341,7896429,ggsci
2023-01-09,4836,7901265,ggsci
2023-01-10,5109,7906374,ggsci
2023-01-11,5004,7911378,ggsci
2023-01-12,5145,7916523,ggsci
2023-01-13,4209,7920732,ggsci
2023-01-14,2223,7922955,ggsci
2023-01-15,2375,7925330,ggsci
2023-01-16,4462,7929792,ggsci
2023-01-17,5077,7934869,ggsci
2023-01-18,4842,7939711,ggsci
2023-01-19,4848,7944559,ggsci
2023-01-20,4110,7948669,ggsci
2023-01-21,2074,7950743,ggsci
2023-01-22,2220,7952963,ggsci
2023-01-23,4476,7957439,ggsci
2023-01-24,5161,7962600,ggsci
2023-01-25,4913,7967513,ggsci
2023-01-26,4988,7972501,ggsci
2023-01-27,4353,7976854,ggsci
2023-01-28,2351,7979205,ggsci
2023-01-29,2280,7981485,ggsci
2023-01-30,4665,7986150,ggsci
2023-01-31,5290,7991440,ggsci
2023-02-01,5960,7997400,ggsci
2023-02-02,5623,8003023,ggsci
2023-02-03,4985,8008008,ggsci
2023-02-04,2335,8010343,ggsci
2023-02-05,2394,8012737,ggsci
2023-02-06,5139,8017876,ggsci
2023-02-07,5476,8023352,ggsci
2023-02-08,5516,8028868,ggsci
2023-02-09,5596,8034464,ggsci
2023-02-10,4935,8039399,ggsci
2023-02-11,2592,8041991,ggsci
2023-02-12,2603,8044594,ggsci
2023-02-13,5307,8049901,ggsci
2023-02-14,5320,8055221,ggsci
2023-02-15,5597,8060818,ggsci
2023-02-16,5685,8066503,ggsci
2023-02-17,4968,8071471,ggsci
2023-02-18,2638,8074109,ggsci
2023-02-19,2551,8076660,ggsci
2023-02-20,5069,8081729,ggsci
2023-02-21,5806,8087535,ggsci
2023-02-22,5399,8092934,ggsci
2023-02-23,5919,8098853,ggsci
2023-02-24,5147,8104000,ggsci
2023-02-25,2620,8106620,ggsci
2023-02-26,2667,8109287,ggsci
2023-02-27,5257,8114544,ggsci
2023-02-28,5726,8120270,ggsci
2023-03-01,5865,8126135,ggsci
2023-03-02,5503,8131638,ggsci
2023-03-03,5174,8136812,ggsci
2023-03-04,2806,8139618,ggsci
2023-03-05,2789,8142407,ggsci
2023-03-06,5917,8148324,ggsci
2023-03-07,5731,8154055,ggsci
2023-03-08,8997,8163052,ggsci
2023-03-09,9738,8172790,ggsci
2023-03-10,7790,8180580,ggsci
2023-03-11,4168,8184748,ggsci
2023-03-12,3946,8188694,ggsci
2023-03-13,17121,8205815,ggsci
2023-03-14,9113,8214928,ggsci
2023-03-15,7916,8222844,ggsci
2023-03-16,7965,8230809,ggsci
2023-03-17,8731,8239540,ggsci
2023-03-18,3560,8243100,ggsci
2023-03-19,3806,8246906,ggsci
2023-03-20,7757,8254663,ggsci
2023-03-21,8473,8263136,ggsci
2023-03-22,8614,8271750,ggsci
2023-03-23,8998,8280748,ggsci
2023-03-24,7227,8287975,ggsci
2023-03-25,3742,8291717,ggsci
2023-03-26,3794,8295511,ggsci
2023-03-27,8135,8303646,ggsci
2023-03-28,15975,8319621,ggsci
2023-03-29,9050,8328671,ggsci
2023-03-30,7686,8336357,ggsci
2023-03-31,6446,8342803,ggsci
2023-04-01,3484,8346287,ggsci
2023-04-02,3422,8349709,ggsci
2023-04-03,7349,8357058,ggsci
2023-04-04,7510,8364568,ggsci
2023-04-05,7103,8371671,ggsci
2023-04-06,6992,8378663,ggsci
2023-04-07,6315,8384978,ggsci
2023-04-08,3136,8388114,ggsci
2023-04-09,3117,8391231,ggsci
2023-04-10,5696,8396927,ggsci
2023-04-11,7278,8404205,ggsci
2023-04-12,7479,8411684,ggsci
2023-04-13,7215,8418899,ggsci
2023-04-14,5868,8424767,ggsci
2023-04-15,3344,8428111,ggsci
2023-04-16,3440,8431551,ggsci
2023-04-17,6984,8438535,ggsci
2023-04-18,7355,8445890,ggsci
2023-04-19,7591,8453481,ggsci
2023-04-20,7017,8460498,ggsci
2023-04-21,5751,8466249,ggsci
2023-04-22,3443,8469692,ggsci
2023-04-23,3924,8473616,ggsci
2023-04-24,7956,8481572,ggsci
2023-04-25,7869,8489441,ggsci
2023-04-26,7601,8497042,ggsci
2023-04-27,7150,8504192,ggsci
2023-04-28,5901,8510093,ggsci
2023-04-29,3182,8513275,ggsci
2023-04-30,3144,8516419,ggsci
2023-05-01,4998,8521417,ggsci
2023-05-02,6820,8528237,ggsci
2023-05-03,6992,8535229,ggsci
2023-05-04,7339,8542568,ggsci
2023-05-05,6039,8548607,ggsci
2023-05-06,3500,8552107,ggsci
2023-05-07,3251,8555358,ggsci
2023-05-08,6572,8561930,ggsci
2023-05-09,6963,8568893,ggsci
2023-05-10,7122,8576015,ggsci
2023-05-11,7077,8583092,ggsci
2023-05-12,5741,8588833,ggsci
2023-05-13,3212,8592045,ggsci
2023-05-14,3361,8595406,ggsci
2023-05-15,7153,8602559,ggsci
2023-05-16,7329,8609888,ggsci
2023-05-17,6701,8616589,ggsci
2023-05-18,6109,8622698,ggsci
2023-05-19,5795,8628493,ggsci
2023-05-20,3071,8631564,ggsci
2023-05-21,3034,8634598,ggsci
2023-05-22,6838,8641436,ggsci
2023-05-23,6987,8648423,ggsci
2023-05-24,6794,8655217,ggsci
2023-05-25,6692,8661909,ggsci
2023-05-26,5477,8667386,ggsci
2023-05-27,3033,8670419,ggsci
2023-05-28,2831,8673250,ggsci
2023-05-29,4741,8677991,ggsci
2023-05-30,6233,8684224,ggsci
2023-05-31,6378,8690602,ggsci
2023-06-01,5964,8696566,ggsci
2023-06-02,5337,8701903,ggsci
2023-06-03,2817,8704720,ggsci
2023-06-04,2839,8707559,ggsci
2023-06-05,6243,8713802,ggsci
2023-06-06,5929,8719731,ggsci
2023-06-07,5938,8725669,ggsci
2023-06-08,11114,8736783,ggsci
2023-06-09,5159,8741942,ggsci
2023-06-10,2899,8744841,ggsci
2023-06-11,2986,8747827,ggsci
2023-06-12,5907,8753734,ggsci
2023-06-13,6294,8760028,ggsci
2023-06-14,8715,8768743,ggsci
2023-06-15,5792,8774535,ggsci
2023-06-16,5075,8779610,ggsci
2023-06-17,2738,8782348,ggsci
2023-06-18,2899,8785247,ggsci
2023-06-19,5674,8790921,ggsci
2023-06-20,5822,8796743,ggsci
2023-06-21,5278,8802021,ggsci
2023-06-22,4922,8806943,ggsci
2023-06-23,4235,8811178,ggsci
2023-06-24,2335,8813513,ggsci
2023-06-25,2498,8816011,ggsci
2023-06-26,4863,8820874,ggsci
2023-06-27,5454,8826328,ggsci
2023-06-28,4776,8831104,ggsci
2023-06-29,4716,8835820,ggsci
2023-06-30,3978,8839798,ggsci
2023-07-01,2124,8841922,ggsci
2023-07-02,2131,8844053,ggsci
2023-07-03,4420,8848473,ggsci
2023-07-04,4192,8852665,ggsci
2023-07-05,4799,8857464,ggsci
2023-07-06,4910,8862374,ggsci
2023-07-07,4226,8866600,ggsci
2023-07-08,2122,8868722,ggsci
2023-07-09,2216,8870938,ggsci
2023-07-10,5180,8876118,ggsci
2023-07-11,5033,8881151,ggsci
2023-07-12,5248,8886399,ggsci
2023-07-13,4849,8891248,ggsci
2023-07-14,4203,8895451,ggsci
2023-07-15,2266,8897717,ggsci
2023-07-16,2107,8899824,ggsci
2023-07-17,4676,8904500,ggsci
2023-07-18,5291,8909791,ggsci
2023-07-19,4864,8914655,ggsci
2023-07-20,4937,8919592,ggsci
2023-07-21,3885,8923477,ggsci
2023-07-22,1995,8925472,ggsci
2023-07-23,2059,8927531,ggsci
2023-07-24,4834,8932365,ggsci
2023-07-25,5140,8937505,ggsci
2023-07-26,4719,8942224,ggsci
2023-07-27,4350,8946574,ggsci
2023-07-28,3961,8950535,ggsci
2023-07-29,1970,8952505,ggsci
2023-07-30,1991,8954496,ggsci
2023-07-31,4455,8958951,ggsci
2023-08-01,4377,8963328,ggsci
2023-08-02,4355,8967683,ggsci
2023-08-03,4557,8972240,ggsci
2023-08-04,4227,8976467,ggsci
2023-08-05,2055,8978522,ggsci
2023-08-06,2080,8980602,ggsci
2023-08-07,4443,8985045,ggsci
2023-08-08,4682,8989727,ggsci
2023-08-09,4595,8994322,ggsci
2023-08-10,4661,8998983,ggsci
2023-08-11,3781,9002764,ggsci
2023-08-12,2014,9004778,ggsci
2023-08-13,2187,9006965,ggsci
2023-08-14,4390,9011355,ggsci
2023-08-15,5945,9017300,ggsci
2023-08-16,4492,9021792,ggsci
2023-08-17,4557,9026349,ggsci
2023-08-18,4154,9030503,ggsci
2023-08-19,2025,9032528,ggsci
2023-08-20,2288,9034816,ggsci
2023-08-21,4376,9039192,ggsci
2023-08-22,4801,9043993,ggsci
2023-08-23,4998,9048991,ggsci
2023-08-24,4798,9053789,ggsci
2023-08-25,4974,9058763,ggsci
2023-08-26,2460,9061223,ggsci
2023-08-27,2461,9063684,ggsci
2023-08-28,5183,9068867,ggsci
2023-08-29,5166,9074033,ggsci
2023-08-30,5412,9079445,ggsci
2023-08-31,5084,9084529,ggsci
2023-09-01,4223,9088752,ggsci
2023-09-02,2290,9091042,ggsci
2023-09-03,2363,9093405,ggsci
2023-09-04,4449,9097854,ggsci
2023-09-05,5635,9103489,ggsci
2023-09-06,5600,9109089,ggsci
2023-09-07,5285,9114374,ggsci
2023-09-08,4861,9119235,ggsci
2023-09-09,2565,9121800,ggsci
2023-09-10,2592,9124392,ggsci
2023-09-11,5098,9129490,ggsci
2023-09-12,5682,9135172,ggsci
2023-09-13,5778,9140950,ggsci
2023-09-14,5417,9146367,ggsci
2023-09-15,4671,9151038,ggsci
2023-09-16,2513,9153551,ggsci
2023-09-17,2555,9156106,ggsci
2023-09-18,5502,9161608,ggsci
2023-09-19,5649,9167257,ggsci
2023-09-20,5727,9172984,ggsci
2023-09-21,6086,9179070,ggsci
2023-09-22,4986,9184056,ggsci
2023-09-23,2466,9186522,ggsci
2023-09-24,2513,9189035,ggsci
2023-09-25,5591,9194626,ggsci
2023-09-26,5615,9200241,ggsci
2023-09-27,5679,9205920,ggsci
2023-09-28,5195,9211115,ggsci
2023-09-29,4385,9215500,ggsci
2023-09-30,2239,9217739,ggsci
2023-10-01,2573,9220312,ggsci
2023-10-02,5082,9225394,ggsci
2023-10-03,5643,9231037,ggsci
2023-10-04,5518,9236555,ggsci
2023-10-05,6084,9242639,ggsci
2023-10-06,5026,9247665,ggsci
2023-10-07,2810,9250475,ggsci
2023-10-08,2952,9253427,ggsci
2023-10-09,5905,9259332,ggsci
2023-10-10,6239,9265571,ggsci
2023-10-11,6477,9272048,ggsci
2023-10-12,6042,9278090,ggsci
2023-10-13,5206,9283296,ggsci
2023-10-14,2719,9286015,ggsci
2023-10-15,2756,9288771,ggsci
2023-10-16,6080,9294851,ggsci
2023-10-17,6481,9301332,ggsci
2023-10-18,6319,9307651,ggsci
2023-10-19,6518,9314169,ggsci
2023-10-20,5659,9319828,ggsci
2023-10-21,2994,9322822,ggsci
2023-10-22,3063,9325885,ggsci
2023-10-23,6046,9331931,ggsci
2023-10-24,6380,9338311,ggsci
2023-10-25,6227,9344538,ggsci
2023-10-26,6382,9350920,ggsci
2023-10-27,4578,9355498,ggsci
2023-10-28,2701,9358199,ggsci
2023-10-29,2821,9361020,ggsci
2023-10-30,5956,9366976,ggsci
2023-10-31,6409,9373385,ggsci
2023-11-01,5659,9379044,ggsci
2023-11-02,7151,9386195,ggsci
2023-11-03,5568,9391763,ggsci
2023-11-04,2681,9394444,ggsci
2023-11-05,2820,9397264,ggsci
2023-11-06,6351,9403615,ggsci
2023-11-07,6771,9410386,ggsci
2023-11-08,6810,9417196,ggsci
2023-11-09,6280,9423476,ggsci
2023-11-10,5344,9428820,ggsci
2023-11-11,2742,9431562,ggsci
2023-11-12,2694,9434256,ggsci
2023-11-13,6374,9440630,ggsci
2023-11-14,6798,9447428,ggsci
2023-11-15,6467,9453895,ggsci
2023-11-16,6357,9460252,ggsci
2023-11-17,5345,9465597,ggsci
2023-11-18,2587,9468184,ggsci
2023-11-19,2734,9470918,ggsci
2023-11-20,6541,9477459,ggsci
2023-11-21,6678,9484137,ggsci
2023-11-22,6002,9490139,ggsci
2023-11-23,5624,9495763,ggsci
2023-11-24,4684,9500447,ggsci
2023-11-25,2790,9503237,ggsci
2023-11-26,2949,9506186,ggsci
2023-11-27,6312,9512498,ggsci
2023-11-28,6273,9518771,ggsci
2023-11-29,6309,9525080,ggsci
2023-11-30,6203,9531283,ggsci
2023-12-01,5370,9536653,ggsci
2023-12-02,3061,9539714,ggsci
2023-12-03,3161,9542875,ggsci
2023-12-04,6160,9549035,ggsci
2023-12-05,6320,9555355,ggsci
2023-12-06,6056,9561411,ggsci
2023-12-07,5938,9567349,ggsci
2023-12-08,4877,9572226,ggsci
2023-12-09,2809,9575035,ggsci
2023-12-10,3084,9578119,ggsci
2023-12-11,5850,9583969,ggsci
2023-12-12,5970,9589939,ggsci
2023-12-13,5651,9595590,ggsci
2023-12-14,5353,9600943,ggsci
2023-12-15,4318,9605261,ggsci
2023-12-16,2250,9607511,ggsci
2023-12-17,2520,9610031,ggsci
2023-12-18,4663,9614694,ggsci
2023-12-19,4876,9619570,ggsci
2023-12-20,4845,9624415,ggsci
2023-12-21,4167,9628582,ggsci
2023-12-22,3159,9631741,ggsci
2023-12-23,1793,9633534,ggsci
2023-12-24,1650,9635184,ggsci
2023-12-25,2024,9637208,ggsci
2023-12-26,2497,9639705,ggsci
2023-12-27,3107,9642812,ggsci
2023-12-28,2885,9645697,ggsci
2023-12-29,2513,9648210,ggsci
2023-12-30,1760,9649970,ggsci
2023-12-31,1442,9651412,ggsci
2024-01-01,1455,9652867,ggsci
2024-01-02,3328,9656195,ggsci
2024-01-03,3578,9659773,ggsci
2024-01-04,3596,9663369,ggsci
2024-01-05,3626,9666995,ggsci
2024-01-06,2294,9669289,ggsci
2024-01-07,2103,9671392,ggsci
2024-01-08,4511,9675903,ggsci
2024-01-09,4818,9680721,ggsci
2024-01-10,4699,9685420,ggsci
2024-01-11,4730,9690150,ggsci
2024-01-12,4222,9694372,ggsci
2024-01-13,2303,9696675,ggsci
2024-01-14,2275,9698950,ggsci
2024-01-15,4079,9703029,ggsci
2024-01-16,4617,9707646,ggsci
2024-01-17,4748,9712394,ggsci
2024-01-18,4892,9717286,ggsci
2024-01-19,4109,9721395,ggsci
2024-01-20,2323,9723718,ggsci
2024-01-21,2320,9726038,ggsci
2024-01-22,4956,9730994,ggsci
2024-01-23,5300,9736294,ggsci
2024-01-24,5183,9741477,ggsci
2024-01-25,4915,9746392,ggsci
2024-01-26,3970,9750362,ggsci
2024-01-27,2084,9752446,ggsci
2024-01-28,2200,9754646,ggsci
2024-01-29,4911,9759557,ggsci
2024-01-30,5143,9764700,ggsci
2024-01-31,4754,9769454,ggsci
2024-02-01,4694,9774148,ggsci
2024-02-02,4473,9778621,ggsci
2024-02-03,1909,9780530,ggsci
2024-02-04,2271,9782801,ggsci
2024-02-05,4700,9787501,ggsci
2024-02-06,5235,9792736,ggsci
2024-02-07,4979,9797715,ggsci
2024-02-08,4814,9802529,ggsci
2024-02-09,3634,9806163,ggsci
2024-02-10,1733,9807896,ggsci
2024-02-11,1783,9809679,ggsci
2024-02-12,3998,9813677,ggsci
2024-02-13,7042,9820719,ggsci
2024-02-14,4297,9825016,ggsci
2024-02-15,4425,9829441,ggsci
2024-02-16,4024,9833465,ggsci
2024-02-17,2138,9835603,ggsci
2024-02-18,2167,9837770,ggsci
2024-02-19,4536,9842306,ggsci
2024-02-20,5425,9847731,ggsci
2024-02-21,5105,9852836,ggsci
2024-02-22,5222,9858058,ggsci
2024-02-23,4574,9862632,ggsci
2024-02-24,2732,9865364,ggsci
2024-02-25,2289,9867653,ggsci
2024-02-26,5407,9873060,ggsci
2024-02-27,5659,9878719,ggsci
2024-02-28,5503,9884222,ggsci
2024-02-29,5188,9889410,ggsci
2024-03-01,4593,9894003,ggsci
2024-03-02,4222,9898225,ggsci
2024-03-03,4845,9903070,ggsci
2024-03-04,10322,9913392,ggsci
2024-03-05,9233,9922625,ggsci
2024-03-06,8889,9931514,ggsci
2024-03-07,8176,9939690,ggsci
2024-03-08,6793,9946483,ggsci
2024-03-09,3175,9949658,ggsci
2024-03-10,3457,9953115,ggsci
2024-03-11,7864,9960979,ggsci
2024-03-12,7589,9968568,ggsci
2024-03-13,7620,9976188,ggsci
2024-03-14,7671,9983859,ggsci
2024-03-15,6419,9990278,ggsci
2024-03-16,3092,9993370,ggsci
2024-03-17,3230,9996600,ggsci
2024-03-18,10179,10006779,ggsci
2024-03-19,9977,10016756,ggsci
2024-03-20,8603,10025359,ggsci
2024-03-21,8409,10033768,ggsci
2024-03-22,6963,10040731,ggsci
2024-03-23,3549,10044280,ggsci
2024-03-24,3490,10047770,ggsci
2024-03-25,9745,10057515,ggsci
2024-03-26,9466,10066981,ggsci
2024-03-27,8761,10075742,ggsci
2024-03-28,7327,10083069,ggsci
2024-03-29,5427,10088496,ggsci
2024-03-30,3200,10091696,ggsci
2024-03-31,3217,10094913,ggsci
2024-04-01,22112,10117025,ggsci
2024-04-02,9591,10126616,ggsci
2024-04-03,7626,10134242,ggsci
2024-04-04,7227,10141469,ggsci
2024-04-05,96988,10238457,ggsci
2024-04-06,8424,10246881,ggsci
2024-04-07,3995,10250876,ggsci
2024-04-08,7888,10258764,ggsci
2024-04-09,7600,10266364,ggsci
2024-04-10,7272,10273636,ggsci
2024-04-11,20304,10293940,ggsci
2024-04-12,19770,10313710,ggsci
2024-04-13,3114,10316824,ggsci
2024-04-14,3212,10320036,ggsci
2024-04-15,7591,10327627,ggsci
2024-04-16,7466,10335093,ggsci
2024-04-17,7266,10342359,ggsci
2024-04-18,6970,10349329,ggsci
2024-04-19,5737,10355066,ggsci
2024-04-20,4220,10359286,ggsci
2024-04-21,3663,10362949,ggsci
2024-04-22,7173,10370122,ggsci
2024-04-23,7555,10377677,ggsci
2024-04-24,6964,10384641,ggsci
2024-04-25,7217,10391858,ggsci
2024-04-26,6357,10398215,ggsci
2024-04-27,3133,10401348,ggsci
2024-04-28,3674,10405022,ggsci
2024-04-29,7715,10412737,ggsci
2024-04-30,7304,10420041,ggsci
2024-05-01,7230,10427271,ggsci
2024-05-02,7452,10434723,ggsci
2024-05-03,6238,10440961,ggsci
2024-05-04,3321,10444282,ggsci
2024-05-05,3567,10447849,ggsci
2024-05-06,7358,10455207,ggsci
2024-05-07,7516,10462723,ggsci
2024-05-08,7147,10469870,ggsci
2024-05-09,6606,10476476,ggsci
2024-05-10,5855,10482331,ggsci
2024-05-11,3258,10485589,ggsci
2024-05-12,3053,10488642,ggsci
2024-05-13,6890,10495532,ggsci
2024-05-14,7084,10502616,ggsci
2024-05-15,7083,10509699,ggsci
2024-05-16,6903,10516602,ggsci
2024-05-17,6222,10522824,ggsci
2024-05-18,3042,10525866,ggsci
2024-05-19,3053,10528919,ggsci
2024-05-20,5815,10534734,ggsci
2024-05-21,10166,10544900,ggsci
2024-05-22,10750,10555650,ggsci
2024-05-23,8555,10564205,ggsci
2024-05-24,7358,10571563,ggsci
2024-05-25,3613,10575176,ggsci
2024-05-26,3834,10579010,ggsci
2024-05-27,7031,10586041,ggsci
2024-05-28,8423,10594464,ggsci
2024-05-29,8027,10602491,ggsci
2024-05-30,7033,10609524,ggsci
2024-05-31,6605,10616129,ggsci
2024-06-01,3073,10619202,ggsci
2024-06-02,3400,10622602,ggsci
2024-06-03,7093,10629695,ggsci
2024-06-04,7364,10637059,ggsci
2024-06-05,7201,10644260,ggsci
2024-06-06,6685,10650945,ggsci
2024-06-07,5602,10656547,ggsci
2024-06-08,2843,10659390,ggsci
2024-06-09,2983,10662373,ggsci
2024-06-10,6281,10668654,ggsci
2024-06-11,6916,10675570,ggsci
2024-06-12,6802,10682372,ggsci
2024-06-13,7821,10690193,ggsci
2024-06-14,5468,10695661,ggsci
2024-06-15,2582,10698243,ggsci
2024-06-16,2735,10700978,ggsci
2024-06-17,6173,10707151,ggsci
2024-06-18,9303,10716454,ggsci
2024-06-19,7805,10724259,ggsci
2024-06-20,7879,10732138,ggsci
2024-06-21,6216,10738354,ggsci
2024-06-22,3146,10741500,ggsci
2024-06-23,3095,10744595,ggsci
2024-06-24,6755,10751350,ggsci
2024-06-25,7145,10758495,ggsci
2024-06-26,6820,10765315,ggsci
2024-06-27,6528,10771843,ggsci
2024-06-28,5401,10777244,ggsci
2024-06-29,2509,10779753,ggsci
2024-06-30,2868,10782621,ggsci
2024-07-01,6009,10788630,ggsci
2024-07-02,6542,10795172,ggsci
2024-07-03,6286,10801458,ggsci
2024-07-04,5165,10806623,ggsci
2024-07-05,4918,10811541,ggsci
2024-07-06,2471,10814012,ggsci
2024-07-07,2630,10816642,ggsci
2024-07-08,5836,10822478,ggsci
2024-07-09,5900,10828378,ggsci
2024-07-10,5784,10834162,ggsci
2024-07-11,5700,10839862,ggsci
2024-07-12,4772,10844634,ggsci
2024-07-13,2556,10847190,ggsci
2024-07-14,2506,10849696,ggsci
2024-07-15,5476,10855172,ggsci
2024-07-16,5575,10860747,ggsci
2024-07-17,5691,10866438,ggsci
2024-07-18,5434,10871872,ggsci
2024-07-19,4620,10876492,ggsci
2024-07-20,2216,10878708,ggsci
2024-07-21,2349,10881057,ggsci
2024-07-22,5295,10886352,ggsci
2024-07-23,5380,10891732,ggsci
2024-07-24,5218,10896950,ggsci
2024-07-25,5249,10902199,ggsci
2024-07-26,4388,10906587,ggsci
2024-07-27,2277,10908864,ggsci
2024-07-28,2101,10910965,ggsci
2024-07-29,4828,10915793,ggsci
2024-07-30,5253,10921046,ggsci
2024-07-31,4876,10925922,ggsci
2024-08-01,4839,10930761,ggsci
2024-08-02,4305,10935066,ggsci
2024-08-03,2055,10937121,ggsci
2024-08-04,2358,10939479,ggsci
2024-08-05,4473,10943952,ggsci
2024-08-06,4936,10948888,ggsci
2024-08-07,4793,10953681,ggsci
2024-08-08,4556,10958237,ggsci
2024-08-09,3800,10962037,ggsci
2024-08-10,2513,10964550,ggsci
2024-08-11,2009,10966559,ggsci
2024-08-12,4483,10971042,ggsci
2024-08-13,4609,10975651,ggsci
2024-08-14,4512,10980163,ggsci
2024-08-15,4112,10984275,ggsci
2024-08-16,3813,10988088,ggsci
2024-08-17,1984,10990072,ggsci
2024-08-18,2002,10992074,ggsci
2024-08-19,5122,10997196,ggsci
2024-08-20,5664,11002860,ggsci
2024-08-21,4939,11007799,ggsci
2024-08-22,5345,11013144,ggsci
2024-08-23,5039,11018183,ggsci
2024-08-24,2345,11020528,ggsci
2024-08-25,2305,11022833,ggsci
2024-08-26,4913,11027746,ggsci
2024-08-27,4904,11032650,ggsci
2024-08-28,4929,11037579,ggsci
2024-08-29,5331,11042910,ggsci
2024-08-30,4237,11047147,ggsci
2024-08-31,2296,11049443,ggsci
2024-09-01,2375,11051818,ggsci
2024-09-02,4711,11056529,ggsci
2024-09-03,5639,11062168,ggsci
2024-09-04,5594,11067762,ggsci
2024-09-05,5565,11073327,ggsci
2024-09-06,4808,11078135,ggsci
2024-09-07,2287,11080422,ggsci
2024-09-08,2535,11082957,ggsci
2024-09-09,5387,11088344,ggsci
2024-09-10,6161,11094505,ggsci
2024-09-11,5811,11100316,ggsci
2024-09-12,5439,11105755,ggsci
2024-09-13,4630,11110385,ggsci
2024-09-14,2316,11112701,ggsci
2024-09-15,2393,11115094,ggsci
2024-09-16,5235,11120329,ggsci
2024-09-17,5355,11125684,ggsci
2024-09-18,6050,11131734,ggsci
2024-09-19,5893,11137627,ggsci
2024-09-20,5041,11142668,ggsci
2024-09-21,2539,11145207,ggsci
2024-09-22,2690,11147897,ggsci
2024-09-23,5912,11153809,ggsci
2024-09-24,6213,11160022,ggsci
2024-09-25,6473,11166495,ggsci
2024-09-26,5817,11172312,ggsci
2024-09-27,5436,11177748,ggsci
2024-09-28,2738,11180486,ggsci
2024-09-29,2862,11183348,ggsci
2024-09-30,5556,11188904,ggsci
2024-10-01,5782,11194686,ggsci
2024-10-02,5573,11200259,ggsci
2024-10-03,5813,11206072,ggsci
2024-10-04,4716,11210788,ggsci
2024-10-05,2528,11213316,ggsci
2024-10-06,2640,11215956,ggsci
2024-10-07,6001,11221957,ggsci
2024-10-08,6713,11228670,ggsci
2024-10-09,6593,11235263,ggsci
2024-10-10,6396,11241659,ggsci
2024-10-11,5717,11247376,ggsci
2024-10-12,2949,11250325,ggsci
2024-10-13,2668,11252993,ggsci
2024-10-14,5851,11258844,ggsci
2024-10-15,6461,11265305,ggsci
2024-10-16,6781,11272086,ggsci
2024-10-17,6484,11278570,ggsci
2024-10-18,5333,11283903,ggsci
2024-10-19,2524,11286427,ggsci
2024-10-20,2844,11289271,ggsci
2024-10-21,6334,11295605,ggsci
2024-10-22,7462,11303067,ggsci
2024-10-23,6859,11309926,ggsci
2024-10-24,6844,11316770,ggsci
2024-10-25,6063,11322833,ggsci
2024-10-26,2585,11325418,ggsci
2024-10-27,2910,11328328,ggsci
2024-10-28,6260,11334588,ggsci
2024-10-29,6749,11341337,ggsci
2024-10-30,6870,11348207,ggsci
2024-10-31,6332,11354539,ggsci
2024-11-01,4390,11358929,ggsci
2024-11-02,2610,11361539,ggsci
2024-11-03,2687,11364226,ggsci
2024-11-04,6532,11370758,ggsci
2024-11-05,7011,11377769,ggsci
2024-11-06,6731,11384500,ggsci
2024-11-07,7108,11391608,ggsci
2024-11-08,6087,11397695,ggsci
2024-11-09,3071,11400766,ggsci
2024-11-10,3236,11404002,ggsci
2024-11-11,6465,11410467,ggsci
2024-11-12,7348,11417815,ggsci
2024-11-13,7355,11425170,ggsci
2024-11-14,7048,11432218,ggsci
2024-11-15,6021,11438239,ggsci
2024-11-16,2958,11441197,ggsci
2024-11-17,3337,11444534,ggsci
2024-11-18,7637,11452171,ggsci
2024-11-19,7493,11459664,ggsci
2024-11-20,7247,11466911,ggsci
2024-11-21,6988,11473899,ggsci
2024-11-22,5712,11479611,ggsci
2024-11-23,3096,11482707,ggsci
2024-11-24,3287,11485994,ggsci
2024-11-25,6748,11492742,ggsci
2024-11-26,7073,11499815,ggsci
2024-11-27,6536,11506351,ggsci
2024-11-28,5902,11512253,ggsci
2024-11-29,4945,11517198,ggsci
2024-11-30,2825,11520023,ggsci
2024-12-01,3241,11523264,ggsci
2024-12-02,6722,11529986,ggsci
2024-12-03,6717,11536703,ggsci
2024-12-04,7255,11543958,ggsci
2024-12-05,6852,11550810,ggsci
2024-12-06,5312,11556122,ggsci
2024-12-07,2996,11559118,ggsci
2024-12-08,3133,11562251,ggsci
2024-12-09,6329,11568580,ggsci
2024-12-10,6337,11574917,ggsci
2024-12-11,6553,11581470,ggsci
2024-12-12,5895,11587365,ggsci
2024-12-13,4626,11591991,ggsci
2024-12-14,2670,11594661,ggsci
2024-12-15,2775,11597436,ggsci
2024-12-16,5582,11603018,ggsci
2024-12-17,5638,11608656,ggsci
2024-12-18,5490,11614146,ggsci
2024-12-19,5032,11619178,ggsci
2024-12-20,4088,11623266,ggsci
2024-12-21,2072,11625338,ggsci
2024-12-22,2054,11627392,ggsci
2024-12-23,3090,11630482,ggsci
2024-12-24,2807,11633289,ggsci
2024-12-25,2130,11635419,ggsci
2024-12-26,2316,11637735,ggsci
2024-12-27,2447,11640182,ggsci
2024-12-28,1766,11641948,ggsci
2024-12-29,2082,11644030,ggsci
2024-12-30,3001,11647031,ggsci
2024-12-31,2561,11649592,ggsci
2025-01-01,1522,11651114,ggsci
2025-01-02,3018,11654132,ggsci
2025-01-03,3378,11657510,ggsci
2025-01-04,2152,11659662,ggsci
2025-01-05,2152,11661814,ggsci
2025-01-06,4290,11666104,ggsci
2025-01-07,4623,11670727,ggsci
2025-01-08,4891,11675618,ggsci
2025-01-09,4935,11680553,ggsci
2025-01-10,4183,11684736,ggsci
2025-01-11,1999,11686735,ggsci
2025-01-12,2288,11689023,ggsci
2025-01-13,4666,11693689,ggsci
2025-01-14,5154,11698843,ggsci
2025-01-15,5170,11704013,ggsci
2025-01-16,4823,11708836,ggsci
2025-01-17,4335,11713171,ggsci
2025-01-18,2075,11715246,ggsci
2025-01-19,2265,11717511,ggsci
2025-01-20,4641,11722152,ggsci
2025-01-21,5305,11727457,ggsci
2025-01-22,5067,11732524,ggsci
2025-01-23,4996,11737520,ggsci
2025-01-24,4372,11741892,ggsci
2025-01-25,2127,11744019,ggsci
2025-01-26,2261,11746280,ggsci
2025-01-27,4585,11750865,ggsci
2025-01-28,5117,11755982,ggsci
2025-01-29,4682,11760664,ggsci
2025-01-30,4945,11765609,ggsci
2025-01-31,4282,11769891,ggsci
2025-02-01,2282,11772173,ggsci
2025-02-02,2340,11774513,ggsci
2025-02-03,4991,11779504,ggsci
2025-02-04,5715,11785219,ggsci
2025-02-05,5845,11791064,ggsci
2025-02-06,5566,11796630,ggsci
2025-02-07,5298,11801928,ggsci
2025-02-08,2634,11804562,ggsci
2025-02-09,2602,11807164,ggsci
2025-02-10,5299,11812463,ggsci
2025-02-11,5704,11818167,ggsci
2025-02-12,5567,11823734,ggsci
2025-02-13,5607,11829341,ggsci
2025-02-14,4681,11834022,ggsci
2025-02-15,2444,11836466,ggsci
2025-02-16,2830,11839296,ggsci
2025-02-17,5486,11844782,ggsci
2025-02-18,6124,11850906,ggsci
2025-02-19,6592,11857498,ggsci
2025-02-20,5999,11863497,ggsci
2025-02-21,5290,11868787,ggsci
2025-02-22,2693,11871480,ggsci
2025-02-23,2752,11874232,ggsci
2025-02-24,6016,11880248,ggsci
2025-02-25,6614,11886862,ggsci
2025-02-26,6357,11893219,ggsci
2025-02-27,6522,11899741,ggsci
2025-02-28,5311,11905052,ggsci
2025-03-01,2696,11907748,ggsci
2025-03-02,3041,11910789,ggsci
2025-03-03,5996,11916785,ggsci
2025-03-04,6910,11923695,ggsci
2025-03-05,6438,11930133,ggsci
2025-03-06,7013,11937146,ggsci
2025-03-07,5789,11942935,ggsci
2025-03-08,2888,11945823,ggsci
2025-03-09,3016,11948839,ggsci
2025-03-10,6270,11955109,ggsci
2025-03-11,6802,11961911,ggsci
2025-03-12,7125,11969036,ggsci
2025-03-13,6642,11975678,ggsci
2025-03-14,5294,11980972,ggsci
2025-03-15,2978,11983950,ggsci
2025-03-16,3269,11987219,ggsci
2025-03-17,6779,11993998,ggsci
2025-03-18,6777,12000775,ggsci
2025-03-19,7009,12007784,ggsci
2025-03-20,6511,12014295,ggsci
2025-03-21,5465,12019760,ggsci
2025-03-22,2742,12022502,ggsci
2025-03-23,2906,12025408,ggsci
2025-03-24,6792,12032200,ggsci
2025-03-25,7177,12039377,ggsci
2025-03-26,7306,12046683,ggsci
2025-03-27,6707,12053390,ggsci
2025-03-28,5541,12058931,ggsci
2025-03-29,3282,12062213,ggsci
2025-03-30,3320,12065533,ggsci
2016-04-04,5,5,ggsci
2016-04-05,13,18,ggsci
2016-04-06,9,27,ggsci
2016-04-07,19,46,ggsci
2016-04-08,8,54,ggsci
2016-04-09,5,59,ggsci
2016-04-10,6,65,ggsci
2016-04-11,9,74,ggsci
2016-04-12,14,88,ggsci
2016-04-13,5,93,ggsci
2016-04-14,13,106,ggsci
2016-04-15,2,108,ggsci
2016-04-16,2,110,ggsci
2016-04-17,3,113,ggsci
2016-04-18,4,117,ggsci
2016-04-19,4,121,ggsci
2016-04-20,6,127,ggsci
2016-04-21,6,133,ggsci
2016-04-22,3,136,ggsci
2016-04-23,4,140,ggsci
2016-04-24,2,142,ggsci
2016-04-25,6,148,ggsci
2016-04-26,9,157,ggsci
2016-04-27,9,166,ggsci
2016-04-28,5,171,ggsci
2016-04-29,5,176,ggsci
2016-04-30,0,176,ggsci
2016-05-01,0,176,ggsci
2016-05-02,6,182,ggsci
2016-05-03,12,194,ggsci
2016-05-04,11,205,ggsci
2016-05-05,9,214,ggsci
2016-05-06,2,216,ggsci
2016-05-07,2,218,ggsci
2016-05-08,1,219,ggsci
2016-05-09,8,227,ggsci
2016-05-10,11,238,ggsci
2016-05-11,7,245,ggsci
2016-05-12,6,251,ggsci
2016-05-13,4,255,ggsci
2016-05-14,5,260,ggsci
2016-05-15,4,264,ggsci
2016-05-16,8,272,ggsci
2016-05-17,4,276,ggsci
2016-05-18,1,277,ggsci
2016-05-19,4,281,ggsci
2016-05-20,5,286,ggsci
2016-05-21,12,298,ggsci
2016-05-22,11,309,ggsci
2016-05-23,4,313,ggsci
2016-05-24,4,317,ggsci
2016-05-25,8,325,ggsci
2016-05-26,12,337,ggsci
2016-05-27,10,347,ggsci
2016-05-28,5,352,ggsci
2016-05-29,2,354,ggsci
2016-05-30,9,363,ggsci
2016-05-31,5,368,ggsci
2016-06-01,6,374,ggsci
2016-06-02,9,383,ggsci
2016-06-03,11,394,ggsci
2016-06-04,3,397,ggsci
2016-06-05,2,399,ggsci
2016-06-06,1,400,ggsci
2016-06-07,10,410,ggsci
2016-06-08,5,415,ggsci
2016-06-09,8,423,ggsci
2016-06-10,5,428,ggsci
2016-06-11,0,428,ggsci
2016-06-12,1,429,ggsci
2016-06-13,6,435,ggsci
2016-06-14,3,438,ggsci
2016-06-15,1,439,ggsci
2016-06-16,1,440,ggsci
2016-06-17,6,446,ggsci
2016-06-18,1,447,ggsci
2016-06-19,6,453,ggsci
2016-06-20,4,457,ggsci
2016-06-21,7,464,ggsci
2016-06-22,10,474,ggsci
2016-06-23,7,481,ggsci
2016-06-24,8,489,ggsci
2016-06-25,5,494,ggsci
2016-06-26,8,502,ggsci
2016-06-27,7,509,ggsci
2016-06-28,7,516,ggsci
2016-06-29,4,520,ggsci
2016-06-30,4,524,ggsci
2016-07-01,4,528,ggsci
2016-07-02,2,530,ggsci
2016-07-03,6,536,ggsci
2016-07-04,2,538,ggsci
2016-07-05,8,546,ggsci
2016-07-06,4,550,ggsci
2016-07-07,7,557,ggsci
2016-07-08,14,571,ggsci
2016-07-09,6,577,ggsci
2016-07-10,5,582,ggsci
2016-07-11,6,588,ggsci
2016-07-12,7,595,ggsci
2016-07-13,0,595,ggsci
2016-07-14,1,596,ggsci
2016-07-15,8,604,ggsci
2016-07-16,9,613,ggsci
2016-07-17,6,619,ggsci
2016-07-18,8,627,ggsci
2016-07-19,12,639,ggsci
2016-07-20,21,660,ggsci
2016-07-21,16,676,ggsci
2016-07-22,4,680,ggsci
2016-07-23,5,685,ggsci
2016-07-24,6,691,ggsci
2016-07-25,35,726,ggsci
2016-07-26,20,746,ggsci
2016-07-27,14,760,ggsci
2016-07-28,14,774,ggsci
2016-07-29,8,782,ggsci
2016-07-30,22,804,ggsci
2016-07-31,10,814,ggsci
2016-08-01,12,826,ggsci
2016-08-02,12,838,ggsci
2016-08-03,12,850,ggsci
2016-08-04,20,870,ggsci
2016-08-05,37,907,ggsci
2016-08-06,28,935,ggsci
2016-08-07,29,964,ggsci
2016-08-08,42,1006,ggsci
2016-08-09,25,1031,ggsci
2016-08-10,21,1052,ggsci
2016-08-11,14,1066,ggsci
2016-08-12,18,1084,ggsci
2016-08-13,13,1097,ggsci
2016-08-14,11,1108,ggsci
2016-08-15,7,1115,ggsci
2016-08-16,6,1121,ggsci
2016-08-17,16,1137,ggsci
2016-08-18,15,1152,ggsci
2016-08-19,10,1162,ggsci
2016-08-20,2,1164,ggsci
2016-08-21,6,1170,ggsci
2016-08-22,9,1179,ggsci
2016-08-23,7,1186,ggsci
2016-08-24,20,1206,ggsci
2016-08-25,15,1221,ggsci
2016-08-26,11,1232,ggsci
2016-08-27,5,1237,ggsci
2016-08-28,8,1245,ggsci
2016-08-29,12,1257,ggsci
2016-08-30,10,1267,ggsci
2016-08-31,15,1282,ggsci
2016-09-01,10,1292,ggsci
2016-09-02,8,1300,ggsci
2016-09-03,9,1309,ggsci
2016-09-04,5,1314,ggsci
2016-09-05,16,1330,ggsci
2016-09-06,12,1342,ggsci
2016-09-07,16,1358,ggsci
2016-09-08,5,1363,ggsci
2016-09-09,12,1375,ggsci
2016-09-10,9,1384,ggsci
2016-09-11,4,1388,ggsci
2016-09-12,12,1400,ggsci
2016-09-13,8,1408,ggsci
2016-09-14,11,1419,ggsci
2016-09-15,11,1430,ggsci
2016-09-16,10,1440,ggsci
2016-09-17,3,1443,ggsci
2016-09-18,3,1446,ggsci
2016-09-19,10,1456,ggsci
2016-09-20,12,1468,ggsci
2016-09-21,12,1480,ggsci
2016-09-22,13,1493,ggsci
2016-09-23,4,1497,ggsci
2016-09-24,5,1502,ggsci
2016-09-25,10,1512,ggsci
2016-09-26,5,1517,ggsci
2016-09-27,27,1544,ggsci
2016-09-28,18,1562,ggsci
2016-09-29,14,1576,ggsci
2016-09-30,4,1580,ggsci
2016-10-01,10,1590,ggsci
2016-10-02,19,1609,ggsci
2016-10-03,10,1619,ggsci
2016-10-04,17,1636,ggsci
2016-10-05,24,1660,ggsci
2016-10-06,12,1672,ggsci
2016-10-07,16,1688,ggsci
2016-10-08,9,1697,ggsci
2016-10-09,24,1721,ggsci
2016-10-10,11,1732,ggsci
2016-10-11,18,1750,ggsci
2016-10-12,32,1782,ggsci
2016-10-13,26,1808,ggsci
2016-10-14,17,1825,ggsci
2016-10-15,4,1829,ggsci
2016-10-16,11,1840,ggsci
2016-10-17,15,1855,ggsci
2016-10-18,16,1871,ggsci
2016-10-19,22,1893,ggsci
2016-10-20,19,1912,ggsci
2016-10-21,42,1954,ggsci
2016-10-22,10,1964,ggsci
2016-10-23,21,1985,ggsci
2016-10-24,28,2013,ggsci
2016-10-25,26,2039,ggsci
2016-10-26,13,2052,ggsci
2016-10-27,11,2063,ggsci
2016-10-28,15,2078,ggsci
2016-10-29,3,2081,ggsci
2016-10-30,11,2092,ggsci
2016-10-31,20,2112,ggsci
2016-11-01,17,2129,ggsci
2016-11-02,37,2166,ggsci
2016-11-03,47,2213,ggsci
2016-11-04,45,2258,ggsci
2016-11-05,18,2276,ggsci
2016-11-06,18,2294,ggsci
2016-11-07,31,2325,ggsci
2016-11-08,47,2372,ggsci
2016-11-09,64,2436,ggsci
2016-11-10,66,2502,ggsci
2016-11-11,31,2533,ggsci
2016-11-12,28,2561,ggsci
2016-11-13,35,2596,ggsci
2016-11-14,70,2666,ggsci
2016-11-15,57,2723,ggsci
2016-11-16,51,2774,ggsci
2016-11-17,56,2830,ggsci
2016-11-18,43,2873,ggsci
2016-11-19,27,2900,ggsci
2016-11-20,44,2944,ggsci
2016-11-21,460,3404,ggsci
2016-11-22,360,3764,ggsci
2016-11-23,108,3872,ggsci
2016-11-24,116,3988,ggsci
2016-11-25,71,4059,ggsci
2016-11-26,48,4107,ggsci
2016-11-27,51,4158,ggsci
2016-11-28,82,4240,ggsci
2016-11-29,96,4336,ggsci
2016-11-30,94,4430,ggsci
2016-12-01,82,4512,ggsci
2016-12-02,52,4564,ggsci
2016-12-03,37,4601,ggsci
2016-12-04,45,4646,ggsci
2016-12-05,68,4714,ggsci
2016-12-06,70,4784,ggsci
2016-12-07,152,4936,ggsci
2016-12-08,161,5097,ggsci
2016-12-09,166,5263,ggsci
2016-12-10,79,5342,ggsci
2016-12-11,84,5426,ggsci
2016-12-12,250,5676,ggsci
2016-12-13,117,5793,ggsci
2016-12-14,123,5916,ggsci
2016-12-15,117,6033,ggsci
2016-12-16,122,6155,ggsci
2016-12-17,41,6196,ggsci
2016-12-18,50,6246,ggsci
2016-12-19,98,6344,ggsci
2016-12-20,96,6440,ggsci
2016-12-21,91,6531,ggsci
2016-12-22,84,6615,ggsci
2016-12-23,46,6661,ggsci
2016-12-24,32,6693,ggsci
2016-12-25,33,6726,ggsci
2016-12-26,66,6792,ggsci
2016-12-27,64,6856,ggsci
2016-12-28,51,6907,ggsci
2016-12-29,61,6968,ggsci
2016-12-30,38,7006,ggsci
2016-12-31,32,7038,ggsci
2017-01-01,26,7064,ggsci
2017-01-02,51,7115,ggsci
2017-01-03,92,7207,ggsci
2017-01-04,93,7300,ggsci
2017-01-05,84,7384,ggsci
2017-01-06,79,7463,ggsci
2017-01-07,41,7504,ggsci
2017-01-08,47,7551,ggsci
2017-01-09,253,7804,ggsci
2017-01-10,281,8085,ggsci
2017-01-11,272,8357,ggsci
2017-01-12,286,8643,ggsci
2017-01-13,241,8884,ggsci
2017-01-14,138,9022,ggsci
2017-01-15,156,9178,ggsci
2017-01-16,264,9442,ggsci
2017-01-17,300,9742,ggsci
2017-01-18,313,10055,ggsci
2017-01-19,310,10365,ggsci
2017-01-20,228,10593,ggsci
2017-01-21,136,10729,ggsci
2017-01-22,120,10849,ggsci
2017-01-23,265,11114,ggsci
2017-01-24,247,11361,ggsci
2017-01-25,277,11638,ggsci
2017-01-26,267,11905,ggsci
2017-01-27,275,12180,ggsci
2017-01-28,91,12271,ggsci
2017-01-29,153,12424,ggsci
2017-01-30,243,12667,ggsci
2017-01-31,294,12961,ggsci
2017-02-01,281,13242,ggsci
2017-02-02,284,13526,ggsci
2017-02-03,305,13831,ggsci
2017-02-04,118,13949,ggsci
2017-02-05,119,14068,ggsci
2017-02-06,301,14369,ggsci
2017-02-07,279,14648,ggsci
2017-02-08,250,14898,ggsci
2017-02-09,273,15171,ggsci
2017-02-10,254,15425,ggsci
2017-02-11,120,15545,ggsci
2017-02-12,131,15676,ggsci
2017-02-13,271,15947,ggsci
2017-02-14,368,16315,ggsci
2017-02-15,328,16643,ggsci
2017-02-16,298,16941,ggsci
2017-02-17,325,17266,ggsci
2017-02-18,150,17416,ggsci
2017-02-19,125,17541,ggsci
2017-02-20,379,17920,ggsci
2017-02-21,340,18260,ggsci
2017-02-22,386,18646,ggsci
2017-02-23,414,19060,ggsci
2017-02-24,395,19455,ggsci
2017-02-25,150,19605,ggsci
2017-02-26,155,19760,ggsci
2017-02-27,322,20082,ggsci
2017-02-28,368,20450,ggsci
2017-03-01,256,20706,ggsci
2017-03-02,346,21052,ggsci
2017-03-03,310,21362,ggsci
2017-03-04,195,21557,ggsci
2017-03-05,184,21741,ggsci
2017-03-06,340,22081,ggsci
2017-03-07,360,22441,ggsci
2017-03-08,1267,23708,ggsci
2017-03-09,845,24553,ggsci
2017-03-10,547,25100,ggsci
2017-03-11,267,25367,ggsci
2017-03-12,305,25672,ggsci
2017-03-13,554,26226,ggsci
2017-03-14,575,26801,ggsci
2017-03-15,536,27337,ggsci
2017-03-16,544,27881,ggsci
2017-03-17,428,28309,ggsci
2017-03-18,269,28578,ggsci
2017-03-19,228,28806,ggsci
2017-03-20,511,29317,ggsci
2017-03-21,606,29923,ggsci
2017-03-22,507,30430,ggsci
2017-03-23,474,30904,ggsci
2017-03-24,468,31372,ggsci
2017-03-25,225,31597,ggsci
2017-03-26,291,31888,ggsci
2017-03-27,501,32389,ggsci
2017-03-28,519,32908,ggsci
2017-03-29,531,33439,ggsci
2017-03-30,432,33871,ggsci
2017-03-31,354,34225,ggsci
2017-04-01,239,34464,ggsci
2017-04-02,207,34671,ggsci
2017-04-03,382,35053,ggsci
2017-04-04,479,35532,ggsci
2017-04-05,473,36005,ggsci
2017-04-06,449,36454,ggsci
2017-04-07,426,36880,ggsci
2017-04-08,195,37075,ggsci
2017-04-09,214,37289,ggsci
2017-04-10,503,37792,ggsci
2017-04-11,525,38317,ggsci
2017-04-12,404,38721,ggsci
2017-04-13,364,39085,ggsci
2017-04-14,277,39362,ggsci
2017-04-15,164,39526,ggsci
2017-04-16,149,39675,ggsci
2017-04-17,312,39987,ggsci
2017-04-18,486,40473,ggsci
2017-04-19,411,40884,ggsci
2017-04-20,483,41367,ggsci
2017-04-21,492,41859,ggsci
2017-04-22,176,42035,ggsci
2017-04-23,225,42260,ggsci
2017-04-24,568,42828,ggsci
2017-04-25,635,43463,ggsci
2017-04-26,608,44071,ggsci
2017-04-27,576,44647,ggsci
2017-04-28,378,45025,ggsci
2017-04-29,191,45216,ggsci
2017-04-30,204,45420,ggsci
2017-05-01,307,45727,ggsci
2017-05-02,435,46162,ggsci
2017-05-03,421,46583,ggsci
2017-05-04,503,47086,ggsci
2017-05-05,358,47444,ggsci
2017-05-06,212,47656,ggsci
2017-05-07,211,47867,ggsci
2017-05-08,433,48300,ggsci
2017-05-09,451,48751,ggsci
2017-05-10,388,49139,ggsci
2017-05-11,526,49665,ggsci
2017-05-12,425,50090,ggsci
2017-05-13,195,50285,ggsci
2017-05-14,183,50468,ggsci
2017-05-15,490,50958,ggsci
2017-05-16,486,51444,ggsci
2017-05-17,566,52010,ggsci
2017-05-18,421,52431,ggsci
2017-05-19,289,52720,ggsci
2017-05-20,154,52874,ggsci
2017-05-21,175,53049,ggsci
2017-05-22,359,53408,ggsci
2017-05-23,435,53843,ggsci
2017-05-24,490,54333,ggsci
2017-05-25,367,54700,ggsci
2017-05-26,420,55120,ggsci
2017-05-27,181,55301,ggsci
2017-05-28,168,55469,ggsci
2017-05-29,335,55804,ggsci
2017-05-30,397,56201,ggsci
2017-05-31,380,56581,ggsci
2017-06-01,342,56923,ggsci
2017-06-02,345,57268,ggsci
2017-06-03,186,57454,ggsci
2017-06-04,170,57624,ggsci
2017-06-05,366,57990,ggsci
2017-06-06,452,58442,ggsci
2017-06-07,379,58821,ggsci
2017-06-08,441,59262,ggsci
2017-06-09,451,59713,ggsci
2017-06-10,241,59954,ggsci
2017-06-11,178,60132,ggsci
2017-06-12,832,60964,ggsci
2017-06-13,1225,62189,ggsci
2017-06-14,762,62951,ggsci
2017-06-15,735,63686,ggsci
2017-06-16,550,64236,ggsci
2017-06-17,280,64516,ggsci
2017-06-18,313,64829,ggsci
2017-06-19,758,65587,ggsci
2017-06-20,648,66235,ggsci
2017-06-21,614,66849,ggsci
2017-06-22,565,67414,ggsci
2017-06-23,384,67798,ggsci
2017-06-24,194,67992,ggsci
2017-06-25,176,68168,ggsci
2017-06-26,485,68653,ggsci
2017-06-27,498,69151,ggsci
2017-06-28,614,69765,ggsci
2017-06-29,619,70384,ggsci
2017-06-30,512,70896,ggsci
2017-07-01,200,71096,ggsci
2017-07-02,186,71282,ggsci
2017-07-03,414,71696,ggsci
2017-07-04,445,72141,ggsci
2017-07-05,440,72581,ggsci
2017-07-06,620,73201,ggsci
2017-07-07,461,73662,ggsci
2017-07-08,184,73846,ggsci
2017-07-09,242,74088,ggsci
2017-07-10,470,74558,ggsci
2017-07-11,479,75037,ggsci
2017-07-12,438,75475,ggsci
2017-07-13,440,75915,ggsci
2017-07-14,340,76255,ggsci
2017-07-15,122,76377,ggsci
2017-07-16,168,76545,ggsci
2017-07-17,400,76945,ggsci
2017-07-18,520,77465,ggsci
2017-07-19,519,77984,ggsci
2017-07-20,474,78458,ggsci
2017-07-21,401,78859,ggsci
2017-07-22,165,79024,ggsci
2017-07-23,171,79195,ggsci
2017-07-24,463,79658,ggsci
2017-07-25,444,80102,ggsci
2017-07-26,461,80563,ggsci
2017-07-27,575,81138,ggsci
2017-07-28,499,81637,ggsci
2017-07-29,196,81833,ggsci
2017-07-30,220,82053,ggsci
2017-07-31,522,82575,ggsci
2017-08-01,541,83116,ggsci
2017-08-02,541,83657,ggsci
2017-08-03,448,84105,ggsci
2017-08-04,366,84471,ggsci
2017-08-05,172,84643,ggsci
2017-08-06,188,84831,ggsci
2017-08-07,451,85282,ggsci
2017-08-08,521,85803,ggsci
2017-08-09,476,86279,ggsci
2017-08-10,503,86782,ggsci
2017-08-11,395,87177,ggsci
2017-08-12,193,87370,ggsci
2017-08-13,191,87561,ggsci
2017-08-14,412,87973,ggsci
2017-08-15,438,88411,ggsci
2017-08-16,500,88911,ggsci
2017-08-17,463,89374,ggsci
2017-08-18,414,89788,ggsci
2017-08-19,215,90003,ggsci
2017-08-20,205,90208,ggsci
2017-08-21,481,90689,ggsci
2017-08-22,568,91257,ggsci
2017-08-23,602,91859,ggsci
2017-08-24,646,92505,ggsci
2017-08-25,462,92967,ggsci
2017-08-26,204,93171,ggsci
2017-08-27,172,93343,ggsci
2017-08-28,518,93861,ggsci
2017-08-29,488,94349,ggsci
2017-08-30,495,94844,ggsci
2017-08-31,459,95303,ggsci
2017-09-01,401,95704,ggsci
2017-09-02,216,95920,ggsci
2017-09-03,174,96094,ggsci
2017-09-04,409,96503,ggsci
2017-09-05,524,97027,ggsci
2017-09-06,544,97571,ggsci
2017-09-07,577,98148,ggsci
2017-09-08,417,98565,ggsci
2017-09-09,219,98784,ggsci
2017-09-10,239,99023,ggsci
2017-09-11,558,99581,ggsci
2017-09-12,570,100151,ggsci
2017-09-13,752,100903,ggsci
2017-09-14,757,101660,ggsci
2017-09-15,580,102240,ggsci
2017-09-16,248,102488,ggsci
2017-09-17,261,102749,ggsci
2017-09-18,580,103329,ggsci
2017-09-19,600,103929,ggsci
2017-09-20,641,104570,ggsci
2017-09-21,525,105095,ggsci
2017-09-22,533,105628,ggsci
2017-09-23,276,105904,ggsci
2017-09-24,276,106180,ggsci
2017-09-25,591,106771,ggsci
2017-09-26,658,107429,ggsci
2017-09-27,682,108111,ggsci
2017-09-28,574,108685,ggsci
2017-09-29,552,109237,ggsci
2017-09-30,753,109990,ggsci
2017-10-01,1456,111446,ggsci
2017-10-02,1141,112587,ggsci
2017-10-03,1028,113615,ggsci
2017-10-04,1017,114632,ggsci
2017-10-05,909,115541,ggsci
2017-10-06,798,116339,ggsci
2017-10-07,401,116740,ggsci
2017-10-08,425,117165,ggsci
2017-10-09,822,117987,ggsci
2017-10-10,996,118983,ggsci
2017-10-11,1039,120022,ggsci
2017-10-12,887,120909,ggsci
2017-10-13,760,121669,ggsci
2017-10-14,474,122143,ggsci
2017-10-15,423,122566,ggsci
2017-10-16,977,123543,ggsci
2017-10-17,979,124522,ggsci
2017-10-18,822,125344,ggsci
2017-10-19,815,126159,ggsci
2017-10-20,747,126906,ggsci
2017-10-21,412,127318,ggsci
2017-10-22,522,127840,ggsci
2017-10-23,943,128783,ggsci
2017-10-24,975,129758,ggsci
2017-10-25,974,130732,ggsci
2017-10-26,916,131648,ggsci
2017-10-27,824,132472,ggsci
2017-10-28,377,132849,ggsci
2017-10-29,474,133323,ggsci
2017-10-30,797,134120,ggsci
2017-10-31,982,135102,ggsci
2017-11-01,852,135954,ggsci
2017-11-02,934,136888,ggsci
2017-11-03,746,137634,ggsci
2017-11-04,399,138033,ggsci
2017-11-05,472,138505,ggsci
2017-11-06,921,139426,ggsci
2017-11-07,1004,140430,ggsci
2017-11-08,963,141393,ggsci
2017-11-09,1024,142417,ggsci
2017-11-10,880,143297,ggsci
2017-11-11,393,143690,ggsci
2017-11-12,494,144184,ggsci
2017-11-13,999,145183,ggsci
2017-11-14,1034,146217,ggsci
2017-11-15,924,147141,ggsci
2017-11-16,1359,148500,ggsci
2017-11-17,846,149346,ggsci
2017-11-18,437,149783,ggsci
2017-11-19,460,150243,ggsci
2017-11-20,988,151231,ggsci
2017-11-21,1073,152304,ggsci
2017-11-22,951,153255,ggsci
2017-11-23,810,154065,ggsci
2017-11-24,707,154772,ggsci
2017-11-25,451,155223,ggsci
2017-11-26,475,155698,ggsci
2017-11-27,1052,156750,ggsci
2017-11-28,1119,157869,ggsci
2017-11-29,987,158856,ggsci
2017-11-30,961,159817,ggsci
2017-12-01,901,160718,ggsci
2017-12-02,498,161216,ggsci
2017-12-03,533,161749,ggsci
2017-12-04,999,162748,ggsci
2017-12-05,1042,163790,ggsci
2017-12-06,1061,164851,ggsci
2017-12-07,1018,165869,ggsci
2017-12-08,681,166550,ggsci
2017-12-09,463,167013,ggsci
2017-12-10,441,167454,ggsci
2017-12-11,933,168387,ggsci
2017-12-12,929,169316,ggsci
2017-12-13,849,170165,ggsci
2017-12-14,844,171009,ggsci
2017-12-15,718,171727,ggsci
2017-12-16,381,172108,ggsci
2017-12-17,352,172460,ggsci
2017-12-18,862,173322,ggsci
2017-12-19,742,174064,ggsci
2017-12-20,816,174880,ggsci
2017-12-21,692,175572,ggsci
2017-12-22,567,176139,ggsci
2017-12-23,244,176383,ggsci
2017-12-24,235,176618,ggsci
2017-12-25,207,176825,ggsci
2017-12-26,330,177155,ggsci
2017-12-27,377,177532,ggsci
2017-12-28,390,177922,ggsci
2017-12-29,353,178275,ggsci
2017-12-30,237,178512,ggsci
2017-12-31,157,178669,ggsci
2018-01-01,165,178834,ggsci
2018-01-02,568,179402,ggsci
2018-01-03,548,179950,ggsci
2018-01-04,698,180648,ggsci
2018-01-05,598,181246,ggsci
2018-01-06,312,181558,ggsci
2018-01-07,332,181890,ggsci
2018-01-08,752,182642,ggsci
2018-01-09,761,183403,ggsci
2018-01-10,753,184156,ggsci
2018-01-11,699,184855,ggsci
2018-01-12,684,185539,ggsci
2018-01-13,435,185974,ggsci
2018-01-14,363,186337,ggsci
2018-01-15,738,187075,ggsci
2018-01-16,837,187912,ggsci
2018-01-17,830,188742,ggsci
2018-01-18,764,189506,ggsci
2018-01-19,782,190288,ggsci
2018-01-20,328,190616,ggsci
2018-01-21,378,190994,ggsci
2018-01-22,817,191811,ggsci
2018-01-23,996,192807,ggsci
2018-01-24,899,193706,ggsci
2018-01-25,847,194553,ggsci
2018-01-26,719,195272,ggsci
2018-01-27,434,195706,ggsci
2018-01-28,406,196112,ggsci
2018-01-29,926,197038,ggsci
2018-01-30,1024,198062,ggsci
2018-01-31,923,198985,ggsci
2018-02-01,864,199849,ggsci
2018-02-02,817,200666,ggsci
2018-02-03,386,201052,ggsci
2018-02-04,376,201428,ggsci
2018-02-05,989,202417,ggsci
2018-02-06,948,203365,ggsci
2018-02-07,893,204258,ggsci
2018-02-08,828,205086,ggsci
2018-02-09,992,206078,ggsci
2018-02-10,428,206506,ggsci
2018-02-11,377,206883,ggsci
2018-02-12,972,207855,ggsci
2018-02-13,920,208775,ggsci
2018-02-14,975,209750,ggsci
2018-02-15,929,210679,ggsci
2018-02-16,784,211463,ggsci
2018-02-17,365,211828,ggsci
2018-02-18,436,212264,ggsci
2018-02-19,813,213077,ggsci
2018-02-20,854,213931,ggsci
2018-02-21,927,214858,ggsci
2018-02-22,1027,215885,ggsci
2018-02-23,746,216631,ggsci
2018-02-24,424,217055,ggsci
2018-02-25,385,217440,ggsci
2018-02-26,862,218302,ggsci
2018-02-27,901,219203,ggsci
2018-02-28,1015,220218,ggsci
2018-03-01,941,221159,ggsci
2018-03-02,791,221950,ggsci
2018-03-03,384,222334,ggsci
2018-03-04,465,222799,ggsci
2018-03-05,947,223746,ggsci
2018-03-06,1093,224839,ggsci
2018-03-07,983,225822,ggsci
2018-03-08,992,226814,ggsci
2018-03-09,846,227660,ggsci
2018-03-10,410,228070,ggsci
2018-03-11,477,228547,ggsci
2018-03-12,942,229489,ggsci
2018-03-13,1074,230563,ggsci
2018-03-14,1041,231604,ggsci
2018-03-15,1178,232782,ggsci
2018-03-16,869,233651,ggsci
2018-03-17,467,234118,ggsci
2018-03-18,447,234565,ggsci
2018-03-19,1007,235572,ggsci
2018-03-20,1063,236635,ggsci
2018-03-21,1133,237768,ggsci
2018-03-22,1127,238895,ggsci
2018-03-23,899,239794,ggsci
2018-03-24,423,240217,ggsci
2018-03-25,553,240770,ggsci
2018-03-26,1080,241850,ggsci
2018-03-27,1082,242932,ggsci
2018-03-28,1082,244014,ggsci
2018-03-29,899,244913,ggsci
2018-03-30,611,245524,ggsci
2018-03-31,445,245969,ggsci
2018-04-01,349,246318,ggsci
2018-04-02,747,247065,ggsci
2018-04-03,895,247960,ggsci
2018-04-04,991,248951,ggsci
2018-04-05,1021,249972,ggsci
2018-04-06,844,250816,ggsci
2018-04-07,498,251314,ggsci
2018-04-08,526,251840,ggsci
2018-04-09,1152,252992,ggsci
2018-04-10,1324,254316,ggsci
2018-04-11,1144,255460,ggsci
2018-04-12,1033,256493,ggsci
2018-04-13,1007,257500,ggsci
2018-04-14,566,258066,ggsci
2018-04-15,542,258608,ggsci
2018-04-16,1120,259728,ggsci
2018-04-17,1194,260922,ggsci
2018-04-18,1107,262029,ggsci
2018-04-19,1091,263120,ggsci
2018-04-20,952,264072,ggsci
2018-04-21,482,264554,ggsci
2018-04-22,589,265143,ggsci
2018-04-23,1119,266262,ggsci
2018-04-24,1532,267794,ggsci
2018-04-25,1611,269405,ggsci
2018-04-26,1415,270820,ggsci
2018-04-27,1093,271913,ggsci
2018-04-28,634,272547,ggsci
2018-04-29,618,273165,ggsci
2018-04-30,1147,274312,ggsci
2018-05-01,1200,275512,ggsci
2018-05-02,1182,276694,ggsci
2018-05-03,1275,277969,ggsci
2018-05-04,1086,279055,ggsci
2018-05-05,629,279684,ggsci
2018-05-06,521,280205,ggsci
2018-05-07,1110,281315,ggsci
2018-05-08,1126,282441,ggsci
2018-05-09,1293,283734,ggsci
2018-05-10,1069,284803,ggsci
2018-05-11,1090,285893,ggsci
2018-05-12,571,286464,ggsci
2018-05-13,620,287084,ggsci
2018-05-14,2673,289757,ggsci
2018-05-15,1873,291630,ggsci
2018-05-16,1796,293426,ggsci
2018-05-17,1838,295264,ggsci
2018-05-18,1535,296799,ggsci
2018-05-19,714,297513,ggsci
2018-05-20,712,298225,ggsci
2018-05-21,1379,299604,ggsci
2018-05-22,1561,301165,ggsci
2018-05-23,1584,302749,ggsci
2018-05-24,1498,304247,ggsci
2018-05-25,1227,305474,ggsci
2018-05-26,577,306051,ggsci
2018-05-27,659,306710,ggsci
2018-05-28,1268,307978,ggsci
2018-05-29,1587,309565,ggsci
2018-05-30,1451,311016,ggsci
2018-05-31,1471,312487,ggsci
2018-06-01,1223,313710,ggsci
2018-06-02,613,314323,ggsci
2018-06-03,601,314924,ggsci
2018-06-04,1453,316377,ggsci
2018-06-05,1501,317878,ggsci
2018-06-06,1446,319324,ggsci
2018-06-07,1395,320719,ggsci
2018-06-08,1160,321879,ggsci
2018-06-09,605,322484,ggsci
2018-06-10,589,323073,ggsci
2018-06-11,1184,324257,ggsci
2018-06-12,1436,325693,ggsci
2018-06-13,1248,326941,ggsci
2018-06-14,1226,328167,ggsci
2018-06-15,1089,329256,ggsci
2018-06-16,489,329745,ggsci
2018-06-17,478,330223,ggsci
2018-06-18,1207,331430,ggsci
2018-06-19,1254,332684,ggsci
2018-06-20,1254,333938,ggsci
2018-06-21,1208,335146,ggsci
2018-06-22,1074,336220,ggsci
2018-06-23,431,336651,ggsci
2018-06-24,441,337092,ggsci
2018-06-25,1150,338242,ggsci
2018-06-26,1244,339486,ggsci
2018-06-27,1189,340675,ggsci
2018-06-28,1200,341875,ggsci
2018-06-29,1000,342875,ggsci
2018-06-30,567,343442,ggsci
2018-07-01,525,343967,ggsci
2018-07-02,1157,345124,ggsci
2018-07-03,1317,346441,ggsci
2018-07-04,1040,347481,ggsci
2018-07-05,1170,348651,ggsci
2018-07-06,985,349636,ggsci
2018-07-07,475,350111,ggsci
2018-07-08,468,350579,ggsci
2018-07-09,1223,351802,ggsci
2018-07-10,1220,353022,ggsci
2018-07-11,1183,354205,ggsci
2018-07-12,1091,355296,ggsci
2018-07-13,997,356293,ggsci
2018-07-14,461,356754,ggsci
2018-07-15,425,357179,ggsci
2018-07-16,1073,358252,ggsci
2018-07-17,1159,359411,ggsci
2018-07-18,1237,360648,ggsci
2018-07-19,1208,361856,ggsci
2018-07-20,937,362793,ggsci
2018-07-21,443,363236,ggsci
2018-07-22,477,363713,ggsci
2018-07-23,1166,364879,ggsci
2018-07-24,1283,366162,ggsci
2018-07-25,1131,367293,ggsci
2018-07-26,1154,368447,ggsci
2018-07-27,977,369424,ggsci
2018-07-28,492,369916,ggsci
2018-07-29,496,370412,ggsci
2018-07-30,1067,371479,ggsci
2018-07-31,1121,372600,ggsci
2018-08-01,1069,373669,ggsci
2018-08-02,1002,374671,ggsci
2018-08-03,1003,375674,ggsci
2018-08-04,396,376070,ggsci
2018-08-05,444,376514,ggsci
2018-08-06,988,377502,ggsci
2018-08-07,1051,378553,ggsci
2018-08-08,1147,379700,ggsci
2018-08-09,1038,380738,ggsci
2018-08-10,964,381702,ggsci
2018-08-11,430,382132,ggsci
2018-08-12,448,382580,ggsci
2018-08-13,1023,383603,ggsci
2018-08-14,1073,384676,ggsci
2018-08-15,881,385557,ggsci
2018-08-16,1001,386558,ggsci
2018-08-17,941,387499,ggsci
2018-08-18,466,387965,ggsci
2018-08-19,376,388341,ggsci
2018-08-20,926,389267,ggsci
2018-08-21,1059,390326,ggsci
2018-08-22,1198,391524,ggsci
2018-08-23,1013,392537,ggsci
2018-08-24,1017,393554,ggsci
2018-08-25,404,393958,ggsci
2018-08-26,438,394396,ggsci
2018-08-27,943,395339,ggsci
2018-08-28,1122,396461,ggsci
2018-08-29,1094,397555,ggsci
2018-08-30,1225,398780,ggsci
2018-08-31,974,399754,ggsci
2018-09-01,438,400192,ggsci
2018-09-02,414,400606,ggsci
2018-09-03,924,401530,ggsci
2018-09-04,1249,402779,ggsci
2018-09-05,1095,403874,ggsci
2018-09-06,1130,405004,ggsci
2018-09-07,1086,406090,ggsci
2018-09-08,515,406605,ggsci
2018-09-09,511,407116,ggsci
2018-09-10,1106,408222,ggsci
2018-09-11,1176,409398,ggsci
2018-09-12,1331,410729,ggsci
2018-09-13,1446,412175,ggsci
2018-09-14,1627,413802,ggsci
2018-09-15,492,414294,ggsci
2018-09-16,634,414928,ggsci
2018-09-17,1602,416530,ggsci
2018-09-18,1592,418122,ggsci
2018-09-19,1523,419645,ggsci
2018-09-20,1452,421097,ggsci
2018-09-21,1098,422195,ggsci
2018-09-22,711,422906,ggsci
2018-09-23,656,423562,ggsci
2018-09-24,1487,425049,ggsci
2018-09-25,1525,426574,ggsci
2018-09-26,1667,428241,ggsci
2018-09-27,1692,429933,ggsci
2018-09-28,1448,431381,ggsci
2018-09-29,696,432077,ggsci
2018-09-30,646,432723,ggsci
2018-10-01,1460,434183,ggsci
2018-10-02,1762,435945,ggsci
2018-10-03,1748,437693,ggsci
2018-10-04,1808,439501,ggsci
2018-10-05,1619,441120,ggsci
2018-10-06,666,441786,ggsci
2018-10-07,806,442592,ggsci
2018-10-08,1587,444179,ggsci
2018-10-09,1852,446031,ggsci
2018-10-10,1896,447927,ggsci
2018-10-11,1884,449811,ggsci
2018-10-12,1519,451330,ggsci
2018-10-13,770,452100,ggsci
2018-10-14,877,452977,ggsci
2018-10-15,1660,454637,ggsci
2018-10-16,1937,456574,ggsci
2018-10-17,1959,458533,ggsci
2018-10-18,2045,460578,ggsci
2018-10-19,1679,462257,ggsci
2018-10-20,994,463251,ggsci
2018-10-21,1107,464358,ggsci
2018-10-22,2118,466476,ggsci
2018-10-23,2098,468574,ggsci
2018-10-24,2100,470674,ggsci
2018-10-25,2011,472685,ggsci
2018-10-26,1932,474617,ggsci
2018-10-27,1041,475658,ggsci
2018-10-28,942,476600,ggsci
2018-10-29,1895,478495,ggsci
2018-10-30,2074,480569,ggsci
2018-10-31,1915,482484,ggsci
2018-11-01,1720,484204,ggsci
2018-11-02,1524,485728,ggsci
2018-11-03,943,486671,ggsci
2018-11-04,969,487640,ggsci
2018-11-05,1981,489621,ggsci
2018-11-06,2055,491676,ggsci
2018-11-07,2224,493900,ggsci
2018-11-08,2059,495959,ggsci
2018-11-09,1720,497679,ggsci
2018-11-10,1081,498760,ggsci
2018-11-11,1006,499766,ggsci
2018-11-12,1938,501704,ggsci
2018-11-13,2351,504055,ggsci
2018-11-14,2233,506288,ggsci
2018-11-15,2009,508297,ggsci
2018-11-16,1861,510158,ggsci
2018-11-17,1122,511280,ggsci
2018-11-18,1089,512369,ggsci
2018-11-19,2153,514522,ggsci
2018-11-20,2088,516610,ggsci
2018-11-21,2145,518755,ggsci
2018-11-22,1859,520614,ggsci
2018-11-23,1625,522239,ggsci
2018-11-24,1165,523404,ggsci
2018-11-25,1156,524560,ggsci
2018-11-26,2203,526763,ggsci
2018-11-27,2499,529262,ggsci
2018-11-28,2194,531456,ggsci
2018-11-29,2313,533769,ggsci
2018-11-30,2171,535940,ggsci
2018-12-01,1212,537152,ggsci
2018-12-02,1252,538404,ggsci
2018-12-03,2363,540767,ggsci
2018-12-04,2440,543207,ggsci
2018-12-05,2272,545479,ggsci
2018-12-06,2373,547852,ggsci
2018-12-07,1947,549799,ggsci
2018-12-08,1063,550862,ggsci
2018-12-09,1084,551946,ggsci
2018-12-10,2112,554058,ggsci
2018-12-11,2141,556199,ggsci
2018-12-12,2082,558281,ggsci
2018-12-13,1954,560235,ggsci
2018-12-14,1743,561978,ggsci
2018-12-15,1087,563065,ggsci
2018-12-16,1239,564304,ggsci
2018-12-17,1803,566107,ggsci
2018-12-18,1919,568026,ggsci
2018-12-19,1802,569828,ggsci
2018-12-20,1658,571486,ggsci
2018-12-21,1288,572774,ggsci
2018-12-22,687,573461,ggsci
2018-12-23,731,574192,ggsci
2018-12-24,712,574904,ggsci
2018-12-25,690,575594,ggsci
2018-12-26,819,576413,ggsci
2018-12-27,919,577332,ggsci
2018-12-28,959,578291,ggsci
2018-12-29,486,578777,ggsci
2018-12-30,469,579246,ggsci
2018-12-31,467,579713,ggsci
2019-01-01,327,580040,ggsci
2019-01-02,1098,581138,ggsci
2019-01-03,1393,582531,ggsci
2019-01-04,1422,583953,ggsci
2019-01-05,863,584816,ggsci
2019-01-06,839,585655,ggsci
2019-01-07,1643,587298,ggsci
2019-01-08,2073,589371,ggsci
2019-01-09,3916,593287,ggsci
2019-01-10,3580,596867,ggsci
2019-01-11,2004,598871,ggsci
2019-01-12,1635,600506,ggsci
2019-01-13,1562,602068,ggsci
2019-01-14,3361,605429,ggsci
2019-01-15,3196,608625,ggsci
2019-01-16,2876,611501,ggsci
2019-01-17,2609,614110,ggsci
2019-01-18,3815,617925,ggsci
2019-01-19,1912,619837,ggsci
2019-01-20,1668,621505,ggsci
2019-01-21,3615,625120,ggsci
2019-01-22,4399,629519,ggsci
2019-01-23,2968,632487,ggsci
2019-01-24,3545,636032,ggsci
2019-01-25,4069,640101,ggsci
2019-01-26,1961,642062,ggsci
2019-01-27,2097,644159,ggsci
2019-01-28,3926,648085,ggsci
2019-01-29,3844,651929,ggsci
2019-01-30,3799,655728,ggsci
2019-01-31,2195,657923,ggsci
2019-02-01,4029,661952,ggsci
2019-02-02,2514,664466,ggsci
2019-02-03,2131,666597,ggsci
2019-02-04,4063,670660,ggsci
2019-02-05,3755,674415,ggsci
2019-02-06,3441,677856,ggsci
2019-02-07,4328,682184,ggsci
2019-02-08,4302,686486,ggsci
2019-02-09,2684,689170,ggsci
2019-02-10,2563,691733,ggsci
2019-02-11,4296,696029,ggsci
2019-02-12,4877,700906,ggsci
2019-02-13,5421,706327,ggsci
2019-02-14,3237,709564,ggsci
2019-02-15,8044,717608,ggsci
2019-02-16,2352,719960,ggsci
2019-02-17,2612,722572,ggsci
2019-02-18,4016,726588,ggsci
2019-02-19,4372,730960,ggsci
2019-02-20,5011,735971,ggsci
2019-02-21,5759,741730,ggsci
2019-02-22,4766,746496,ggsci
2019-02-23,2780,749276,ggsci
2019-02-24,1872,751148,ggsci
2019-02-25,4511,755659,ggsci
2019-02-26,4650,760309,ggsci
2019-02-27,4198,764507,ggsci
2019-02-28,3668,768175,ggsci
2019-03-01,3184,771359,ggsci
2019-03-02,1502,772861,ggsci
2019-03-03,1640,774501,ggsci
2019-03-04,2973,777474,ggsci
2019-03-05,3254,780728,ggsci
2019-03-06,3544,784272,ggsci
2019-03-07,3389,787661,ggsci
2019-03-08,2879,790540,ggsci
2019-03-09,1936,792476,ggsci
2019-03-10,1814,794290,ggsci
2019-03-11,3128,797418,ggsci
2019-03-12,3291,800709,ggsci
2019-03-13,3058,803767,ggsci
2019-03-14,2972,806739,ggsci
2019-03-15,2484,809223,ggsci
2019-03-16,1604,810827,ggsci
2019-03-17,1599,812426,ggsci
2019-03-18,3208,815634,ggsci
2019-03-19,3150,818784,ggsci
2019-03-20,3426,822210,ggsci
2019-03-21,3256,825466,ggsci
2019-03-22,3310,828776,ggsci
2019-03-23,1696,830472,ggsci
2019-03-24,1728,832200,ggsci
2019-03-25,2742,834942,ggsci
2019-03-26,3472,838414,ggsci
2019-03-27,3413,841827,ggsci
2019-03-28,3443,845270,ggsci
2019-03-29,2345,847615,ggsci
2019-03-30,1736,849351,ggsci
2019-03-31,1672,851023,ggsci
2019-04-01,3178,854201,ggsci
2019-04-02,3249,857450,ggsci
2019-04-03,3636,861086,ggsci
2019-04-04,3727,864813,ggsci
2019-04-05,3157,867970,ggsci
2019-04-06,1327,869297,ggsci
2019-04-07,1385,870682,ggsci
2019-04-08,3099,873781,ggsci
2019-04-09,3341,877122,ggsci
2019-04-10,3634,880756,ggsci
2019-04-11,3263,884019,ggsci
2019-04-12,3006,887025,ggsci
2019-04-13,1694,888719,ggsci
2019-04-14,1668,890387,ggsci
2019-04-15,3421,893808,ggsci
2019-04-16,2955,896763,ggsci
2019-04-17,3377,900140,ggsci
2019-04-18,3012,903152,ggsci
2019-04-19,2492,905644,ggsci
2019-04-20,1758,907402,ggsci
2019-04-21,1603,909005,ggsci
2019-04-22,2572,911577,ggsci
2019-04-23,3438,915015,ggsci
2019-04-24,3118,918133,ggsci
2019-04-25,2801,920934,ggsci
2019-04-26,2878,923812,ggsci
2019-04-27,2074,925886,ggsci
2019-04-28,1956,927842,ggsci
2019-04-29,3213,931055,ggsci
2019-04-30,3613,934668,ggsci
2019-05-01,3209,937877,ggsci
2019-05-02,3475,941352,ggsci
2019-05-03,2535,943887,ggsci
2019-05-04,1322,945209,ggsci
2019-05-05,1489,946698,ggsci
2019-05-06,2987,949685,ggsci
2019-05-07,2943,952628,ggsci
2019-05-08,3641,956269,ggsci
2019-05-09,3510,959779,ggsci
2019-05-10,2784,962563,ggsci
2019-05-11,1424,963987,ggsci
2019-05-12,1940,965927,ggsci
2019-05-13,3277,969204,ggsci
2019-05-14,3320,972524,ggsci
2019-05-15,3267,975791,ggsci
2019-05-16,3423,979214,ggsci
2019-05-17,2971,982185,ggsci
2019-05-18,1914,984099,ggsci
2019-05-19,1902,986001,ggsci
2019-05-20,3019,989020,ggsci
2019-05-21,3113,992133,ggsci
2019-05-22,2694,994827,ggsci
2019-05-23,3168,997995,ggsci
2019-05-24,2896,1000891,ggsci
2019-05-25,1666,1002557,ggsci
2019-05-26,1636,1004193,ggsci
2019-05-27,2220,1006413,ggsci
2019-05-28,3112,1009525,ggsci
2019-05-29,2646,1012171,ggsci
2019-05-30,2898,1015069,ggsci
2019-05-31,2765,1017834,ggsci
2019-06-01,1742,1019576,ggsci
2019-06-02,1517,1021093,ggsci
2019-06-03,3336,1024429,ggsci
2019-06-04,3299,1027728,ggsci
2019-06-05,3410,1031138,ggsci
2019-06-06,3216,1034354,ggsci
2019-06-07,2855,1037209,ggsci
2019-06-08,1686,1038895,ggsci
2019-06-09,1691,1040586,ggsci
2019-06-10,2863,1043449,ggsci
2019-06-11,3263,1046712,ggsci
2019-06-12,3178,1049890,ggsci
2019-06-13,3009,1052899,ggsci
2019-06-14,2786,1055685,ggsci
2019-06-15,1929,1057614,ggsci
2019-06-16,1966,1059580,ggsci
2019-06-17,3265,1062845,ggsci
2019-06-18,3217,1066062,ggsci
2019-06-19,3064,1069126,ggsci
2019-06-20,3166,1072292,ggsci
2019-06-21,2739,1075031,ggsci
2019-06-22,1102,1076133,ggsci
2019-06-23,1185,1077318,ggsci
2019-06-24,2338,1079656,ggsci
2019-06-25,2722,1082378,ggsci
2019-06-26,2474,1084852,ggsci
2019-06-27,2406,1087258,ggsci
2019-06-28,2952,1090210,ggsci
2019-06-29,1855,1092065,ggsci
2019-06-30,1836,1093901,ggsci
2019-07-01,2980,1096881,ggsci
2019-07-02,3111,1099992,ggsci
2019-07-03,3256,1103248,ggsci
2019-07-04,2533,1105781,ggsci
2019-07-05,2527,1108308,ggsci
2019-07-06,1555,1109863,ggsci
2019-07-07,1661,1111524,ggsci
2019-07-08,3195,1114719,ggsci
2019-07-09,3194,1117913,ggsci
2019-07-10,2715,1120628,ggsci
2019-07-11,2819,1123447,ggsci
2019-07-12,2091,1125538,ggsci
2019-07-13,893,1126431,ggsci
2019-07-14,879,1127310,ggsci
2019-07-15,2227,1129537,ggsci
2019-07-16,2579,1132116,ggsci
2019-07-17,2227,1134343,ggsci
2019-07-18,2270,1136613,ggsci
2019-07-19,1982,1138595,ggsci
2019-07-20,953,1139548,ggsci
2019-07-21,1074,1140622,ggsci
2019-07-22,2247,1142869,ggsci
2019-07-23,2167,1145036,ggsci
2019-07-24,2481,1147517,ggsci
2019-07-25,2311,1149828,ggsci
2019-07-26,2108,1151936,ggsci
2019-07-27,968,1152904,ggsci
2019-07-28,847,1153751,ggsci
2019-07-29,2282,1156033,ggsci
2019-07-30,2287,1158320,ggsci
2019-07-31,2208,1160528,ggsci
2019-08-01,2192,1162720,ggsci
2019-08-02,2071,1164791,ggsci
2019-08-03,1008,1165799,ggsci
2019-08-04,829,1166628,ggsci
2019-08-05,1902,1168530,ggsci
2019-08-06,2304,1170834,ggsci
2019-08-07,2282,1173116,ggsci
2019-08-08,2875,1175991,ggsci
2019-08-09,2113,1178104,ggsci
2019-08-10,1366,1179470,ggsci
2019-08-11,1352,1180822,ggsci
2019-08-12,2177,1182999,ggsci
2019-08-13,2293,1185292,ggsci
2019-08-14,2282,1187574,ggsci
2019-08-15,2083,1189657,ggsci
2019-08-16,1921,1191578,ggsci
2019-08-17,1291,1192869,ggsci
2019-08-18,1359,1194228,ggsci
2019-08-19,2599,1196827,ggsci
2019-08-20,2252,1199079,ggsci
2019-08-21,2435,1201514,ggsci
2019-08-22,2734,1204248,ggsci
2019-08-23,1897,1206145,ggsci
2019-08-24,1258,1207403,ggsci
2019-08-25,1258,1208661,ggsci
2019-08-26,2642,1211303,ggsci
2019-08-27,2853,1214156,ggsci
2019-08-28,2696,1216852,ggsci
2019-08-29,2757,1219609,ggsci
2019-08-30,2546,1222155,ggsci
2019-08-31,1270,1223425,ggsci
2019-09-01,1373,1224798,ggsci
2019-09-02,2304,1227102,ggsci
2019-09-03,2976,1230078,ggsci
2019-09-04,2891,1232969,ggsci
2019-09-05,2967,1235936,ggsci
2019-09-06,2297,1238233,ggsci
2019-09-07,1465,1239698,ggsci
2019-09-08,1580,1241278,ggsci
2019-09-09,3036,1244314,ggsci
2019-09-10,3143,1247457,ggsci
2019-09-11,2886,1250343,ggsci
2019-09-12,2869,1253212,ggsci
2019-09-13,2363,1255575,ggsci
2019-09-14,2090,1257665,ggsci
2019-09-15,2021,1259686,ggsci
2019-09-16,3651,1263337,ggsci
2019-09-17,3799,1267136,ggsci
2019-09-18,4150,1271286,ggsci
2019-09-19,4002,1275288,ggsci
2019-09-20,3620,1278908,ggsci
2019-09-21,2347,1281255,ggsci
2019-09-22,2426,1283681,ggsci
2019-09-23,4170,1287851,ggsci
2019-09-24,4265,1292116,ggsci
2019-09-25,4910,1297026,ggsci
2019-09-26,4329,1301355,ggsci
2019-09-27,3731,1305086,ggsci
2019-09-28,2253,1307339,ggsci
2019-09-29,2275,1309614,ggsci
2019-09-30,3724,1313338,ggsci
2019-10-01,3832,1317170,ggsci
2019-10-02,3664,1320834,ggsci
2019-10-03,3350,1324184,ggsci
2019-10-04,3195,1327379,ggsci
2019-10-05,1998,1329377,ggsci
2019-10-06,2210,1331587,ggsci
2019-10-07,3712,1335299,ggsci
2019-10-08,4178,1339477,ggsci
2019-10-09,3953,1343430,ggsci
2019-10-10,3824,1347254,ggsci
2019-10-11,3810,1351064,ggsci
2019-10-12,1924,1352988,ggsci
2019-10-13,2139,1355127,ggsci
2019-10-14,3794,1358921,ggsci
2019-10-15,4188,1363109,ggsci
2019-10-16,4012,1367121,ggsci
2019-10-17,4032,1371153,ggsci
2019-10-18,3611,1374764,ggsci
2019-10-19,2236,1377000,ggsci
2019-10-20,2373,1379373,ggsci
2019-10-21,3953,1383326,ggsci
2019-10-22,4743,1388069,ggsci
2019-10-23,4362,1392431,ggsci
2019-10-24,4445,1396876,ggsci
2019-10-25,3647,1400523,ggsci
2019-10-26,2172,1402695,ggsci
2019-10-27,2290,1404985,ggsci
2019-10-28,3844,1408829,ggsci
2019-10-29,3869,1412698,ggsci
2019-10-30,3740,1416438,ggsci
2019-10-31,3752,1420190,ggsci
2019-11-01,2907,1423097,ggsci
2019-11-02,1644,1424741,ggsci
2019-11-03,1927,1426668,ggsci
2019-11-04,3797,1430465,ggsci
2019-11-05,3974,1434439,ggsci
2019-11-06,3301,1437740,ggsci
2019-11-07,3629,1441369,ggsci
2019-11-08,3423,1444792,ggsci
2019-11-09,1896,1446688,ggsci
2019-11-10,2028,1448716,ggsci
2019-11-11,3576,1452292,ggsci
2019-11-12,3571,1455863,ggsci
2019-11-13,3747,1459610,ggsci
2019-11-14,3847,1463457,ggsci
2019-11-15,3312,1466769,ggsci
2019-11-16,1975,1468744,ggsci
2019-11-17,1953,1470697,ggsci
2019-11-18,3755,1474452,ggsci
2019-11-19,4153,1478605,ggsci
2019-11-20,3909,1482514,ggsci
2019-11-21,3766,1486280,ggsci
2019-11-22,3469,1489749,ggsci
2019-11-23,1821,1491570,ggsci
2019-11-24,1913,1493483,ggsci
2019-11-25,3868,1497351,ggsci
2019-11-26,4076,1501427,ggsci
2019-11-27,3935,1505362,ggsci
2019-11-28,3278,1508640,ggsci
2019-11-29,2810,1511450,ggsci
2019-11-30,1770,1513220,ggsci
2019-12-01,1975,1515195,ggsci
2019-12-02,4524,1519719,ggsci
2019-12-03,4479,1524198,ggsci
2019-12-04,3885,1528083,ggsci
2019-12-05,3997,1532080,ggsci
2019-12-06,3455,1535535,ggsci
2019-12-07,1762,1537297,ggsci
2019-12-08,1998,1539295,ggsci
2019-12-09,3974,1543269,ggsci
2019-12-10,3975,1547244,ggsci
2019-12-11,3777,1551021,ggsci
2019-12-12,4285,1555306,ggsci
2019-12-13,3726,1559032,ggsci
2019-12-14,2254,1561286,ggsci
2019-12-15,2076,1563362,ggsci
2019-12-16,3323,1566685,ggsci
2019-12-17,3641,1570326,ggsci
2019-12-18,3571,1573897,ggsci
2019-12-19,3674,1577571,ggsci
2019-12-20,3041,1580612,ggsci
2019-12-21,1772,1582384,ggsci
2019-12-22,1745,1584129,ggsci
2019-12-23,2556,1586685,ggsci
2019-12-24,2115,1588800,ggsci
2019-12-25,1608,1590408,ggsci
2019-12-26,2133,1592541,ggsci
2019-12-27,1913,1594454,ggsci
2019-12-28,1679,1596133,ggsci
2019-12-29,1755,1597888,ggsci
2019-12-30,2093,1599981,ggsci
2019-12-31,1860,1601841,ggsci
2020-01-01,1443,1603284,ggsci
2020-01-02,2582,1605866,ggsci
2020-01-03,2818,1608684,ggsci
2020-01-04,1776,1610460,ggsci
2020-01-05,2150,1612610,ggsci
2020-01-06,3192,1615802,ggsci
2020-01-07,3555,1619357,ggsci
2020-01-08,3389,1622746,ggsci
2020-01-09,3698,1626444,ggsci
2020-01-10,3185,1629629,ggsci
2020-01-11,2057,1631686,ggsci
2020-01-12,2074,1633760,ggsci
2020-01-13,3321,1637081,ggsci
2020-01-14,4050,1641131,ggsci
2020-01-15,3672,1644803,ggsci
2020-01-16,3717,1648520,ggsci
2020-01-17,3211,1651731,ggsci
2020-01-18,1596,1653327,ggsci
2020-01-19,1908,1655235,ggsci
2020-01-20,3466,1658701,ggsci
2020-01-21,3579,1662280,ggsci
2020-01-22,4092,1666372,ggsci
2020-01-23,3559,1669931,ggsci
2020-01-24,3459,1673390,ggsci
2020-01-25,1944,1675334,ggsci
2020-01-26,2494,1677828,ggsci
2020-01-27,4104,1681932,ggsci
2020-01-28,3680,1685612,ggsci
2020-01-29,4537,1690149,ggsci
2020-01-30,4814,1694963,ggsci
2020-01-31,3973,1698936,ggsci
2020-02-01,2183,1701119,ggsci
2020-02-02,2165,1703284,ggsci
2020-02-03,4406,1707690,ggsci
2020-02-04,4820,1712510,ggsci
2020-02-05,4540,1717050,ggsci
2020-02-06,4751,1721801,ggsci
2020-02-07,4719,1726520,ggsci
2020-02-08,2188,1728708,ggsci
2020-02-09,2347,1731055,ggsci
2020-02-10,4395,1735450,ggsci
2020-02-11,4872,1740322,ggsci
2020-02-12,5209,1745531,ggsci
2020-02-13,4918,1750449,ggsci
2020-02-14,4769,1755218,ggsci
2020-02-15,2493,1757711,ggsci
2020-02-16,2538,1760249,ggsci
2020-02-17,3922,1764171,ggsci
2020-02-18,5833,1770004,ggsci
2020-02-19,5890,1775894,ggsci
2020-02-20,5671,1781565,ggsci
2020-02-21,5119,1786684,ggsci
2020-02-22,3595,1790279,ggsci
2020-02-23,3292,1793571,ggsci
2020-02-24,4989,1798560,ggsci
2020-02-25,5464,1804024,ggsci
2020-02-26,6424,1810448,ggsci
2020-02-27,5473,1815921,ggsci
2020-02-28,5282,1821203,ggsci
2020-02-29,731,1821934,ggsci
2020-03-01,3172,1825106,ggsci
2020-03-02,5906,1831012,ggsci
2020-03-03,6191,1837203,ggsci
2020-03-04,6151,1843354,ggsci
2020-03-05,6020,1849374,ggsci
2020-03-06,5422,1854796,ggsci
2020-03-07,3184,1857980,ggsci
2020-03-08,2945,1860925,ggsci
2020-03-09,5700,1866625,ggsci
2020-03-10,5658,1872283,ggsci
2020-03-11,5995,1878278,ggsci
2020-03-12,7206,1885484,ggsci
2020-03-13,5138,1890622,ggsci
2020-03-14,3262,1893884,ggsci
2020-03-15,3435,1897319,ggsci
2020-03-16,5743,1903062,ggsci
2020-03-17,5681,1908743,ggsci
2020-03-18,6222,1914965,ggsci
2020-03-19,6052,1921017,ggsci
2020-03-20,5509,1926526,ggsci
2020-03-21,3345,1929871,ggsci
2020-03-22,4002,1933873,ggsci
2020-03-23,5850,1939723,ggsci
2020-03-24,5475,1945198,ggsci
2020-03-25,5700,1950898,ggsci
2020-03-26,6325,1957223,ggsci
2020-03-27,5973,1963196,ggsci
2020-03-28,3763,1966959,ggsci
2020-03-29,3899,1970858,ggsci
2020-03-30,6203,1977061,ggsci
2020-03-31,6722,1983783,ggsci
2020-04-01,6169,1989952,ggsci
2020-04-02,6424,1996376,ggsci
2020-04-03,6144,2002520,ggsci
2020-04-04,4270,2006790,ggsci
2020-04-05,3120,2009910,ggsci
2020-04-06,6076,2015986,ggsci
2020-04-07,5225,2021211,ggsci
2020-04-08,5789,2027000,ggsci
2020-04-09,4892,2031892,ggsci
2020-04-10,4428,2036320,ggsci
2020-04-11,3211,2039531,ggsci
2020-04-12,3231,2042762,ggsci
2020-04-13,4480,2047242,ggsci
2020-04-14,5708,2052950,ggsci
2020-04-15,5128,2058078,ggsci
2020-04-16,4986,2063064,ggsci
2020-04-17,4087,2067151,ggsci
2020-04-18,2751,2069902,ggsci
2020-04-19,3094,2072996,ggsci
2020-04-20,4442,2077438,ggsci
2020-04-21,5171,2082609,ggsci
2020-04-22,5473,2088082,ggsci
2020-04-23,4919,2093001,ggsci
2020-04-24,5524,2098525,ggsci
2020-04-25,3515,2102040,ggsci
2020-04-26,3968,2106008,ggsci
2020-04-27,6344,2112352,ggsci
2020-04-28,6234,2118586,ggsci
2020-04-29,6114,2124700,ggsci
2020-04-30,5674,2130374,ggsci
2020-05-01,4420,2134794,ggsci
2020-05-02,3806,2138600,ggsci
2020-05-03,3890,2142490,ggsci
2020-05-04,5832,2148322,ggsci
2020-05-05,6221,2154543,ggsci
2020-05-06,5943,2160486,ggsci
2020-05-07,5555,2166041,ggsci
2020-05-08,4925,2170966,ggsci
2020-05-09,4083,2175049,ggsci
2020-05-10,3882,2178931,ggsci
2020-05-11,6068,2184999,ggsci
2020-05-12,6209,2191208,ggsci
2020-05-13,6328,2197536,ggsci
2020-05-14,6022,2203558,ggsci
2020-05-15,5330,2208888,ggsci
2020-05-16,3462,2212350,ggsci
2020-05-17,3564,2215914,ggsci
2020-05-18,5392,2221306,ggsci
2020-05-19,5700,2227006,ggsci
2020-05-20,5069,2232075,ggsci
2020-05-21,4770,2236845,ggsci
2020-05-22,4468,2241313,ggsci
2020-05-23,3398,2244711,ggsci
2020-05-24,3173,2247884,ggsci
2020-05-25,4410,2252294,ggsci
2020-05-26,5211,2257505,ggsci
2020-05-27,5361,2262866,ggsci
2020-05-28,5334,2268200,ggsci
2020-05-29,4913,2273113,ggsci
2020-05-30,3041,2276154,ggsci
2020-05-31,3087,2279241,ggsci
2020-06-01,4502,2283743,ggsci
2020-06-02,4843,2288586,ggsci
2020-06-03,4848,2293434,ggsci
2020-06-04,5019,2298453,ggsci
2020-06-05,4534,2302987,ggsci
2020-06-06,3170,2306157,ggsci
2020-06-07,3214,2309371,ggsci
2020-06-08,4869,2314240,ggsci
2020-06-09,5225,2319465,ggsci
2020-06-10,4981,2324446,ggsci
2020-06-11,5140,2329586,ggsci
2020-06-12,4592,2334178,ggsci
2020-06-13,3086,2337264,ggsci
2020-06-14,3505,2340769,ggsci
2020-06-15,5466,2346235,ggsci
2020-06-16,5189,2351424,ggsci
2020-06-17,5357,2356781,ggsci
2020-06-18,5002,2361783,ggsci
2020-06-19,4332,2366115,ggsci
2020-06-20,2991,2369106,ggsci
2020-06-21,3083,2372189,ggsci
2020-06-22,5384,2377573,ggsci
2020-06-23,4869,2382442,ggsci
2020-06-24,4386,2386828,ggsci
2020-06-25,4444,2391272,ggsci
2020-06-26,4586,2395858,ggsci
2020-06-27,2630,2398488,ggsci
2020-06-28,2811,2401299,ggsci
2020-06-29,4619,2405918,ggsci
2020-06-30,4704,2410622,ggsci
2020-07-01,4837,2415459,ggsci
2020-07-02,4638,2420097,ggsci
2020-07-03,3644,2423741,ggsci
2020-07-04,2948,2426689,ggsci
2020-07-05,2793,2429482,ggsci
2020-07-06,4630,2434112,ggsci
2020-07-07,4256,2438368,ggsci
2020-07-08,4476,2442844,ggsci
2020-07-09,4830,2447674,ggsci
2020-07-10,4295,2451969,ggsci
2020-07-11,2832,2454801,ggsci
2020-07-12,2959,2457760,ggsci
2020-07-13,4622,2462382,ggsci
2020-07-14,4858,2467240,ggsci
2020-07-15,4821,2472061,ggsci
2020-07-16,5080,2477141,ggsci
2020-07-17,4552,2481693,ggsci
2020-07-18,2675,2484368,ggsci
2020-07-19,2669,2487037,ggsci
2020-07-20,4914,2491951,ggsci
2020-07-21,4847,2496798,ggsci
2020-07-22,5162,2501960,ggsci
2020-07-23,5018,2506978,ggsci
2020-07-24,4425,2511403,ggsci
2020-07-25,2785,2514188,ggsci
2020-07-26,3187,2517375,ggsci
2020-07-27,4909,2522284,ggsci
2020-07-28,5485,2527769,ggsci
2020-07-29,4665,2532434,ggsci
2020-07-30,4987,2537421,ggsci
2020-07-31,4773,2542194,ggsci
2020-08-01,2829,2545023,ggsci
2020-08-02,2898,2547921,ggsci
2020-08-03,5140,2553061,ggsci
2020-08-04,4946,2558007,ggsci
2020-08-05,5488,2563495,ggsci
2020-08-06,5053,2568548,ggsci
2020-08-07,4949,2573497,ggsci
2020-08-08,2659,2576156,ggsci
2020-08-09,2884,2579040,ggsci
2020-08-10,4956,2583996,ggsci
2020-08-11,4920,2588916,ggsci
2020-08-12,5136,2594052,ggsci
2020-08-13,4697,2598749,ggsci
2020-08-14,4152,2602901,ggsci
2020-08-15,2987,2605888,ggsci
2020-08-16,2498,2608386,ggsci
2020-08-17,4172,2612558,ggsci
2020-08-18,4740,2617298,ggsci
2020-08-19,4862,2622160,ggsci
2020-08-20,4642,2626802,ggsci
2020-08-21,4147,2630949,ggsci
2020-08-22,3044,2633993,ggsci
2020-08-23,2787,2636780,ggsci
2020-08-24,4668,2641448,ggsci
2020-08-25,5041,2646489,ggsci
2020-08-26,4911,2651400,ggsci
2020-08-27,5259,2656659,ggsci
2020-08-28,4377,2661036,ggsci
2020-08-29,2655,2663691,ggsci
2020-08-30,2838,2666529,ggsci
2020-08-31,4957,2671486,ggsci
2020-09-01,4672,2676158,ggsci
2020-09-02,4980,2681138,ggsci
2020-09-03,5128,2686266,ggsci
2020-09-04,4251,2690517,ggsci
2020-09-05,2697,2693214,ggsci
2020-09-06,2497,2695711,ggsci
2020-09-07,4104,2699815,ggsci
2020-09-08,4888,2704703,ggsci
2020-09-09,5435,2710138,ggsci
2020-09-10,4878,2715016,ggsci
2020-09-11,4856,2719872,ggsci
2020-09-12,2954,2722826,ggsci
2020-09-13,3479,2726305,ggsci
2020-09-14,5599,2731904,ggsci
2020-09-15,5595,2737499,ggsci
2020-09-16,5699,2743198,ggsci
2020-09-17,6205,2749403,ggsci
2020-09-18,5336,2754739,ggsci
2020-09-19,3308,2758047,ggsci
2020-09-20,3589,2761636,ggsci
2020-09-21,6188,2767824,ggsci
2020-09-22,5808,2773632,ggsci
2020-09-23,5488,2779120,ggsci
2020-09-24,5458,2784578,ggsci
2020-09-25,5145,2789723,ggsci
2020-09-26,3546,2793269,ggsci
2020-09-27,3681,2796950,ggsci
2020-09-28,5916,2802866,ggsci
2020-09-29,5790,2808656,ggsci
2020-09-30,6243,2814899,ggsci
2020-10-01,6407,2821306,ggsci
2020-10-02,6501,2827807,ggsci
2020-10-03,4385,2832192,ggsci
2020-10-04,4722,2836914,ggsci
2020-10-05,7427,2844341,ggsci
2020-10-06,7085,2851426,ggsci
2020-10-07,6821,2858247,ggsci
2020-10-08,6641,2864888,ggsci
2020-10-09,6271,2871159,ggsci
2020-10-10,4329,2875488,ggsci
2020-10-11,4516,2880004,ggsci
2020-10-12,6122,2886126,ggsci
2020-10-13,7190,2893316,ggsci
2020-10-14,7074,2900390,ggsci
2020-10-15,6940,2907330,ggsci
2020-10-16,6440,2913770,ggsci
2020-10-17,4527,2918297,ggsci
2020-10-18,4332,2922629,ggsci
2020-10-19,6897,2929526,ggsci
2020-10-20,7184,2936710,ggsci
2020-10-21,7338,2944048,ggsci
2020-10-22,6903,2950951,ggsci
2020-10-23,6422,2957373,ggsci
2020-10-24,4295,2961668,ggsci
2020-10-25,4468,2966136,ggsci
2020-10-26,6650,2972786,ggsci
2020-10-27,7434,2980220,ggsci
2020-10-28,7232,2987452,ggsci
2020-10-29,6760,2994212,ggsci
2020-10-30,6290,3000502,ggsci
2020-10-31,4368,3004870,ggsci
2020-11-01,4297,3009167,ggsci
2020-11-02,7603,3016770,ggsci
2020-11-03,7761,3024531,ggsci
2020-11-04,6785,3031316,ggsci
2020-11-05,7338,3038654,ggsci
2020-11-06,6507,3045161,ggsci
2020-11-07,4252,3049413,ggsci
2020-11-08,4166,3053579,ggsci
2020-11-09,7132,3060711,ggsci
2020-11-10,7277,3067988,ggsci
2020-11-11,6650,3074638,ggsci
2020-11-12,7304,3081942,ggsci
2020-11-13,6918,3088860,ggsci
2020-11-14,3897,3092757,ggsci
2020-11-15,4424,3097181,ggsci
2020-11-16,7255,3104436,ggsci
2020-11-17,7461,3111897,ggsci
2020-11-18,7208,3119105,ggsci
2020-11-19,7163,3126268,ggsci
2020-11-20,6738,3133006,ggsci
2020-11-21,4203,3137209,ggsci
2020-11-22,4495,3141704,ggsci
2020-11-23,6525,3148229,ggsci
2020-11-24,6899,3155128,ggsci
2020-11-25,5329,3160457,ggsci
2020-11-26,5699,3166156,ggsci
2020-11-27,5123,3171279,ggsci
2020-11-28,3962,3175241,ggsci
2020-11-29,3990,3179231,ggsci
2020-11-30,6146,3185377,ggsci
2020-12-01,6620,3191997,ggsci
2020-12-02,7188,3199185,ggsci
2020-12-03,7142,3206327,ggsci
2020-12-04,7386,3213713,ggsci
2020-12-05,4603,3218316,ggsci
2020-12-06,4631,3222947,ggsci
2020-12-07,7015,3229962,ggsci
2020-12-08,7299,3237261,ggsci
2020-12-09,6886,3244147,ggsci
2020-12-10,6888,3251035,ggsci
2020-12-11,6457,3257492,ggsci
2020-12-12,4360,3261852,ggsci
2020-12-13,5197,3267049,ggsci
2020-12-14,7436,3274485,ggsci
2020-12-15,7471,3281956,ggsci
2020-12-16,7670,3289626,ggsci
2020-12-17,7353,3296979,ggsci
2020-12-18,6372,3303351,ggsci
2020-12-19,4103,3307454,ggsci
2020-12-20,4170,3311624,ggsci
2020-12-21,6548,3318172,ggsci
2020-12-22,7483,3325655,ggsci
2020-12-23,6015,3331670,ggsci
2020-12-24,4769,3336439,ggsci
2020-12-25,3243,3339682,ggsci
2020-12-26,3361,3343043,ggsci
2020-12-27,4883,3347926,ggsci
2020-12-28,5421,3353347,ggsci
2020-12-29,3943,3357290,ggsci
2020-12-30,4495,3361785,ggsci
2020-12-31,4997,3366782,ggsci
2021-01-01,4505,3371287,ggsci
2021-01-02,4152,3375439,ggsci
2021-01-03,5014,3380453,ggsci
2021-01-04,5725,3386178,ggsci
2021-01-05,6455,3392633,ggsci
2021-01-06,5888,3398521,ggsci
2021-01-07,5639,3404160,ggsci
2021-01-08,5602,3409762,ggsci
2021-01-09,4004,3413766,ggsci
2021-01-10,4171,3417937,ggsci
2021-01-11,6158,3424095,ggsci
2021-01-12,6117,3430212,ggsci
2021-01-13,7222,3437434,ggsci
2021-01-14,6935,3444369,ggsci
2021-01-15,5889,3450258,ggsci
2021-01-16,3759,3454017,ggsci
2021-01-17,4130,3458147,ggsci
2021-01-18,6290,3464437,ggsci
2021-01-19,6981,3471418,ggsci
2021-01-20,6879,3478297,ggsci
2021-01-21,6572,3484869,ggsci
2021-01-22,6300,3491169,ggsci
2021-01-23,3785,3494954,ggsci
2021-01-24,4033,3498987,ggsci
2021-01-25,6110,3505097,ggsci
2021-01-26,6621,3511718,ggsci
2021-01-27,6453,3518171,ggsci
2021-01-28,6403,3524574,ggsci
2021-01-29,6211,3530785,ggsci
2021-01-30,3933,3534718,ggsci
2021-01-31,4534,3539252,ggsci
2021-02-01,6796,3546048,ggsci
2021-02-02,7022,3553070,ggsci
2021-02-03,6550,3559620,ggsci
2021-02-04,7650,3567270,ggsci
2021-02-05,7074,3574344,ggsci
2021-02-06,4074,3578418,ggsci
2021-02-07,4271,3582689,ggsci
2021-02-08,7261,3589950,ggsci
2021-02-09,7383,3597333,ggsci
2021-02-10,7073,3604406,ggsci
2021-02-11,7140,3611546,ggsci
2021-02-12,6920,3618466,ggsci
2021-02-13,3728,3622194,ggsci
2021-02-14,3698,3625892,ggsci
2021-02-15,5372,3631264,ggsci
2021-02-16,6069,3637333,ggsci
2021-02-17,7476,3644809,ggsci
2021-02-18,6873,3651682,ggsci
2021-02-19,6022,3657704,ggsci
2021-02-20,4013,3661717,ggsci
2021-02-21,4837,3666554,ggsci
2021-02-22,7768,3674322,ggsci
2021-02-23,7811,3682133,ggsci
2021-02-24,6419,3688552,ggsci
2021-02-25,6940,3695492,ggsci
2021-02-26,7446,3702938,ggsci
2021-02-27,5101,3708039,ggsci
2021-02-28,4785,3712824,ggsci
2021-03-01,7920,3720744,ggsci
2021-03-02,7872,3728616,ggsci
2021-03-03,8282,3736898,ggsci
2021-03-04,8158,3745056,ggsci
2021-03-05,6942,3751998,ggsci
2021-03-06,3949,3755947,ggsci
2021-03-07,4653,3760600,ggsci
2021-03-08,7837,3768437,ggsci
2021-03-09,8710,3777147,ggsci
2021-03-10,8972,3786119,ggsci
2021-03-11,7866,3793985,ggsci
2021-03-12,6870,3800855,ggsci
2021-03-13,3909,3804764,ggsci
2021-03-14,4620,3809384,ggsci
2021-03-15,7863,3817247,ggsci
2021-03-16,10003,3827250,ggsci
2021-03-17,8507,3835757,ggsci
2021-03-18,8030,3843787,ggsci
2021-03-19,6765,3850552,ggsci
2021-03-20,3909,3854461,ggsci
2021-03-21,3893,3858354,ggsci
2021-03-22,7136,3865490,ggsci
2021-03-23,7199,3872689,ggsci
2021-03-24,7421,3880110,ggsci
2021-03-25,6858,3886968,ggsci
2021-03-26,5840,3892808,ggsci
2021-03-27,3734,3896542,ggsci
2021-03-28,4017,3900559,ggsci
2021-03-29,6896,3907455,ggsci
2021-03-30,7311,3914766,ggsci
2021-03-31,7220,3921986,ggsci
2021-04-01,7841,3929827,ggsci
2021-04-02,7114,3936941,ggsci
2021-04-03,5885,3942826,ggsci
2021-04-04,5028,3947854,ggsci
2021-04-05,7016,3954870,ggsci
2021-04-06,7801,3962671,ggsci
2021-04-07,7772,3970443,ggsci
2021-04-08,7327,3977770,ggsci
2021-04-09,6760,3984530,ggsci
2021-04-10,3474,3988004,ggsci
2021-04-11,3915,3991919,ggsci
2021-04-12,7663,3999582,ggsci
2021-04-13,6925,4006507,ggsci
2021-04-14,7302,4013809,ggsci
2021-04-15,7599,4021408,ggsci
2021-04-16,6396,4027804,ggsci
2021-04-17,3836,4031640,ggsci
2021-04-18,4778,4036418,ggsci
2021-04-19,6903,4043321,ggsci
2021-04-20,6829,4050150,ggsci
2021-04-21,6783,4056933,ggsci
2021-04-22,6584,4063517,ggsci
2021-04-23,6260,4069777,ggsci
2021-04-24,3532,4073309,ggsci
2021-04-25,3803,4077112,ggsci
2021-04-26,6664,4083776,ggsci
2021-04-27,6366,4090142,ggsci
2021-04-28,6164,4096306,ggsci
2021-04-29,6249,4102555,ggsci
2021-04-30,5448,4108003,ggsci
2021-05-01,3308,4111311,ggsci
2021-05-02,3689,4115000,ggsci
2021-05-03,6365,4121365,ggsci
2021-05-04,6251,4127616,ggsci
2021-05-05,6694,4134310,ggsci
2021-05-06,5528,4139838,ggsci
2021-05-07,5369,4145207,ggsci
2021-05-08,3622,4148829,ggsci
2021-05-09,3543,4152372,ggsci
2021-05-10,6223,4158595,ggsci
2021-05-11,5926,4164521,ggsci
2021-05-12,6001,4170522,ggsci
2021-05-13,5653,4176175,ggsci
2021-05-14,5272,4181447,ggsci
2021-05-15,3338,4184785,ggsci
2021-05-16,3380,4188165,ggsci
2021-05-17,6599,4194764,ggsci
2021-05-18,6993,4201757,ggsci
2021-05-19,7457,4209214,ggsci
2021-05-20,7248,4216462,ggsci
2021-05-21,6667,4223129,ggsci
2021-05-22,3610,4226739,ggsci
2021-05-23,4051,4230790,ggsci
2021-05-24,6297,4237087,ggsci
2021-05-25,6911,4243998,ggsci
2021-05-26,7002,4251000,ggsci
2021-05-27,6309,4257309,ggsci
2021-05-28,5592,4262901,ggsci
2021-05-29,3354,4266255,ggsci
2021-05-30,3400,4269655,ggsci
2021-05-31,5529,4275184,ggsci
2021-06-01,6465,4281649,ggsci
2021-06-02,6422,4288071,ggsci
2021-06-03,6214,4294285,ggsci
2021-06-04,6697,4300982,ggsci
2021-06-05,3718,4304700,ggsci
2021-06-06,3893,4308593,ggsci
2021-06-07,6643,4315236,ggsci
2021-06-08,7239,4322475,ggsci
2021-06-09,7258,4329733,ggsci
2021-06-10,6653,4336386,ggsci
2021-06-11,6322,4342708,ggsci
2021-06-12,3288,4345996,ggsci
2021-06-13,3628,4349624,ggsci
2021-06-14,6757,4356381,ggsci
2021-06-15,9034,4365415,ggsci
2021-06-16,7342,4372757,ggsci
2021-06-17,7754,4380511,ggsci
2021-06-18,6284,4386795,ggsci
2021-06-19,3936,4390731,ggsci
2021-06-20,3831,4394562,ggsci
2021-06-21,6665,4401227,ggsci
2021-06-22,7175,4408402,ggsci
2021-06-23,6679,4415081,ggsci
2021-06-24,7314,4422395,ggsci
2021-06-25,6703,4429098,ggsci
2021-06-26,3040,4432138,ggsci
2021-06-27,3207,4435345,ggsci
2021-06-28,6653,4441998,ggsci
2021-06-29,6358,4448356,ggsci
2021-06-30,5898,4454254,ggsci
2021-07-01,5826,4460080,ggsci
2021-07-02,6160,4466240,ggsci
2021-07-03,3423,4469663,ggsci
2021-07-04,3349,4473012,ggsci
2021-07-05,5645,4478657,ggsci
2021-07-06,6445,4485102,ggsci
2021-07-07,6523,4491625,ggsci
2021-07-08,6108,4497733,ggsci
2021-07-09,5100,4502833,ggsci
2021-07-10,3383,4506216,ggsci
2021-07-11,3395,4509611,ggsci
2021-07-12,5974,4515585,ggsci
2021-07-13,5900,4521485,ggsci
2021-07-14,6080,4527565,ggsci
2021-07-15,5870,4533435,ggsci
2021-07-16,5294,4538729,ggsci
2021-07-17,3172,4541901,ggsci
2021-07-18,3333,4545234,ggsci
2021-07-19,5959,4551193,ggsci
2021-07-20,6096,4557289,ggsci
2021-07-21,5740,4563029,ggsci
2021-07-22,5713,4568742,ggsci
2021-07-23,5191,4573933,ggsci
2021-07-24,2678,4576611,ggsci
2021-07-25,3047,4579658,ggsci
2021-07-26,6192,4585850,ggsci
2021-07-27,5986,4591836,ggsci
2021-07-28,5967,4597803,ggsci
2021-07-29,5513,4603316,ggsci
2021-07-30,5772,4609088,ggsci
2021-07-31,3362,4612450,ggsci
2021-08-01,3096,4615546,ggsci
2021-08-02,5807,4621353,ggsci
2021-08-03,5797,4627150,ggsci
2021-08-04,6221,4633371,ggsci
2021-08-05,6065,4639436,ggsci
2021-08-06,5437,4644873,ggsci
2021-08-07,3029,4647902,ggsci
2021-08-08,3404,4651306,ggsci
2021-08-09,6875,4658181,ggsci
2021-08-10,6986,4665167,ggsci
2021-08-11,6235,4671402,ggsci
2021-08-12,6359,4677761,ggsci
2021-08-13,6591,4684352,ggsci
2021-08-14,4007,4688359,ggsci
2021-08-15,3533,4691892,ggsci
2021-08-16,6398,4698290,ggsci
2021-08-17,6110,4704400,ggsci
2021-08-18,6197,4710597,ggsci
2021-08-19,5795,4716392,ggsci
2021-08-20,5737,4722129,ggsci
2021-08-21,2775,4724904,ggsci
2021-08-22,2808,4727712,ggsci
2021-08-23,5977,4733689,ggsci
2021-08-24,6018,4739707,ggsci
2021-08-25,6183,4745890,ggsci
2021-08-26,6069,4751959,ggsci
2021-08-27,5857,4757816,ggsci
2021-08-28,3464,4761280,ggsci
2021-08-29,3113,4764393,ggsci
2021-08-30,6857,4771250,ggsci
2021-08-31,6678,4777928,ggsci
2021-09-01,6766,4784694,ggsci
2021-09-02,6641,4791335,ggsci
2021-09-03,5529,4796864,ggsci
2021-09-04,3423,4800287,ggsci
2021-09-05,3103,4803390,ggsci
2021-09-06,4764,4808154,ggsci
2021-09-07,5922,4814076,ggsci
2021-09-08,6307,4820383,ggsci
2021-09-09,6029,4826412,ggsci
2021-09-10,6165,4832577,ggsci
2021-09-11,3309,4835886,ggsci
2021-09-12,3041,4838927,ggsci
2021-09-13,6135,4845062,ggsci
2021-09-14,6463,4851525,ggsci
2021-09-15,6835,4858360,ggsci
2021-09-16,6553,4864913,ggsci
2021-09-17,5969,4870882,ggsci
2021-09-18,3494,4874376,ggsci
2021-09-19,3703,4878079,ggsci
2021-09-20,7536,4885615,ggsci
2021-09-21,6848,4892463,ggsci
2021-09-22,6822,4899285,ggsci
2021-09-23,7646,4906931,ggsci
2021-09-24,6924,4913855,ggsci
2021-09-25,3524,4917379,ggsci
2021-09-26,3828,4921207,ggsci
2021-09-27,7406,4928613,ggsci
2021-09-28,7032,4935645,ggsci
2021-09-29,6968,4942613,ggsci
2021-09-30,7256,4949869,ggsci
2021-10-01,6465,4956334,ggsci
2021-10-02,3498,4959832,ggsci
2021-10-03,3408,4963240,ggsci
2021-10-04,7070,4970310,ggsci
2021-10-05,6800,4977110,ggsci
2021-10-06,7502,4984612,ggsci
2021-10-07,7770,4992382,ggsci
2021-10-08,5998,4998380,ggsci
2021-10-09,3145,5001525,ggsci
2021-10-10,3538,5005063,ggsci
2021-10-11,6104,5011167,ggsci
2021-10-12,6623,5017790,ggsci
2021-10-13,7037,5024827,ggsci
2021-10-14,6604,5031431,ggsci
2021-10-15,6761,5038192,ggsci
2021-10-16,3631,5041823,ggsci
2021-10-17,3492,5045315,ggsci
2021-10-18,8007,5053322,ggsci
2021-10-19,8574,5061896,ggsci
2021-10-20,8517,5070413,ggsci
2021-10-21,7847,5078260,ggsci
2021-10-22,6708,5084968,ggsci
2021-10-23,4015,5088983,ggsci
2021-10-24,4393,5093376,ggsci
2021-10-25,8110,5101486,ggsci
2021-10-26,8625,5110111,ggsci
2021-10-27,8643,5118754,ggsci
2021-10-28,8908,5127662,ggsci
2021-10-29,7669,5135331,ggsci
2021-10-30,4730,5140061,ggsci
2021-10-31,4333,5144394,ggsci
2021-11-01,7274,5151668,ggsci
2021-11-02,7650,5159318,ggsci
2021-11-03,8177,5167495,ggsci
2021-11-04,7685,5175180,ggsci
2021-11-05,7671,5182851,ggsci
2021-11-06,4564,5187415,ggsci
2021-11-07,4474,5191889,ggsci
2021-11-08,8389,5200278,ggsci
2021-11-09,9185,5209463,ggsci
2021-11-10,8461,5217924,ggsci
2021-11-11,8372,5226296,ggsci
2021-11-12,7716,5234012,ggsci
2021-11-13,4401,5238413,ggsci
2021-11-14,4714,5243127,ggsci
2021-11-15,7444,5250571,ggsci
2021-11-16,9649,5260220,ggsci
2021-11-17,9173,5269393,ggsci
2021-11-18,8918,5278311,ggsci
2021-11-19,8343,5286654,ggsci
2021-11-20,4765,5291419,ggsci
2021-11-21,5010,5296429,ggsci
2021-11-22,8693,5305122,ggsci
2021-11-23,9173,5314295,ggsci
2021-11-24,8237,5322532,ggsci
2021-11-25,7877,5330409,ggsci
2021-11-26,6623,5337032,ggsci
2021-11-27,4398,5341430,ggsci
2021-11-28,4596,5346026,ggsci
2021-11-29,7930,5353956,ggsci
2021-11-30,8235,5362191,ggsci
2021-12-01,7950,5370141,ggsci
2021-12-02,9146,5379287,ggsci
2021-12-03,7792,5387079,ggsci
2021-12-04,4203,5391282,ggsci
2021-12-05,4517,5395799,ggsci
2021-12-06,9550,5405349,ggsci
2021-12-07,8556,5413905,ggsci
2021-12-08,7866,5421771,ggsci
2021-12-09,8083,5429854,ggsci
2021-12-10,7234,5437088,ggsci
2021-12-11,4767,5441855,ggsci
2021-12-12,4922,5446777,ggsci
2021-12-13,8644,5455421,ggsci
2021-12-14,8418,5463839,ggsci
2021-12-15,7489,5471328,ggsci
2021-12-16,7349,5478677,ggsci
2021-12-17,6791,5485468,ggsci
2021-12-18,3995,5489463,ggsci
2021-12-19,4203,5493666,ggsci
2021-12-20,7749,5501415,ggsci
2021-12-21,7325,5508740,ggsci
2021-12-22,6539,5515279,ggsci
2021-12-23,5549,5520828,ggsci
2021-12-24,4486,5525314,ggsci
2021-12-25,3225,5528539,ggsci
2021-12-26,3199,5531738,ggsci
2021-12-27,4790,5536528,ggsci
2021-12-28,4960,5541488,ggsci
2021-12-29,5481,5546969,ggsci
2021-12-30,4602,5551571,ggsci
2021-12-31,3686,5555257,ggsci
2022-01-01,3143,5558400,ggsci
2022-01-02,3303,5561703,ggsci
2022-01-03,5949,5567652,ggsci
2022-01-04,6920,5574572,ggsci
2022-01-05,6592,5581164,ggsci
2022-01-06,7203,5588367,ggsci
2022-01-07,6363,5594730,ggsci
2022-01-08,3989,5598719,ggsci
2022-01-09,4080,5602799,ggsci
2022-01-10,7130,5609929,ggsci
2022-01-11,6775,5616704,ggsci
2022-01-12,6732,5623436,ggsci
2022-01-13,6179,5629615,ggsci
2022-01-14,6227,5635842,ggsci
2022-01-15,3820,5639662,ggsci
2022-01-16,3771,5643433,ggsci
2022-01-17,6252,5649685,ggsci
2022-01-18,7231,5656916,ggsci
2022-01-19,7182,5664098,ggsci
2022-01-20,6789,5670887,ggsci
2022-01-21,6382,5677269,ggsci
2022-01-22,3701,5680970,ggsci
2022-01-23,3670,5684640,ggsci
2022-01-24,7539,5692179,ggsci
2022-01-25,7829,5700008,ggsci
2022-01-26,8087,5708095,ggsci
2022-01-27,7159,5715254,ggsci
2022-01-28,6187,5721441,ggsci
2022-01-29,3880,5725321,ggsci
2022-01-30,3957,5729278,ggsci
2022-01-31,6388,5735666,ggsci
2022-02-01,6364,5742030,ggsci
2022-02-02,6441,5748471,ggsci
2022-02-03,6058,5754529,ggsci
2022-02-04,6298,5760827,ggsci
2022-02-05,3612,5764439,ggsci
2022-02-06,3755,5768194,ggsci
2022-02-07,6464,5774658,ggsci
2022-02-08,5911,5780569,ggsci
2022-02-09,6005,5786574,ggsci
2022-02-10,5869,5792443,ggsci
2022-02-11,5281,5797724,ggsci
2022-02-12,2716,5800440,ggsci
2022-02-13,2853,5803293,ggsci
2022-02-14,6322,5809615,ggsci
2022-02-15,6157,5815772,ggsci
2022-02-16,6202,5821974,ggsci
2022-02-17,5895,5827869,ggsci
2022-02-18,5627,5833496,ggsci
2022-02-19,3072,5836568,ggsci
2022-02-20,2900,5839468,ggsci
2022-02-21,5932,5845400,ggsci
2022-02-22,6104,5851504,ggsci
2022-02-23,6071,5857575,ggsci
2022-02-24,5734,5863309,ggsci
2022-02-25,4992,5868301,ggsci
2022-02-26,2825,5871126,ggsci
2022-02-27,2752,5873878,ggsci
2022-02-28,5144,5879022,ggsci
2022-03-01,5667,5884689,ggsci
2022-03-02,5732,5890421,ggsci
2022-03-03,5552,5895973,ggsci
2022-03-04,5247,5901220,ggsci
2022-03-05,2730,5903950,ggsci
2022-03-06,2804,5906754,ggsci
2022-03-07,6376,5913130,ggsci
2022-03-08,6497,5919627,ggsci
2022-03-09,6088,5925715,ggsci
2022-03-10,6118,5931833,ggsci
2022-03-11,5509,5937342,ggsci
2022-03-12,2862,5940204,ggsci
2022-03-13,3132,5943336,ggsci
2022-03-14,6476,5949812,ggsci
2022-03-15,6305,5956117,ggsci
2022-03-16,6005,5962122,ggsci
2022-03-17,6005,5968127,ggsci
2022-03-18,4996,5973123,ggsci
2022-03-19,2919,5976042,ggsci
2022-03-20,2806,5978848,ggsci
2022-03-21,6327,5985175,ggsci
2022-03-22,6185,5991360,ggsci
2022-03-23,6279,5997639,ggsci
2022-03-24,5811,6003450,ggsci
2022-03-25,5147,6008597,ggsci
2022-03-26,2772,6011369,ggsci
2022-03-27,2921,6014290,ggsci
2022-03-28,6327,6020617,ggsci
2022-03-29,6430,6027047,ggsci
2022-03-30,6248,6033295,ggsci
2022-03-31,6097,6039392,ggsci
2022-04-01,5604,6044996,ggsci
2022-04-02,2987,6047983,ggsci
2022-04-03,3039,6051022,ggsci
2022-04-04,6277,6057299,ggsci
2022-04-05,6434,6063733,ggsci
2022-04-06,6505,6070238,ggsci
2022-04-07,6379,6076617,ggsci
2022-04-08,5089,6081706,ggsci
2022-04-09,3110,6084816,ggsci
2022-04-10,3018,6087834,ggsci
2022-04-11,6107,6093941,ggsci
2022-04-12,6153,6100094,ggsci
2022-04-13,5814,6105908,ggsci
2022-04-14,5153,6111061,ggsci
2022-04-15,4150,6115211,ggsci
2022-04-16,2761,6117972,ggsci
2022-04-17,2990,6120962,ggsci
2022-04-18,5225,6126187,ggsci
2022-04-19,6134,6132321,ggsci
2022-04-20,6176,6138497,ggsci
2022-04-21,5942,6144439,ggsci
2022-04-22,5733,6150172,ggsci
2022-04-23,3322,6153494,ggsci
2022-04-24,3677,6157171,ggsci
2022-04-25,6291,6163462,ggsci
2022-04-26,6812,6170274,ggsci
2022-04-27,6872,6177146,ggsci
2022-04-28,6589,6183735,ggsci
2022-04-29,6171,6189906,ggsci
2022-04-30,3424,6193330,ggsci
2022-05-01,3328,6196658,ggsci
2022-05-02,6112,6202770,ggsci
2022-05-03,6080,6208850,ggsci
2022-05-04,6516,6215366,ggsci
2022-05-05,6578,6221944,ggsci
2022-05-06,5802,6227746,ggsci
2022-05-07,3083,6230829,ggsci
2022-05-08,3138,6233967,ggsci
2022-05-09,6241,6240208,ggsci
2022-05-10,6399,6246607,ggsci
2022-05-11,6564,6253171,ggsci
2022-05-12,6636,6259807,ggsci
2022-05-13,5522,6265329,ggsci
2022-05-14,2929,6268258,ggsci
2022-05-15,2848,6271106,ggsci
2022-05-16,6094,6277200,ggsci
2022-05-17,7142,6284342,ggsci
2022-05-18,6002,6290344,ggsci
2022-05-19,6409,6296753,ggsci
2022-05-20,5413,6302166,ggsci
2022-05-21,2892,6305058,ggsci
2022-05-22,2957,6308015,ggsci
2022-05-23,6071,6314086,ggsci
2022-05-24,6022,6320108,ggsci
2022-05-25,6709,6326817,ggsci
2022-05-26,5392,6332209,ggsci
2022-05-27,4501,6336710,ggsci
2022-05-28,2669,6339379,ggsci
2022-05-29,2623,6342002,ggsci
2022-05-30,4965,6346967,ggsci
2022-05-31,6021,6352988,ggsci
2022-06-01,5444,6358432,ggsci
2022-06-02,5367,6363799,ggsci
2022-06-03,4816,6368615,ggsci
2022-06-04,2884,6371499,ggsci
2022-06-05,2784,6374283,ggsci
2022-06-06,5073,6379356,ggsci
2022-06-07,5809,6385165,ggsci
2022-06-08,5978,6391143,ggsci
2022-06-09,6332,6397475,ggsci
2022-06-10,5148,6402623,ggsci
2022-06-11,2746,6405369,ggsci
2022-06-12,2761,6408130,ggsci
2022-06-13,5562,6413692,ggsci
2022-06-14,5380,6419072,ggsci
2022-06-15,5243,6424315,ggsci
2022-06-16,4944,6429259,ggsci
2022-06-17,4190,6433449,ggsci
2022-06-18,2392,6435841,ggsci
2022-06-19,2517,6438358,ggsci
2022-06-20,5034,6443392,ggsci
2022-06-21,5100,6448492,ggsci
2022-06-22,5305,6453797,ggsci
2022-06-23,4802,6458599,ggsci
2022-06-24,4070,6462669,ggsci
2022-06-25,2326,6464995,ggsci
2022-06-26,2318,6467313,ggsci
2022-06-27,4744,6472057,ggsci
2022-06-28,4904,6476961,ggsci
2022-06-29,4808,6481769,ggsci
2022-06-30,4487,6486256,ggsci
2022-07-01,3824,6490080,ggsci
2022-07-02,1841,6491921,ggsci
2022-07-03,2072,6493993,ggsci
2022-07-04,4035,6498028,ggsci
2022-07-05,4613,6502641,ggsci
2022-07-06,4613,6507254,ggsci
2022-07-07,4715,6511969,ggsci
2022-07-08,4069,6516038,ggsci
2022-07-09,2037,6518075,ggsci
2022-07-10,1979,6520054,ggsci
2022-07-11,4481,6524535,ggsci
2022-07-12,4818,6529353,ggsci
2022-07-13,4517,6533870,ggsci
2022-07-14,4407,6538277,ggsci
2022-07-15,3917,6542194,ggsci
2022-07-16,1887,6544081,ggsci
2022-07-17,2018,6546099,ggsci
2022-07-18,4820,6550919,ggsci
2022-07-19,4608,6555527,ggsci
2022-07-20,4629,6560156,ggsci
2022-07-21,4562,6564718,ggsci
2022-07-22,4016,6568734,ggsci
2022-07-23,2128,6570862,ggsci
2022-07-24,2100,6572962,ggsci
2022-07-25,4725,6577687,ggsci
2022-07-26,4774,6582461,ggsci
2022-07-27,7260,6589721,ggsci
2022-07-28,21177,6610898,ggsci
2022-07-29,20173,6631071,ggsci
2022-07-30,20452,6651523,ggsci
2022-07-31,20538,6672061,ggsci
2022-08-01,23276,6695337,ggsci
2022-08-02,22908,6718245,ggsci
2022-08-03,22708,6740953,ggsci
2022-08-04,22320,6763273,ggsci
2022-08-05,19151,6782424,ggsci
2022-08-06,18233,6800657,ggsci
2022-08-07,20495,6821152,ggsci
2022-08-08,22497,6843649,ggsci
2022-08-09,22089,6865738,ggsci
2022-08-10,20551,6886289,ggsci
2022-08-11,18294,6904583,ggsci
2022-08-12,18279,6922862,ggsci
2022-08-13,17452,6940314,ggsci
2022-08-14,16876,6957190,ggsci
2022-08-15,20699,6977889,ggsci
2022-08-16,21554,6999443,ggsci
2022-08-17,5652,7005095,ggsci
2022-08-18,4630,7009725,ggsci
2022-08-19,6353,7016078,ggsci
2022-08-20,11271,7027349,ggsci
2022-08-21,11349,7038698,ggsci
2022-08-22,14081,7052779,ggsci
2022-08-23,14071,7066850,ggsci
2022-08-24,14469,7081319,ggsci
2022-08-25,14355,7095674,ggsci
2022-08-26,13226,7108900,ggsci
2022-08-27,11290,7120190,ggsci
2022-08-28,12043,7132233,ggsci
2022-08-29,14390,7146623,ggsci
2022-08-30,13888,7160511,ggsci
2022-08-31,13192,7173703,ggsci
2022-09-01,14408,7188111,ggsci
2022-09-02,13649,7201760,ggsci
2022-09-03,11028,7212788,ggsci
2022-09-04,11258,7224046,ggsci
2022-09-05,13767,7237813,ggsci
2022-09-06,14274,7252087,ggsci
2022-09-07,12947,7265034,ggsci
2022-09-08,12742,7277776,ggsci
2022-09-09,12137,7289913,ggsci
2022-09-10,11449,7301362,ggsci
2022-09-11,11752,7313114,ggsci
2022-09-12,9155,7322269,ggsci
2022-09-13,5381,7327650,ggsci
2022-09-14,5508,7333158,ggsci
2022-09-15,5460,7338618,ggsci
2022-09-16,4695,7343313,ggsci
2022-09-17,2538,7345851,ggsci
2022-09-18,2625,7348476,ggsci
2022-09-19,5050,7353526,ggsci
2022-09-20,5948,7359474,ggsci
2022-09-21,5463,7364937,ggsci
2022-09-22,5624,7370561,ggsci
2022-09-23,5038,7375599,ggsci
2022-09-24,2610,7378209,ggsci
2022-09-25,2746,7380955,ggsci
2022-09-26,5539,7386494,ggsci
2022-09-27,6229,7392723,ggsci
2022-09-28,5909,7398632,ggsci
2022-09-29,5659,7404291,ggsci
2022-09-30,5338,7409629,ggsci
2022-10-01,2823,7412452,ggsci
2022-10-02,2572,7415024,ggsci
2022-10-03,5308,7420332,ggsci
2022-10-04,5978,7426310,ggsci
2022-10-05,6123,7432433,ggsci
2022-10-06,5869,7438302,ggsci
2022-10-07,5012,7443314,ggsci
2022-10-08,2829,7446143,ggsci
2022-10-09,2839,7448982,ggsci
2022-10-10,5597,7454579,ggsci
2022-10-11,6064,7460643,ggsci
2022-10-12,6167,7466810,ggsci
2022-10-13,6237,7473047,ggsci
2022-10-14,5242,7478289,ggsci
2022-10-15,2929,7481218,ggsci
2022-10-16,2909,7484127,ggsci
2022-10-17,6111,7490238,ggsci
2022-10-18,6124,7496362,ggsci
2022-10-19,5873,7502235,ggsci
2022-10-20,6307,7508542,ggsci
2022-10-21,5108,7513650,ggsci
2022-10-22,2638,7516288,ggsci
2022-10-23,2809,7519097,ggsci
2022-10-24,5945,7525042,ggsci
2022-10-25,6000,7531042,ggsci
2022-10-26,6243,7537285,ggsci
2022-10-27,6487,7543772,ggsci
2022-10-28,5034,7548806,ggsci
2022-10-29,2866,7551672,ggsci
2022-10-30,3016,7554688,ggsci
2022-10-31,5493,7560181,ggsci
2022-11-01,6103,7566284,ggsci
2022-11-02,6896,7573180,ggsci
2022-11-03,6781,7579961,ggsci
2022-11-04,5880,7585841,ggsci
2022-11-05,3171,7589012,ggsci
2022-11-06,3269,7592281,ggsci
2022-11-07,6924,7599205,ggsci
2022-11-08,7488,7606693,ggsci
2022-11-09,7324,7614017,ggsci
2022-11-10,6822,7620839,ggsci
2022-11-11,5380,7626219,ggsci
2022-11-12,3333,7629552,ggsci
2022-11-13,3347,7632899,ggsci
2022-11-14,6866,7639765,ggsci
2022-11-15,7514,7647279,ggsci
2022-11-16,7507,7654786,ggsci
2022-11-17,7549,7662335,ggsci
2022-11-18,6157,7668492,ggsci
2022-11-19,3442,7671934,ggsci
2022-11-20,6854,7678788,ggsci
2022-11-21,7127,7685915,ggsci
2022-11-22,7101,7693016,ggsci
2022-11-23,6615,7699631,ggsci
2022-11-24,5913,7705544,ggsci
2022-11-25,5231,7710775,ggsci
2022-11-26,3104,7713879,ggsci
2022-11-27,3416,7717295,ggsci
2022-11-28,6706,7724001,ggsci
2022-11-29,7521,7731522,ggsci
2022-11-30,6872,7738394,ggsci
2022-12-01,7237,7745631,ggsci
2022-12-02,5842,7751473,ggsci
2022-12-03,3293,7754766,ggsci
2022-12-04,3607,7758373,ggsci
2022-12-05,6504,7764877,ggsci
2022-12-06,6808,7771685,ggsci
2022-12-07,6670,7778355,ggsci
2022-12-08,6145,7784500,ggsci
2022-12-09,5486,7789986,ggsci
2022-12-10,3175,7793161,ggsci
2022-12-11,3377,7796538,ggsci
2022-12-12,5717,7802255,ggsci
2022-12-13,5884,7808139,ggsci
2022-12-14,5522,7813661,ggsci
2022-12-15,5295,7818956,ggsci
2022-12-16,4431,7823387,ggsci
2022-12-17,2669,7826056,ggsci
2022-12-18,2609,7828665,ggsci
2022-12-19,4925,7833590,ggsci
2022-12-20,4711,7838301,ggsci
2022-12-21,4533,7842834,ggsci
2022-12-22,4311,7847145,ggsci
2022-12-23,3020,7850165,ggsci
2022-12-24,1687,7851852,ggsci
2022-12-25,1610,7853462,ggsci
2022-12-26,2418,7855880,ggsci
2022-12-27,3023,7858903,ggsci
2022-12-28,3226,7862129,ggsci
2022-12-29,3284,7865413,ggsci
2022-12-30,2669,7868082,ggsci
2022-12-31,1571,7869653,ggsci
2023-01-01,1657,7871310,ggsci
2023-01-02,3001,7874311,ggsci
2023-01-03,4036,7878347,ggsci
2023-01-04,4629,7882976,ggsci
2023-01-05,4606,7887582,ggsci
2023-01-06,4132,7891714,ggsci
2023-01-07,2374,7894088,ggsci
2023-01-08,2341,7896429,ggsci
2023-01-09,4836,7901265,ggsci
2023-01-10,5109,7906374,ggsci
2023-01-11,5004,7911378,ggsci
2023-01-12,5145,7916523,ggsci
2023-01-13,4209,7920732,ggsci
2023-01-14,2223,7922955,ggsci
2023-01-15,2375,7925330,ggsci
2023-01-16,4462,7929792,ggsci
2023-01-17,5077,7934869,ggsci
2023-01-18,4842,7939711,ggsci
2023-01-19,4848,7944559,ggsci
2023-01-20,4110,7948669,ggsci
2023-01-21,2074,7950743,ggsci
2023-01-22,2220,7952963,ggsci
2023-01-23,4476,7957439,ggsci
2023-01-24,5161,7962600,ggsci
2023-01-25,4913,7967513,ggsci
2023-01-26,4988,7972501,ggsci
2023-01-27,4353,7976854,ggsci
2023-01-28,2351,7979205,ggsci
2023-01-29,2280,7981485,ggsci
2023-01-30,4665,7986150,ggsci
2023-01-31,5290,7991440,ggsci
2023-02-01,5960,7997400,ggsci
2023-02-02,5623,8003023,ggsci
2023-02-03,4985,8008008,ggsci
2023-02-04,2335,8010343,ggsci
2023-02-05,2394,8012737,ggsci
2023-02-06,5139,8017876,ggsci
2023-02-07,5476,8023352,ggsci
2023-02-08,5516,8028868,ggsci
2023-02-09,5596,8034464,ggsci
2023-02-10,4935,8039399,ggsci
2023-02-11,2592,8041991,ggsci
2023-02-12,2603,8044594,ggsci
2023-02-13,5307,8049901,ggsci
2023-02-14,5320,8055221,ggsci
2023-02-15,5597,8060818,ggsci
2023-02-16,5685,8066503,ggsci
2023-02-17,4968,8071471,ggsci
2023-02-18,2638,8074109,ggsci
2023-02-19,2551,8076660,ggsci
2023-02-20,5069,8081729,ggsci
2023-02-21,5806,8087535,ggsci
2023-02-22,5399,8092934,ggsci
2023-02-23,5919,8098853,ggsci
2023-02-24,5147,8104000,ggsci
2023-02-25,2620,8106620,ggsci
2023-02-26,2667,8109287,ggsci
2023-02-27,5257,8114544,ggsci
2023-02-28,5726,8120270,ggsci
2023-03-01,5865,8126135,ggsci
2023-03-02,5503,8131638,ggsci
2023-03-03,5174,8136812,ggsci
2023-03-04,2806,8139618,ggsci
2023-03-05,2789,8142407,ggsci
2023-03-06,5917,8148324,ggsci
2023-03-07,5731,8154055,ggsci
2023-03-08,8997,8163052,ggsci
2023-03-09,9738,8172790,ggsci
2023-03-10,7790,8180580,ggsci
2023-03-11,4168,8184748,ggsci
2023-03-12,3946,8188694,ggsci
2023-03-13,17121,8205815,ggsci
2023-03-14,9113,8214928,ggsci
2023-03-15,7916,8222844,ggsci
2023-03-16,7965,8230809,ggsci
2023-03-17,8731,8239540,ggsci
2023-03-18,3560,8243100,ggsci
2023-03-19,3806,8246906,ggsci
2023-03-20,7757,8254663,ggsci
2023-03-21,8473,8263136,ggsci
2023-03-22,8614,8271750,ggsci
2023-03-23,8998,8280748,ggsci
2023-03-24,7227,8287975,ggsci
2023-03-25,3742,8291717,ggsci
2023-03-26,3794,8295511,ggsci
2023-03-27,8135,8303646,ggsci
2023-03-28,15975,8319621,ggsci
2023-03-29,9050,8328671,ggsci
2023-03-30,7686,8336357,ggsci
2023-03-31,6446,8342803,ggsci
2023-04-01,3484,8346287,ggsci
2023-04-02,3422,8349709,ggsci
2023-04-03,7349,8357058,ggsci
2023-04-04,7510,8364568,ggsci
2023-04-05,7103,8371671,ggsci
2023-04-06,6992,8378663,ggsci
2023-04-07,6315,8384978,ggsci
2023-04-08,3136,8388114,ggsci
2023-04-09,3117,8391231,ggsci
2023-04-10,5696,8396927,ggsci
2023-04-11,7278,8404205,ggsci
2023-04-12,7479,8411684,ggsci
2023-04-13,7215,8418899,ggsci
2023-04-14,5868,8424767,ggsci
2023-04-15,3344,8428111,ggsci
2023-04-16,3440,8431551,ggsci
2023-04-17,6984,8438535,ggsci
2023-04-18,7355,8445890,ggsci
2023-04-19,7591,8453481,ggsci
2023-04-20,7017,8460498,ggsci
2023-04-21,5751,8466249,ggsci
2023-04-22,3443,8469692,ggsci
2023-04-23,3924,8473616,ggsci
2023-04-24,7956,8481572,ggsci
2023-04-25,7869,8489441,ggsci
2023-04-26,7601,8497042,ggsci
2023-04-27,7150,8504192,ggsci
2023-04-28,5901,8510093,ggsci
2023-04-29,3182,8513275,ggsci
2023-04-30,3144,8516419,ggsci
2023-05-01,4998,8521417,ggsci
2023-05-02,6820,8528237,ggsci
2023-05-03,6992,8535229,ggsci
2023-05-04,7339,8542568,ggsci
2023-05-05,6039,8548607,ggsci
2023-05-06,3500,8552107,ggsci
2023-05-07,3251,8555358,ggsci
2023-05-08,6572,8561930,ggsci
2023-05-09,6963,8568893,ggsci
2023-05-10,7122,8576015,ggsci
2023-05-11,7077,8583092,ggsci
2023-05-12,5741,8588833,ggsci
2023-05-13,3212,8592045,ggsci
2023-05-14,3361,8595406,ggsci
2023-05-15,7153,8602559,ggsci
2023-05-16,7329,8609888,ggsci
2023-05-17,6701,8616589,ggsci
2023-05-18,6109,8622698,ggsci
2023-05-19,5795,8628493,ggsci
2023-05-20,3071,8631564,ggsci
2023-05-21,3034,8634598,ggsci
2023-05-22,6838,8641436,ggsci
2023-05-23,6987,8648423,ggsci
2023-05-24,6794,8655217,ggsci
2023-05-25,6692,8661909,ggsci
2023-05-26,5477,8667386,ggsci
2023-05-27,3033,8670419,ggsci
2023-05-28,2831,8673250,ggsci
2023-05-29,4741,8677991,ggsci
2023-05-30,6233,8684224,ggsci
2023-05-31,6378,8690602,ggsci
2023-06-01,5964,8696566,ggsci
2023-06-02,5337,8701903,ggsci
2023-06-03,2817,8704720,ggsci
2023-06-04,2839,8707559,ggsci
2023-06-05,6243,8713802,ggsci
2023-06-06,5929,8719731,ggsci
2023-06-07,5938,8725669,ggsci
2023-06-08,11114,8736783,ggsci
2023-06-09,5159,8741942,ggsci
2023-06-10,2899,8744841,ggsci
2023-06-11,2986,8747827,ggsci
2023-06-12,5907,8753734,ggsci
2023-06-13,6294,8760028,ggsci
2023-06-14,8715,8768743,ggsci
2023-06-15,5792,8774535,ggsci
2023-06-16,5075,8779610,ggsci
2023-06-17,2738,8782348,ggsci
2023-06-18,2899,8785247,ggsci
2023-06-19,5674,8790921,ggsci
2023-06-20,5822,8796743,ggsci
2023-06-21,5278,8802021,ggsci
2023-06-22,4922,8806943,ggsci
2023-06-23,4235,8811178,ggsci
2023-06-24,2335,8813513,ggsci
2023-06-25,2498,8816011,ggsci
2023-06-26,4863,8820874,ggsci
2023-06-27,5454,8826328,ggsci
2023-06-28,4776,8831104,ggsci
2023-06-29,4716,8835820,ggsci
2023-06-30,3978,8839798,ggsci
2023-07-01,2124,8841922,ggsci
2023-07-02,2131,8844053,ggsci
2023-07-03,4420,8848473,ggsci
2023-07-04,4192,8852665,ggsci
2023-07-05,4799,8857464,ggsci
2023-07-06,4910,8862374,ggsci
2023-07-07,4226,8866600,ggsci
2023-07-08,2122,8868722,ggsci
2023-07-09,2216,8870938,ggsci
2023-07-10,5180,8876118,ggsci
2023-07-11,5033,8881151,ggsci
2023-07-12,5248,8886399,ggsci
2023-07-13,4849,8891248,ggsci
2023-07-14,4203,8895451,ggsci
2023-07-15,2266,8897717,ggsci
2023-07-16,2107,8899824,ggsci
2023-07-17,4676,8904500,ggsci
2023-07-18,5291,8909791,ggsci
2023-07-19,4864,8914655,ggsci
2023-07-20,4937,8919592,ggsci
2023-07-21,3885,8923477,ggsci
2023-07-22,1995,8925472,ggsci
2023-07-23,2059,8927531,ggsci
2023-07-24,4834,8932365,ggsci
2023-07-25,5140,8937505,ggsci
2023-07-26,4719,8942224,ggsci
2023-07-27,4350,8946574,ggsci
2023-07-28,3961,8950535,ggsci
2023-07-29,1970,8952505,ggsci
2023-07-30,1991,8954496,ggsci
2023-07-31,4455,8958951,ggsci
2023-08-01,4377,8963328,ggsci
2023-08-02,4355,8967683,ggsci
2023-08-03,4557,8972240,ggsci
2023-08-04,4227,8976467,ggsci
2023-08-05,2055,8978522,ggsci
2023-08-06,2080,8980602,ggsci
2023-08-07,4443,8985045,ggsci
2023-08-08,4682,8989727,ggsci
2023-08-09,4595,8994322,ggsci
2023-08-10,4661,8998983,ggsci
2023-08-11,3781,9002764,ggsci
2023-08-12,2014,9004778,ggsci
2023-08-13,2187,9006965,ggsci
2023-08-14,4390,9011355,ggsci
2023-08-15,5945,9017300,ggsci
2023-08-16,4492,9021792,ggsci
2023-08-17,4557,9026349,ggsci
2023-08-18,4154,9030503,ggsci
2023-08-19,2025,9032528,ggsci
2023-08-20,2288,9034816,ggsci
2023-08-21,4376,9039192,ggsci
2023-08-22,4801,9043993,ggsci
2023-08-23,4998,9048991,ggsci
2023-08-24,4798,9053789,ggsci
2023-08-25,4974,9058763,ggsci
2023-08-26,2460,9061223,ggsci
2023-08-27,2461,9063684,ggsci
2023-08-28,5183,9068867,ggsci
2023-08-29,5166,9074033,ggsci
2023-08-30,5412,9079445,ggsci
2023-08-31,5084,9084529,ggsci
2023-09-01,4223,9088752,ggsci
2023-09-02,2290,9091042,ggsci
2023-09-03,2363,9093405,ggsci
2023-09-04,4449,9097854,ggsci
2023-09-05,5635,9103489,ggsci
2023-09-06,5600,9109089,ggsci
2023-09-07,5285,9114374,ggsci
2023-09-08,4861,9119235,ggsci
2023-09-09,2565,9121800,ggsci
2023-09-10,2592,9124392,ggsci
2023-09-11,5098,9129490,ggsci
2023-09-12,5682,9135172,ggsci
2023-09-13,5778,9140950,ggsci
2023-09-14,5417,9146367,ggsci
2023-09-15,4671,9151038,ggsci
2023-09-16,2513,9153551,ggsci
2023-09-17,2555,9156106,ggsci
2023-09-18,5502,9161608,ggsci
2023-09-19,5649,9167257,ggsci
2023-09-20,5727,9172984,ggsci
2023-09-21,6086,9179070,ggsci
2023-09-22,4986,9184056,ggsci
2023-09-23,2466,9186522,ggsci
2023-09-24,2513,9189035,ggsci
2023-09-25,5591,9194626,ggsci
2023-09-26,5615,9200241,ggsci
2023-09-27,5679,9205920,ggsci
2023-09-28,5195,9211115,ggsci
2023-09-29,4385,9215500,ggsci
2023-09-30,2239,9217739,ggsci
2023-10-01,2573,9220312,ggsci
2023-10-02,5082,9225394,ggsci
2023-10-03,5643,9231037,ggsci
2023-10-04,5518,9236555,ggsci
2023-10-05,6084,9242639,ggsci
2023-10-06,5026,9247665,ggsci
2023-10-07,2810,9250475,ggsci
2023-10-08,2952,9253427,ggsci
2023-10-09,5905,9259332,ggsci
2023-10-10,6239,9265571,ggsci
2023-10-11,6477,9272048,ggsci
2023-10-12,6042,9278090,ggsci
2023-10-13,5206,9283296,ggsci
2023-10-14,2719,9286015,ggsci
2023-10-15,2756,9288771,ggsci
2023-10-16,6080,9294851,ggsci
2023-10-17,6481,9301332,ggsci
2023-10-18,6319,9307651,ggsci
2023-10-19,6518,9314169,ggsci
2023-10-20,5659,9319828,ggsci
2023-10-21,2994,9322822,ggsci
2023-10-22,3063,9325885,ggsci
2023-10-23,6046,9331931,ggsci
2023-10-24,6380,9338311,ggsci
2023-10-25,6227,9344538,ggsci
2023-10-26,6382,9350920,ggsci
2023-10-27,4578,9355498,ggsci
2023-10-28,2701,9358199,ggsci
2023-10-29,2821,9361020,ggsci
2023-10-30,5956,9366976,ggsci
2023-10-31,6409,9373385,ggsci
2023-11-01,5659,9379044,ggsci
2023-11-02,7151,9386195,ggsci
2023-11-03,5568,9391763,ggsci
2023-11-04,2681,9394444,ggsci
2023-11-05,2820,9397264,ggsci
2023-11-06,6351,9403615,ggsci
2023-11-07,6771,9410386,ggsci
2023-11-08,6810,9417196,ggsci
2023-11-09,6280,9423476,ggsci
2023-11-10,5344,9428820,ggsci
2023-11-11,2742,9431562,ggsci
2023-11-12,2694,9434256,ggsci
2023-11-13,6374,9440630,ggsci
2023-11-14,6798,9447428,ggsci
2023-11-15,6467,9453895,ggsci
2023-11-16,6357,9460252,ggsci
2023-11-17,5345,9465597,ggsci
2023-11-18,2587,9468184,ggsci
2023-11-19,2734,9470918,ggsci
2023-11-20,6541,9477459,ggsci
2023-11-21,6678,9484137,ggsci
2023-11-22,6002,9490139,ggsci
2023-11-23,5624,9495763,ggsci
2023-11-24,4684,9500447,ggsci
2023-11-25,2790,9503237,ggsci
2023-11-26,2949,9506186,ggsci
2023-11-27,6312,9512498,ggsci
2023-11-28,6273,9518771,ggsci
2023-11-29,6309,9525080,ggsci
2023-11-30,6203,9531283,ggsci
2023-12-01,5370,9536653,ggsci
2023-12-02,3061,9539714,ggsci
2023-12-03,3161,9542875,ggsci
2023-12-04,6160,9549035,ggsci
2023-12-05,6320,9555355,ggsci
2023-12-06,6056,9561411,ggsci
2023-12-07,5938,9567349,ggsci
2023-12-08,4877,9572226,ggsci
2023-12-09,2809,9575035,ggsci
2023-12-10,3084,9578119,ggsci
2023-12-11,5850,9583969,ggsci
2023-12-12,5970,9589939,ggsci
2023-12-13,5651,9595590,ggsci
2023-12-14,5353,9600943,ggsci
2023-12-15,4318,9605261,ggsci
2023-12-16,2250,9607511,ggsci
2023-12-17,2520,9610031,ggsci
2023-12-18,4663,9614694,ggsci
2023-12-19,4876,9619570,ggsci
2023-12-20,4845,9624415,ggsci
2023-12-21,4167,9628582,ggsci
2023-12-22,3159,9631741,ggsci
2023-12-23,1793,9633534,ggsci
2023-12-24,1650,9635184,ggsci
2023-12-25,2024,9637208,ggsci
2023-12-26,2497,9639705,ggsci
2023-12-27,3107,9642812,ggsci
2023-12-28,2885,9645697,ggsci
2023-12-29,2513,9648210,ggsci
2023-12-30,1760,9649970,ggsci
2023-12-31,1442,9651412,ggsci
2024-01-01,1455,9652867,ggsci
2024-01-02,3328,9656195,ggsci
2024-01-03,3578,9659773,ggsci
2024-01-04,3596,9663369,ggsci
2024-01-05,3626,9666995,ggsci
2024-01-06,2294,9669289,ggsci
2024-01-07,2103,9671392,ggsci
2024-01-08,4511,9675903,ggsci
2024-01-09,4818,9680721,ggsci
2024-01-10,4699,9685420,ggsci
2024-01-11,4730,9690150,ggsci
2024-01-12,4222,9694372,ggsci
2024-01-13,2303,9696675,ggsci
2024-01-14,2275,9698950,ggsci
2024-01-15,4079,9703029,ggsci
2024-01-16,4617,9707646,ggsci
2024-01-17,4748,9712394,ggsci
2024-01-18,4892,9717286,ggsci
2024-01-19,4109,9721395,ggsci
2024-01-20,2323,9723718,ggsci
2024-01-21,2320,9726038,ggsci
2024-01-22,4956,9730994,ggsci
2024-01-23,5300,9736294,ggsci
2024-01-24,5183,9741477,ggsci
2024-01-25,4915,9746392,ggsci
2024-01-26,3970,9750362,ggsci
2024-01-27,2084,9752446,ggsci
2024-01-28,2200,9754646,ggsci
2024-01-29,4911,9759557,ggsci
2024-01-30,5143,9764700,ggsci
2024-01-31,4754,9769454,ggsci
2024-02-01,4694,9774148,ggsci
2024-02-02,4473,9778621,ggsci
2024-02-03,1909,9780530,ggsci
2024-02-04,2271,9782801,ggsci
2024-02-05,4700,9787501,ggsci
2024-02-06,5235,9792736,ggsci
2024-02-07,4979,9797715,ggsci
2024-02-08,4814,9802529,ggsci
2024-02-09,3634,9806163,ggsci
2024-02-10,1733,9807896,ggsci
2024-02-11,1783,9809679,ggsci
2024-02-12,3998,9813677,ggsci
2024-02-13,7042,9820719,ggsci
2024-02-14,4297,9825016,ggsci
2024-02-15,4425,9829441,ggsci
2024-02-16,4024,9833465,ggsci
2024-02-17,2138,9835603,ggsci
2024-02-18,2167,9837770,ggsci
2024-02-19,4536,9842306,ggsci
2024-02-20,5425,9847731,ggsci
2024-02-21,5105,9852836,ggsci
2024-02-22,5222,9858058,ggsci
2024-02-23,4574,9862632,ggsci
2024-02-24,2732,9865364,ggsci
2024-02-25,2289,9867653,ggsci
2024-02-26,5407,9873060,ggsci
2024-02-27,5659,9878719,ggsci
2024-02-28,5503,9884222,ggsci
2024-02-29,5188,9889410,ggsci
2024-03-01,4593,9894003,ggsci
2024-03-02,4222,9898225,ggsci
2024-03-03,4845,9903070,ggsci
2024-03-04,10322,9913392,ggsci
2024-03-05,9233,9922625,ggsci
2024-03-06,8889,9931514,ggsci
2024-03-07,8176,9939690,ggsci
2024-03-08,6793,9946483,ggsci
2024-03-09,3175,9949658,ggsci
2024-03-10,3457,9953115,ggsci
2024-03-11,7864,9960979,ggsci
2024-03-12,7589,9968568,ggsci
2024-03-13,7620,9976188,ggsci
2024-03-14,7671,9983859,ggsci
2024-03-15,6419,9990278,ggsci
2024-03-16,3092,9993370,ggsci
2024-03-17,3230,9996600,ggsci
2024-03-18,10179,10006779,ggsci
2024-03-19,9977,10016756,ggsci
2024-03-20,8603,10025359,ggsci
2024-03-21,8409,10033768,ggsci
2024-03-22,6963,10040731,ggsci
2024-03-23,3549,10044280,ggsci
2024-03-24,3490,10047770,ggsci
2024-03-25,9745,10057515,ggsci
2024-03-26,9466,10066981,ggsci
2024-03-27,8761,10075742,ggsci
2024-03-28,7327,10083069,ggsci
2024-03-29,5427,10088496,ggsci
2024-03-30,3200,10091696,ggsci
2024-03-31,3217,10094913,ggsci
2024-04-01,22112,10117025,ggsci
2024-04-02,9591,10126616,ggsci
2024-04-03,7626,10134242,ggsci
2024-04-04,7227,10141469,ggsci
2024-04-05,96988,10238457,ggsci
2024-04-06,8424,10246881,ggsci
2024-04-07,3995,10250876,ggsci
2024-04-08,7888,10258764,ggsci
2024-04-09,7600,10266364,ggsci
2024-04-10,7272,10273636,ggsci
2024-04-11,20304,10293940,ggsci
2024-04-12,19770,10313710,ggsci
2024-04-13,3114,10316824,ggsci
2024-04-14,3212,10320036,ggsci
2024-04-15,7591,10327627,ggsci
2024-04-16,7466,10335093,ggsci
2024-04-17,7266,10342359,ggsci
2024-04-18,6970,10349329,ggsci
2024-04-19,5737,10355066,ggsci
2024-04-20,4220,10359286,ggsci
2024-04-21,3663,10362949,ggsci
2024-04-22,7173,10370122,ggsci
2024-04-23,7555,10377677,ggsci
2024-04-24,6964,10384641,ggsci
2024-04-25,7217,10391858,ggsci
2024-04-26,6357,10398215,ggsci
2024-04-27,3133,10401348,ggsci
2024-04-28,3674,10405022,ggsci
2024-04-29,7715,10412737,ggsci
2024-04-30,7304,10420041,ggsci
2024-05-01,7230,10427271,ggsci
2024-05-02,7452,10434723,ggsci
2024-05-03,6238,10440961,ggsci
2024-05-04,3321,10444282,ggsci
2024-05-05,3567,10447849,ggsci
2024-05-06,7358,10455207,ggsci
2024-05-07,7516,10462723,ggsci
2024-05-08,7147,10469870,ggsci
2024-05-09,6606,10476476,ggsci
2024-05-10,5855,10482331,ggsci
2024-05-11,3258,10485589,ggsci
2024-05-12,3053,10488642,ggsci
2024-05-13,6890,10495532,ggsci
2024-05-14,7084,10502616,ggsci
2024-05-15,7083,10509699,ggsci
2024-05-16,6903,10516602,ggsci
2024-05-17,6222,10522824,ggsci
2024-05-18,3042,10525866,ggsci
2024-05-19,3053,10528919,ggsci
2024-05-20,5815,10534734,ggsci
2024-05-21,10166,10544900,ggsci
2024-05-22,10750,10555650,ggsci
2024-05-23,8555,10564205,ggsci
2024-05-24,7358,10571563,ggsci
2024-05-25,3613,10575176,ggsci
2024-05-26,3834,10579010,ggsci
2024-05-27,7031,10586041,ggsci
2024-05-28,8423,10594464,ggsci
2024-05-29,8027,10602491,ggsci
2024-05-30,7033,10609524,ggsci
2024-05-31,6605,10616129,ggsci
2024-06-01,3073,10619202,ggsci
2024-06-02,3400,10622602,ggsci
2024-06-03,7093,10629695,ggsci
2024-06-04,7364,10637059,ggsci
2024-06-05,7201,10644260,ggsci
2024-06-06,6685,10650945,ggsci
2024-06-07,5602,10656547,ggsci
2024-06-08,2843,10659390,ggsci
2024-06-09,2983,10662373,ggsci
2024-06-10,6281,10668654,ggsci
2024-06-11,6916,10675570,ggsci
2024-06-12,6802,10682372,ggsci
2024-06-13,7821,10690193,ggsci
2024-06-14,5468,10695661,ggsci
2024-06-15,2582,10698243,ggsci
2024-06-16,2735,10700978,ggsci
2024-06-17,6173,10707151,ggsci
2024-06-18,9303,10716454,ggsci
2024-06-19,7805,10724259,ggsci
2024-06-20,7879,10732138,ggsci
2024-06-21,6216,10738354,ggsci
2024-06-22,3146,10741500,ggsci
2024-06-23,3095,10744595,ggsci
2024-06-24,6755,10751350,ggsci
2024-06-25,7145,10758495,ggsci
2024-06-26,6820,10765315,ggsci
2024-06-27,6528,10771843,ggsci
2024-06-28,5401,10777244,ggsci
2024-06-29,2509,10779753,ggsci
2024-06-30,2868,10782621,ggsci
2024-07-01,6009,10788630,ggsci
2024-07-02,6542,10795172,ggsci
2024-07-03,6286,10801458,ggsci
2024-07-04,5165,10806623,ggsci
2024-07-05,4918,10811541,ggsci
2024-07-06,2471,10814012,ggsci
2024-07-07,2630,10816642,ggsci
2024-07-08,5836,10822478,ggsci
2024-07-09,5900,10828378,ggsci
2024-07-10,5784,10834162,ggsci
2024-07-11,5700,10839862,ggsci
2024-07-12,4772,10844634,ggsci
2024-07-13,2556,10847190,ggsci
2024-07-14,2506,10849696,ggsci
2024-07-15,5476,10855172,ggsci
2024-07-16,5575,10860747,ggsci
2024-07-17,5691,10866438,ggsci
2024-07-18,5434,10871872,ggsci
2024-07-19,4620,10876492,ggsci
2024-07-20,2216,10878708,ggsci
2024-07-21,2349,10881057,ggsci
2024-07-22,5295,10886352,ggsci
2024-07-23,5380,10891732,ggsci
2024-07-24,5218,10896950,ggsci
2024-07-25,5249,10902199,ggsci
2024-07-26,4388,10906587,ggsci
2024-07-27,2277,10908864,ggsci
2024-07-28,2101,10910965,ggsci
2024-07-29,4828,10915793,ggsci
2024-07-30,5253,10921046,ggsci
2024-07-31,4876,10925922,ggsci
2024-08-01,4839,10930761,ggsci
2024-08-02,4305,10935066,ggsci
2024-08-03,2055,10937121,ggsci
2024-08-04,2358,10939479,ggsci
2024-08-05,4473,10943952,ggsci
2024-08-06,4936,10948888,ggsci
2024-08-07,4793,10953681,ggsci
2024-08-08,4556,10958237,ggsci
2024-08-09,3800,10962037,ggsci
2024-08-10,2513,10964550,ggsci
2024-08-11,2009,10966559,ggsci
2024-08-12,4483,10971042,ggsci
2024-08-13,4609,10975651,ggsci
2024-08-14,4512,10980163,ggsci
2024-08-15,4112,10984275,ggsci
2024-08-16,3813,10988088,ggsci
2024-08-17,1984,10990072,ggsci
2024-08-18,2002,10992074,ggsci
2024-08-19,5122,10997196,ggsci
2024-08-20,5664,11002860,ggsci
2024-08-21,4939,11007799,ggsci
2024-08-22,5345,11013144,ggsci
2024-08-23,5039,11018183,ggsci
2024-08-24,2345,11020528,ggsci
2024-08-25,2305,11022833,ggsci
2024-08-26,4913,11027746,ggsci
2024-08-27,4904,11032650,ggsci
2024-08-28,4929,11037579,ggsci
2024-08-29,5331,11042910,ggsci
2024-08-30,4237,11047147,ggsci
2024-08-31,2296,11049443,ggsci
2024-09-01,2375,11051818,ggsci
2024-09-02,4711,11056529,ggsci
2024-09-03,5639,11062168,ggsci
2024-09-04,5594,11067762,ggsci
2024-09-05,5565,11073327,ggsci
2024-09-06,4808,11078135,ggsci
2024-09-07,2287,11080422,ggsci
2024-09-08,2535,11082957,ggsci
2024-09-09,5387,11088344,ggsci
2024-09-10,6161,11094505,ggsci
2024-09-11,5811,11100316,ggsci
2024-09-12,5439,11105755,ggsci
2024-09-13,4630,11110385,ggsci
2024-09-14,2316,11112701,ggsci
2024-09-15,2393,11115094,ggsci
2024-09-16,5235,11120329,ggsci
2024-09-17,5355,11125684,ggsci
2024-09-18,6050,11131734,ggsci
2024-09-19,5893,11137627,ggsci
2024-09-20,5041,11142668,ggsci
2024-09-21,2539,11145207,ggsci
2024-09-22,2690,11147897,ggsci
2024-09-23,5912,11153809,ggsci
2024-09-24,6213,11160022,ggsci
2024-09-25,6473,11166495,ggsci
2024-09-26,5817,11172312,ggsci
2024-09-27,5436,11177748,ggsci
2024-09-28,2738,11180486,ggsci
2024-09-29,2862,11183348,ggsci
2024-09-30,5556,11188904,ggsci
2024-10-01,5782,11194686,ggsci
2024-10-02,5573,11200259,ggsci
2024-10-03,5813,11206072,ggsci
2024-10-04,4716,11210788,ggsci
2024-10-05,2528,11213316,ggsci
2024-10-06,2640,11215956,ggsci
2024-10-07,6001,11221957,ggsci
2024-10-08,6713,11228670,ggsci
2024-10-09,6593,11235263,ggsci
2024-10-10,6396,11241659,ggsci
2024-10-11,5717,11247376,ggsci
2024-10-12,2949,11250325,ggsci
2024-10-13,2668,11252993,ggsci
2024-10-14,5851,11258844,ggsci
2024-10-15,6461,11265305,ggsci
2024-10-16,6781,11272086,ggsci
2024-10-17,6484,11278570,ggsci
2024-10-18,5333,11283903,ggsci
2024-10-19,2524,11286427,ggsci
2024-10-20,2844,11289271,ggsci
2024-10-21,6334,11295605,ggsci
2024-10-22,7462,11303067,ggsci
2024-10-23,6859,11309926,ggsci
2024-10-24,6844,11316770,ggsci
2024-10-25,6063,11322833,ggsci
2024-10-26,2585,11325418,ggsci
2024-10-27,2910,11328328,ggsci
2024-10-28,6260,11334588,ggsci
2024-10-29,6749,11341337,ggsci
2024-10-30,6870,11348207,ggsci
2024-10-31,6332,11354539,ggsci
2024-11-01,4390,11358929,ggsci
2024-11-02,2610,11361539,ggsci
2024-11-03,2687,11364226,ggsci
2024-11-04,6532,11370758,ggsci
2024-11-05,7011,11377769,ggsci
2024-11-06,6731,11384500,ggsci
2024-11-07,7108,11391608,ggsci
2024-11-08,6087,11397695,ggsci
2024-11-09,3071,11400766,ggsci
2024-11-10,3236,11404002,ggsci
2024-11-11,6465,11410467,ggsci
2024-11-12,7348,11417815,ggsci
2024-11-13,7355,11425170,ggsci
2024-11-14,7048,11432218,ggsci
2024-11-15,6021,11438239,ggsci
2024-11-16,2958,11441197,ggsci
2024-11-17,3337,11444534,ggsci
2024-11-18,7637,11452171,ggsci
2024-11-19,7493,11459664,ggsci
2024-11-20,7247,11466911,ggsci
2024-11-21,6988,11473899,ggsci
2024-11-22,5712,11479611,ggsci
2024-11-23,3096,11482707,ggsci
2024-11-24,3287,11485994,ggsci
2024-11-25,6748,11492742,ggsci
2024-11-26,7073,11499815,ggsci
2024-11-27,6536,11506351,ggsci
2024-11-28,5902,11512253,ggsci
2024-11-29,4945,11517198,ggsci
2024-11-30,2825,11520023,ggsci
2024-12-01,3241,11523264,ggsci
2024-12-02,6722,11529986,ggsci
2024-12-03,6717,11536703,ggsci
2024-12-04,7255,11543958,ggsci
2024-12-05,6852,11550810,ggsci
2024-12-06,5312,11556122,ggsci
2024-12-07,2996,11559118,ggsci
2024-12-08,3133,11562251,ggsci
2024-12-09,6329,11568580,ggsci
2024-12-10,6337,11574917,ggsci
2024-12-11,6553,11581470,ggsci
2024-12-12,5895,11587365,ggsci
2024-12-13,4626,11591991,ggsci
2024-12-14,2670,11594661,ggsci
2024-12-15,2775,11597436,ggsci
2024-12-16,5582,11603018,ggsci
2024-12-17,5638,11608656,ggsci
2024-12-18,5490,11614146,ggsci
2024-12-19,5032,11619178,ggsci
2024-12-20,4088,11623266,ggsci
2024-12-21,2072,11625338,ggsci
2024-12-22,2054,11627392,ggsci
2024-12-23,3090,11630482,ggsci
2024-12-24,2807,11633289,ggsci
2024-12-25,2130,11635419,ggsci
2024-12-26,2316,11637735,ggsci
2024-12-27,2447,11640182,ggsci
2024-12-28,1766,11641948,ggsci
2024-12-29,2082,11644030,ggsci
2024-12-30,3001,11647031,ggsci
2024-12-31,2561,11649592,ggsci
2025-01-01,1522,11651114,ggsci
2025-01-02,3018,11654132,ggsci
2025-01-03,3378,11657510,ggsci
2025-01-04,2152,11659662,ggsci
2025-01-05,2152,11661814,ggsci
2025-01-06,4290,11666104,ggsci
2025-01-07,4623,11670727,ggsci
2025-01-08,4891,11675618,ggsci
2025-01-09,4935,11680553,ggsci
2025-01-10,4183,11684736,ggsci
2025-01-11,1999,11686735,ggsci
2025-01-12,2288,11689023,ggsci
2025-01-13,4666,11693689,ggsci
2025-01-14,5154,11698843,ggsci
2025-01-15,5170,11704013,ggsci
2025-01-16,4823,11708836,ggsci
2025-01-17,4335,11713171,ggsci
2025-01-18,2075,11715246,ggsci
2025-01-19,2265,11717511,ggsci
2025-01-20,4641,11722152,ggsci
2025-01-21,5305,11727457,ggsci
2025-01-22,5067,11732524,ggsci
2025-01-23,4996,11737520,ggsci
2025-01-24,4372,11741892,ggsci
2025-01-25,2127,11744019,ggsci
2025-01-26,2261,11746280,ggsci
2025-01-27,4585,11750865,ggsci
2025-01-28,5117,11755982,ggsci
2025-01-29,4682,11760664,ggsci
2025-01-30,4945,11765609,ggsci
2025-01-31,4282,11769891,ggsci
2025-02-01,2282,11772173,ggsci
2025-02-02,2340,11774513,ggsci
2025-02-03,4991,11779504,ggsci
2025-02-04,5715,11785219,ggsci
2025-02-05,5845,11791064,ggsci
2025-02-06,5566,11796630,ggsci
2025-02-07,5298,11801928,ggsci
2025-02-08,2634,11804562,ggsci
2025-02-09,2602,11807164,ggsci
2025-02-10,5299,11812463,ggsci
2025-02-11,5704,11818167,ggsci
2025-02-12,5567,11823734,ggsci
2025-02-13,5607,11829341,ggsci
2025-02-14,4681,11834022,ggsci
2025-02-15,2444,11836466,ggsci
2025-02-16,2830,11839296,ggsci
2025-02-17,5486,11844782,ggsci
2025-02-18,6124,11850906,ggsci
2025-02-19,6592,11857498,ggsci
2025-02-20,5999,11863497,ggsci
2025-02-21,5290,11868787,ggsci
2025-02-22,2693,11871480,ggsci
2025-02-23,2752,11874232,ggsci
2025-02-24,6016,11880248,ggsci
2025-02-25,6614,11886862,ggsci
2025-02-26,6357,11893219,ggsci
2025-02-27,6522,11899741,ggsci
2025-02-28,5311,11905052,ggsci
2025-03-01,2696,11907748,ggsci
2025-03-02,3041,11910789,ggsci
2025-03-03,5996,11916785,ggsci
2025-03-04,6910,11923695,ggsci
2025-03-05,6438,11930133,ggsci
2025-03-06,7013,11937146,ggsci
2025-03-07,5789,11942935,ggsci
2025-03-08,2888,11945823,ggsci
2025-03-09,3016,11948839,ggsci
2025-03-10,6270,11955109,ggsci
2025-03-11,6802,11961911,ggsci
2025-03-12,7125,11969036,ggsci
2025-03-13,6642,11975678,ggsci
2025-03-14,5294,11980972,ggsci
2025-03-15,2978,11983950,ggsci
2025-03-16,3269,11987219,ggsci
2025-03-17,6779,11993998,ggsci
2025-03-18,6777,12000775,ggsci
2025-03-19,7009,12007784,ggsci
2025-03-20,6511,12014295,ggsci
2025-03-21,5465,12019760,ggsci
2025-03-22,2742,12022502,ggsci
2025-03-23,2906,12025408,ggsci
2025-03-24,6792,12032200,ggsci
2025-03-25,7177,12039377,ggsci
2025-03-26,7306,12046683,ggsci
2025-03-27,6707,12053390,ggsci
2025-03-28,5541,12058931,ggsci
2025-03-29,3282,12062213,ggsci
2025-03-30,3320,12065533,ggsci
2017-04-05,90,90,ggsignif
2017-04-06,85,175,ggsignif
2017-04-07,42,217,ggsignif
2017-04-08,26,243,ggsignif
2017-04-09,20,263,ggsignif
2017-04-10,34,297,ggsignif
2017-04-11,36,333,ggsignif
2017-04-12,55,388,ggsignif
2017-04-13,48,436,ggsignif
2017-04-14,45,481,ggsignif
2017-04-15,13,494,ggsignif
2017-04-16,21,515,ggsignif
2017-04-17,36,551,ggsignif
2017-04-18,36,587,ggsignif
2017-04-19,37,624,ggsignif
2017-04-20,37,661,ggsignif
2017-04-21,37,698,ggsignif
2017-04-22,19,717,ggsignif
2017-04-23,15,732,ggsignif
2017-04-24,41,773,ggsignif
2017-04-25,55,828,ggsignif
2017-04-26,57,885,ggsignif
2017-04-27,203,1088,ggsignif
2017-04-28,56,1144,ggsignif
2017-04-29,25,1169,ggsignif
2017-04-30,17,1186,ggsignif
2017-05-01,40,1226,ggsignif
2017-05-02,45,1271,ggsignif
2017-05-03,58,1329,ggsignif
2017-05-04,42,1371,ggsignif
2017-05-05,40,1411,ggsignif
2017-05-06,26,1437,ggsignif
2017-05-07,23,1460,ggsignif
2017-05-08,45,1505,ggsignif
2017-05-09,45,1550,ggsignif
2017-05-10,51,1601,ggsignif
2017-05-11,36,1637,ggsignif
2017-05-12,30,1667,ggsignif
2017-05-13,13,1680,ggsignif
2017-05-14,18,1698,ggsignif
2017-05-15,46,1744,ggsignif
2017-05-16,30,1774,ggsignif
2017-05-17,27,1801,ggsignif
2017-05-18,35,1836,ggsignif
2017-05-19,31,1867,ggsignif
2017-05-20,12,1879,ggsignif
2017-05-21,7,1886,ggsignif
2017-05-22,51,1937,ggsignif
2017-05-23,44,1981,ggsignif
2017-05-24,50,2031,ggsignif
2017-05-25,34,2065,ggsignif
2017-05-26,40,2105,ggsignif
2017-05-27,23,2128,ggsignif
2017-05-28,24,2152,ggsignif
2017-05-29,48,2200,ggsignif
2017-05-30,46,2246,ggsignif
2017-05-31,40,2286,ggsignif
2017-06-01,42,2328,ggsignif
2017-06-02,50,2378,ggsignif
2017-06-03,31,2409,ggsignif
2017-06-04,46,2455,ggsignif
2017-06-05,100,2555,ggsignif
2017-06-06,572,3127,ggsignif
2017-06-07,756,3883,ggsignif
2017-06-08,730,4613,ggsignif
2017-06-09,676,5289,ggsignif
2017-06-10,338,5627,ggsignif
2017-06-11,287,5914,ggsignif
2017-06-12,715,6629,ggsignif
2017-06-13,659,7288,ggsignif
2017-06-14,599,7887,ggsignif
2017-06-15,611,8498,ggsignif
2017-06-16,500,8998,ggsignif
2017-06-17,249,9247,ggsignif
2017-06-18,275,9522,ggsignif
2017-06-19,711,10233,ggsignif
2017-06-20,598,10831,ggsignif
2017-06-21,602,11433,ggsignif
2017-06-22,527,11960,ggsignif
2017-06-23,378,12338,ggsignif
2017-06-24,194,12532,ggsignif
2017-06-25,473,13005,ggsignif
2017-06-26,1241,14246,ggsignif
2017-06-27,725,14971,ggsignif
2017-06-28,781,15752,ggsignif
2017-06-29,780,16532,ggsignif
2017-06-30,624,17156,ggsignif
2017-07-01,243,17399,ggsignif
2017-07-02,223,17622,ggsignif
2017-07-03,527,18149,ggsignif
2017-07-04,538,18687,ggsignif
2017-07-05,506,19193,ggsignif
2017-07-06,718,19911,ggsignif
2017-07-07,539,20450,ggsignif
2017-07-08,193,20643,ggsignif
2017-07-09,262,20905,ggsignif
2017-07-10,564,21469,ggsignif
2017-07-11,568,22037,ggsignif
2017-07-12,510,22547,ggsignif
2017-07-13,504,23051,ggsignif
2017-07-14,370,23421,ggsignif
2017-07-15,136,23557,ggsignif
2017-07-16,177,23734,ggsignif
2017-07-17,449,24183,ggsignif
2017-07-18,588,24771,ggsignif
2017-07-19,559,25330,ggsignif
2017-07-20,530,25860,ggsignif
2017-07-21,438,26298,ggsignif
2017-07-22,172,26470,ggsignif
2017-07-23,193,26663,ggsignif
2017-07-24,526,27189,ggsignif
2017-07-25,491,27680,ggsignif
2017-07-26,483,28163,ggsignif
2017-07-27,626,28789,ggsignif
2017-07-28,530,29319,ggsignif
2017-07-29,205,29524,ggsignif
2017-07-30,225,29749,ggsignif
2017-07-31,550,30299,ggsignif
2017-08-01,581,30880,ggsignif
2017-08-02,569,31449,ggsignif
2017-08-03,889,32338,ggsignif
2017-08-04,829,33167,ggsignif
2017-08-05,307,33474,ggsignif
2017-08-06,292,33766,ggsignif
2017-08-07,729,34495,ggsignif
2017-08-08,735,35230,ggsignif
2017-08-09,710,35940,ggsignif
2017-08-10,708,36648,ggsignif
2017-08-11,538,37186,ggsignif
2017-08-12,240,37426,ggsignif
2017-08-13,232,37658,ggsignif
2017-08-14,531,38189,ggsignif
2017-08-15,582,38771,ggsignif
2017-08-16,657,39428,ggsignif
2017-08-17,608,40036,ggsignif
2017-08-18,518,40554,ggsignif
2017-08-19,262,40816,ggsignif
2017-08-20,259,41075,ggsignif
2017-08-21,596,41671,ggsignif
2017-08-22,677,42348,ggsignif
2017-08-23,724,43072,ggsignif
2017-08-24,720,43792,ggsignif
2017-08-25,542,44334,ggsignif
2017-08-26,243,44577,ggsignif
2017-08-27,223,44800,ggsignif
2017-08-28,605,45405,ggsignif
2017-08-29,627,46032,ggsignif
2017-08-30,587,46619,ggsignif
2017-08-31,544,47163,ggsignif
2017-09-01,463,47626,ggsignif
2017-09-02,257,47883,ggsignif
2017-09-03,198,48081,ggsignif
2017-09-04,499,48580,ggsignif
2017-09-05,635,49215,ggsignif
2017-09-06,648,49863,ggsignif
2017-09-07,646,50509,ggsignif
2017-09-08,482,50991,ggsignif
2017-09-09,239,51230,ggsignif
2017-09-10,255,51485,ggsignif
2017-09-11,648,52133,ggsignif
2017-09-12,656,52789,ggsignif
2017-09-13,831,53620,ggsignif
2017-09-14,818,54438,ggsignif
2017-09-15,640,55078,ggsignif
2017-09-16,267,55345,ggsignif
2017-09-17,290,55635,ggsignif
2017-09-18,599,56234,ggsignif
2017-09-19,642,56876,ggsignif
2017-09-20,707,57583,ggsignif
2017-09-21,592,58175,ggsignif
2017-09-22,604,58779,ggsignif
2017-09-23,300,59079,ggsignif
2017-09-24,310,59389,ggsignif
2017-09-25,645,60034,ggsignif
2017-09-26,726,60760,ggsignif
2017-09-27,745,61505,ggsignif
2017-09-28,661,62166,ggsignif
2017-09-29,599,62765,ggsignif
2017-09-30,300,63065,ggsignif
2017-10-01,309,63374,ggsignif
2017-10-02,633,64007,ggsignif
2017-10-03,678,64685,ggsignif
2017-10-04,715,65400,ggsignif
2017-10-05,717,66117,ggsignif
2017-10-06,681,66798,ggsignif
2017-10-07,307,67105,ggsignif
2017-10-08,333,67438,ggsignif
2017-10-09,660,68098,ggsignif
2017-10-10,759,68857,ggsignif
2017-10-11,854,69711,ggsignif
2017-10-12,733,70444,ggsignif
2017-10-13,616,71060,ggsignif
2017-10-14,404,71464,ggsignif
2017-10-15,354,71818,ggsignif
2017-10-16,823,72641,ggsignif
2017-10-17,859,73500,ggsignif
2017-10-18,737,74237,ggsignif
2017-10-19,691,74928,ggsignif
2017-10-20,638,75566,ggsignif
2017-10-21,365,75931,ggsignif
2017-10-22,497,76428,ggsignif
2017-10-23,846,77274,ggsignif
2017-10-24,874,78148,ggsignif
2017-10-25,854,79002,ggsignif
2017-10-26,796,79798,ggsignif
2017-10-27,749,80547,ggsignif
2017-10-28,355,80902,ggsignif
2017-10-29,426,81328,ggsignif
2017-10-30,716,82044,ggsignif
2017-10-31,867,82911,ggsignif
2017-11-01,771,83682,ggsignif
2017-11-02,851,84533,ggsignif
2017-11-03,688,85221,ggsignif
2017-11-04,359,85580,ggsignif
2017-11-05,440,86020,ggsignif
2017-11-06,820,86840,ggsignif
2017-11-07,922,87762,ggsignif
2017-11-08,860,88622,ggsignif
2017-11-09,930,89552,ggsignif
2017-11-10,790,90342,ggsignif
2017-11-11,373,90715,ggsignif
2017-11-12,467,91182,ggsignif
2017-11-13,948,92130,ggsignif
2017-11-14,965,93095,ggsignif
2017-11-15,856,93951,ggsignif
2017-11-16,1258,95209,ggsignif
2017-11-17,802,96011,ggsignif
2017-11-18,410,96421,ggsignif
2017-11-19,429,96850,ggsignif
2017-11-20,886,97736,ggsignif
2017-11-21,1006,98742,ggsignif
2017-11-22,878,99620,ggsignif
2017-11-23,777,100397,ggsignif
2017-11-24,672,101069,ggsignif
2017-11-25,425,101494,ggsignif
2017-11-26,442,101936,ggsignif
2017-11-27,1009,102945,ggsignif
2017-11-28,1063,104008,ggsignif
2017-11-29,930,104938,ggsignif
2017-11-30,926,105864,ggsignif
2017-12-01,870,106734,ggsignif
2017-12-02,487,107221,ggsignif
2017-12-03,510,107731,ggsignif
2017-12-04,943,108674,ggsignif
2017-12-05,988,109662,ggsignif
2017-12-06,1029,110691,ggsignif
2017-12-07,972,111663,ggsignif
2017-12-08,680,112343,ggsignif
2017-12-09,456,112799,ggsignif
2017-12-10,425,113224,ggsignif
2017-12-11,877,114101,ggsignif
2017-12-12,879,114980,ggsignif
2017-12-13,817,115797,ggsignif
2017-12-14,795,116592,ggsignif
2017-12-15,668,117260,ggsignif
2017-12-16,367,117627,ggsignif
2017-12-17,337,117964,ggsignif
2017-12-18,844,118808,ggsignif
2017-12-19,732,119540,ggsignif
2017-12-20,795,120335,ggsignif
2017-12-21,669,121004,ggsignif
2017-12-22,498,121502,ggsignif
2017-12-23,234,121736,ggsignif
2017-12-24,223,121959,ggsignif
2017-12-25,202,122161,ggsignif
2017-12-26,320,122481,ggsignif
2017-12-27,355,122836,ggsignif
2017-12-28,374,123210,ggsignif
2017-12-29,340,123550,ggsignif
2017-12-30,235,123785,ggsignif
2017-12-31,195,123980,ggsignif
2018-01-01,154,124134,ggsignif
2018-01-02,545,124679,ggsignif
2018-01-03,540,125219,ggsignif
2018-01-04,659,125878,ggsignif
2018-01-05,607,126485,ggsignif
2018-01-06,288,126773,ggsignif
2018-01-07,325,127098,ggsignif
2018-01-08,731,127829,ggsignif
2018-01-09,728,128557,ggsignif
2018-01-10,748,129305,ggsignif
2018-01-11,665,129970,ggsignif
2018-01-12,664,130634,ggsignif
2018-01-13,360,130994,ggsignif
2018-01-14,350,131344,ggsignif
2018-01-15,718,132062,ggsignif
2018-01-16,820,132882,ggsignif
2018-01-17,810,133692,ggsignif
2018-01-18,736,134428,ggsignif
2018-01-19,749,135177,ggsignif
2018-01-20,325,135502,ggsignif
2018-01-21,383,135885,ggsignif
2018-01-22,797,136682,ggsignif
2018-01-23,971,137653,ggsignif
2018-01-24,876,138529,ggsignif
2018-01-25,828,139357,ggsignif
2018-01-26,682,140039,ggsignif
2018-01-27,428,140467,ggsignif
2018-01-28,395,140862,ggsignif
2018-01-29,906,141768,ggsignif
2018-01-30,1015,142783,ggsignif
2018-01-31,933,143716,ggsignif
2018-02-01,863,144579,ggsignif
2018-02-02,799,145378,ggsignif
2018-02-03,378,145756,ggsignif
2018-02-04,366,146122,ggsignif
2018-02-05,944,147066,ggsignif
2018-02-06,940,148006,ggsignif
2018-02-07,855,148861,ggsignif
2018-02-08,825,149686,ggsignif
2018-02-09,1001,150687,ggsignif
2018-02-10,429,151116,ggsignif
2018-02-11,377,151493,ggsignif
2018-02-12,954,152447,ggsignif
2018-02-13,889,153336,ggsignif
2018-02-14,970,154306,ggsignif
2018-02-15,870,155176,ggsignif
2018-02-16,751,155927,ggsignif
2018-02-17,366,156293,ggsignif
2018-02-18,434,156727,ggsignif
2018-02-19,818,157545,ggsignif
2018-02-20,843,158388,ggsignif
2018-02-21,926,159314,ggsignif
2018-02-22,1014,160328,ggsignif
2018-02-23,757,161085,ggsignif
2018-02-24,415,161500,ggsignif
2018-02-25,380,161880,ggsignif
2018-02-26,848,162728,ggsignif
2018-02-27,891,163619,ggsignif
2018-02-28,991,164610,ggsignif
2018-03-01,876,165486,ggsignif
2018-03-02,764,166250,ggsignif
2018-03-03,380,166630,ggsignif
2018-03-04,451,167081,ggsignif
2018-03-05,914,167995,ggsignif
2018-03-06,1055,169050,ggsignif
2018-03-07,962,170012,ggsignif
2018-03-08,967,170979,ggsignif
2018-03-09,828,171807,ggsignif
2018-03-10,382,172189,ggsignif
2018-03-11,449,172638,ggsignif
2018-03-12,939,173577,ggsignif
2018-03-13,1054,174631,ggsignif
2018-03-14,1026,175657,ggsignif
2018-03-15,1155,176812,ggsignif
2018-03-16,851,177663,ggsignif
2018-03-17,470,178133,ggsignif
2018-03-18,431,178564,ggsignif
2018-03-19,985,179549,ggsignif
2018-03-20,1035,180584,ggsignif
2018-03-21,1122,181706,ggsignif
2018-03-22,1110,182816,ggsignif
2018-03-23,902,183718,ggsignif
2018-03-24,428,184146,ggsignif
2018-03-25,541,184687,ggsignif
2018-03-26,1080,185767,ggsignif
2018-03-27,1093,186860,ggsignif
2018-03-28,1073,187933,ggsignif
2018-03-29,885,188818,ggsignif
2018-03-30,594,189412,ggsignif
2018-03-31,429,189841,ggsignif
2018-04-01,347,190188,ggsignif
2018-04-02,746,190934,ggsignif
2018-04-03,910,191844,ggsignif
2018-04-04,968,192812,ggsignif
2018-04-05,1024,193836,ggsignif
2018-04-06,846,194682,ggsignif
2018-04-07,498,195180,ggsignif
2018-04-08,524,195704,ggsignif
2018-04-09,1133,196837,ggsignif
2018-04-10,1301,198138,ggsignif
2018-04-11,1138,199276,ggsignif
2018-04-12,1034,200310,ggsignif
2018-04-13,970,201280,ggsignif
2018-04-14,562,201842,ggsignif
2018-04-15,551,202393,ggsignif
2018-04-16,1095,203488,ggsignif
2018-04-17,1183,204671,ggsignif
2018-04-18,1085,205756,ggsignif
2018-04-19,1075,206831,ggsignif
2018-04-20,951,207782,ggsignif
2018-04-21,489,208271,ggsignif
2018-04-22,583,208854,ggsignif
2018-04-23,1105,209959,ggsignif
2018-04-24,1510,211469,ggsignif
2018-04-25,1579,213048,ggsignif
2018-04-26,1390,214438,ggsignif
2018-04-27,1087,215525,ggsignif
2018-04-28,628,216153,ggsignif
2018-04-29,620,216773,ggsignif
2018-04-30,1142,217915,ggsignif
2018-05-01,1185,219100,ggsignif
2018-05-02,1178,220278,ggsignif
2018-05-03,1286,221564,ggsignif
2018-05-04,1066,222630,ggsignif
2018-05-05,621,223251,ggsignif
2018-05-06,523,223774,ggsignif
2018-05-07,1100,224874,ggsignif
2018-05-08,1117,225991,ggsignif
2018-05-09,1261,227252,ggsignif
2018-05-10,1040,228292,ggsignif
2018-05-11,1066,229358,ggsignif
2018-05-12,568,229926,ggsignif
2018-05-13,627,230553,ggsignif
2018-05-14,1230,231783,ggsignif
2018-05-15,1148,232931,ggsignif
2018-05-16,1216,234147,ggsignif
2018-05-17,1332,235479,ggsignif
2018-05-18,1104,236583,ggsignif
2018-05-19,556,237139,ggsignif
2018-05-20,558,237697,ggsignif
2018-05-21,992,238689,ggsignif
2018-05-22,1137,239826,ggsignif
2018-05-23,1181,241007,ggsignif
2018-05-24,1117,242124,ggsignif
2018-05-25,917,243041,ggsignif
2018-05-26,454,243495,ggsignif
2018-05-27,555,244050,ggsignif
2018-05-28,1011,245061,ggsignif
2018-05-29,1232,246293,ggsignif
2018-05-30,1129,247422,ggsignif
2018-05-31,1160,248582,ggsignif
2018-06-01,951,249533,ggsignif
2018-06-02,505,250038,ggsignif
2018-06-03,506,250544,ggsignif
2018-06-04,1143,251687,ggsignif
2018-06-05,1214,252901,ggsignif
2018-06-06,1199,254100,ggsignif
2018-06-07,1165,255265,ggsignif
2018-06-08,989,256254,ggsignif
2018-06-09,522,256776,ggsignif
2018-06-10,501,257277,ggsignif
2018-06-11,950,258227,ggsignif
2018-06-12,1167,259394,ggsignif
2018-06-13,1031,260425,ggsignif
2018-06-14,993,261418,ggsignif
2018-06-15,926,262344,ggsignif
2018-06-16,416,262760,ggsignif
2018-06-17,414,263174,ggsignif
2018-06-18,997,264171,ggsignif
2018-06-19,1092,265263,ggsignif
2018-06-20,1073,266336,ggsignif
2018-06-21,1023,267359,ggsignif
2018-06-22,882,268241,ggsignif
2018-06-23,347,268588,ggsignif
2018-06-24,380,268968,ggsignif
2018-06-25,960,269928,ggsignif
2018-06-26,1037,270965,ggsignif
2018-06-27,1029,271994,ggsignif
2018-06-28,1000,272994,ggsignif
2018-06-29,844,273838,ggsignif
2018-06-30,490,274328,ggsignif
2018-07-01,421,274749,ggsignif
2018-07-02,995,275744,ggsignif
2018-07-03,1143,276887,ggsignif
2018-07-04,883,277770,ggsignif
2018-07-05,1002,278772,ggsignif
2018-07-06,854,279626,ggsignif
2018-07-07,405,280031,ggsignif
2018-07-08,403,280434,ggsignif
2018-07-09,1071,281505,ggsignif
2018-07-10,1059,282564,ggsignif
2018-07-11,992,283556,ggsignif
2018-07-12,950,284506,ggsignif
2018-07-13,848,285354,ggsignif
2018-07-14,389,285743,ggsignif
2018-07-15,372,286115,ggsignif
2018-07-16,929,287044,ggsignif
2018-07-17,986,288030,ggsignif
2018-07-18,1078,289108,ggsignif
2018-07-19,1069,290177,ggsignif
2018-07-20,823,291000,ggsignif
2018-07-21,398,291398,ggsignif
2018-07-22,437,291835,ggsignif
2018-07-23,1048,292883,ggsignif
2018-07-24,1135,294018,ggsignif
2018-07-25,977,294995,ggsignif
2018-07-26,1020,296015,ggsignif
2018-07-27,845,296860,ggsignif
2018-07-28,426,297286,ggsignif
2018-07-29,441,297727,ggsignif
2018-07-30,956,298683,ggsignif
2018-07-31,978,299661,ggsignif
2018-08-01,950,300611,ggsignif
2018-08-02,876,301487,ggsignif
2018-08-03,858,302345,ggsignif
2018-08-04,361,302706,ggsignif
2018-08-05,382,303088,ggsignif
2018-08-06,860,303948,ggsignif
2018-08-07,917,304865,ggsignif
2018-08-08,1013,305878,ggsignif
2018-08-09,931,306809,ggsignif
2018-08-10,880,307689,ggsignif
2018-08-11,389,308078,ggsignif
2018-08-12,404,308482,ggsignif
2018-08-13,917,309399,ggsignif
2018-08-14,941,310340,ggsignif
2018-08-15,777,311117,ggsignif
2018-08-16,886,312003,ggsignif
2018-08-17,828,312831,ggsignif
2018-08-18,385,313216,ggsignif
2018-08-19,352,313568,ggsignif
2018-08-20,819,314387,ggsignif
2018-08-21,957,315344,ggsignif
2018-08-22,1063,316407,ggsignif
2018-08-23,904,317311,ggsignif
2018-08-24,921,318232,ggsignif
2018-08-25,364,318596,ggsignif
2018-08-26,401,318997,ggsignif
2018-08-27,844,319841,ggsignif
2018-08-28,1002,320843,ggsignif
2018-08-29,991,321834,ggsignif
2018-08-30,1137,322971,ggsignif
2018-08-31,865,323836,ggsignif
2018-09-01,392,324228,ggsignif
2018-09-02,362,324590,ggsignif
2018-09-03,742,325332,ggsignif
2018-09-04,1117,326449,ggsignif
2018-09-05,982,327431,ggsignif
2018-09-06,1056,328487,ggsignif
2018-09-07,1010,329497,ggsignif
2018-09-08,447,329944,ggsignif
2018-09-09,457,330401,ggsignif
2018-09-10,978,331379,ggsignif
2018-09-11,1088,332467,ggsignif
2018-09-12,1218,333685,ggsignif
2018-09-13,1353,335038,ggsignif
2018-09-14,1533,336571,ggsignif
2018-09-15,458,337029,ggsignif
2018-09-16,601,337630,ggsignif
2018-09-17,1494,339124,ggsignif
2018-09-18,1501,340625,ggsignif
2018-09-19,1362,341987,ggsignif
2018-09-20,1359,343346,ggsignif
2018-09-21,1037,344383,ggsignif
2018-09-22,649,345032,ggsignif
2018-09-23,613,345645,ggsignif
2018-09-24,1391,347036,ggsignif
2018-09-25,1416,348452,ggsignif
2018-09-26,1555,350007,ggsignif
2018-09-27,1583,351590,ggsignif
2018-09-28,1345,352935,ggsignif
2018-09-29,650,353585,ggsignif
2018-09-30,607,354192,ggsignif
2018-10-01,1377,355569,ggsignif
2018-10-02,1671,357240,ggsignif
2018-10-03,1662,358902,ggsignif
2018-10-04,1655,360557,ggsignif
2018-10-05,1492,362049,ggsignif
2018-10-06,624,362673,ggsignif
2018-10-07,774,363447,ggsignif
2018-10-08,1509,364956,ggsignif
2018-10-09,1736,366692,ggsignif
2018-10-10,1767,368459,ggsignif
2018-10-11,1743,370202,ggsignif
2018-10-12,1448,371650,ggsignif
2018-10-13,746,372396,ggsignif
2018-10-14,847,373243,ggsignif
2018-10-15,1559,374802,ggsignif
2018-10-16,1831,376633,ggsignif
2018-10-17,1876,378509,ggsignif
2018-10-18,1946,380455,ggsignif
2018-10-19,1603,382058,ggsignif
2018-10-20,956,383014,ggsignif
2018-10-21,1061,384075,ggsignif
2018-10-22,2009,386084,ggsignif
2018-10-23,1999,388083,ggsignif
2018-10-24,1978,390061,ggsignif
2018-10-25,1888,391949,ggsignif
2018-10-26,1817,393766,ggsignif
2018-10-27,1010,394776,ggsignif
2018-10-28,899,395675,ggsignif
2018-10-29,1775,397450,ggsignif
2018-10-30,1940,399390,ggsignif
2018-10-31,1722,401112,ggsignif
2018-11-01,1629,402741,ggsignif
2018-11-02,1417,404158,ggsignif
2018-11-03,917,405075,ggsignif
2018-11-04,927,406002,ggsignif
2018-11-05,1898,407900,ggsignif
2018-11-06,1943,409843,ggsignif
2018-11-07,2122,411965,ggsignif
2018-11-08,1995,413960,ggsignif
2018-11-09,1639,415599,ggsignif
2018-11-10,1032,416631,ggsignif
2018-11-11,949,417580,ggsignif
2018-11-12,1839,419419,ggsignif
2018-11-13,2296,421715,ggsignif
2018-11-14,2148,423863,ggsignif
2018-11-15,1921,425784,ggsignif
2018-11-16,1782,427566,ggsignif
2018-11-17,1052,428618,ggsignif
2018-11-18,1066,429684,ggsignif
2018-11-19,2087,431771,ggsignif
2018-11-20,2013,433784,ggsignif
2018-11-21,2063,435847,ggsignif
2018-11-22,1770,437617,ggsignif
2018-11-23,1569,439186,ggsignif
2018-11-24,1105,440291,ggsignif
2018-11-25,1117,441408,ggsignif
2018-11-26,2120,443528,ggsignif
2018-11-27,2398,445926,ggsignif
2018-11-28,2075,448001,ggsignif
2018-11-29,2217,450218,ggsignif
2018-11-30,2081,452299,ggsignif
2018-12-01,1173,453472,ggsignif
2018-12-02,1209,454681,ggsignif
2018-12-03,2270,456951,ggsignif
2018-12-04,2355,459306,ggsignif
2018-12-05,2183,461489,ggsignif
2018-12-06,2294,463783,ggsignif
2018-12-07,1860,465643,ggsignif
2018-12-08,1038,466681,ggsignif
2018-12-09,1049,467730,ggsignif
2018-12-10,2050,469780,ggsignif
2018-12-11,2080,471860,ggsignif
2018-12-12,1981,473841,ggsignif
2018-12-13,1887,475728,ggsignif
2018-12-14,1693,477421,ggsignif
2018-12-15,1030,478451,ggsignif
2018-12-16,1214,479665,ggsignif
2018-12-17,1753,481418,ggsignif
2018-12-18,1856,483274,ggsignif
2018-12-19,1751,485025,ggsignif
2018-12-20,1627,486652,ggsignif
2018-12-21,1233,487885,ggsignif
2018-12-22,670,488555,ggsignif
2018-12-23,716,489271,ggsignif
2018-12-24,692,489963,ggsignif
2018-12-25,680,490643,ggsignif
2018-12-26,785,491428,ggsignif
2018-12-27,898,492326,ggsignif
2018-12-28,938,493264,ggsignif
2018-12-29,454,493718,ggsignif
2018-12-30,449,494167,ggsignif
2018-12-31,433,494600,ggsignif
2019-01-01,306,494906,ggsignif
2019-01-02,1064,495970,ggsignif
2019-01-03,1367,497337,ggsignif
2019-01-04,1392,498729,ggsignif
2019-01-05,843,499572,ggsignif
2019-01-06,812,500384,ggsignif
2019-01-07,1570,501954,ggsignif
2019-01-08,2013,503967,ggsignif
2019-01-09,3840,507807,ggsignif
2019-01-10,3527,511334,ggsignif
2019-01-11,1988,513322,ggsignif
2019-01-12,1620,514942,ggsignif
2019-01-13,1534,516476,ggsignif
2019-01-14,3286,519762,ggsignif
2019-01-15,3130,522892,ggsignif
2019-01-16,2831,525723,ggsignif
2019-01-17,2547,528270,ggsignif
2019-01-18,3744,532014,ggsignif
2019-01-19,1890,533904,ggsignif
2019-01-20,1649,535553,ggsignif
2019-01-21,3585,539138,ggsignif
2019-01-22,4324,543462,ggsignif
2019-01-23,2869,546331,ggsignif
2019-01-24,3459,549790,ggsignif
2019-01-25,3988,553778,ggsignif
2019-01-26,1922,555700,ggsignif
2019-01-27,2041,557741,ggsignif
2019-01-28,3896,561637,ggsignif
2019-01-29,3793,565430,ggsignif
2019-01-30,3791,569221,ggsignif
2019-01-31,2137,571358,ggsignif
2019-02-01,4018,575376,ggsignif
2019-02-02,2493,577869,ggsignif
2019-02-03,2064,579933,ggsignif
2019-02-04,4008,583941,ggsignif
2019-02-05,3687,587628,ggsignif
2019-02-06,3409,591037,ggsignif
2019-02-07,4278,595315,ggsignif
2019-02-08,4264,599579,ggsignif
2019-02-09,2648,602227,ggsignif
2019-02-10,2512,604739,ggsignif
2019-02-11,4242,608981,ggsignif
2019-02-12,4814,613795,ggsignif
2019-02-13,5396,619191,ggsignif
2019-02-14,3175,622366,ggsignif
2019-02-15,8009,630375,ggsignif
2019-02-16,2336,632711,ggsignif
2019-02-17,2598,635309,ggsignif
2019-02-18,3975,639284,ggsignif
2019-02-19,4327,643611,ggsignif
2019-02-20,5664,649275,ggsignif
2019-02-21,7859,657134,ggsignif
2019-02-22,5954,663088,ggsignif
2019-02-23,3283,666371,ggsignif
2019-02-24,2307,668678,ggsignif
2019-02-25,5468,674146,ggsignif
2019-02-26,5536,679682,ggsignif
2019-02-27,4983,684665,ggsignif
2019-02-28,4342,689007,ggsignif
2019-03-01,3797,692804,ggsignif
2019-03-02,1758,694562,ggsignif
2019-03-03,1917,696479,ggsignif
2019-03-04,3630,700109,ggsignif
2019-03-05,3940,704049,ggsignif
2019-03-06,4187,708236,ggsignif
2019-03-07,4047,712283,ggsignif
2019-03-08,3324,715607,ggsignif
2019-03-09,2192,717799,ggsignif
2019-03-10,2059,719858,ggsignif
2019-03-11,3714,723572,ggsignif
2019-03-12,3879,727451,ggsignif
2019-03-13,3597,731048,ggsignif
2019-03-14,3550,734598,ggsignif
2019-03-15,2917,737515,ggsignif
2019-03-16,1832,739347,ggsignif
2019-03-17,1830,741177,ggsignif
2019-03-18,3744,744921,ggsignif
2019-03-19,3636,748557,ggsignif
2019-03-20,3913,752470,ggsignif
2019-03-21,3649,756119,ggsignif
2019-03-22,3682,759801,ggsignif
2019-03-23,1850,761651,ggsignif
2019-03-24,1909,763560,ggsignif
2019-03-25,3185,766745,ggsignif
2019-03-26,3929,770674,ggsignif
2019-03-27,3860,774534,ggsignif
2019-03-28,3814,778348,ggsignif
2019-03-29,2678,781026,ggsignif
2019-03-30,1863,782889,ggsignif
2019-03-31,1827,784716,ggsignif
2019-04-01,3569,788285,ggsignif
2019-04-02,3672,791957,ggsignif
2019-04-03,4050,796007,ggsignif
2019-04-04,4133,800140,ggsignif
2019-04-05,3465,803605,ggsignif
2019-04-06,1450,805055,ggsignif
2019-04-07,1565,806620,ggsignif
2019-04-08,3429,810049,ggsignif
2019-04-09,3708,813757,ggsignif
2019-04-10,4007,817764,ggsignif
2019-04-11,3684,821448,ggsignif
2019-04-12,3287,824735,ggsignif
2019-04-13,1824,826559,ggsignif
2019-04-14,1790,828349,ggsignif
2019-04-15,3682,832031,ggsignif
2019-04-16,3233,835264,ggsignif
2019-04-17,3684,838948,ggsignif
2019-04-18,3243,842191,ggsignif
2019-04-19,2675,844866,ggsignif
2019-04-20,1892,846758,ggsignif
2019-04-21,1723,848481,ggsignif
2019-04-22,2743,851224,ggsignif
2019-04-23,3731,854955,ggsignif
2019-04-24,3340,858295,ggsignif
2019-04-25,3118,861413,ggsignif
2019-04-26,3069,864482,ggsignif
2019-04-27,2164,866646,ggsignif
2019-04-28,2035,868681,ggsignif
2019-04-29,3426,872107,ggsignif
2019-04-30,3838,875945,ggsignif
2019-05-01,3396,879341,ggsignif
2019-05-02,3704,883045,ggsignif
2019-05-03,2785,885830,ggsignif
2019-05-04,1394,887224,ggsignif
2019-05-05,1545,888769,ggsignif
2019-05-06,3211,891980,ggsignif
2019-05-07,3113,895093,ggsignif
2019-05-08,3822,898915,ggsignif
2019-05-09,3668,902583,ggsignif
2019-05-10,2970,905553,ggsignif
2019-05-11,1459,907012,ggsignif
2019-05-12,2006,909018,ggsignif
2019-05-13,3425,912443,ggsignif
2019-05-14,3481,915924,ggsignif
2019-05-15,3476,919400,ggsignif
2019-05-16,3614,923014,ggsignif
2019-05-17,3147,926161,ggsignif
2019-05-18,1948,928109,ggsignif
2019-05-19,1962,930071,ggsignif
2019-05-20,3178,933249,ggsignif
2019-05-21,3240,936489,ggsignif
2019-05-22,2863,939352,ggsignif
2019-05-23,3282,942634,ggsignif
2019-05-24,3084,945718,ggsignif
2019-05-25,1764,947482,ggsignif
2019-05-26,1697,949179,ggsignif
2019-05-27,2341,951520,ggsignif
2019-05-28,3243,954763,ggsignif
2019-05-29,2778,957541,ggsignif
2019-05-30,3025,960566,ggsignif
2019-05-31,2932,963498,ggsignif
2019-06-01,1796,965294,ggsignif
2019-06-02,1577,966871,ggsignif
2019-06-03,3470,970341,ggsignif
2019-06-04,3429,973770,ggsignif
2019-06-05,3569,977339,ggsignif
2019-06-06,3352,980691,ggsignif
2019-06-07,2908,983599,ggsignif
2019-06-08,1735,985334,ggsignif
2019-06-09,1744,987078,ggsignif
2019-06-10,2962,990040,ggsignif
2019-06-11,3346,993386,ggsignif
2019-06-12,3313,996699,ggsignif
2019-06-13,3142,999841,ggsignif
2019-06-14,2900,1002741,ggsignif
2019-06-15,1949,1004690,ggsignif
2019-06-16,2025,1006715,ggsignif
2019-06-17,3355,1010070,ggsignif
2019-06-18,3408,1013478,ggsignif
2019-06-19,3184,1016662,ggsignif
2019-06-20,3263,1019925,ggsignif
2019-06-21,2858,1022783,ggsignif
2019-06-22,1137,1023920,ggsignif
2019-06-23,1222,1025142,ggsignif
2019-06-24,2447,1027589,ggsignif
2019-06-25,2838,1030427,ggsignif
2019-06-26,2572,1032999,ggsignif
2019-06-27,2508,1035507,ggsignif
2019-06-28,3034,1038541,ggsignif
2019-06-29,1891,1040432,ggsignif
2019-06-30,1868,1042300,ggsignif
2019-07-01,3076,1045376,ggsignif
2019-07-02,3248,1048624,ggsignif
2019-07-03,3387,1052011,ggsignif
2019-07-04,2619,1054630,ggsignif
2019-07-05,2594,1057224,ggsignif
2019-07-06,1584,1058808,ggsignif
2019-07-07,1718,1060526,ggsignif
2019-07-08,3290,1063816,ggsignif
2019-07-09,3292,1067108,ggsignif
2019-07-10,2807,1069915,ggsignif
2019-07-11,2988,1072903,ggsignif
2019-07-12,2202,1075105,ggsignif
2019-07-13,927,1076032,ggsignif
2019-07-14,892,1076924,ggsignif
2019-07-15,2318,1079242,ggsignif
2019-07-16,2688,1081930,ggsignif
2019-07-17,2306,1084236,ggsignif
2019-07-18,2356,1086592,ggsignif
2019-07-19,2121,1088713,ggsignif
2019-07-20,988,1089701,ggsignif
2019-07-21,1131,1090832,ggsignif
2019-07-22,2325,1093157,ggsignif
2019-07-23,2249,1095406,ggsignif
2019-07-24,2553,1097959,ggsignif
2019-07-25,2380,1100339,ggsignif
2019-07-26,2182,1102521,ggsignif
2019-07-27,972,1103493,ggsignif
2019-07-28,896,1104389,ggsignif
2019-07-29,2265,1106654,ggsignif
2019-07-30,2350,1109004,ggsignif
2019-07-31,2283,1111287,ggsignif
2019-08-01,2227,1113514,ggsignif
2019-08-02,2159,1115673,ggsignif
2019-08-03,1058,1116731,ggsignif
2019-08-04,865,1117596,ggsignif
2019-08-05,2005,1119601,ggsignif
2019-08-06,2356,1121957,ggsignif
2019-08-07,2321,1124278,ggsignif
2019-08-08,3799,1128077,ggsignif
2019-08-09,3531,1131608,ggsignif
2019-08-10,1888,1133496,ggsignif
2019-08-11,1954,1135450,ggsignif
2019-08-12,3406,1138856,ggsignif
2019-08-13,3273,1142129,ggsignif
2019-08-14,3134,1145263,ggsignif
2019-08-15,2819,1148082,ggsignif
2019-08-16,2607,1150689,ggsignif
2019-08-17,1591,1152280,ggsignif
2019-08-18,1642,1153922,ggsignif
2019-08-19,3372,1157294,ggsignif
2019-08-20,3046,1160340,ggsignif
2019-08-21,3112,1163452,ggsignif
2019-08-22,3384,1166836,ggsignif
2019-08-23,2417,1169253,ggsignif
2019-08-24,1432,1170685,ggsignif
2019-08-25,1502,1172187,ggsignif
2019-08-26,3262,1175449,ggsignif
2019-08-27,3531,1178980,ggsignif
2019-08-28,3314,1182294,ggsignif
2019-08-29,3335,1185629,ggsignif
2019-08-30,3033,1188662,ggsignif
2019-08-31,1479,1190141,ggsignif
2019-09-01,1599,1191740,ggsignif
2019-09-02,2734,1194474,ggsignif
2019-09-03,3511,1197985,ggsignif
2019-09-04,3388,1201373,ggsignif
2019-09-05,3464,1204837,ggsignif
2019-09-06,2728,1207565,ggsignif
2019-09-07,1667,1209232,ggsignif
2019-09-08,1794,1211026,ggsignif
2019-09-09,3578,1214604,ggsignif
2019-09-10,3672,1218276,ggsignif
2019-09-11,3345,1221621,ggsignif
2019-09-12,3413,1225034,ggsignif
2019-09-13,2748,1227782,ggsignif
2019-09-14,2206,1229988,ggsignif
2019-09-15,2215,1232203,ggsignif
2019-09-16,4187,1236390,ggsignif
2019-09-17,4382,1240772,ggsignif
2019-09-18,4538,1245310,ggsignif
2019-09-19,4457,1249767,ggsignif
2019-09-20,3990,1253757,ggsignif
2019-09-21,2513,1256270,ggsignif
2019-09-22,2587,1258857,ggsignif
2019-09-23,4663,1263520,ggsignif
2019-09-24,4693,1268213,ggsignif
2019-09-25,5322,1273535,ggsignif
2019-09-26,4738,1278273,ggsignif
2019-09-27,4107,1282380,ggsignif
2019-09-28,2427,1284807,ggsignif
2019-09-29,2433,1287240,ggsignif
2019-09-30,4175,1291415,ggsignif
2019-10-01,4244,1295659,ggsignif
2019-10-02,4013,1299672,ggsignif
2019-10-03,3742,1303414,ggsignif
2019-10-04,3531,1306945,ggsignif
2019-10-05,2150,1309095,ggsignif
2019-10-06,2370,1311465,ggsignif
2019-10-07,4018,1315483,ggsignif
2019-10-08,4484,1319967,ggsignif
2019-10-09,4306,1324273,ggsignif
2019-10-10,4139,1328412,ggsignif
2019-10-11,4019,1332431,ggsignif
2019-10-12,1864,1334295,ggsignif
2019-10-13,2191,1336486,ggsignif
2019-10-14,4099,1340585,ggsignif
2019-10-15,4447,1345032,ggsignif
2019-10-16,4302,1349334,ggsignif
2019-10-17,4348,1353682,ggsignif
2019-10-18,3830,1357512,ggsignif
2019-10-19,2345,1359857,ggsignif
2019-10-20,2476,1362333,ggsignif
2019-10-21,4260,1366593,ggsignif
2019-10-22,5097,1371690,ggsignif
2019-10-23,4698,1376388,ggsignif
2019-10-24,4638,1381026,ggsignif
2019-10-25,3898,1384924,ggsignif
2019-10-26,2288,1387212,ggsignif
2019-10-27,2396,1389608,ggsignif
2019-10-28,4178,1393786,ggsignif
2019-10-29,4154,1397940,ggsignif
2019-10-30,4015,1401955,ggsignif
2019-10-31,4053,1406008,ggsignif
2019-11-01,3102,1409110,ggsignif
2019-11-02,1759,1410869,ggsignif
2019-11-03,2030,1412899,ggsignif
2019-11-04,4135,1417034,ggsignif
2019-11-05,4369,1421403,ggsignif
2019-11-06,3588,1424991,ggsignif
2019-11-07,3877,1428868,ggsignif
2019-11-08,3694,1432562,ggsignif
2019-11-09,1995,1434557,ggsignif
2019-11-10,2151,1436708,ggsignif
2019-11-11,3824,1440532,ggsignif
2019-11-12,3861,1444393,ggsignif
2019-11-13,3955,1448348,ggsignif
2019-11-14,4083,1452431,ggsignif
2019-11-15,3521,1455952,ggsignif
2019-11-16,2072,1458024,ggsignif
2019-11-17,2102,1460126,ggsignif
2019-11-18,3985,1464111,ggsignif
2019-11-19,4472,1468583,ggsignif
2019-11-20,4173,1472756,ggsignif
2019-11-21,4093,1476849,ggsignif
2019-11-22,3708,1480557,ggsignif
2019-11-23,1931,1482488,ggsignif
2019-11-24,1990,1484478,ggsignif
2019-11-25,4152,1488630,ggsignif
2019-11-26,4461,1493091,ggsignif
2019-11-27,4101,1497192,ggsignif
2019-11-28,3522,1500714,ggsignif
2019-11-29,2996,1503710,ggsignif
2019-11-30,1866,1505576,ggsignif
2019-12-01,2119,1507695,ggsignif
2019-12-02,4788,1512483,ggsignif
2019-12-03,4705,1517188,ggsignif
2019-12-04,4101,1521289,ggsignif
2019-12-05,4194,1525483,ggsignif
2019-12-06,3649,1529132,ggsignif
2019-12-07,1858,1530990,ggsignif
2019-12-08,2086,1533076,ggsignif
2019-12-09,4187,1537263,ggsignif
2019-12-10,4223,1541486,ggsignif
2019-12-11,3989,1545475,ggsignif
2019-12-12,4492,1549967,ggsignif
2019-12-13,3837,1553804,ggsignif
2019-12-14,2338,1556142,ggsignif
2019-12-15,2144,1558286,ggsignif
2019-12-16,3500,1561786,ggsignif
2019-12-17,3776,1565562,ggsignif
2019-12-18,3741,1569303,ggsignif
2019-12-19,3781,1573084,ggsignif
2019-12-20,3179,1576263,ggsignif
2019-12-21,1837,1578100,ggsignif
2019-12-22,1801,1579901,ggsignif
2019-12-23,2661,1582562,ggsignif
2019-12-24,2197,1584759,ggsignif
2019-12-25,1673,1586432,ggsignif
2019-12-26,2215,1588647,ggsignif
2019-12-27,1995,1590642,ggsignif
2019-12-28,1712,1592354,ggsignif
2019-12-29,1847,1594201,ggsignif
2019-12-30,2200,1596401,ggsignif
2019-12-31,1931,1598332,ggsignif
2020-01-01,1494,1599826,ggsignif
2020-01-02,2767,1602593,ggsignif
2020-01-03,2929,1605522,ggsignif
2020-01-04,1843,1607365,ggsignif
2020-01-05,2223,1609588,ggsignif
2020-01-06,3413,1613001,ggsignif
2020-01-07,3698,1616699,ggsignif
2020-01-08,3545,1620244,ggsignif
2020-01-09,3875,1624119,ggsignif
2020-01-10,3404,1627523,ggsignif
2020-01-11,2174,1629697,ggsignif
2020-01-12,2154,1631851,ggsignif
2020-01-13,3506,1635357,ggsignif
2020-01-14,4234,1639591,ggsignif
2020-01-15,3898,1643489,ggsignif
2020-01-16,3877,1647366,ggsignif
2020-01-17,3390,1650756,ggsignif
2020-01-18,1687,1652443,ggsignif
2020-01-19,1972,1654415,ggsignif
2020-01-20,3611,1658026,ggsignif
2020-01-21,3786,1661812,ggsignif
2020-01-22,4230,1666042,ggsignif
2020-01-23,3715,1669757,ggsignif
2020-01-24,3691,1673448,ggsignif
2020-01-25,2004,1675452,ggsignif
2020-01-26,2559,1678011,ggsignif
2020-01-27,4241,1682252,ggsignif
2020-01-28,3880,1686132,ggsignif
2020-01-29,4669,1690801,ggsignif
2020-01-30,4922,1695723,ggsignif
2020-01-31,4120,1699843,ggsignif
2020-02-01,2204,1702047,ggsignif
2020-02-02,2217,1704264,ggsignif
2020-02-03,4531,1708795,ggsignif
2020-02-04,4973,1713768,ggsignif
2020-02-05,4682,1718450,ggsignif
2020-02-06,4919,1723369,ggsignif
2020-02-07,4880,1728249,ggsignif
2020-02-08,2340,1730589,ggsignif
2020-02-09,2392,1732981,ggsignif
2020-02-10,4595,1737576,ggsignif
2020-02-11,5047,1742623,ggsignif
2020-02-12,5332,1747955,ggsignif
2020-02-13,5087,1753042,ggsignif
2020-02-14,4869,1757911,ggsignif
2020-02-15,2567,1760478,ggsignif
2020-02-16,2601,1763079,ggsignif
2020-02-17,4106,1767185,ggsignif
2020-02-18,6034,1773219,ggsignif
2020-02-19,6066,1779285,ggsignif
2020-02-20,5869,1785154,ggsignif
2020-02-21,5262,1790416,ggsignif
2020-02-22,3662,1794078,ggsignif
2020-02-23,3385,1797463,ggsignif
2020-02-24,5147,1802610,ggsignif
2020-02-25,5588,1808198,ggsignif
2020-02-26,6587,1814785,ggsignif
2020-02-27,5654,1820439,ggsignif
2020-02-28,5439,1825878,ggsignif
2020-02-29,774,1826652,ggsignif
2020-03-01,3266,1829918,ggsignif
2020-03-02,6050,1835968,ggsignif
2020-03-03,6341,1842309,ggsignif
2020-03-04,6280,1848589,ggsignif
2020-03-05,6186,1854775,ggsignif
2020-03-06,5566,1860341,ggsignif
2020-03-07,3261,1863602,ggsignif
2020-03-08,2999,1866601,ggsignif
2020-03-09,5849,1872450,ggsignif
2020-03-10,5819,1878269,ggsignif
2020-03-11,6077,1884346,ggsignif
2020-03-12,7363,1891709,ggsignif
2020-03-13,5231,1896940,ggsignif
2020-03-14,3311,1900251,ggsignif
2020-03-15,3473,1903724,ggsignif
2020-03-16,5878,1909602,ggsignif
2020-03-17,5825,1915427,ggsignif
2020-03-18,6322,1921749,ggsignif
2020-03-19,6178,1927927,ggsignif
2020-03-20,5633,1933560,ggsignif
2020-03-21,3419,1936979,ggsignif
2020-03-22,4035,1941014,ggsignif
2020-03-23,5917,1946931,ggsignif
2020-03-24,5629,1952560,ggsignif
2020-03-25,5811,1958371,ggsignif
2020-03-26,6441,1964812,ggsignif
2020-03-27,6103,1970915,ggsignif
2020-03-28,3811,1974726,ggsignif
2020-03-29,3955,1978681,ggsignif
2020-03-30,6348,1985029,ggsignif
2020-03-31,6817,1991846,ggsignif
2020-04-01,6208,1998054,ggsignif
2020-04-02,6527,2004581,ggsignif
2020-04-03,6222,2010803,ggsignif
2020-04-04,4315,2015118,ggsignif
2020-04-05,3189,2018307,ggsignif
2020-04-06,6200,2024507,ggsignif
2020-04-07,5325,2029832,ggsignif
2020-04-08,5888,2035720,ggsignif
2020-04-09,5014,2040734,ggsignif
2020-04-10,4558,2045292,ggsignif
2020-04-11,3251,2048543,ggsignif
2020-04-12,3283,2051826,ggsignif
2020-04-13,4562,2056388,ggsignif
2020-04-14,5820,2062208,ggsignif
2020-04-15,5220,2067428,ggsignif
2020-04-16,5070,2072498,ggsignif
2020-04-17,4162,2076660,ggsignif
2020-04-18,2822,2079482,ggsignif
2020-04-19,3121,2082603,ggsignif
2020-04-20,4528,2087131,ggsignif
2020-04-21,5267,2092398,ggsignif
2020-04-22,5568,2097966,ggsignif
2020-04-23,5025,2102991,ggsignif
2020-04-24,5600,2108591,ggsignif
2020-04-25,3552,2112143,ggsignif
2020-04-26,4014,2116157,ggsignif
2020-04-27,6407,2122564,ggsignif
2020-04-28,6237,2128801,ggsignif
2020-04-29,6116,2134917,ggsignif
2020-04-30,5693,2140610,ggsignif
2020-05-01,4435,2145045,ggsignif
2020-05-02,3819,2148864,ggsignif
2020-05-03,3903,2152767,ggsignif
2020-05-04,5926,2158693,ggsignif
2020-05-05,6298,2164991,ggsignif
2020-05-06,5978,2170969,ggsignif
2020-05-07,5604,2176573,ggsignif
2020-05-08,4972,2181545,ggsignif
2020-05-09,4132,2185677,ggsignif
2020-05-10,3925,2189602,ggsignif
2020-05-11,6110,2195712,ggsignif
2020-05-12,6259,2201971,ggsignif
2020-05-13,6393,2208364,ggsignif
2020-05-14,6044,2214408,ggsignif
2020-05-15,5391,2219799,ggsignif
2020-05-16,3484,2223283,ggsignif
2020-05-17,3558,2226841,ggsignif
2020-05-18,5440,2232281,ggsignif
2020-05-19,5705,2237986,ggsignif
2020-05-20,5025,2243011,ggsignif
2020-05-21,4802,2247813,ggsignif
2020-05-22,4502,2252315,ggsignif
2020-05-23,3389,2255704,ggsignif
2020-05-24,3190,2258894,ggsignif
2020-05-25,4509,2263403,ggsignif
2020-05-26,5220,2268623,ggsignif
2020-05-27,5411,2274034,ggsignif
2020-05-28,5381,2279415,ggsignif
2020-05-29,4944,2284359,ggsignif
2020-05-30,3030,2287389,ggsignif
2020-05-31,3139,2290528,ggsignif
2020-06-01,4512,2295040,ggsignif
2020-06-02,4937,2299977,ggsignif
2020-06-03,4893,2304870,ggsignif
2020-06-04,5069,2309939,ggsignif
2020-06-05,4590,2314529,ggsignif
2020-06-06,3207,2317736,ggsignif
2020-06-07,3182,2320918,ggsignif
2020-06-08,4916,2325834,ggsignif
2020-06-09,5280,2331114,ggsignif
2020-06-10,5058,2336172,ggsignif
2020-06-11,5135,2341307,ggsignif
2020-06-12,4616,2345923,ggsignif
2020-06-13,3096,2349019,ggsignif
2020-06-14,3504,2352523,ggsignif
2020-06-15,5516,2358039,ggsignif
2020-06-16,5287,2363326,ggsignif
2020-06-17,5379,2368705,ggsignif
2020-06-18,5065,2373770,ggsignif
2020-06-19,4341,2378111,ggsignif
2020-06-20,3024,2381135,ggsignif
2020-06-21,3106,2384241,ggsignif
2020-06-22,5463,2389704,ggsignif
2020-06-23,4925,2394629,ggsignif
2020-06-24,4452,2399081,ggsignif
2020-06-25,4411,2403492,ggsignif
2020-06-26,4623,2408115,ggsignif
2020-06-27,2652,2410767,ggsignif
2020-06-28,2870,2413637,ggsignif
2020-06-29,4671,2418308,ggsignif
2020-06-30,4795,2423103,ggsignif
2020-07-01,4873,2427976,ggsignif
2020-07-02,4677,2432653,ggsignif
2020-07-03,3666,2436319,ggsignif
2020-07-04,2946,2439265,ggsignif
2020-07-05,2803,2442068,ggsignif
2020-07-06,4661,2446729,ggsignif
2020-07-07,4381,2451110,ggsignif
2020-07-08,4503,2455613,ggsignif
2020-07-09,4833,2460446,ggsignif
2020-07-10,4292,2464738,ggsignif
2020-07-11,2821,2467559,ggsignif
2020-07-12,2990,2470549,ggsignif
2020-07-13,4698,2475247,ggsignif
2020-07-14,4917,2480164,ggsignif
2020-07-15,4830,2484994,ggsignif
2020-07-16,5109,2490103,ggsignif
2020-07-17,4562,2494665,ggsignif
2020-07-18,2670,2497335,ggsignif
2020-07-19,2718,2500053,ggsignif
2020-07-20,4905,2504958,ggsignif
2020-07-21,4887,2509845,ggsignif
2020-07-22,5179,2515024,ggsignif
2020-07-23,5007,2520031,ggsignif
2020-07-24,4475,2524506,ggsignif
2020-07-25,2811,2527317,ggsignif
2020-07-26,3190,2530507,ggsignif
2020-07-27,4933,2535440,ggsignif
2020-07-28,5505,2540945,ggsignif
2020-07-29,4683,2545628,ggsignif
2020-07-30,4911,2550539,ggsignif
2020-07-31,4756,2555295,ggsignif
2020-08-01,2822,2558117,ggsignif
2020-08-02,2924,2561041,ggsignif
2020-08-03,5133,2566174,ggsignif
2020-08-04,4996,2571170,ggsignif
2020-08-05,5492,2576662,ggsignif
2020-08-06,5079,2581741,ggsignif
2020-08-07,4978,2586719,ggsignif
2020-08-08,2656,2589375,ggsignif
2020-08-09,2865,2592240,ggsignif
2020-08-10,4994,2597234,ggsignif
2020-08-11,4977,2602211,ggsignif
2020-08-12,5092,2607303,ggsignif
2020-08-13,4672,2611975,ggsignif
2020-08-14,4161,2616136,ggsignif
2020-08-15,2988,2619124,ggsignif
2020-08-16,2494,2621618,ggsignif
2020-08-17,4264,2625882,ggsignif
2020-08-18,4788,2630670,ggsignif
2020-08-19,4880,2635550,ggsignif
2020-08-20,4711,2640261,ggsignif
2020-08-21,4123,2644384,ggsignif
2020-08-22,3039,2647423,ggsignif
2020-08-23,2765,2650188,ggsignif
2020-08-24,4663,2654851,ggsignif
2020-08-25,5047,2659898,ggsignif
2020-08-26,4920,2664818,ggsignif
2020-08-27,5248,2670066,ggsignif
2020-08-28,4378,2674444,ggsignif
2020-08-29,2625,2677069,ggsignif
2020-08-30,2826,2679895,ggsignif
2020-08-31,5017,2684912,ggsignif
2020-09-01,4666,2689578,ggsignif
2020-09-02,4983,2694561,ggsignif
2020-09-03,5140,2699701,ggsignif
2020-09-04,4260,2703961,ggsignif
2020-09-05,2673,2706634,ggsignif
2020-09-06,2513,2709147,ggsignif
2020-09-07,4131,2713278,ggsignif
2020-09-08,4965,2718243,ggsignif
2020-09-09,5512,2723755,ggsignif
2020-09-10,4913,2728668,ggsignif
2020-09-11,4853,2733521,ggsignif
2020-09-12,2914,2736435,ggsignif
2020-09-13,3511,2739946,ggsignif
2020-09-14,5639,2745585,ggsignif
2020-09-15,5611,2751196,ggsignif
2020-09-16,5679,2756875,ggsignif
2020-09-17,6194,2763069,ggsignif
2020-09-18,5337,2768406,ggsignif
2020-09-19,3293,2771699,ggsignif
2020-09-20,3608,2775307,ggsignif
2020-09-21,6209,2781516,ggsignif
2020-09-22,5850,2787366,ggsignif
2020-09-23,5519,2792885,ggsignif
2020-09-24,5413,2798298,ggsignif
2020-09-25,5210,2803508,ggsignif
2020-09-26,3543,2807051,ggsignif
2020-09-27,3688,2810739,ggsignif
2020-09-28,5920,2816659,ggsignif
2020-09-29,5783,2822442,ggsignif
2020-09-30,6274,2828716,ggsignif
2020-10-01,6367,2835083,ggsignif
2020-10-02,6504,2841587,ggsignif
2020-10-03,4391,2845978,ggsignif
2020-10-04,4722,2850700,ggsignif
2020-10-05,7377,2858077,ggsignif
2020-10-06,7231,2865308,ggsignif
2020-10-07,6856,2872164,ggsignif
2020-10-08,6643,2878807,ggsignif
2020-10-09,6292,2885099,ggsignif
2020-10-10,4311,2889410,ggsignif
2020-10-11,4490,2893900,ggsignif
2020-10-12,6108,2900008,ggsignif
2020-10-13,7253,2907261,ggsignif
2020-10-14,7118,2914379,ggsignif
2020-10-15,6989,2921368,ggsignif
2020-10-16,6502,2927870,ggsignif
2020-10-17,4506,2932376,ggsignif
2020-10-18,4366,2936742,ggsignif
2020-10-19,6872,2943614,ggsignif
2020-10-20,7208,2950822,ggsignif
2020-10-21,7353,2958175,ggsignif
2020-10-22,6915,2965090,ggsignif
2020-10-23,6432,2971522,ggsignif
2020-10-24,4331,2975853,ggsignif
2020-10-25,4486,2980339,ggsignif
2020-10-26,6662,2987001,ggsignif
2020-10-27,7458,2994459,ggsignif
2020-10-28,7301,3001760,ggsignif
2020-10-29,6798,3008558,ggsignif
2020-10-30,6325,3014883,ggsignif
2020-10-31,4408,3019291,ggsignif
2020-11-01,4318,3023609,ggsignif
2020-11-02,7661,3031270,ggsignif
2020-11-03,7821,3039091,ggsignif
2020-11-04,6851,3045942,ggsignif
2020-11-05,7327,3053269,ggsignif
2020-11-06,6543,3059812,ggsignif
2020-11-07,4279,3064091,ggsignif
2020-11-08,4163,3068254,ggsignif
2020-11-09,7222,3075476,ggsignif
2020-11-10,7306,3082782,ggsignif
2020-11-11,6675,3089457,ggsignif
2020-11-12,7320,3096777,ggsignif
2020-11-13,6890,3103667,ggsignif
2020-11-14,3913,3107580,ggsignif
2020-11-15,4390,3111970,ggsignif
2020-11-16,7270,3119240,ggsignif
2020-11-17,7445,3126685,ggsignif
2020-11-18,7192,3133877,ggsignif
2020-11-19,7184,3141061,ggsignif
2020-11-20,6662,3147723,ggsignif
2020-11-21,4228,3151951,ggsignif
2020-11-22,4489,3156440,ggsignif
2020-11-23,6525,3162965,ggsignif
2020-11-24,6965,3169930,ggsignif
2020-11-25,5375,3175305,ggsignif
2020-11-26,5734,3181039,ggsignif
2020-11-27,5140,3186179,ggsignif
2020-11-28,3945,3190124,ggsignif
2020-11-29,3999,3194123,ggsignif
2020-11-30,6206,3200329,ggsignif
2020-12-01,6714,3207043,ggsignif
2020-12-02,7241,3214284,ggsignif
2020-12-03,7196,3221480,ggsignif
2020-12-04,7372,3228852,ggsignif
2020-12-05,4590,3233442,ggsignif
2020-12-06,4615,3238057,ggsignif
2020-12-07,7000,3245057,ggsignif
2020-12-08,7274,3252331,ggsignif
2020-12-09,6858,3259189,ggsignif
2020-12-10,6935,3266124,ggsignif
2020-12-11,6431,3272555,ggsignif
2020-12-12,4315,3276870,ggsignif
2020-12-13,5189,3282059,ggsignif
2020-12-14,7436,3289495,ggsignif
2020-12-15,7431,3296926,ggsignif
2020-12-16,7625,3304551,ggsignif
2020-12-17,7329,3311880,ggsignif
2020-12-18,6449,3318329,ggsignif
2020-12-19,4099,3322428,ggsignif
2020-12-20,4172,3326600,ggsignif
2020-12-21,6495,3333095,ggsignif
2020-12-22,7391,3340486,ggsignif
2020-12-23,5936,3346422,ggsignif
2020-12-24,4747,3351169,ggsignif
2020-12-25,3229,3354398,ggsignif
2020-12-26,3339,3357737,ggsignif
2020-12-27,4900,3362637,ggsignif
2020-12-28,5384,3368021,ggsignif
2020-12-29,3914,3371935,ggsignif
2020-12-30,4435,3376370,ggsignif
2020-12-31,4963,3381333,ggsignif
2021-01-01,4484,3385817,ggsignif
2021-01-02,4160,3389977,ggsignif
2021-01-03,5001,3394978,ggsignif
2021-01-04,5716,3400694,ggsignif
2021-01-05,6462,3407156,ggsignif
2021-01-06,5867,3413023,ggsignif
2021-01-07,5606,3418629,ggsignif
2021-01-08,5526,3424155,ggsignif
2021-01-09,4002,3428157,ggsignif
2021-01-10,4147,3432304,ggsignif
2021-01-11,6130,3438434,ggsignif
2021-01-12,6098,3444532,ggsignif
2021-01-13,7239,3451771,ggsignif
2021-01-14,6889,3458660,ggsignif
2021-01-15,5893,3464553,ggsignif
2021-01-16,3756,3468309,ggsignif
2021-01-17,4126,3472435,ggsignif
2021-01-18,6111,3478546,ggsignif
2021-01-19,6960,3485506,ggsignif
2021-01-20,6864,3492370,ggsignif
2021-01-21,6584,3498954,ggsignif
2021-01-22,6330,3505284,ggsignif
2021-01-23,3810,3509094,ggsignif
2021-01-24,4039,3513133,ggsignif
2021-01-25,6133,3519266,ggsignif
2021-01-26,6644,3525910,ggsignif
2021-01-27,6381,3532291,ggsignif
2021-01-28,6361,3538652,ggsignif
2021-01-29,6222,3544874,ggsignif
2021-01-30,3927,3548801,ggsignif
2021-01-31,4538,3553339,ggsignif
2021-02-01,6860,3560199,ggsignif
2021-02-02,7040,3567239,ggsignif
2021-02-03,6528,3573767,ggsignif
2021-02-04,7617,3581384,ggsignif
2021-02-05,7037,3588421,ggsignif
2021-02-06,4073,3592494,ggsignif
2021-02-07,4254,3596748,ggsignif
2021-02-08,7242,3603990,ggsignif
2021-02-09,7362,3611352,ggsignif
2021-02-10,7061,3618413,ggsignif
2021-02-11,7149,3625562,ggsignif
2021-02-12,6911,3632473,ggsignif
2021-02-13,3740,3636213,ggsignif
2021-02-14,3723,3639936,ggsignif
2021-02-15,5361,3645297,ggsignif
2021-02-16,6014,3651311,ggsignif
2021-02-17,7429,3658740,ggsignif
2021-02-18,6831,3665571,ggsignif
2021-02-19,6030,3671601,ggsignif
2021-02-20,3994,3675595,ggsignif
2021-02-21,4796,3680391,ggsignif
2021-02-22,7781,3688172,ggsignif
2021-02-23,9679,3697851,ggsignif
2021-02-24,9409,3707260,ggsignif
2021-02-25,9005,3716265,ggsignif
2021-02-26,9280,3725545,ggsignif
2021-02-27,6067,3731612,ggsignif
2021-02-28,5661,3737273,ggsignif
2021-03-01,9833,3747106,ggsignif
2021-03-02,9784,3756890,ggsignif
2021-03-03,10090,3766980,ggsignif
2021-03-04,10017,3776997,ggsignif
2021-03-05,8425,3785422,ggsignif
2021-03-06,4697,3790119,ggsignif
2021-03-07,5389,3795508,ggsignif
2021-03-08,9347,3804855,ggsignif
2021-03-09,10316,3815171,ggsignif
2021-03-10,10421,3825592,ggsignif
2021-03-11,9410,3835002,ggsignif
2021-03-12,8160,3843162,ggsignif
2021-03-13,4575,3847737,ggsignif
2021-03-14,5332,3853069,ggsignif
2021-03-15,9227,3862296,ggsignif
2021-03-16,11319,3873615,ggsignif
2021-03-17,9854,3883469,ggsignif
2021-03-18,9220,3892689,ggsignif
2021-03-19,7813,3900502,ggsignif
2021-03-20,4436,3904938,ggsignif
2021-03-21,4445,3909383,ggsignif
2021-03-22,8413,3917796,ggsignif
2021-03-23,8293,3926089,ggsignif
2021-03-24,8465,3934554,ggsignif
2021-03-25,7991,3942545,ggsignif
2021-03-26,6760,3949305,ggsignif
2021-03-27,4208,3953513,ggsignif
2021-03-28,4554,3958067,ggsignif
2021-03-29,7949,3966016,ggsignif
2021-03-30,8422,3974438,ggsignif
2021-03-31,8210,3982648,ggsignif
2021-04-01,8706,3991354,ggsignif
2021-04-02,7864,3999218,ggsignif
2021-04-03,6285,4005503,ggsignif
2021-04-04,5445,4010948,ggsignif
2021-04-05,7780,4018728,ggsignif
2021-04-06,8734,4027462,ggsignif
2021-04-07,8736,4036198,ggsignif
2021-04-08,8268,4044466,ggsignif
2021-04-09,7653,4052119,ggsignif
2021-04-10,3845,4055964,ggsignif
2021-04-11,4323,4060287,ggsignif
2021-04-12,8577,4068864,ggsignif
2021-04-13,7867,4076731,ggsignif
2021-04-14,8160,4084891,ggsignif
2021-04-15,8440,4093331,ggsignif
2021-04-16,7198,4100529,ggsignif
2021-04-17,4202,4104731,ggsignif
2021-04-18,5135,4109866,ggsignif
2021-04-19,7727,4117593,ggsignif
2021-04-20,7790,4125383,ggsignif
2021-04-21,7638,4133021,ggsignif
2021-04-22,7391,4140412,ggsignif
2021-04-23,6928,4147340,ggsignif
2021-04-24,3934,4151274,ggsignif
2021-04-25,4190,4155464,ggsignif
2021-04-26,7454,4162918,ggsignif
2021-04-27,7099,4170017,ggsignif
2021-04-28,6910,4176927,ggsignif
2021-04-29,7045,4183972,ggsignif
2021-04-30,6023,4189995,ggsignif
2021-05-01,3615,4193610,ggsignif
2021-05-02,3973,4197583,ggsignif
2021-05-03,6997,4204580,ggsignif
2021-05-04,6972,4211552,ggsignif
2021-05-05,7375,4218927,ggsignif
2021-05-06,6162,4225089,ggsignif
2021-05-07,5880,4230969,ggsignif
2021-05-08,3905,4234874,ggsignif
2021-05-09,3793,4238667,ggsignif
2021-05-10,6872,4245539,ggsignif
2021-05-11,6511,4252050,ggsignif
2021-05-12,6653,4258703,ggsignif
2021-05-13,6155,4264858,ggsignif
2021-05-14,5741,4270599,ggsignif
2021-05-15,3680,4274279,ggsignif
2021-05-16,3650,4277929,ggsignif
2021-05-17,7299,4285228,ggsignif
2021-05-18,7590,4292818,ggsignif
2021-05-19,7989,4300807,ggsignif
2021-05-20,7638,4308445,ggsignif
2021-05-21,7189,4315634,ggsignif
2021-05-22,3900,4319534,ggsignif
2021-05-23,4273,4323807,ggsignif
2021-05-24,6733,4330540,ggsignif
2021-05-25,7421,4337961,ggsignif
2021-05-26,7514,4345475,ggsignif
2021-05-27,6770,4352245,ggsignif
2021-05-28,5970,4358215,ggsignif
2021-05-29,3576,4361791,ggsignif
2021-05-30,3586,4365377,ggsignif
2021-05-31,5958,4371335,ggsignif
2021-06-01,6928,4378263,ggsignif
2021-06-02,6811,4385074,ggsignif
2021-06-03,6629,4391703,ggsignif
2021-06-04,7121,4398824,ggsignif
2021-06-05,3892,4402716,ggsignif
2021-06-06,4097,4406813,ggsignif
2021-06-07,7125,4413938,ggsignif
2021-06-08,7703,4421641,ggsignif
2021-06-09,7718,4429359,ggsignif
2021-06-10,7157,4436516,ggsignif
2021-06-11,6723,4443239,ggsignif
2021-06-12,3462,4446701,ggsignif
2021-06-13,3840,4450541,ggsignif
2021-06-14,9092,4459633,ggsignif
2021-06-15,11728,4471361,ggsignif
2021-06-16,9486,4480847,ggsignif
2021-06-17,9670,4490517,ggsignif
2021-06-18,7726,4498243,ggsignif
2021-06-19,4669,4502912,ggsignif
2021-06-20,4526,4507438,ggsignif
2021-06-21,8148,4515586,ggsignif
2021-06-22,8700,4524286,ggsignif
2021-06-23,7909,4532195,ggsignif
2021-06-24,8564,4540759,ggsignif
2021-06-25,7733,4548492,ggsignif
2021-06-26,3577,4552069,ggsignif
2021-06-27,3665,4555734,ggsignif
2021-06-28,7952,4563686,ggsignif
2021-06-29,7319,4571005,ggsignif
2021-06-30,6945,4577950,ggsignif
2021-07-01,6867,4584817,ggsignif
2021-07-02,6962,4591779,ggsignif
2021-07-03,3828,4595607,ggsignif
2021-07-04,3759,4599366,ggsignif
2021-07-05,6639,4606005,ggsignif
2021-07-06,7407,4613412,ggsignif
2021-07-07,7416,4620828,ggsignif
2021-07-08,6984,4627812,ggsignif
2021-07-09,5840,4633652,ggsignif
2021-07-10,3753,4637405,ggsignif
2021-07-11,3720,4641125,ggsignif
2021-07-12,6830,4647955,ggsignif
2021-07-13,6719,4654674,ggsignif
2021-07-14,6848,4661522,ggsignif
2021-07-15,6678,4668200,ggsignif
2021-07-16,5944,4674144,ggsignif
2021-07-17,3444,4677588,ggsignif
2021-07-18,3666,4681254,ggsignif
2021-07-19,6726,4687980,ggsignif
2021-07-20,6955,4694935,ggsignif
2021-07-21,6608,4701543,ggsignif
2021-07-22,6472,4708015,ggsignif
2021-07-23,5773,4713788,ggsignif
2021-07-24,2973,4716761,ggsignif
2021-07-25,3391,4720152,ggsignif
2021-07-26,6945,4727097,ggsignif
2021-07-27,6729,4733826,ggsignif
2021-07-28,6665,4740491,ggsignif
2021-07-29,6086,4746577,ggsignif
2021-07-30,6286,4752863,ggsignif
2021-07-31,3561,4756424,ggsignif
2021-08-01,3377,4759801,ggsignif
2021-08-02,6441,4766242,ggsignif
2021-08-03,6337,4772579,ggsignif
2021-08-04,6839,4779418,ggsignif
2021-08-05,6730,4786148,ggsignif
2021-08-06,5906,4792054,ggsignif
2021-08-07,3284,4795338,ggsignif
2021-08-08,3638,4798976,ggsignif
2021-08-09,7387,4806363,ggsignif
2021-08-10,7578,4813941,ggsignif
2021-08-11,6788,4820729,ggsignif
2021-08-12,6885,4827614,ggsignif
2021-08-13,7081,4834695,ggsignif
2021-08-14,4202,4838897,ggsignif
2021-08-15,3735,4842632,ggsignif
2021-08-16,6886,4849518,ggsignif
2021-08-17,6709,4856227,ggsignif
2021-08-18,6723,4862950,ggsignif
2021-08-19,6313,4869263,ggsignif
2021-08-20,6247,4875510,ggsignif
2021-08-21,3009,4878519,ggsignif
2021-08-22,3077,4881596,ggsignif
2021-08-23,6583,4888179,ggsignif
2021-08-24,6653,4894832,ggsignif
2021-08-25,6719,4901551,ggsignif
2021-08-26,6501,4908052,ggsignif
2021-08-27,6345,4914397,ggsignif
2021-08-28,3676,4918073,ggsignif
2021-08-29,3366,4921439,ggsignif
2021-08-30,7413,4928852,ggsignif
2021-08-31,7247,4936099,ggsignif
2021-09-01,7310,4943409,ggsignif
2021-09-02,7155,4950564,ggsignif
2021-09-03,5975,4956539,ggsignif
2021-09-04,3598,4960137,ggsignif
2021-09-05,3306,4963443,ggsignif
2021-09-06,5202,4968645,ggsignif
2021-09-07,6507,4975152,ggsignif
2021-09-08,6895,4982047,ggsignif
2021-09-09,7392,4989439,ggsignif
2021-09-10,8730,4998169,ggsignif
2021-09-11,4284,5002453,ggsignif
2021-09-12,4127,5006580,ggsignif
2021-09-13,8357,5014937,ggsignif
2021-09-14,8490,5023427,ggsignif
2021-09-15,8613,5032040,ggsignif
2021-09-16,8197,5040237,ggsignif
2021-09-17,7335,5047572,ggsignif
2021-09-18,4144,5051716,ggsignif
2021-09-19,4314,5056030,ggsignif
2021-09-20,8881,5064911,ggsignif
2021-09-21,8122,5073033,ggsignif
2021-09-22,8186,5081219,ggsignif
2021-09-23,8939,5090158,ggsignif
2021-09-24,7970,5098128,ggsignif
2021-09-25,4020,5102148,ggsignif
2021-09-26,4416,5106564,ggsignif
2021-09-27,8561,5115125,ggsignif
2021-09-28,8280,5123405,ggsignif
2021-09-29,8043,5131448,ggsignif
2021-09-30,8362,5139810,ggsignif
2021-10-01,7326,5147136,ggsignif
2021-10-02,4003,5151139,ggsignif
2021-10-03,3883,5155022,ggsignif
2021-10-04,8235,5163257,ggsignif
2021-10-05,7990,5171247,ggsignif
2021-10-06,8634,5179881,ggsignif
2021-10-07,8881,5188762,ggsignif
2021-10-08,6804,5195566,ggsignif
2021-10-09,3497,5199063,ggsignif
2021-10-10,3882,5202945,ggsignif
2021-10-11,6947,5209892,ggsignif
2021-10-12,7609,5217501,ggsignif
2021-10-13,7991,5225492,ggsignif
2021-10-14,7518,5233010,ggsignif
2021-10-15,7487,5240497,ggsignif
2021-10-16,3977,5244474,ggsignif
2021-10-17,3921,5248395,ggsignif
2021-10-18,8965,5257360,ggsignif
2021-10-19,9573,5266933,ggsignif
2021-10-20,9460,5276393,ggsignif
2021-10-21,8681,5285074,ggsignif
2021-10-22,7462,5292536,ggsignif
2021-10-23,4330,5296866,ggsignif
2021-10-24,4735,5301601,ggsignif
2021-10-25,9018,5310619,ggsignif
2021-10-26,9595,5320214,ggsignif
2021-10-27,9392,5329606,ggsignif
2021-10-28,9745,5339351,ggsignif
2021-10-29,8387,5347738,ggsignif
2021-10-30,5032,5352770,ggsignif
2021-10-31,4667,5357437,ggsignif
2021-11-01,8053,5365490,ggsignif
2021-11-02,8743,5374233,ggsignif
2021-11-03,9054,5383287,ggsignif
2021-11-04,8410,5391697,ggsignif
2021-11-05,8277,5399974,ggsignif
2021-11-06,4871,5404845,ggsignif
2021-11-07,4799,5409644,ggsignif
2021-11-08,9138,5418782,ggsignif
2021-11-09,9983,5428765,ggsignif
2021-11-10,9211,5437976,ggsignif
2021-11-11,9005,5446981,ggsignif
2021-11-12,8334,5455315,ggsignif
2021-11-13,4764,5460079,ggsignif
2021-11-14,5097,5465176,ggsignif
2021-11-15,8142,5473318,ggsignif
2021-11-16,10424,5483742,ggsignif
2021-11-17,9900,5493642,ggsignif
2021-11-18,9673,5503315,ggsignif
2021-11-19,8972,5512287,ggsignif
2021-11-20,5017,5517304,ggsignif
2021-11-21,5312,5522616,ggsignif
2021-11-22,9430,5532046,ggsignif
2021-11-23,9919,5541965,ggsignif
2021-11-24,8901,5550866,ggsignif
2021-11-25,8521,5559387,ggsignif
2021-11-26,7054,5566441,ggsignif
2021-11-27,4625,5571066,ggsignif
2021-11-28,4867,5575933,ggsignif
2021-11-29,8561,5584494,ggsignif
2021-11-30,8921,5593415,ggsignif
2021-12-01,8531,5601946,ggsignif
2021-12-02,9720,5611666,ggsignif
2021-12-03,8322,5619988,ggsignif
2021-12-04,4427,5624415,ggsignif
2021-12-05,4820,5629235,ggsignif
2021-12-06,10159,5639394,ggsignif
2021-12-07,9269,5648663,ggsignif
2021-12-08,8542,5657205,ggsignif
2021-12-09,8786,5665991,ggsignif
2021-12-10,7669,5673660,ggsignif
2021-12-11,5010,5678670,ggsignif
2021-12-12,5161,5683831,ggsignif
2021-12-13,9178,5693009,ggsignif
2021-12-14,9009,5702018,ggsignif
2021-12-15,7979,5709997,ggsignif
2021-12-16,7898,5717895,ggsignif
2021-12-17,7185,5725080,ggsignif
2021-12-18,4148,5729228,ggsignif
2021-12-19,4346,5733574,ggsignif
2021-12-20,8127,5741701,ggsignif
2021-12-21,7757,5749458,ggsignif
2021-12-22,6892,5756350,ggsignif
2021-12-23,5682,5762032,ggsignif
2021-12-24,4669,5766701,ggsignif
2021-12-25,3340,5770041,ggsignif
2021-12-26,3355,5773396,ggsignif
2021-12-27,5022,5778418,ggsignif
2021-12-28,5231,5783649,ggsignif
2021-12-29,5699,5789348,ggsignif
2021-12-30,4818,5794166,ggsignif
2021-12-31,3819,5797985,ggsignif
2022-01-01,3250,5801235,ggsignif
2022-01-02,3442,5804677,ggsignif
2022-01-03,6337,5811014,ggsignif
2022-01-04,7268,5818282,ggsignif
2022-01-05,7134,5825416,ggsignif
2022-01-06,7580,5832996,ggsignif
2022-01-07,6712,5839708,ggsignif
2022-01-08,4209,5843917,ggsignif
2022-01-09,4236,5848153,ggsignif
2022-01-10,7589,5855742,ggsignif
2022-01-11,7253,5862995,ggsignif
2022-01-12,7102,5870097,ggsignif
2022-01-13,6629,5876726,ggsignif
2022-01-14,6694,5883420,ggsignif
2022-01-15,3955,5887375,ggsignif
2022-01-16,3953,5891328,ggsignif
2022-01-17,6794,5898122,ggsignif
2022-01-18,7600,5905722,ggsignif
2022-01-19,7646,5913368,ggsignif
2022-01-20,7258,5920626,ggsignif
2022-01-21,6742,5927368,ggsignif
2022-01-22,3904,5931272,ggsignif
2022-01-23,3849,5935121,ggsignif
2022-01-24,7950,5943071,ggsignif
2022-01-25,8279,5951350,ggsignif
2022-01-26,8608,5959958,ggsignif
2022-01-27,7568,5967526,ggsignif
2022-01-28,6583,5974109,ggsignif
2022-01-29,4017,5978126,ggsignif
2022-01-30,4120,5982246,ggsignif
2022-01-31,6747,5988993,ggsignif
2022-02-01,6715,5995708,ggsignif
2022-02-02,6802,6002510,ggsignif
2022-02-03,6462,6008972,ggsignif
2022-02-04,6562,6015534,ggsignif
2022-02-05,3773,6019307,ggsignif
2022-02-06,3929,6023236,ggsignif
2022-02-07,6895,6030131,ggsignif
2022-02-08,6367,6036498,ggsignif
2022-02-09,6394,6042892,ggsignif
2022-02-10,6255,6049147,ggsignif
2022-02-11,5612,6054759,ggsignif
2022-02-12,2889,6057648,ggsignif
2022-02-13,3021,6060669,ggsignif
2022-02-14,6702,6067371,ggsignif
2022-02-15,6573,6073944,ggsignif
2022-02-16,6659,6080603,ggsignif
2022-02-17,6277,6086880,ggsignif
2022-02-18,6003,6092883,ggsignif
2022-02-19,3239,6096122,ggsignif
2022-02-20,3065,6099187,ggsignif
2022-02-21,6268,6105455,ggsignif
2022-02-22,6470,6111925,ggsignif
2022-02-23,6378,6118303,ggsignif
2022-02-24,6083,6124386,ggsignif
2022-02-25,5215,6129601,ggsignif
2022-02-26,2900,6132501,ggsignif
2022-02-27,2938,6135439,ggsignif
2022-02-28,5472,6140911,ggsignif
2022-03-01,6025,6146936,ggsignif
2022-03-02,6056,6152992,ggsignif
2022-03-03,5871,6158863,ggsignif
2022-03-04,5552,6164415,ggsignif
2022-03-05,2870,6167285,ggsignif
2022-03-06,3013,6170298,ggsignif
2022-03-07,6692,6176990,ggsignif
2022-03-08,6870,6183860,ggsignif
2022-03-09,6435,6190295,ggsignif
2022-03-10,6469,6196764,ggsignif
2022-03-11,5747,6202511,ggsignif
2022-03-12,3026,6205537,ggsignif
2022-03-13,3336,6208873,ggsignif
2022-03-14,6813,6215686,ggsignif
2022-03-15,6599,6222285,ggsignif
2022-03-16,6325,6228610,ggsignif
2022-03-17,6262,6234872,ggsignif
2022-03-18,5218,6240090,ggsignif
2022-03-19,3032,6243122,ggsignif
2022-03-20,2954,6246076,ggsignif
2022-03-21,6668,6252744,ggsignif
2022-03-22,6515,6259259,ggsignif
2022-03-23,6523,6265782,ggsignif
2022-03-24,6214,6271996,ggsignif
2022-03-25,5392,6277388,ggsignif
2022-03-26,2926,6280314,ggsignif
2022-03-27,3057,6283371,ggsignif
2022-03-28,6653,6290024,ggsignif
2022-03-29,6699,6296723,ggsignif
2022-03-30,6523,6303246,ggsignif
2022-03-31,6304,6309550,ggsignif
2022-04-01,5789,6315339,ggsignif
2022-04-02,3151,6318490,ggsignif
2022-04-03,3217,6321707,ggsignif
2022-04-04,6491,6328198,ggsignif
2022-04-05,6709,6334907,ggsignif
2022-04-06,6716,6341623,ggsignif
2022-04-07,6597,6348220,ggsignif
2022-04-08,5389,6353609,ggsignif
2022-04-09,3198,6356807,ggsignif
2022-04-10,3155,6359962,ggsignif
2022-04-11,6364,6366326,ggsignif
2022-04-12,6432,6372758,ggsignif
2022-04-13,5994,6378752,ggsignif
2022-04-14,5407,6384159,ggsignif
2022-04-15,4339,6388498,ggsignif
2022-04-16,2894,6391392,ggsignif
2022-04-17,3056,6394448,ggsignif
2022-04-18,5277,6399725,ggsignif
2022-04-19,6385,6406110,ggsignif
2022-04-20,6493,6412603,ggsignif
2022-04-21,6214,6418817,ggsignif
2022-04-22,5990,6424807,ggsignif
2022-04-23,3444,6428251,ggsignif
2022-04-24,3793,6432044,ggsignif
2022-04-25,6484,6438528,ggsignif
2022-04-26,7034,6445562,ggsignif
2022-04-27,7100,6452662,ggsignif
2022-04-28,6821,6459483,ggsignif
2022-04-29,6431,6465914,ggsignif
2022-04-30,3506,6469420,ggsignif
2022-05-01,3421,6472841,ggsignif
2022-05-02,6398,6479239,ggsignif
2022-05-03,6268,6485507,ggsignif
2022-05-04,6773,6492280,ggsignif
2022-05-05,6826,6499106,ggsignif
2022-05-06,6065,6505171,ggsignif
2022-05-07,3128,6508299,ggsignif
2022-05-08,3244,6511543,ggsignif
2022-05-09,6379,6517922,ggsignif
2022-05-10,6603,6524525,ggsignif
2022-05-11,6770,6531295,ggsignif
2022-05-12,6935,6538230,ggsignif
2022-05-13,5637,6543867,ggsignif
2022-05-14,3049,6546916,ggsignif
2022-05-15,2914,6549830,ggsignif
2022-05-16,6267,6556097,ggsignif
2022-05-17,7332,6563429,ggsignif
2022-05-18,6115,6569544,ggsignif
2022-05-19,6575,6576119,ggsignif
2022-05-20,5616,6581735,ggsignif
2022-05-21,2945,6584680,ggsignif
2022-05-22,3056,6587736,ggsignif
2022-05-23,6292,6594028,ggsignif
2022-05-24,6236,6600264,ggsignif
2022-05-25,6960,6607224,ggsignif
2022-05-26,5541,6612765,ggsignif
2022-05-27,4661,6617426,ggsignif
2022-05-28,2755,6620181,ggsignif
2022-05-29,2713,6622894,ggsignif
2022-05-30,5115,6628009,ggsignif
2022-05-31,6245,6634254,ggsignif
2022-06-01,5707,6639961,ggsignif
2022-06-02,5476,6645437,ggsignif
2022-06-03,5004,6650441,ggsignif
2022-06-04,3006,6653447,ggsignif
2022-06-05,2871,6656318,ggsignif
2022-06-06,5230,6661548,ggsignif
2022-06-07,6040,6667588,ggsignif
2022-06-08,6232,6673820,ggsignif
2022-06-09,6433,6680253,ggsignif
2022-06-10,5260,6685513,ggsignif
2022-06-11,2782,6688295,ggsignif
2022-06-12,2803,6691098,ggsignif
2022-06-13,5779,6696877,ggsignif
2022-06-14,5498,6702375,ggsignif
2022-06-15,5469,6707844,ggsignif
2022-06-16,5091,6712935,ggsignif
2022-06-17,4212,6717147,ggsignif
2022-06-18,2506,6719653,ggsignif
2022-06-19,2556,6722209,ggsignif
2022-06-20,5202,6727411,ggsignif
2022-06-21,5280,6732691,ggsignif
2022-06-22,5271,6737962,ggsignif
2022-06-23,4922,6742884,ggsignif
2022-06-24,4228,6747112,ggsignif
2022-06-25,2333,6749445,ggsignif
2022-06-26,2364,6751809,ggsignif
2022-06-27,4915,6756724,ggsignif
2022-06-28,4923,6761647,ggsignif
2022-06-29,4829,6766476,ggsignif
2022-06-30,4591,6771067,ggsignif
2022-07-01,3885,6774952,ggsignif
2022-07-02,1898,6776850,ggsignif
2022-07-03,2141,6778991,ggsignif
2022-07-04,4197,6783188,ggsignif
2022-07-05,4784,6787972,ggsignif
2022-07-06,4780,6792752,ggsignif
2022-07-07,4835,6797587,ggsignif
2022-07-08,4127,6801714,ggsignif
2022-07-09,2089,6803803,ggsignif
2022-07-10,2043,6805846,ggsignif
2022-07-11,4569,6810415,ggsignif
2022-07-12,4861,6815276,ggsignif
2022-07-13,4659,6819935,ggsignif
2022-07-14,4549,6824484,ggsignif
2022-07-15,4050,6828534,ggsignif
2022-07-16,1916,6830450,ggsignif
2022-07-17,2068,6832518,ggsignif
2022-07-18,4809,6837327,ggsignif
2022-07-19,4973,6842300,ggsignif
2022-07-20,4685,6846985,ggsignif
2022-07-21,4660,6851645,ggsignif
2022-07-22,4121,6855766,ggsignif
2022-07-23,2107,6857873,ggsignif
2022-07-24,2336,6860209,ggsignif
2022-07-25,4836,6865045,ggsignif
2022-07-26,4832,6869877,ggsignif
2022-07-27,7325,6877202,ggsignif
2022-07-28,21193,6898395,ggsignif
2022-07-29,19778,6918173,ggsignif
2022-07-30,20515,6938688,ggsignif
2022-07-31,20567,6959255,ggsignif
2022-08-01,23257,6982512,ggsignif
2022-08-02,22974,7005486,ggsignif
2022-08-03,22444,7027930,ggsignif
2022-08-04,22388,7050318,ggsignif
2022-08-05,19183,7069501,ggsignif
2022-08-06,18314,7087815,ggsignif
2022-08-07,20531,7108346,ggsignif
2022-08-08,22327,7130673,ggsignif
2022-08-09,22062,7152735,ggsignif
2022-08-10,20365,7173100,ggsignif
2022-08-11,18303,7191403,ggsignif
2022-08-12,18049,7209452,ggsignif
2022-08-13,17210,7226662,ggsignif
2022-08-14,16637,7243299,ggsignif
2022-08-15,20449,7263748,ggsignif
2022-08-16,21316,7285064,ggsignif
2022-08-17,5439,7290503,ggsignif
2022-08-18,4429,7294932,ggsignif
2022-08-19,6108,7301040,ggsignif
2022-08-20,11076,7312116,ggsignif
2022-08-21,11217,7323333,ggsignif
2022-08-22,13843,7337176,ggsignif
2022-08-23,13718,7350894,ggsignif
2022-08-24,13651,7364545,ggsignif
2022-08-25,13944,7378489,ggsignif
2022-08-26,12907,7391396,ggsignif
2022-08-27,11006,7402402,ggsignif
2022-08-28,11799,7414201,ggsignif
2022-08-29,14211,7428412,ggsignif
2022-08-30,13751,7442163,ggsignif
2022-08-31,13054,7455217,ggsignif
2022-09-01,14286,7469503,ggsignif
2022-09-02,13425,7482928,ggsignif
2022-09-03,10748,7493676,ggsignif
2022-09-04,11053,7504729,ggsignif
2022-09-05,13710,7518439,ggsignif
2022-09-06,14130,7532569,ggsignif
2022-09-07,12821,7545390,ggsignif
2022-09-08,12372,7557762,ggsignif
2022-09-09,11894,7569656,ggsignif
2022-09-10,11170,7580826,ggsignif
2022-09-11,11476,7592302,ggsignif
2022-09-12,8895,7601197,ggsignif
2022-09-13,5206,7606403,ggsignif
2022-09-14,5340,7611743,ggsignif
2022-09-15,5204,7616947,ggsignif
2022-09-16,4483,7621430,ggsignif
2022-09-17,2241,7623671,ggsignif
2022-09-18,2400,7626071,ggsignif
2022-09-19,4865,7630936,ggsignif
2022-09-20,5670,7636606,ggsignif
2022-09-21,4990,7641596,ggsignif
2022-09-22,5269,7646865,ggsignif
2022-09-23,4682,7651547,ggsignif
2022-09-24,2349,7653896,ggsignif
2022-09-25,2518,7656414,ggsignif
2022-09-26,5230,7661644,ggsignif
2022-09-27,5977,7667621,ggsignif
2022-09-28,5739,7673360,ggsignif
2022-09-29,5589,7678949,ggsignif
2022-09-30,4830,7683779,ggsignif
2022-10-01,2571,7686350,ggsignif
2022-10-02,2378,7688728,ggsignif
2022-10-03,5055,7693783,ggsignif
2022-10-04,5713,7699496,ggsignif
2022-10-05,5758,7705254,ggsignif
2022-10-06,5624,7710878,ggsignif
2022-10-07,4848,7715726,ggsignif
2022-10-08,2532,7718258,ggsignif
2022-10-09,2563,7720821,ggsignif
2022-10-10,5172,7725993,ggsignif
2022-10-11,6011,7732004,ggsignif
2022-10-12,6091,7738095,ggsignif
2022-10-13,7342,7745437,ggsignif
2022-10-14,8609,7754046,ggsignif
2022-10-15,4097,7758143,ggsignif
2022-10-16,3973,7762116,ggsignif
2022-10-17,8960,7771076,ggsignif
2022-10-18,8955,7780031,ggsignif
2022-10-19,8652,7788683,ggsignif
2022-10-20,8440,7797123,ggsignif
2022-10-21,7043,7804166,ggsignif
2022-10-22,3667,7807833,ggsignif
2022-10-23,3803,7811636,ggsignif
2022-10-24,8005,7819641,ggsignif
2022-10-25,8280,7827921,ggsignif
2022-10-26,8593,7836514,ggsignif
2022-10-27,8210,7844724,ggsignif
2022-10-28,6323,7851047,ggsignif
2022-10-29,3228,7854275,ggsignif
2022-10-30,3476,7857751,ggsignif
2022-10-31,6996,7864747,ggsignif
2022-11-01,7051,7871798,ggsignif
2022-11-02,8401,7880199,ggsignif
2022-11-03,8001,7888200,ggsignif
2022-11-04,6713,7894913,ggsignif
2022-11-05,3602,7898515,ggsignif
2022-11-06,3605,7902120,ggsignif
2022-11-07,8189,7910309,ggsignif
2022-11-08,8656,7918965,ggsignif
2022-11-09,8408,7927373,ggsignif
2022-11-10,7966,7935339,ggsignif
2022-11-11,6125,7941464,ggsignif
2022-11-12,3519,7944983,ggsignif
2022-11-13,3652,7948635,ggsignif
2022-11-14,7957,7956592,ggsignif
2022-11-15,8755,7965347,ggsignif
2022-11-16,8572,7973919,ggsignif
2022-11-17,8317,7982236,ggsignif
2022-11-18,7230,7989466,ggsignif
2022-11-19,3660,7993126,ggsignif
2022-11-20,7374,8000500,ggsignif
2022-11-21,8174,8008674,ggsignif
2022-11-22,8184,8016858,ggsignif
2022-11-23,7413,8024271,ggsignif
2022-11-24,6675,8030946,ggsignif
2022-11-25,5756,8036702,ggsignif
2022-11-26,3178,8039880,ggsignif
2022-11-27,3704,8043584,ggsignif
2022-11-28,7690,8051274,ggsignif
2022-11-29,8423,8059697,ggsignif
2022-11-30,7851,8067548,ggsignif
2022-12-01,8042,8075590,ggsignif
2022-12-02,6424,8082014,ggsignif
2022-12-03,3498,8085512,ggsignif
2022-12-04,3826,8089338,ggsignif
2022-12-05,7545,8096883,ggsignif
2022-12-06,7636,8104519,ggsignif
2022-12-07,7491,8112010,ggsignif
2022-12-08,6902,8118912,ggsignif
2022-12-09,5916,8124828,ggsignif
2022-12-10,3315,8128143,ggsignif
2022-12-11,3468,8131611,ggsignif
2022-12-12,6490,8138101,ggsignif
2022-12-13,6608,8144709,ggsignif
2022-12-14,6207,8150916,ggsignif
2022-12-15,5735,8156651,ggsignif
2022-12-16,4909,8161560,ggsignif
2022-12-17,2757,8164317,ggsignif
2022-12-18,2696,8167013,ggsignif
2022-12-19,5430,8172443,ggsignif
2022-12-20,5228,8177671,ggsignif
2022-12-21,4756,8182427,ggsignif
2022-12-22,4627,8187054,ggsignif
2022-12-23,3147,8190201,ggsignif
2022-12-24,1652,8191853,ggsignif
2022-12-25,1489,8193342,ggsignif
2022-12-26,2466,8195808,ggsignif
2022-12-27,3183,8198991,ggsignif
2022-12-28,3348,8202339,ggsignif
2022-12-29,3388,8205727,ggsignif
2022-12-30,2741,8208468,ggsignif
2022-12-31,1578,8210046,ggsignif
2023-01-01,1524,8211570,ggsignif
2023-01-02,3169,8214739,ggsignif
2023-01-03,4420,8219159,ggsignif
2023-01-04,4992,8224151,ggsignif
2023-01-05,4992,8229143,ggsignif
2023-01-06,4455,8233598,ggsignif
2023-01-07,2411,8236009,ggsignif
2023-01-08,2380,8238389,ggsignif
2023-01-09,5354,8243743,ggsignif
2023-01-10,5697,8249440,ggsignif
2023-01-11,5545,8254985,ggsignif
2023-01-12,5565,8260550,ggsignif
2023-01-13,4584,8265134,ggsignif
2023-01-14,2289,8267423,ggsignif
2023-01-15,2447,8269870,ggsignif
2023-01-16,4962,8274832,ggsignif
2023-01-17,5517,8280349,ggsignif
2023-01-18,5415,8285764,ggsignif
2023-01-19,5350,8291114,ggsignif
2023-01-20,4484,8295598,ggsignif
2023-01-21,2134,8297732,ggsignif
2023-01-22,2289,8300021,ggsignif
2023-01-23,5048,8305069,ggsignif
2023-01-24,5820,8310889,ggsignif
2023-01-25,5467,8316356,ggsignif
2023-01-26,5382,8321738,ggsignif
2023-01-27,4762,8326500,ggsignif
2023-01-28,2430,8328930,ggsignif
2023-01-29,2419,8331349,ggsignif
2023-01-30,5205,8336554,ggsignif
2023-01-31,5850,8342404,ggsignif
2023-02-01,6102,8348506,ggsignif
2023-02-02,6166,8354672,ggsignif
2023-02-03,5299,8359971,ggsignif
2023-02-04,2394,8362365,ggsignif
2023-02-05,2537,8364902,ggsignif
2023-02-06,5823,8370725,ggsignif
2023-02-07,6188,8376913,ggsignif
2023-02-08,6128,8383041,ggsignif
2023-02-09,6040,8389081,ggsignif
2023-02-10,5028,8394109,ggsignif
2023-02-11,2682,8396791,ggsignif
2023-02-12,2701,8399492,ggsignif
2023-02-13,5799,8405291,ggsignif
2023-02-14,5908,8411199,ggsignif
2023-02-15,6087,8417286,ggsignif
2023-02-16,6210,8423496,ggsignif
2023-02-17,5369,8428865,ggsignif
2023-02-18,2749,8431614,ggsignif
2023-02-19,2616,8434230,ggsignif
2023-02-20,5502,8439732,ggsignif
2023-02-21,6290,8446022,ggsignif
2023-02-22,5817,8451839,ggsignif
2023-02-23,6328,8458167,ggsignif
2023-02-24,5459,8463626,ggsignif
2023-02-25,2722,8466348,ggsignif
2023-02-26,2835,8469183,ggsignif
2023-02-27,5819,8475002,ggsignif
2023-02-28,6298,8481300,ggsignif
2023-03-01,6243,8487543,ggsignif
2023-03-02,5952,8493495,ggsignif
2023-03-03,5672,8499167,ggsignif
2023-03-04,2887,8502054,ggsignif
2023-03-05,2846,8504900,ggsignif
2023-03-06,6431,8511331,ggsignif
2023-03-07,6270,8517601,ggsignif
2023-03-08,6248,8523849,ggsignif
2023-03-09,6039,8529888,ggsignif
2023-03-10,5165,8535053,ggsignif
2023-03-11,2913,8537966,ggsignif
2023-03-12,2721,8540687,ggsignif
2023-03-13,14554,8555241,ggsignif
2023-03-14,6723,8561964,ggsignif
2023-03-15,5868,8567832,ggsignif
2023-03-16,6114,8573946,ggsignif
2023-03-17,6910,8580856,ggsignif
2023-03-18,2639,8583495,ggsignif
2023-03-19,2880,8586375,ggsignif
2023-03-20,5917,8592292,ggsignif
2023-03-21,6468,8598760,ggsignif
2023-03-22,6644,8605404,ggsignif
2023-03-23,7332,8612736,ggsignif
2023-03-24,5766,8618502,ggsignif
2023-03-25,2920,8621422,ggsignif
2023-03-26,2955,8624377,ggsignif
2023-03-27,6571,8630948,ggsignif
2023-03-28,14399,8645347,ggsignif
2023-03-29,7552,8652899,ggsignif
2023-03-30,6390,8659289,ggsignif
2023-03-31,5276,8664565,ggsignif
2023-04-01,2891,8667456,ggsignif
2023-04-02,2818,8670274,ggsignif
2023-04-03,6126,8676400,ggsignif
2023-04-04,6226,8682626,ggsignif
2023-04-05,5846,8688472,ggsignif
2023-04-06,5820,8694292,ggsignif
2023-04-07,5451,8699743,ggsignif
2023-04-08,2568,8702311,ggsignif
2023-04-09,2515,8704826,ggsignif
2023-04-10,4744,8709570,ggsignif
2023-04-11,6111,8715681,ggsignif
2023-04-12,6324,8722005,ggsignif
2023-04-13,6053,8728058,ggsignif
2023-04-14,4928,8732986,ggsignif
2023-04-15,2840,8735826,ggsignif
2023-04-16,2886,8738712,ggsignif
2023-04-17,5831,8744543,ggsignif
2023-04-18,6242,8750785,ggsignif
2023-04-19,6445,8757230,ggsignif
2023-04-20,5946,8763176,ggsignif
2023-04-21,4879,8768055,ggsignif
2023-04-22,3026,8771081,ggsignif
2023-04-23,3468,8774549,ggsignif
2023-04-24,7007,8781556,ggsignif
2023-04-25,6951,8788507,ggsignif
2023-04-26,6777,8795284,ggsignif
2023-04-27,6339,8801623,ggsignif
2023-04-28,5261,8806884,ggsignif
2023-04-29,2812,8809696,ggsignif
2023-04-30,2729,8812425,ggsignif
2023-05-01,4460,8816885,ggsignif
2023-05-02,5949,8822834,ggsignif
2023-05-03,6242,8829076,ggsignif
2023-05-04,6662,8835738,ggsignif
2023-05-05,5379,8841117,ggsignif
2023-05-06,3033,8844150,ggsignif
2023-05-07,2870,8847020,ggsignif
2023-05-08,5814,8852834,ggsignif
2023-05-09,6209,8859043,ggsignif
2023-05-10,6472,8865515,ggsignif
2023-05-11,6355,8871870,ggsignif
2023-05-12,5379,8877249,ggsignif
2023-05-13,2913,8880162,ggsignif
2023-05-14,2999,8883161,ggsignif
2023-05-15,6669,8889830,ggsignif
2023-05-16,6744,8896574,ggsignif
2023-05-17,6198,8902772,ggsignif
2023-05-18,5588,8908360,ggsignif
2023-05-19,5319,8913679,ggsignif
2023-05-20,2815,8916494,ggsignif
2023-05-21,2653,8919147,ggsignif
2023-05-22,6255,8925402,ggsignif
2023-05-23,6403,8931805,ggsignif
2023-05-24,6267,8938072,ggsignif
2023-05-25,5946,8944018,ggsignif
2023-05-26,4862,8948880,ggsignif
2023-05-27,2796,8951676,ggsignif
2023-05-28,2557,8954233,ggsignif
2023-05-29,4466,8958699,ggsignif
2023-05-30,5845,8964544,ggsignif
2023-05-31,5895,8970439,ggsignif
2023-06-01,5579,8976018,ggsignif
2023-06-02,4992,8981010,ggsignif
2023-06-03,2608,8983618,ggsignif
2023-06-04,2574,8986192,ggsignif
2023-06-05,5825,8992017,ggsignif
2023-06-06,5521,8997538,ggsignif
2023-06-07,5499,9003037,ggsignif
2023-06-08,10754,9013791,ggsignif
2023-06-09,4781,9018572,ggsignif
2023-06-10,2662,9021234,ggsignif
2023-06-11,2815,9024049,ggsignif
2023-06-12,5504,9029553,ggsignif
2023-06-13,5871,9035424,ggsignif
2023-06-14,8326,9043750,ggsignif
2023-06-15,5434,9049184,ggsignif
2023-06-16,4869,9054053,ggsignif
2023-06-17,2543,9056596,ggsignif
2023-06-18,2712,9059308,ggsignif
2023-06-19,5309,9064617,ggsignif
2023-06-20,5578,9070195,ggsignif
2023-06-21,5140,9075335,ggsignif
2023-06-22,4785,9080120,ggsignif
2023-06-23,4161,9084281,ggsignif
2023-06-24,2333,9086614,ggsignif
2023-06-25,2410,9089024,ggsignif
2023-06-26,4623,9093647,ggsignif
2023-06-27,5194,9098841,ggsignif
2023-06-28,4644,9103485,ggsignif
2023-06-29,4524,9108009,ggsignif
2023-06-30,3978,9111987,ggsignif
2023-07-01,2032,9114019,ggsignif
2023-07-02,2099,9116118,ggsignif
2023-07-03,4202,9120320,ggsignif
2023-07-04,3983,9124303,ggsignif
2023-07-05,4655,9128958,ggsignif
2023-07-06,4729,9133687,ggsignif
2023-07-07,4058,9137745,ggsignif
2023-07-08,2067,9139812,ggsignif
2023-07-09,2161,9141973,ggsignif
2023-07-10,4980,9146953,ggsignif
2023-07-11,4822,9151775,ggsignif
2023-07-12,4944,9156719,ggsignif
2023-07-13,4558,9161277,ggsignif
2023-07-14,3970,9165247,ggsignif
2023-07-15,2213,9167460,ggsignif
2023-07-16,2047,9169507,ggsignif
2023-07-17,4536,9174043,ggsignif
2023-07-18,4950,9178993,ggsignif
2023-07-19,4558,9183551,ggsignif
2023-07-20,4628,9188179,ggsignif
2023-07-21,3742,9191921,ggsignif
2023-07-22,1960,9193881,ggsignif
2023-07-23,1965,9195846,ggsignif
2023-07-24,4586,9200432,ggsignif
2023-07-25,4849,9205281,ggsignif
2023-07-26,4408,9209689,ggsignif
2023-07-27,4078,9213767,ggsignif
2023-07-28,3846,9217613,ggsignif
2023-07-29,1994,9219607,ggsignif
2023-07-30,1973,9221580,ggsignif
2023-07-31,4319,9225899,ggsignif
2023-08-01,4317,9230216,ggsignif
2023-08-02,4092,9234308,ggsignif
2023-08-03,4303,9238611,ggsignif
2023-08-04,4020,9242631,ggsignif
2023-08-05,1996,9244627,ggsignif
2023-08-06,2040,9246667,ggsignif
2023-08-07,4322,9250989,ggsignif
2023-08-08,4452,9255441,ggsignif
2023-08-09,4388,9259829,ggsignif
2023-08-10,4500,9264329,ggsignif
2023-08-11,3616,9267945,ggsignif
2023-08-12,1945,9269890,ggsignif
2023-08-13,2124,9272014,ggsignif
2023-08-14,4224,9276238,ggsignif
2023-08-15,5807,9282045,ggsignif
2023-08-16,4231,9286276,ggsignif
2023-08-17,4373,9290649,ggsignif
2023-08-18,4015,9294664,ggsignif
2023-08-19,2083,9296747,ggsignif
2023-08-20,2281,9299028,ggsignif
2023-08-21,4271,9303299,ggsignif
2023-08-22,4579,9307878,ggsignif
2023-08-23,4787,9312665,ggsignif
2023-08-24,4630,9317295,ggsignif
2023-08-25,4737,9322032,ggsignif
2023-08-26,2374,9324406,ggsignif
2023-08-27,2410,9326816,ggsignif
2023-08-28,4969,9331785,ggsignif
2023-08-29,4878,9336663,ggsignif
2023-08-30,5187,9341850,ggsignif
2023-08-31,4839,9346689,ggsignif
2023-09-01,4076,9350765,ggsignif
2023-09-02,2309,9353074,ggsignif
2023-09-03,2380,9355454,ggsignif
2023-09-04,4330,9359784,ggsignif
2023-09-05,5545,9365329,ggsignif
2023-09-06,5338,9370667,ggsignif
2023-09-07,5061,9375728,ggsignif
2023-09-08,4634,9380362,ggsignif
2023-09-09,2528,9382890,ggsignif
2023-09-10,2557,9385447,ggsignif
2023-09-11,4917,9390364,ggsignif
2023-09-12,5499,9395863,ggsignif
2023-09-13,5532,9401395,ggsignif
2023-09-14,5305,9406700,ggsignif
2023-09-15,4508,9411208,ggsignif
2023-09-16,2435,9413643,ggsignif
2023-09-17,2434,9416077,ggsignif
2023-09-18,5358,9421435,ggsignif
2023-09-19,5482,9426917,ggsignif
2023-09-20,5578,9432495,ggsignif
2023-09-21,5776,9438271,ggsignif
2023-09-22,4903,9443174,ggsignif
2023-09-23,2410,9445584,ggsignif
2023-09-24,2476,9448060,ggsignif
2023-09-25,5392,9453452,ggsignif
2023-09-26,5482,9458934,ggsignif
2023-09-27,5566,9464500,ggsignif
2023-09-28,5012,9469512,ggsignif
2023-09-29,4261,9473773,ggsignif
2023-09-30,2163,9475936,ggsignif
2023-10-01,2575,9478511,ggsignif
2023-10-02,4914,9483425,ggsignif
2023-10-03,5517,9488942,ggsignif
2023-10-04,5413,9494355,ggsignif
2023-10-05,5783,9500138,ggsignif
2023-10-06,4826,9504964,ggsignif
2023-10-07,2788,9507752,ggsignif
2023-10-08,2829,9510581,ggsignif
2023-10-09,5640,9516221,ggsignif
2023-10-10,5991,9522212,ggsignif
2023-10-11,6267,9528479,ggsignif
2023-10-12,5916,9534395,ggsignif
2023-10-13,4991,9539386,ggsignif
2023-10-14,2593,9541979,ggsignif
2023-10-15,2594,9544573,ggsignif
2023-10-16,5808,9550381,ggsignif
2023-10-17,6198,9556579,ggsignif
2023-10-18,5981,9562560,ggsignif
2023-10-19,6264,9568824,ggsignif
2023-10-20,5375,9574199,ggsignif
2023-10-21,2857,9577056,ggsignif
2023-10-22,2965,9580021,ggsignif
2023-10-23,5765,9585786,ggsignif
2023-10-24,6225,9592011,ggsignif
2023-10-25,5917,9597928,ggsignif
2023-10-26,6178,9604106,ggsignif
2023-10-27,4397,9608503,ggsignif
2023-10-28,2593,9611096,ggsignif
2023-10-29,2684,9613780,ggsignif
2023-10-30,5785,9619565,ggsignif
2023-10-31,6403,9625968,ggsignif
2023-11-01,5578,9631546,ggsignif
2023-11-02,7001,9638547,ggsignif
2023-11-03,5438,9643985,ggsignif
2023-11-04,2633,9646618,ggsignif
2023-11-05,2761,9649379,ggsignif
2023-11-06,6153,9655532,ggsignif
2023-11-07,6524,9662056,ggsignif
2023-11-08,6683,9668739,ggsignif
2023-11-09,6137,9674876,ggsignif
2023-11-10,5194,9680070,ggsignif
2023-11-11,2688,9682758,ggsignif
2023-11-12,2675,9685433,ggsignif
2023-11-13,6231,9691664,ggsignif
2023-11-14,6698,9698362,ggsignif
2023-11-15,6473,9704835,ggsignif
2023-11-16,6172,9711007,ggsignif
2023-11-17,5194,9716201,ggsignif
2023-11-18,2536,9718737,ggsignif
2023-11-19,2722,9721459,ggsignif
2023-11-20,6427,9727886,ggsignif
2023-11-21,6545,9734431,ggsignif
2023-11-22,5952,9740383,ggsignif
2023-11-23,5483,9745866,ggsignif
2023-11-24,4679,9750545,ggsignif
2023-11-25,2740,9753285,ggsignif
2023-11-26,2941,9756226,ggsignif
2023-11-27,6255,9762481,ggsignif
2023-11-28,6166,9768647,ggsignif
2023-11-29,6236,9774883,ggsignif
2023-11-30,6101,9780984,ggsignif
2023-12-01,5174,9786158,ggsignif
2023-12-02,2976,9789134,ggsignif
2023-12-03,3155,9792289,ggsignif
2023-12-04,6028,9798317,ggsignif
2023-12-05,6205,9804522,ggsignif
2023-12-06,5957,9810479,ggsignif
2023-12-07,5892,9816371,ggsignif
2023-12-08,4777,9821148,ggsignif
2023-12-09,2728,9823876,ggsignif
2023-12-10,3065,9826941,ggsignif
2023-12-11,5771,9832712,ggsignif
2023-12-12,5879,9838591,ggsignif
2023-12-13,5535,9844126,ggsignif
2023-12-14,5241,9849367,ggsignif
2023-12-15,4189,9853556,ggsignif
2023-12-16,2208,9855764,ggsignif
2023-12-17,2426,9858190,ggsignif
2023-12-18,4587,9862777,ggsignif
2023-12-19,4827,9867604,ggsignif
2023-12-20,4712,9872316,ggsignif
2023-12-21,4105,9876421,ggsignif
2023-12-22,3105,9879526,ggsignif
2023-12-23,1768,9881294,ggsignif
2023-12-24,1613,9882907,ggsignif
2023-12-25,1953,9884860,ggsignif
2023-12-26,2378,9887238,ggsignif
2023-12-27,3087,9890325,ggsignif
2023-12-28,2776,9893101,ggsignif
2023-12-29,2472,9895573,ggsignif
2023-12-30,1730,9897303,ggsignif
2023-12-31,1412,9898715,ggsignif
2024-01-01,1411,9900126,ggsignif
2024-01-02,3203,9903329,ggsignif
2024-01-03,3525,9906854,ggsignif
2024-01-04,3530,9910384,ggsignif
2024-01-05,3485,9913869,ggsignif
2024-01-06,2243,9916112,ggsignif
2024-01-07,2105,9918217,ggsignif
2024-01-08,4438,9922655,ggsignif
2024-01-09,4733,9927388,ggsignif
2024-01-10,4613,9932001,ggsignif
2024-01-11,4677,9936678,ggsignif
2024-01-12,4188,9940866,ggsignif
2024-01-13,2281,9943147,ggsignif
2024-01-14,2267,9945414,ggsignif
2024-01-15,4157,9949571,ggsignif
2024-01-16,4567,9954138,ggsignif
2024-01-17,4745,9958883,ggsignif
2024-01-18,4859,9963742,ggsignif
2024-01-19,4037,9967779,ggsignif
2024-01-20,2262,9970041,ggsignif
2024-01-21,2331,9972372,ggsignif
2024-01-22,4890,9977262,ggsignif
2024-01-23,5300,9982562,ggsignif
2024-01-24,5157,9987719,ggsignif
2024-01-25,4806,9992525,ggsignif
2024-01-26,3888,9996413,ggsignif
2024-01-27,2072,9998485,ggsignif
2024-01-28,2176,10000661,ggsignif
2024-01-29,4816,10005477,ggsignif
2024-01-30,5023,10010500,ggsignif
2024-01-31,4673,10015173,ggsignif
2024-02-01,4549,10019722,ggsignif
2024-02-02,4279,10024001,ggsignif
2024-02-03,1884,10025885,ggsignif
2024-02-04,2265,10028150,ggsignif
2024-02-05,4672,10032822,ggsignif
2024-02-06,5126,10037948,ggsignif
2024-02-07,5008,10042956,ggsignif
2024-02-08,4679,10047635,ggsignif
2024-02-09,3678,10051313,ggsignif
2024-02-10,1740,10053053,ggsignif
2024-02-11,1803,10054856,ggsignif
2024-02-12,4015,10058871,ggsignif
2024-02-13,7041,10065912,ggsignif
2024-02-14,4231,10070143,ggsignif
2024-02-15,4433,10074576,ggsignif
2024-02-16,4078,10078654,ggsignif
2024-02-17,2155,10080809,ggsignif
2024-02-18,2178,10082987,ggsignif
2024-02-19,4559,10087546,ggsignif
2024-02-20,5417,10092963,ggsignif
2024-02-21,5058,10098021,ggsignif
2024-02-22,5124,10103145,ggsignif
2024-02-23,4547,10107692,ggsignif
2024-02-24,2753,10110445,ggsignif
2024-02-25,2283,10112728,ggsignif
2024-02-26,5294,10118022,ggsignif
2024-02-27,5495,10123517,ggsignif
2024-02-28,5412,10128929,ggsignif
2024-02-29,5118,10134047,ggsignif
2024-03-01,4571,10138618,ggsignif
2024-03-02,2116,10140734,ggsignif
2024-03-03,2275,10143009,ggsignif
2024-03-04,5281,10148290,ggsignif
2024-03-05,5814,10154104,ggsignif
2024-03-06,5807,10159911,ggsignif
2024-03-07,5490,10165401,ggsignif
2024-03-08,4559,10169960,ggsignif
2024-03-09,2121,10172081,ggsignif
2024-03-10,2344,10174425,ggsignif
2024-03-11,5328,10179753,ggsignif
2024-03-12,5424,10185177,ggsignif
2024-03-13,5489,10190666,ggsignif
2024-03-14,5562,10196228,ggsignif
2024-03-15,4756,10200984,ggsignif
2024-03-16,2288,10203272,ggsignif
2024-03-17,2425,10205697,ggsignif
2024-03-18,5451,10211148,ggsignif
2024-03-19,5969,10217117,ggsignif
2024-03-20,5643,10222760,ggsignif
2024-03-21,5715,10228475,ggsignif
2024-03-22,4837,10233312,ggsignif
2024-03-23,2461,10235773,ggsignif
2024-03-24,2381,10238154,ggsignif
2024-03-25,5351,10243505,ggsignif
2024-03-26,5676,10249181,ggsignif
2024-03-27,5589,10254770,ggsignif
2024-03-28,4861,10259631,ggsignif
2024-03-29,3607,10263238,ggsignif
2024-03-30,2313,10265551,ggsignif
2024-03-31,2265,10267816,ggsignif
2024-04-01,20229,10288045,ggsignif
2024-04-02,7147,10295192,ggsignif
2024-04-03,5396,10300588,ggsignif
2024-04-04,5393,10305981,ggsignif
2024-04-05,95282,10401263,ggsignif
2024-04-06,7668,10408931,ggsignif
2024-04-07,3111,10412042,ggsignif
2024-04-08,6035,10418077,ggsignif
2024-04-09,5776,10423853,ggsignif
2024-04-10,5528,10429381,ggsignif
2024-04-11,18601,10447982,ggsignif
2024-04-12,18200,10466182,ggsignif
2024-04-13,2453,10468635,ggsignif
2024-04-14,2640,10471275,ggsignif
2024-04-15,5817,10477092,ggsignif
2024-04-16,5674,10482766,ggsignif
2024-04-17,5711,10488477,ggsignif
2024-04-18,5328,10493805,ggsignif
2024-04-19,4464,10498269,ggsignif
2024-04-20,3132,10501401,ggsignif
2024-04-21,2913,10504314,ggsignif
2024-04-22,5611,10509925,ggsignif
2024-04-23,5849,10515774,ggsignif
2024-04-24,5410,10521184,ggsignif
2024-04-25,5730,10526914,ggsignif
2024-04-26,5232,10532146,ggsignif
2024-04-27,2723,10534869,ggsignif
2024-04-28,3045,10537914,ggsignif
2024-04-29,6439,10544353,ggsignif
2024-04-30,6147,10550500,ggsignif
2024-05-01,5724,10556224,ggsignif
2024-05-02,6142,10562366,ggsignif
2024-05-03,5287,10567653,ggsignif
2024-05-04,2859,10570512,ggsignif
2024-05-05,3044,10573556,ggsignif
2024-05-06,6208,10579764,ggsignif
2024-05-07,6327,10586091,ggsignif
2024-05-08,6077,10592168,ggsignif
2024-05-09,5675,10597843,ggsignif
2024-05-10,4979,10602822,ggsignif
2024-05-11,2813,10605635,ggsignif
2024-05-12,2654,10608289,ggsignif
2024-05-13,5967,10614256,ggsignif
2024-05-14,6137,10620393,ggsignif
2024-05-15,6080,10626473,ggsignif
2024-05-16,6027,10632500,ggsignif
2024-05-17,5350,10637850,ggsignif
2024-05-18,2697,10640547,ggsignif
2024-05-19,2623,10643170,ggsignif
2024-05-20,4986,10648156,ggsignif
2024-05-21,6021,10654177,ggsignif
2024-05-22,6678,10660855,ggsignif
2024-05-23,6051,10666906,ggsignif
2024-05-24,5150,10672056,ggsignif
2024-05-25,2724,10674780,ggsignif
2024-05-26,2875,10677655,ggsignif
2024-05-27,5102,10682757,ggsignif
2024-05-28,6099,10688856,ggsignif
2024-05-29,5965,10694821,ggsignif
2024-05-30,5259,10700080,ggsignif
2024-05-31,4993,10705073,ggsignif
2024-06-01,2414,10707487,ggsignif
2024-06-02,2670,10710157,ggsignif
2024-06-03,5470,10715627,ggsignif
2024-06-04,5639,10721266,ggsignif
2024-06-05,5522,10726788,ggsignif
2024-06-06,5196,10731984,ggsignif
2024-06-07,4327,10736311,ggsignif
2024-06-08,2312,10738623,ggsignif
2024-06-09,2484,10741107,ggsignif
2024-06-10,4995,10746102,ggsignif
2024-06-11,5409,10751511,ggsignif
2024-06-12,5257,10756768,ggsignif
2024-06-13,6232,10763000,ggsignif
2024-06-14,4349,10767349,ggsignif
2024-06-15,2128,10769477,ggsignif
2024-06-16,2233,10771710,ggsignif
2024-06-17,4982,10776692,ggsignif
2024-06-18,5491,10782183,ggsignif
2024-06-19,4961,10787144,ggsignif
2024-06-20,5218,10792362,ggsignif
2024-06-21,4323,10796685,ggsignif
2024-06-22,2243,10798928,ggsignif
2024-06-23,2249,10801177,ggsignif
2024-06-24,4666,10805843,ggsignif
2024-06-25,5047,10810890,ggsignif
2024-06-26,4947,10815837,ggsignif
2024-06-27,4782,10820619,ggsignif
2024-06-28,3942,10824561,ggsignif
2024-06-29,1911,10826472,ggsignif
2024-06-30,2171,10828643,ggsignif
2024-07-01,4524,10833167,ggsignif
2024-07-02,4882,10838049,ggsignif
2024-07-03,4789,10842838,ggsignif
2024-07-04,3943,10846781,ggsignif
2024-07-05,3803,10850584,ggsignif
2024-07-06,1943,10852527,ggsignif
2024-07-07,2086,10854613,ggsignif
2024-07-08,4479,10859092,ggsignif
2024-07-09,4590,10863682,ggsignif
2024-07-10,4469,10868151,ggsignif
2024-07-11,4437,10872588,ggsignif
2024-07-12,3760,10876348,ggsignif
2024-07-13,2089,10878437,ggsignif
2024-07-14,1993,10880430,ggsignif
2024-07-15,4262,10884692,ggsignif
2024-07-16,4322,10889014,ggsignif
2024-07-17,4477,10893491,ggsignif
2024-07-18,4344,10897835,ggsignif
2024-07-19,3603,10901438,ggsignif
2024-07-20,1877,10903315,ggsignif
2024-07-21,1916,10905231,ggsignif
2024-07-22,4161,10909392,ggsignif
2024-07-23,4361,10913753,ggsignif
2024-07-24,4130,10917883,ggsignif
2024-07-25,4201,10922084,ggsignif
2024-07-26,3609,10925693,ggsignif
2024-07-27,1906,10927599,ggsignif
2024-07-28,1727,10929326,ggsignif
2024-07-29,3975,10933301,ggsignif
2024-07-30,4275,10937576,ggsignif
2024-07-31,3857,10941433,ggsignif
2024-08-01,3915,10945348,ggsignif
2024-08-02,3514,10948862,ggsignif
2024-08-03,1708,10950570,ggsignif
2024-08-04,1980,10952550,ggsignif
2024-08-05,3619,10956169,ggsignif
2024-08-06,4049,10960218,ggsignif
2024-08-07,4007,10964225,ggsignif
2024-08-08,3741,10967966,ggsignif
2024-08-09,3106,10971072,ggsignif
2024-08-10,2225,10973297,ggsignif
2024-08-11,1745,10975042,ggsignif
2024-08-12,3725,10978767,ggsignif
2024-08-13,3852,10982619,ggsignif
2024-08-14,3799,10986418,ggsignif
2024-08-15,3364,10989782,ggsignif
2024-08-16,3159,10992941,ggsignif
2024-08-17,1706,10994647,ggsignif
2024-08-18,1691,10996338,ggsignif
2024-08-19,4273,11000611,ggsignif
2024-08-20,4319,11004930,ggsignif
2024-08-21,4083,11009013,ggsignif
2024-08-22,4373,11013386,ggsignif
2024-08-23,3933,11017319,ggsignif
2024-08-24,2092,11019411,ggsignif
2024-08-25,2009,11021420,ggsignif
2024-08-26,4294,11025714,ggsignif
2024-08-27,4230,11029944,ggsignif
2024-08-28,4212,11034156,ggsignif
2024-08-29,4515,11038671,ggsignif
2024-08-30,3550,11042221,ggsignif
2024-08-31,1966,11044187,ggsignif
2024-09-01,2050,11046237,ggsignif
2024-09-02,4090,11050327,ggsignif
2024-09-03,4710,11055037,ggsignif
2024-09-04,4672,11059709,ggsignif
2024-09-05,5221,11064930,ggsignif
2024-09-06,4182,11069112,ggsignif
2024-09-07,2005,11071117,ggsignif
2024-09-08,2224,11073341,ggsignif
2024-09-09,4664,11078005,ggsignif
2024-09-10,5580,11083585,ggsignif
2024-09-11,5277,11088862,ggsignif
2024-09-12,4950,11093812,ggsignif
2024-09-13,4130,11097942,ggsignif
2024-09-14,2041,11099983,ggsignif
2024-09-15,2096,11102079,ggsignif
2024-09-16,4598,11106677,ggsignif
2024-09-17,5052,11111729,ggsignif
2024-09-18,5454,11117183,ggsignif
2024-09-19,5280,11122463,ggsignif
2024-09-20,4416,11126879,ggsignif
2024-09-21,2260,11129139,ggsignif
2024-09-22,2480,11131619,ggsignif
2024-09-23,5267,11136886,ggsignif
2024-09-24,5618,11142504,ggsignif
2024-09-25,5763,11148267,ggsignif
2024-09-26,5215,11153482,ggsignif
2024-09-27,4797,11158279,ggsignif
2024-09-28,2496,11160775,ggsignif
2024-09-29,2583,11163358,ggsignif
2024-09-30,5248,11168606,ggsignif
2024-10-01,5551,11174157,ggsignif
2024-10-02,5123,11179280,ggsignif
2024-10-03,5277,11184557,ggsignif
2024-10-04,4249,11188806,ggsignif
2024-10-05,2189,11190995,ggsignif
2024-10-06,2310,11193305,ggsignif
2024-10-07,5467,11198772,ggsignif
2024-10-08,6179,11204951,ggsignif
2024-10-09,6151,11211102,ggsignif
2024-10-10,5762,11216864,ggsignif
2024-10-11,5141,11222005,ggsignif
2024-10-12,2492,11224497,ggsignif
2024-10-13,2361,11226858,ggsignif
2024-10-14,5382,11232240,ggsignif
2024-10-15,6021,11238261,ggsignif
2024-10-16,6402,11244663,ggsignif
2024-10-17,6030,11250693,ggsignif
2024-10-18,4868,11255561,ggsignif
2024-10-19,2250,11257811,ggsignif
2024-10-20,2479,11260290,ggsignif
2024-10-21,5967,11266257,ggsignif
2024-10-22,6727,11272984,ggsignif
2024-10-23,6386,11279370,ggsignif
2024-10-24,6364,11285734,ggsignif
2024-10-25,5433,11291167,ggsignif
2024-10-26,2383,11293550,ggsignif
2024-10-27,2658,11296208,ggsignif
2024-10-28,5895,11302103,ggsignif
2024-10-29,6364,11308467,ggsignif
2024-10-30,6530,11314997,ggsignif
2024-10-31,5928,11320925,ggsignif
2024-11-01,4018,11324943,ggsignif
2024-11-02,2487,11327430,ggsignif
2024-11-03,2449,11329879,ggsignif
2024-11-04,6163,11336042,ggsignif
2024-11-05,6762,11342804,ggsignif
2024-11-06,6570,11349374,ggsignif
2024-11-07,6745,11356119,ggsignif
2024-11-08,5717,11361836,ggsignif
2024-11-09,2757,11364593,ggsignif
2024-11-10,3090,11367683,ggsignif
2024-11-11,6182,11373865,ggsignif
2024-11-12,7154,11381019,ggsignif
2024-11-13,7109,11388128,ggsignif
2024-11-14,6659,11394787,ggsignif
2024-11-15,5671,11400458,ggsignif
2024-11-16,2766,11403224,ggsignif
2024-11-17,3115,11406339,ggsignif
2024-11-18,7147,11413486,ggsignif
2024-11-19,7270,11420756,ggsignif
2024-11-20,6895,11427651,ggsignif
2024-11-21,6663,11434314,ggsignif
2024-11-22,5410,11439724,ggsignif
2024-11-23,2959,11442683,ggsignif
2024-11-24,3142,11445825,ggsignif
2024-11-25,6556,11452381,ggsignif
2024-11-26,6945,11459326,ggsignif
2024-11-27,6452,11465778,ggsignif
2024-11-28,5665,11471443,ggsignif
2024-11-29,4792,11476235,ggsignif
2024-11-30,2726,11478961,ggsignif
2024-12-01,3171,11482132,ggsignif
2024-12-02,6538,11488670,ggsignif
2024-12-03,6572,11495242,ggsignif
2024-12-04,7016,11502258,ggsignif
2024-12-05,6480,11508738,ggsignif
2024-12-06,5013,11513751,ggsignif
2024-12-07,2873,11516624,ggsignif
2024-12-08,2992,11519616,ggsignif
2024-12-09,6074,11525690,ggsignif
2024-12-10,6130,11531820,ggsignif
2024-12-11,6296,11538116,ggsignif
2024-12-12,5553,11543669,ggsignif
2024-12-13,4404,11548073,ggsignif
2024-12-14,2540,11550613,ggsignif
2024-12-15,2674,11553287,ggsignif
2024-12-16,5311,11558598,ggsignif
2024-12-17,5775,11564373,ggsignif
2024-12-18,5317,11569690,ggsignif
2024-12-19,4812,11574502,ggsignif
2024-12-20,3948,11578450,ggsignif
2024-12-21,1929,11580379,ggsignif
2024-12-22,1885,11582264,ggsignif
2024-12-23,3002,11585266,ggsignif
2024-12-24,2862,11588128,ggsignif
2024-12-25,2100,11590228,ggsignif
2024-12-26,2309,11592537,ggsignif
2024-12-27,2332,11594869,ggsignif
2024-12-28,1654,11596523,ggsignif
2024-12-29,2008,11598531,ggsignif
2024-12-30,2929,11601460,ggsignif
2024-12-31,2611,11604071,ggsignif
2025-01-01,1568,11605639,ggsignif
2025-01-02,2903,11608542,ggsignif
2025-01-03,3107,11611649,ggsignif
2025-01-04,1981,11613630,ggsignif
2025-01-05,2000,11615630,ggsignif
2025-01-06,4105,11619735,ggsignif
2025-01-07,4527,11624262,ggsignif
2025-01-08,4596,11628858,ggsignif
2025-01-09,4671,11633529,ggsignif
2025-01-10,4006,11637535,ggsignif
2025-01-11,1799,11639334,ggsignif
2025-01-12,2055,11641389,ggsignif
2025-01-13,4345,11645734,ggsignif
2025-01-14,4966,11650700,ggsignif
2025-01-15,4905,11655605,ggsignif
2025-01-16,4587,11660192,ggsignif
2025-01-17,4041,11664233,ggsignif
2025-01-18,1905,11666138,ggsignif
2025-01-19,2107,11668245,ggsignif
2025-01-20,4376,11672621,ggsignif
2025-01-21,5190,11677811,ggsignif
2025-01-22,4998,11682809,ggsignif
2025-01-23,4744,11687553,ggsignif
2025-01-24,4057,11691610,ggsignif
2025-01-25,1876,11693486,ggsignif
2025-01-26,2030,11695516,ggsignif
2025-01-27,4320,11699836,ggsignif
2025-01-28,5096,11704932,ggsignif
2025-01-29,4469,11709401,ggsignif
2025-01-30,4705,11714106,ggsignif
2025-01-31,4057,11718163,ggsignif
2025-02-01,2065,11720228,ggsignif
2025-02-02,2181,11722409,ggsignif
2025-02-03,4738,11727147,ggsignif
2025-02-04,5405,11732552,ggsignif
2025-02-05,5434,11737986,ggsignif
2025-02-06,5275,11743261,ggsignif
2025-02-07,4980,11748241,ggsignif
2025-02-08,2447,11750688,ggsignif
2025-02-09,2446,11753134,ggsignif
2025-02-10,4964,11758098,ggsignif
2025-02-11,5538,11763636,ggsignif
2025-02-12,5223,11768859,ggsignif
2025-02-13,5307,11774166,ggsignif
2025-02-14,4385,11778551,ggsignif
2025-02-15,2259,11780810,ggsignif
2025-02-16,2593,11783403,ggsignif
2025-02-17,5171,11788574,ggsignif
2025-02-18,5936,11794510,ggsignif
2025-02-19,6298,11800808,ggsignif
2025-02-20,5821,11806629,ggsignif
2025-02-21,5039,11811668,ggsignif
2025-02-22,2503,11814171,ggsignif
2025-02-23,2533,11816704,ggsignif
2025-02-24,5702,11822406,ggsignif
2025-02-25,6273,11828679,ggsignif
2025-02-26,6232,11834911,ggsignif
2025-02-27,6228,11841139,ggsignif
2025-02-28,5011,11846150,ggsignif
2025-03-01,2543,11848693,ggsignif
2025-03-02,2855,11851548,ggsignif
2025-03-03,5936,11857484,ggsignif
2025-03-04,6773,11864257,ggsignif
2025-03-05,6207,11870464,ggsignif
2025-03-06,6788,11877252,ggsignif
2025-03-07,5512,11882764,ggsignif
2025-03-08,2676,11885440,ggsignif
2025-03-09,2799,11888239,ggsignif
2025-03-10,5976,11894215,ggsignif
2025-03-11,6618,11900833,ggsignif
2025-03-12,6816,11907649,ggsignif
2025-03-13,6210,11913859,ggsignif
2025-03-14,5018,11918877,ggsignif
2025-03-15,2748,11921625,ggsignif
2025-03-16,2971,11924596,ggsignif
2025-03-17,6538,11931134,ggsignif
2025-03-18,6782,11937916,ggsignif
2025-03-19,6937,11944853,ggsignif
2025-03-20,6480,11951333,ggsignif
2025-03-21,5263,11956596,ggsignif
2025-03-22,2554,11959150,ggsignif
2025-03-23,2749,11961899,ggsignif
2025-03-24,6571,11968470,ggsignif
2025-03-25,7121,11975591,ggsignif
2025-03-26,7223,11982814,ggsignif
2025-03-27,6646,11989460,ggsignif
2025-03-28,5366,11994826,ggsignif
2025-03-29,3089,11997915,ggsignif
2025-03-30,3156,12001071,ggsignif
2017-04-05,90,90,ggsignif
2017-04-06,85,175,ggsignif
2017-04-07,42,217,ggsignif
2017-04-08,26,243,ggsignif
2017-04-09,20,263,ggsignif
2017-04-10,34,297,ggsignif
2017-04-11,36,333,ggsignif
2017-04-12,55,388,ggsignif
2017-04-13,48,436,ggsignif
2017-04-14,45,481,ggsignif
2017-04-15,13,494,ggsignif
2017-04-16,21,515,ggsignif
2017-04-17,36,551,ggsignif
2017-04-18,36,587,ggsignif
2017-04-19,37,624,ggsignif
2017-04-20,37,661,ggsignif
2017-04-21,37,698,ggsignif
2017-04-22,19,717,ggsignif
2017-04-23,15,732,ggsignif
2017-04-24,41,773,ggsignif
2017-04-25,55,828,ggsignif
2017-04-26,57,885,ggsignif
2017-04-27,203,1088,ggsignif
2017-04-28,56,1144,ggsignif
2017-04-29,25,1169,ggsignif
2017-04-30,17,1186,ggsignif
2017-05-01,40,1226,ggsignif
2017-05-02,45,1271,ggsignif
2017-05-03,58,1329,ggsignif
2017-05-04,42,1371,ggsignif
2017-05-05,40,1411,ggsignif
2017-05-06,26,1437,ggsignif
2017-05-07,23,1460,ggsignif
2017-05-08,45,1505,ggsignif
2017-05-09,45,1550,ggsignif
2017-05-10,51,1601,ggsignif
2017-05-11,36,1637,ggsignif
2017-05-12,30,1667,ggsignif
2017-05-13,13,1680,ggsignif
2017-05-14,18,1698,ggsignif
2017-05-15,46,1744,ggsignif
2017-05-16,30,1774,ggsignif
2017-05-17,27,1801,ggsignif
2017-05-18,35,1836,ggsignif
2017-05-19,31,1867,ggsignif
2017-05-20,12,1879,ggsignif
2017-05-21,7,1886,ggsignif
2017-05-22,51,1937,ggsignif
2017-05-23,44,1981,ggsignif
2017-05-24,50,2031,ggsignif
2017-05-25,34,2065,ggsignif
2017-05-26,40,2105,ggsignif
2017-05-27,23,2128,ggsignif
2017-05-28,24,2152,ggsignif
2017-05-29,48,2200,ggsignif
2017-05-30,46,2246,ggsignif
2017-05-31,40,2286,ggsignif
2017-06-01,42,2328,ggsignif
2017-06-02,50,2378,ggsignif
2017-06-03,31,2409,ggsignif
2017-06-04,46,2455,ggsignif
2017-06-05,100,2555,ggsignif
2017-06-06,572,3127,ggsignif
2017-06-07,756,3883,ggsignif
2017-06-08,730,4613,ggsignif
2017-06-09,676,5289,ggsignif
2017-06-10,338,5627,ggsignif
2017-06-11,287,5914,ggsignif
2017-06-12,715,6629,ggsignif
2017-06-13,659,7288,ggsignif
2017-06-14,599,7887,ggsignif
2017-06-15,611,8498,ggsignif
2017-06-16,500,8998,ggsignif
2017-06-17,249,9247,ggsignif
2017-06-18,275,9522,ggsignif
2017-06-19,711,10233,ggsignif
2017-06-20,598,10831,ggsignif
2017-06-21,602,11433,ggsignif
2017-06-22,527,11960,ggsignif
2017-06-23,378,12338,ggsignif
2017-06-24,194,12532,ggsignif
2017-06-25,473,13005,ggsignif
2017-06-26,1241,14246,ggsignif
2017-06-27,725,14971,ggsignif
2017-06-28,781,15752,ggsignif
2017-06-29,780,16532,ggsignif
2017-06-30,624,17156,ggsignif
2017-07-01,243,17399,ggsignif
2017-07-02,223,17622,ggsignif
2017-07-03,527,18149,ggsignif
2017-07-04,538,18687,ggsignif
2017-07-05,506,19193,ggsignif
2017-07-06,718,19911,ggsignif
2017-07-07,539,20450,ggsignif
2017-07-08,193,20643,ggsignif
2017-07-09,262,20905,ggsignif
2017-07-10,564,21469,ggsignif
2017-07-11,568,22037,ggsignif
2017-07-12,510,22547,ggsignif
2017-07-13,504,23051,ggsignif
2017-07-14,370,23421,ggsignif
2017-07-15,136,23557,ggsignif
2017-07-16,177,23734,ggsignif
2017-07-17,449,24183,ggsignif
2017-07-18,588,24771,ggsignif
2017-07-19,559,25330,ggsignif
2017-07-20,530,25860,ggsignif
2017-07-21,438,26298,ggsignif
2017-07-22,172,26470,ggsignif
2017-07-23,193,26663,ggsignif
2017-07-24,526,27189,ggsignif
2017-07-25,491,27680,ggsignif
2017-07-26,483,28163,ggsignif
2017-07-27,626,28789,ggsignif
2017-07-28,530,29319,ggsignif
2017-07-29,205,29524,ggsignif
2017-07-30,225,29749,ggsignif
2017-07-31,550,30299,ggsignif
2017-08-01,581,30880,ggsignif
2017-08-02,569,31449,ggsignif
2017-08-03,889,32338,ggsignif
2017-08-04,829,33167,ggsignif
2017-08-05,307,33474,ggsignif
2017-08-06,292,33766,ggsignif
2017-08-07,729,34495,ggsignif
2017-08-08,735,35230,ggsignif
2017-08-09,710,35940,ggsignif
2017-08-10,708,36648,ggsignif
2017-08-11,538,37186,ggsignif
2017-08-12,240,37426,ggsignif
2017-08-13,232,37658,ggsignif
2017-08-14,531,38189,ggsignif
2017-08-15,582,38771,ggsignif
2017-08-16,657,39428,ggsignif
2017-08-17,608,40036,ggsignif
2017-08-18,518,40554,ggsignif
2017-08-19,262,40816,ggsignif
2017-08-20,259,41075,ggsignif
2017-08-21,596,41671,ggsignif
2017-08-22,677,42348,ggsignif
2017-08-23,724,43072,ggsignif
2017-08-24,720,43792,ggsignif
2017-08-25,542,44334,ggsignif
2017-08-26,243,44577,ggsignif
2017-08-27,223,44800,ggsignif
2017-08-28,605,45405,ggsignif
2017-08-29,627,46032,ggsignif
2017-08-30,587,46619,ggsignif
2017-08-31,544,47163,ggsignif
2017-09-01,463,47626,ggsignif
2017-09-02,257,47883,ggsignif
2017-09-03,198,48081,ggsignif
2017-09-04,499,48580,ggsignif
2017-09-05,635,49215,ggsignif
2017-09-06,648,49863,ggsignif
2017-09-07,646,50509,ggsignif
2017-09-08,482,50991,ggsignif
2017-09-09,239,51230,ggsignif
2017-09-10,255,51485,ggsignif
2017-09-11,648,52133,ggsignif
2017-09-12,656,52789,ggsignif
2017-09-13,831,53620,ggsignif
2017-09-14,818,54438,ggsignif
2017-09-15,640,55078,ggsignif
2017-09-16,267,55345,ggsignif
2017-09-17,290,55635,ggsignif
2017-09-18,599,56234,ggsignif
2017-09-19,642,56876,ggsignif
2017-09-20,707,57583,ggsignif
2017-09-21,592,58175,ggsignif
2017-09-22,604,58779,ggsignif
2017-09-23,300,59079,ggsignif
2017-09-24,310,59389,ggsignif
2017-09-25,645,60034,ggsignif
2017-09-26,726,60760,ggsignif
2017-09-27,745,61505,ggsignif
2017-09-28,661,62166,ggsignif
2017-09-29,599,62765,ggsignif
2017-09-30,300,63065,ggsignif
2017-10-01,309,63374,ggsignif
2017-10-02,633,64007,ggsignif
2017-10-03,678,64685,ggsignif
2017-10-04,715,65400,ggsignif
2017-10-05,717,66117,ggsignif
2017-10-06,681,66798,ggsignif
2017-10-07,307,67105,ggsignif
2017-10-08,333,67438,ggsignif
2017-10-09,660,68098,ggsignif
2017-10-10,759,68857,ggsignif
2017-10-11,854,69711,ggsignif
2017-10-12,733,70444,ggsignif
2017-10-13,616,71060,ggsignif
2017-10-14,404,71464,ggsignif
2017-10-15,354,71818,ggsignif
2017-10-16,823,72641,ggsignif
2017-10-17,859,73500,ggsignif
2017-10-18,737,74237,ggsignif
2017-10-19,691,74928,ggsignif
2017-10-20,638,75566,ggsignif
2017-10-21,365,75931,ggsignif
2017-10-22,497,76428,ggsignif
2017-10-23,846,77274,ggsignif
2017-10-24,874,78148,ggsignif
2017-10-25,854,79002,ggsignif
2017-10-26,796,79798,ggsignif
2017-10-27,749,80547,ggsignif
2017-10-28,355,80902,ggsignif
2017-10-29,426,81328,ggsignif
2017-10-30,716,82044,ggsignif
2017-10-31,867,82911,ggsignif
2017-11-01,771,83682,ggsignif
2017-11-02,851,84533,ggsignif
2017-11-03,688,85221,ggsignif
2017-11-04,359,85580,ggsignif
2017-11-05,440,86020,ggsignif
2017-11-06,820,86840,ggsignif
2017-11-07,922,87762,ggsignif
2017-11-08,860,88622,ggsignif
2017-11-09,930,89552,ggsignif
2017-11-10,790,90342,ggsignif
2017-11-11,373,90715,ggsignif
2017-11-12,467,91182,ggsignif
2017-11-13,948,92130,ggsignif
2017-11-14,965,93095,ggsignif
2017-11-15,856,93951,ggsignif
2017-11-16,1258,95209,ggsignif
2017-11-17,802,96011,ggsignif
2017-11-18,410,96421,ggsignif
2017-11-19,429,96850,ggsignif
2017-11-20,886,97736,ggsignif
2017-11-21,1006,98742,ggsignif
2017-11-22,878,99620,ggsignif
2017-11-23,777,100397,ggsignif
2017-11-24,672,101069,ggsignif
2017-11-25,425,101494,ggsignif
2017-11-26,442,101936,ggsignif
2017-11-27,1009,102945,ggsignif
2017-11-28,1063,104008,ggsignif
2017-11-29,930,104938,ggsignif
2017-11-30,926,105864,ggsignif
2017-12-01,870,106734,ggsignif
2017-12-02,487,107221,ggsignif
2017-12-03,510,107731,ggsignif
2017-12-04,943,108674,ggsignif
2017-12-05,988,109662,ggsignif
2017-12-06,1029,110691,ggsignif
2017-12-07,972,111663,ggsignif
2017-12-08,680,112343,ggsignif
2017-12-09,456,112799,ggsignif
2017-12-10,425,113224,ggsignif
2017-12-11,877,114101,ggsignif
2017-12-12,879,114980,ggsignif
2017-12-13,817,115797,ggsignif
2017-12-14,795,116592,ggsignif
2017-12-15,668,117260,ggsignif
2017-12-16,367,117627,ggsignif
2017-12-17,337,117964,ggsignif
2017-12-18,844,118808,ggsignif
2017-12-19,732,119540,ggsignif
2017-12-20,795,120335,ggsignif
2017-12-21,669,121004,ggsignif
2017-12-22,498,121502,ggsignif
2017-12-23,234,121736,ggsignif
2017-12-24,223,121959,ggsignif
2017-12-25,202,122161,ggsignif
2017-12-26,320,122481,ggsignif
2017-12-27,355,122836,ggsignif
2017-12-28,374,123210,ggsignif
2017-12-29,340,123550,ggsignif
2017-12-30,235,123785,ggsignif
2017-12-31,195,123980,ggsignif
2018-01-01,154,124134,ggsignif
2018-01-02,545,124679,ggsignif
2018-01-03,540,125219,ggsignif
2018-01-04,659,125878,ggsignif
2018-01-05,607,126485,ggsignif
2018-01-06,288,126773,ggsignif
2018-01-07,325,127098,ggsignif
2018-01-08,731,127829,ggsignif
2018-01-09,728,128557,ggsignif
2018-01-10,748,129305,ggsignif
2018-01-11,665,129970,ggsignif
2018-01-12,664,130634,ggsignif
2018-01-13,360,130994,ggsignif
2018-01-14,350,131344,ggsignif
2018-01-15,718,132062,ggsignif
2018-01-16,820,132882,ggsignif
2018-01-17,810,133692,ggsignif
2018-01-18,736,134428,ggsignif
2018-01-19,749,135177,ggsignif
2018-01-20,325,135502,ggsignif
2018-01-21,383,135885,ggsignif
2018-01-22,797,136682,ggsignif
2018-01-23,971,137653,ggsignif
2018-01-24,876,138529,ggsignif
2018-01-25,828,139357,ggsignif
2018-01-26,682,140039,ggsignif
2018-01-27,428,140467,ggsignif
2018-01-28,395,140862,ggsignif
2018-01-29,906,141768,ggsignif
2018-01-30,1015,142783,ggsignif
2018-01-31,933,143716,ggsignif
2018-02-01,863,144579,ggsignif
2018-02-02,799,145378,ggsignif
2018-02-03,378,145756,ggsignif
2018-02-04,366,146122,ggsignif
2018-02-05,944,147066,ggsignif
2018-02-06,940,148006,ggsignif
2018-02-07,855,148861,ggsignif
2018-02-08,825,149686,ggsignif
2018-02-09,1001,150687,ggsignif
2018-02-10,429,151116,ggsignif
2018-02-11,377,151493,ggsignif
2018-02-12,954,152447,ggsignif
2018-02-13,889,153336,ggsignif
2018-02-14,970,154306,ggsignif
2018-02-15,870,155176,ggsignif
2018-02-16,751,155927,ggsignif
2018-02-17,366,156293,ggsignif
2018-02-18,434,156727,ggsignif
2018-02-19,818,157545,ggsignif
2018-02-20,843,158388,ggsignif
2018-02-21,926,159314,ggsignif
2018-02-22,1014,160328,ggsignif
2018-02-23,757,161085,ggsignif
2018-02-24,415,161500,ggsignif
2018-02-25,380,161880,ggsignif
2018-02-26,848,162728,ggsignif
2018-02-27,891,163619,ggsignif
2018-02-28,991,164610,ggsignif
2018-03-01,876,165486,ggsignif
2018-03-02,764,166250,ggsignif
2018-03-03,380,166630,ggsignif
2018-03-04,451,167081,ggsignif
2018-03-05,914,167995,ggsignif
2018-03-06,1055,169050,ggsignif
2018-03-07,962,170012,ggsignif
2018-03-08,967,170979,ggsignif
2018-03-09,828,171807,ggsignif
2018-03-10,382,172189,ggsignif
2018-03-11,449,172638,ggsignif
2018-03-12,939,173577,ggsignif
2018-03-13,1054,174631,ggsignif
2018-03-14,1026,175657,ggsignif
2018-03-15,1155,176812,ggsignif
2018-03-16,851,177663,ggsignif
2018-03-17,470,178133,ggsignif
2018-03-18,431,178564,ggsignif
2018-03-19,985,179549,ggsignif
2018-03-20,1035,180584,ggsignif
2018-03-21,1122,181706,ggsignif
2018-03-22,1110,182816,ggsignif
2018-03-23,902,183718,ggsignif
2018-03-24,428,184146,ggsignif
2018-03-25,541,184687,ggsignif
2018-03-26,1080,185767,ggsignif
2018-03-27,1093,186860,ggsignif
2018-03-28,1073,187933,ggsignif
2018-03-29,885,188818,ggsignif
2018-03-30,594,189412,ggsignif
2018-03-31,429,189841,ggsignif
2018-04-01,347,190188,ggsignif
2018-04-02,746,190934,ggsignif
2018-04-03,910,191844,ggsignif
2018-04-04,968,192812,ggsignif
2018-04-05,1024,193836,ggsignif
2018-04-06,846,194682,ggsignif
2018-04-07,498,195180,ggsignif
2018-04-08,524,195704,ggsignif
2018-04-09,1133,196837,ggsignif
2018-04-10,1301,198138,ggsignif
2018-04-11,1138,199276,ggsignif
2018-04-12,1034,200310,ggsignif
2018-04-13,970,201280,ggsignif
2018-04-14,562,201842,ggsignif
2018-04-15,551,202393,ggsignif
2018-04-16,1095,203488,ggsignif
2018-04-17,1183,204671,ggsignif
2018-04-18,1085,205756,ggsignif
2018-04-19,1075,206831,ggsignif
2018-04-20,951,207782,ggsignif
2018-04-21,489,208271,ggsignif
2018-04-22,583,208854,ggsignif
2018-04-23,1105,209959,ggsignif
2018-04-24,1510,211469,ggsignif
2018-04-25,1579,213048,ggsignif
2018-04-26,1390,214438,ggsignif
2018-04-27,1087,215525,ggsignif
2018-04-28,628,216153,ggsignif
2018-04-29,620,216773,ggsignif
2018-04-30,1142,217915,ggsignif
2018-05-01,1185,219100,ggsignif
2018-05-02,1178,220278,ggsignif
2018-05-03,1286,221564,ggsignif
2018-05-04,1066,222630,ggsignif
2018-05-05,621,223251,ggsignif
2018-05-06,523,223774,ggsignif
2018-05-07,1100,224874,ggsignif
2018-05-08,1117,225991,ggsignif
2018-05-09,1261,227252,ggsignif
2018-05-10,1040,228292,ggsignif
2018-05-11,1066,229358,ggsignif
2018-05-12,568,229926,ggsignif
2018-05-13,627,230553,ggsignif
2018-05-14,1230,231783,ggsignif
2018-05-15,1148,232931,ggsignif
2018-05-16,1216,234147,ggsignif
2018-05-17,1332,235479,ggsignif
2018-05-18,1104,236583,ggsignif
2018-05-19,556,237139,ggsignif
2018-05-20,558,237697,ggsignif
2018-05-21,992,238689,ggsignif
2018-05-22,1137,239826,ggsignif
2018-05-23,1181,241007,ggsignif
2018-05-24,1117,242124,ggsignif
2018-05-25,917,243041,ggsignif
2018-05-26,454,243495,ggsignif
2018-05-27,555,244050,ggsignif
2018-05-28,1011,245061,ggsignif
2018-05-29,1232,246293,ggsignif
2018-05-30,1129,247422,ggsignif
2018-05-31,1160,248582,ggsignif
2018-06-01,951,249533,ggsignif
2018-06-02,505,250038,ggsignif
2018-06-03,506,250544,ggsignif
2018-06-04,1143,251687,ggsignif
2018-06-05,1214,252901,ggsignif
2018-06-06,1199,254100,ggsignif
2018-06-07,1165,255265,ggsignif
2018-06-08,989,256254,ggsignif
2018-06-09,522,256776,ggsignif
2018-06-10,501,257277,ggsignif
2018-06-11,950,258227,ggsignif
2018-06-12,1167,259394,ggsignif
2018-06-13,1031,260425,ggsignif
2018-06-14,993,261418,ggsignif
2018-06-15,926,262344,ggsignif
2018-06-16,416,262760,ggsignif
2018-06-17,414,263174,ggsignif
2018-06-18,997,264171,ggsignif
2018-06-19,1092,265263,ggsignif
2018-06-20,1073,266336,ggsignif
2018-06-21,1023,267359,ggsignif
2018-06-22,882,268241,ggsignif
2018-06-23,347,268588,ggsignif
2018-06-24,380,268968,ggsignif
2018-06-25,960,269928,ggsignif
2018-06-26,1037,270965,ggsignif
2018-06-27,1029,271994,ggsignif
2018-06-28,1000,272994,ggsignif
2018-06-29,844,273838,ggsignif
2018-06-30,490,274328,ggsignif
2018-07-01,421,274749,ggsignif
2018-07-02,995,275744,ggsignif
2018-07-03,1143,276887,ggsignif
2018-07-04,883,277770,ggsignif
2018-07-05,1002,278772,ggsignif
2018-07-06,854,279626,ggsignif
2018-07-07,405,280031,ggsignif
2018-07-08,403,280434,ggsignif
2018-07-09,1071,281505,ggsignif
2018-07-10,1059,282564,ggsignif
2018-07-11,992,283556,ggsignif
2018-07-12,950,284506,ggsignif
2018-07-13,848,285354,ggsignif
2018-07-14,389,285743,ggsignif
2018-07-15,372,286115,ggsignif
2018-07-16,929,287044,ggsignif
2018-07-17,986,288030,ggsignif
2018-07-18,1078,289108,ggsignif
2018-07-19,1069,290177,ggsignif
2018-07-20,823,291000,ggsignif
2018-07-21,398,291398,ggsignif
2018-07-22,437,291835,ggsignif
2018-07-23,1048,292883,ggsignif
2018-07-24,1135,294018,ggsignif
2018-07-25,977,294995,ggsignif
2018-07-26,1020,296015,ggsignif
2018-07-27,845,296860,ggsignif
2018-07-28,426,297286,ggsignif
2018-07-29,441,297727,ggsignif
2018-07-30,956,298683,ggsignif
2018-07-31,978,299661,ggsignif
2018-08-01,950,300611,ggsignif
2018-08-02,876,301487,ggsignif
2018-08-03,858,302345,ggsignif
2018-08-04,361,302706,ggsignif
2018-08-05,382,303088,ggsignif
2018-08-06,860,303948,ggsignif
2018-08-07,917,304865,ggsignif
2018-08-08,1013,305878,ggsignif
2018-08-09,931,306809,ggsignif
2018-08-10,880,307689,ggsignif
2018-08-11,389,308078,ggsignif
2018-08-12,404,308482,ggsignif
2018-08-13,917,309399,ggsignif
2018-08-14,941,310340,ggsignif
2018-08-15,777,311117,ggsignif
2018-08-16,886,312003,ggsignif
2018-08-17,828,312831,ggsignif
2018-08-18,385,313216,ggsignif
2018-08-19,352,313568,ggsignif
2018-08-20,819,314387,ggsignif
2018-08-21,957,315344,ggsignif
2018-08-22,1063,316407,ggsignif
2018-08-23,904,317311,ggsignif
2018-08-24,921,318232,ggsignif
2018-08-25,364,318596,ggsignif
2018-08-26,401,318997,ggsignif
2018-08-27,844,319841,ggsignif
2018-08-28,1002,320843,ggsignif
2018-08-29,991,321834,ggsignif
2018-08-30,1137,322971,ggsignif
2018-08-31,865,323836,ggsignif
2018-09-01,392,324228,ggsignif
2018-09-02,362,324590,ggsignif
2018-09-03,742,325332,ggsignif
2018-09-04,1117,326449,ggsignif
2018-09-05,982,327431,ggsignif
2018-09-06,1056,328487,ggsignif
2018-09-07,1010,329497,ggsignif
2018-09-08,447,329944,ggsignif
2018-09-09,457,330401,ggsignif
2018-09-10,978,331379,ggsignif
2018-09-11,1088,332467,ggsignif
2018-09-12,1218,333685,ggsignif
2018-09-13,1353,335038,ggsignif
2018-09-14,1533,336571,ggsignif
2018-09-15,458,337029,ggsignif
2018-09-16,601,337630,ggsignif
2018-09-17,1494,339124,ggsignif
2018-09-18,1501,340625,ggsignif
2018-09-19,1362,341987,ggsignif
2018-09-20,1359,343346,ggsignif
2018-09-21,1037,344383,ggsignif
2018-09-22,649,345032,ggsignif
2018-09-23,613,345645,ggsignif
2018-09-24,1391,347036,ggsignif
2018-09-25,1416,348452,ggsignif
2018-09-26,1555,350007,ggsignif
2018-09-27,1583,351590,ggsignif
2018-09-28,1345,352935,ggsignif
2018-09-29,650,353585,ggsignif
2018-09-30,607,354192,ggsignif
2018-10-01,1377,355569,ggsignif
2018-10-02,1671,357240,ggsignif
2018-10-03,1662,358902,ggsignif
2018-10-04,1655,360557,ggsignif
2018-10-05,1492,362049,ggsignif
2018-10-06,624,362673,ggsignif
2018-10-07,774,363447,ggsignif
2018-10-08,1509,364956,ggsignif
2018-10-09,1736,366692,ggsignif
2018-10-10,1767,368459,ggsignif
2018-10-11,1743,370202,ggsignif
2018-10-12,1448,371650,ggsignif
2018-10-13,746,372396,ggsignif
2018-10-14,847,373243,ggsignif
2018-10-15,1559,374802,ggsignif
2018-10-16,1831,376633,ggsignif
2018-10-17,1876,378509,ggsignif
2018-10-18,1946,380455,ggsignif
2018-10-19,1603,382058,ggsignif
2018-10-20,956,383014,ggsignif
2018-10-21,1061,384075,ggsignif
2018-10-22,2009,386084,ggsignif
2018-10-23,1999,388083,ggsignif
2018-10-24,1978,390061,ggsignif
2018-10-25,1888,391949,ggsignif
2018-10-26,1817,393766,ggsignif
2018-10-27,1010,394776,ggsignif
2018-10-28,899,395675,ggsignif
2018-10-29,1775,397450,ggsignif
2018-10-30,1940,399390,ggsignif
2018-10-31,1722,401112,ggsignif
2018-11-01,1629,402741,ggsignif
2018-11-02,1417,404158,ggsignif
2018-11-03,917,405075,ggsignif
2018-11-04,927,406002,ggsignif
2018-11-05,1898,407900,ggsignif
2018-11-06,1943,409843,ggsignif
2018-11-07,2122,411965,ggsignif
2018-11-08,1995,413960,ggsignif
2018-11-09,1639,415599,ggsignif
2018-11-10,1032,416631,ggsignif
2018-11-11,949,417580,ggsignif
2018-11-12,1839,419419,ggsignif
2018-11-13,2296,421715,ggsignif
2018-11-14,2148,423863,ggsignif
2018-11-15,1921,425784,ggsignif
2018-11-16,1782,427566,ggsignif
2018-11-17,1052,428618,ggsignif
2018-11-18,1066,429684,ggsignif
2018-11-19,2087,431771,ggsignif
2018-11-20,2013,433784,ggsignif
2018-11-21,2063,435847,ggsignif
2018-11-22,1770,437617,ggsignif
2018-11-23,1569,439186,ggsignif
2018-11-24,1105,440291,ggsignif
2018-11-25,1117,441408,ggsignif
2018-11-26,2120,443528,ggsignif
2018-11-27,2398,445926,ggsignif
2018-11-28,2075,448001,ggsignif
2018-11-29,2217,450218,ggsignif
2018-11-30,2081,452299,ggsignif
2018-12-01,1173,453472,ggsignif
2018-12-02,1209,454681,ggsignif
2018-12-03,2270,456951,ggsignif
2018-12-04,2355,459306,ggsignif
2018-12-05,2183,461489,ggsignif
2018-12-06,2294,463783,ggsignif
2018-12-07,1860,465643,ggsignif
2018-12-08,1038,466681,ggsignif
2018-12-09,1049,467730,ggsignif
2018-12-10,2050,469780,ggsignif
2018-12-11,2080,471860,ggsignif
2018-12-12,1981,473841,ggsignif
2018-12-13,1887,475728,ggsignif
2018-12-14,1693,477421,ggsignif
2018-12-15,1030,478451,ggsignif
2018-12-16,1214,479665,ggsignif
2018-12-17,1753,481418,ggsignif
2018-12-18,1856,483274,ggsignif
2018-12-19,1751,485025,ggsignif
2018-12-20,1627,486652,ggsignif
2018-12-21,1233,487885,ggsignif
2018-12-22,670,488555,ggsignif
2018-12-23,716,489271,ggsignif
2018-12-24,692,489963,ggsignif
2018-12-25,680,490643,ggsignif
2018-12-26,785,491428,ggsignif
2018-12-27,898,492326,ggsignif
2018-12-28,938,493264,ggsignif
2018-12-29,454,493718,ggsignif
2018-12-30,449,494167,ggsignif
2018-12-31,433,494600,ggsignif
2019-01-01,306,494906,ggsignif
2019-01-02,1064,495970,ggsignif
2019-01-03,1367,497337,ggsignif
2019-01-04,1392,498729,ggsignif
2019-01-05,843,499572,ggsignif
2019-01-06,812,500384,ggsignif
2019-01-07,1570,501954,ggsignif
2019-01-08,2013,503967,ggsignif
2019-01-09,3840,507807,ggsignif
2019-01-10,3527,511334,ggsignif
2019-01-11,1988,513322,ggsignif
2019-01-12,1620,514942,ggsignif
2019-01-13,1534,516476,ggsignif
2019-01-14,3286,519762,ggsignif
2019-01-15,3130,522892,ggsignif
2019-01-16,2831,525723,ggsignif
2019-01-17,2547,528270,ggsignif
2019-01-18,3744,532014,ggsignif
2019-01-19,1890,533904,ggsignif
2019-01-20,1649,535553,ggsignif
2019-01-21,3585,539138,ggsignif
2019-01-22,4324,543462,ggsignif
2019-01-23,2869,546331,ggsignif
2019-01-24,3459,549790,ggsignif
2019-01-25,3988,553778,ggsignif
2019-01-26,1922,555700,ggsignif
2019-01-27,2041,557741,ggsignif
2019-01-28,3896,561637,ggsignif
2019-01-29,3793,565430,ggsignif
2019-01-30,3791,569221,ggsignif
2019-01-31,2137,571358,ggsignif
2019-02-01,4018,575376,ggsignif
2019-02-02,2493,577869,ggsignif
2019-02-03,2064,579933,ggsignif
2019-02-04,4008,583941,ggsignif
2019-02-05,3687,587628,ggsignif
2019-02-06,3409,591037,ggsignif
2019-02-07,4278,595315,ggsignif
2019-02-08,4264,599579,ggsignif
2019-02-09,2648,602227,ggsignif
2019-02-10,2512,604739,ggsignif
2019-02-11,4242,608981,ggsignif
2019-02-12,4814,613795,ggsignif
2019-02-13,5396,619191,ggsignif
2019-02-14,3175,622366,ggsignif
2019-02-15,8009,630375,ggsignif
2019-02-16,2336,632711,ggsignif
2019-02-17,2598,635309,ggsignif
2019-02-18,3975,639284,ggsignif
2019-02-19,4327,643611,ggsignif
2019-02-20,5664,649275,ggsignif
2019-02-21,7859,657134,ggsignif
2019-02-22,5954,663088,ggsignif
2019-02-23,3283,666371,ggsignif
2019-02-24,2307,668678,ggsignif
2019-02-25,5468,674146,ggsignif
2019-02-26,5536,679682,ggsignif
2019-02-27,4983,684665,ggsignif
2019-02-28,4342,689007,ggsignif
2019-03-01,3797,692804,ggsignif
2019-03-02,1758,694562,ggsignif
2019-03-03,1917,696479,ggsignif
2019-03-04,3630,700109,ggsignif
2019-03-05,3940,704049,ggsignif
2019-03-06,4187,708236,ggsignif
2019-03-07,4047,712283,ggsignif
2019-03-08,3324,715607,ggsignif
2019-03-09,2192,717799,ggsignif
2019-03-10,2059,719858,ggsignif
2019-03-11,3714,723572,ggsignif
2019-03-12,3879,727451,ggsignif
2019-03-13,3597,731048,ggsignif
2019-03-14,3550,734598,ggsignif
2019-03-15,2917,737515,ggsignif
2019-03-16,1832,739347,ggsignif
2019-03-17,1830,741177,ggsignif
2019-03-18,3744,744921,ggsignif
2019-03-19,3636,748557,ggsignif
2019-03-20,3913,752470,ggsignif
2019-03-21,3649,756119,ggsignif
2019-03-22,3682,759801,ggsignif
2019-03-23,1850,761651,ggsignif
2019-03-24,1909,763560,ggsignif
2019-03-25,3185,766745,ggsignif
2019-03-26,3929,770674,ggsignif
2019-03-27,3860,774534,ggsignif
2019-03-28,3814,778348,ggsignif
2019-03-29,2678,781026,ggsignif
2019-03-30,1863,782889,ggsignif
2019-03-31,1827,784716,ggsignif
2019-04-01,3569,788285,ggsignif
2019-04-02,3672,791957,ggsignif
2019-04-03,4050,796007,ggsignif
2019-04-04,4133,800140,ggsignif
2019-04-05,3465,803605,ggsignif
2019-04-06,1450,805055,ggsignif
2019-04-07,1565,806620,ggsignif
2019-04-08,3429,810049,ggsignif
2019-04-09,3708,813757,ggsignif
2019-04-10,4007,817764,ggsignif
2019-04-11,3684,821448,ggsignif
2019-04-12,3287,824735,ggsignif
2019-04-13,1824,826559,ggsignif
2019-04-14,1790,828349,ggsignif
2019-04-15,3682,832031,ggsignif
2019-04-16,3233,835264,ggsignif
2019-04-17,3684,838948,ggsignif
2019-04-18,3243,842191,ggsignif
2019-04-19,2675,844866,ggsignif
2019-04-20,1892,846758,ggsignif
2019-04-21,1723,848481,ggsignif
2019-04-22,2743,851224,ggsignif
2019-04-23,3731,854955,ggsignif
2019-04-24,3340,858295,ggsignif
2019-04-25,3118,861413,ggsignif
2019-04-26,3069,864482,ggsignif
2019-04-27,2164,866646,ggsignif
2019-04-28,2035,868681,ggsignif
2019-04-29,3426,872107,ggsignif
2019-04-30,3838,875945,ggsignif
2019-05-01,3396,879341,ggsignif
2019-05-02,3704,883045,ggsignif
2019-05-03,2785,885830,ggsignif
2019-05-04,1394,887224,ggsignif
2019-05-05,1545,888769,ggsignif
2019-05-06,3211,891980,ggsignif
2019-05-07,3113,895093,ggsignif
2019-05-08,3822,898915,ggsignif
2019-05-09,3668,902583,ggsignif
2019-05-10,2970,905553,ggsignif
2019-05-11,1459,907012,ggsignif
2019-05-12,2006,909018,ggsignif
2019-05-13,3425,912443,ggsignif
2019-05-14,3481,915924,ggsignif
2019-05-15,3476,919400,ggsignif
2019-05-16,3614,923014,ggsignif
2019-05-17,3147,926161,ggsignif
2019-05-18,1948,928109,ggsignif
2019-05-19,1962,930071,ggsignif
2019-05-20,3178,933249,ggsignif
2019-05-21,3240,936489,ggsignif
2019-05-22,2863,939352,ggsignif
2019-05-23,3282,942634,ggsignif
2019-05-24,3084,945718,ggsignif
2019-05-25,1764,947482,ggsignif
2019-05-26,1697,949179,ggsignif
2019-05-27,2341,951520,ggsignif
2019-05-28,3243,954763,ggsignif
2019-05-29,2778,957541,ggsignif
2019-05-30,3025,960566,ggsignif
2019-05-31,2932,963498,ggsignif
2019-06-01,1796,965294,ggsignif
2019-06-02,1577,966871,ggsignif
2019-06-03,3470,970341,ggsignif
2019-06-04,3429,973770,ggsignif
2019-06-05,3569,977339,ggsignif
2019-06-06,3352,980691,ggsignif
2019-06-07,2908,983599,ggsignif
2019-06-08,1735,985334,ggsignif
2019-06-09,1744,987078,ggsignif
2019-06-10,2962,990040,ggsignif
2019-06-11,3346,993386,ggsignif
2019-06-12,3313,996699,ggsignif
2019-06-13,3142,999841,ggsignif
2019-06-14,2900,1002741,ggsignif
2019-06-15,1949,1004690,ggsignif
2019-06-16,2025,1006715,ggsignif
2019-06-17,3355,1010070,ggsignif
2019-06-18,3408,1013478,ggsignif
2019-06-19,3184,1016662,ggsignif
2019-06-20,3263,1019925,ggsignif
2019-06-21,2858,1022783,ggsignif
2019-06-22,1137,1023920,ggsignif
2019-06-23,1222,1025142,ggsignif
2019-06-24,2447,1027589,ggsignif
2019-06-25,2838,1030427,ggsignif
2019-06-26,2572,1032999,ggsignif
2019-06-27,2508,1035507,ggsignif
2019-06-28,3034,1038541,ggsignif
2019-06-29,1891,1040432,ggsignif
2019-06-30,1868,1042300,ggsignif
2019-07-01,3076,1045376,ggsignif
2019-07-02,3248,1048624,ggsignif
2019-07-03,3387,1052011,ggsignif
2019-07-04,2619,1054630,ggsignif
2019-07-05,2594,1057224,ggsignif
2019-07-06,1584,1058808,ggsignif
2019-07-07,1718,1060526,ggsignif
2019-07-08,3290,1063816,ggsignif
2019-07-09,3292,1067108,ggsignif
2019-07-10,2807,1069915,ggsignif
2019-07-11,2988,1072903,ggsignif
2019-07-12,2202,1075105,ggsignif
2019-07-13,927,1076032,ggsignif
2019-07-14,892,1076924,ggsignif
2019-07-15,2318,1079242,ggsignif
2019-07-16,2688,1081930,ggsignif
2019-07-17,2306,1084236,ggsignif
2019-07-18,2356,1086592,ggsignif
2019-07-19,2121,1088713,ggsignif
2019-07-20,988,1089701,ggsignif
2019-07-21,1131,1090832,ggsignif
2019-07-22,2325,1093157,ggsignif
2019-07-23,2249,1095406,ggsignif
2019-07-24,2553,1097959,ggsignif
2019-07-25,2380,1100339,ggsignif
2019-07-26,2182,1102521,ggsignif
2019-07-27,972,1103493,ggsignif
2019-07-28,896,1104389,ggsignif
2019-07-29,2265,1106654,ggsignif
2019-07-30,2350,1109004,ggsignif
2019-07-31,2283,1111287,ggsignif
2019-08-01,2227,1113514,ggsignif
2019-08-02,2159,1115673,ggsignif
2019-08-03,1058,1116731,ggsignif
2019-08-04,865,1117596,ggsignif
2019-08-05,2005,1119601,ggsignif
2019-08-06,2356,1121957,ggsignif
2019-08-07,2321,1124278,ggsignif
2019-08-08,3799,1128077,ggsignif
2019-08-09,3531,1131608,ggsignif
2019-08-10,1888,1133496,ggsignif
2019-08-11,1954,1135450,ggsignif
2019-08-12,3406,1138856,ggsignif
2019-08-13,3273,1142129,ggsignif
2019-08-14,3134,1145263,ggsignif
2019-08-15,2819,1148082,ggsignif
2019-08-16,2607,1150689,ggsignif
2019-08-17,1591,1152280,ggsignif
2019-08-18,1642,1153922,ggsignif
2019-08-19,3372,1157294,ggsignif
2019-08-20,3046,1160340,ggsignif
2019-08-21,3112,1163452,ggsignif
2019-08-22,3384,1166836,ggsignif
2019-08-23,2417,1169253,ggsignif
2019-08-24,1432,1170685,ggsignif
2019-08-25,1502,1172187,ggsignif
2019-08-26,3262,1175449,ggsignif
2019-08-27,3531,1178980,ggsignif
2019-08-28,3314,1182294,ggsignif
2019-08-29,3335,1185629,ggsignif
2019-08-30,3033,1188662,ggsignif
2019-08-31,1479,1190141,ggsignif
2019-09-01,1599,1191740,ggsignif
2019-09-02,2734,1194474,ggsignif
2019-09-03,3511,1197985,ggsignif
2019-09-04,3388,1201373,ggsignif
2019-09-05,3464,1204837,ggsignif
2019-09-06,2728,1207565,ggsignif
2019-09-07,1667,1209232,ggsignif
2019-09-08,1794,1211026,ggsignif
2019-09-09,3578,1214604,ggsignif
2019-09-10,3672,1218276,ggsignif
2019-09-11,3345,1221621,ggsignif
2019-09-12,3413,1225034,ggsignif
2019-09-13,2748,1227782,ggsignif
2019-09-14,2206,1229988,ggsignif
2019-09-15,2215,1232203,ggsignif
2019-09-16,4187,1236390,ggsignif
2019-09-17,4382,1240772,ggsignif
2019-09-18,4538,1245310,ggsignif
2019-09-19,4457,1249767,ggsignif
2019-09-20,3990,1253757,ggsignif
2019-09-21,2513,1256270,ggsignif
2019-09-22,2587,1258857,ggsignif
2019-09-23,4663,1263520,ggsignif
2019-09-24,4693,1268213,ggsignif
2019-09-25,5322,1273535,ggsignif
2019-09-26,4738,1278273,ggsignif
2019-09-27,4107,1282380,ggsignif
2019-09-28,2427,1284807,ggsignif
2019-09-29,2433,1287240,ggsignif
2019-09-30,4175,1291415,ggsignif
2019-10-01,4244,1295659,ggsignif
2019-10-02,4013,1299672,ggsignif
2019-10-03,3742,1303414,ggsignif
2019-10-04,3531,1306945,ggsignif
2019-10-05,2150,1309095,ggsignif
2019-10-06,2370,1311465,ggsignif
2019-10-07,4018,1315483,ggsignif
2019-10-08,4484,1319967,ggsignif
2019-10-09,4306,1324273,ggsignif
2019-10-10,4139,1328412,ggsignif
2019-10-11,4019,1332431,ggsignif
2019-10-12,1864,1334295,ggsignif
2019-10-13,2191,1336486,ggsignif
2019-10-14,4099,1340585,ggsignif
2019-10-15,4447,1345032,ggsignif
2019-10-16,4302,1349334,ggsignif
2019-10-17,4348,1353682,ggsignif
2019-10-18,3830,1357512,ggsignif
2019-10-19,2345,1359857,ggsignif
2019-10-20,2476,1362333,ggsignif
2019-10-21,4260,1366593,ggsignif
2019-10-22,5097,1371690,ggsignif
2019-10-23,4698,1376388,ggsignif
2019-10-24,4638,1381026,ggsignif
2019-10-25,3898,1384924,ggsignif
2019-10-26,2288,1387212,ggsignif
2019-10-27,2396,1389608,ggsignif
2019-10-28,4178,1393786,ggsignif
2019-10-29,4154,1397940,ggsignif
2019-10-30,4015,1401955,ggsignif
2019-10-31,4053,1406008,ggsignif
2019-11-01,3102,1409110,ggsignif
2019-11-02,1759,1410869,ggsignif
2019-11-03,2030,1412899,ggsignif
2019-11-04,4135,1417034,ggsignif
2019-11-05,4369,1421403,ggsignif
2019-11-06,3588,1424991,ggsignif
2019-11-07,3877,1428868,ggsignif
2019-11-08,3694,1432562,ggsignif
2019-11-09,1995,1434557,ggsignif
2019-11-10,2151,1436708,ggsignif
2019-11-11,3824,1440532,ggsignif
2019-11-12,3861,1444393,ggsignif
2019-11-13,3955,1448348,ggsignif
2019-11-14,4083,1452431,ggsignif
2019-11-15,3521,1455952,ggsignif
2019-11-16,2072,1458024,ggsignif
2019-11-17,2102,1460126,ggsignif
2019-11-18,3985,1464111,ggsignif
2019-11-19,4472,1468583,ggsignif
2019-11-20,4173,1472756,ggsignif
2019-11-21,4093,1476849,ggsignif
2019-11-22,3708,1480557,ggsignif
2019-11-23,1931,1482488,ggsignif
2019-11-24,1990,1484478,ggsignif
2019-11-25,4152,1488630,ggsignif
2019-11-26,4461,1493091,ggsignif
2019-11-27,4101,1497192,ggsignif
2019-11-28,3522,1500714,ggsignif
2019-11-29,2996,1503710,ggsignif
2019-11-30,1866,1505576,ggsignif
2019-12-01,2119,1507695,ggsignif
2019-12-02,4788,1512483,ggsignif
2019-12-03,4705,1517188,ggsignif
2019-12-04,4101,1521289,ggsignif
2019-12-05,4194,1525483,ggsignif
2019-12-06,3649,1529132,ggsignif
2019-12-07,1858,1530990,ggsignif
2019-12-08,2086,1533076,ggsignif
2019-12-09,4187,1537263,ggsignif
2019-12-10,4223,1541486,ggsignif
2019-12-11,3989,1545475,ggsignif
2019-12-12,4492,1549967,ggsignif
2019-12-13,3837,1553804,ggsignif
2019-12-14,2338,1556142,ggsignif
2019-12-15,2144,1558286,ggsignif
2019-12-16,3500,1561786,ggsignif
2019-12-17,3776,1565562,ggsignif
2019-12-18,3741,1569303,ggsignif
2019-12-19,3781,1573084,ggsignif
2019-12-20,3179,1576263,ggsignif
2019-12-21,1837,1578100,ggsignif
2019-12-22,1801,1579901,ggsignif
2019-12-23,2661,1582562,ggsignif
2019-12-24,2197,1584759,ggsignif
2019-12-25,1673,1586432,ggsignif
2019-12-26,2215,1588647,ggsignif
2019-12-27,1995,1590642,ggsignif
2019-12-28,1712,1592354,ggsignif
2019-12-29,1847,1594201,ggsignif
2019-12-30,2200,1596401,ggsignif
2019-12-31,1931,1598332,ggsignif
2020-01-01,1494,1599826,ggsignif
2020-01-02,2767,1602593,ggsignif
2020-01-03,2929,1605522,ggsignif
2020-01-04,1843,1607365,ggsignif
2020-01-05,2223,1609588,ggsignif
2020-01-06,3413,1613001,ggsignif
2020-01-07,3698,1616699,ggsignif
2020-01-08,3545,1620244,ggsignif
2020-01-09,3875,1624119,ggsignif
2020-01-10,3404,1627523,ggsignif
2020-01-11,2174,1629697,ggsignif
2020-01-12,2154,1631851,ggsignif
2020-01-13,3506,1635357,ggsignif
2020-01-14,4234,1639591,ggsignif
2020-01-15,3898,1643489,ggsignif
2020-01-16,3877,1647366,ggsignif
2020-01-17,3390,1650756,ggsignif
2020-01-18,1687,1652443,ggsignif
2020-01-19,1972,1654415,ggsignif
2020-01-20,3611,1658026,ggsignif
2020-01-21,3786,1661812,ggsignif
2020-01-22,4230,1666042,ggsignif
2020-01-23,3715,1669757,ggsignif
2020-01-24,3691,1673448,ggsignif
2020-01-25,2004,1675452,ggsignif
2020-01-26,2559,1678011,ggsignif
2020-01-27,4241,1682252,ggsignif
2020-01-28,3880,1686132,ggsignif
2020-01-29,4669,1690801,ggsignif
2020-01-30,4922,1695723,ggsignif
2020-01-31,4120,1699843,ggsignif
2020-02-01,2204,1702047,ggsignif
2020-02-02,2217,1704264,ggsignif
2020-02-03,4531,1708795,ggsignif
2020-02-04,4973,1713768,ggsignif
2020-02-05,4682,1718450,ggsignif
2020-02-06,4919,1723369,ggsignif
2020-02-07,4880,1728249,ggsignif
2020-02-08,2340,1730589,ggsignif
2020-02-09,2392,1732981,ggsignif
2020-02-10,4595,1737576,ggsignif
2020-02-11,5047,1742623,ggsignif
2020-02-12,5332,1747955,ggsignif
2020-02-13,5087,1753042,ggsignif
2020-02-14,4869,1757911,ggsignif
2020-02-15,2567,1760478,ggsignif
2020-02-16,2601,1763079,ggsignif
2020-02-17,4106,1767185,ggsignif
2020-02-18,6034,1773219,ggsignif
2020-02-19,6066,1779285,ggsignif
2020-02-20,5869,1785154,ggsignif
2020-02-21,5262,1790416,ggsignif
2020-02-22,3662,1794078,ggsignif
2020-02-23,3385,1797463,ggsignif
2020-02-24,5147,1802610,ggsignif
2020-02-25,5588,1808198,ggsignif
2020-02-26,6587,1814785,ggsignif
2020-02-27,5654,1820439,ggsignif
2020-02-28,5439,1825878,ggsignif
2020-02-29,774,1826652,ggsignif
2020-03-01,3266,1829918,ggsignif
2020-03-02,6050,1835968,ggsignif
2020-03-03,6341,1842309,ggsignif
2020-03-04,6280,1848589,ggsignif
2020-03-05,6186,1854775,ggsignif
2020-03-06,5566,1860341,ggsignif
2020-03-07,3261,1863602,ggsignif
2020-03-08,2999,1866601,ggsignif
2020-03-09,5849,1872450,ggsignif
2020-03-10,5819,1878269,ggsignif
2020-03-11,6077,1884346,ggsignif
2020-03-12,7363,1891709,ggsignif
2020-03-13,5231,1896940,ggsignif
2020-03-14,3311,1900251,ggsignif
2020-03-15,3473,1903724,ggsignif
2020-03-16,5878,1909602,ggsignif
2020-03-17,5825,1915427,ggsignif
2020-03-18,6322,1921749,ggsignif
2020-03-19,6178,1927927,ggsignif
2020-03-20,5633,1933560,ggsignif
2020-03-21,3419,1936979,ggsignif
2020-03-22,4035,1941014,ggsignif
2020-03-23,5917,1946931,ggsignif
2020-03-24,5629,1952560,ggsignif
2020-03-25,5811,1958371,ggsignif
2020-03-26,6441,1964812,ggsignif
2020-03-27,6103,1970915,ggsignif
2020-03-28,3811,1974726,ggsignif
2020-03-29,3955,1978681,ggsignif
2020-03-30,6348,1985029,ggsignif
2020-03-31,6817,1991846,ggsignif
2020-04-01,6208,1998054,ggsignif
2020-04-02,6527,2004581,ggsignif
2020-04-03,6222,2010803,ggsignif
2020-04-04,4315,2015118,ggsignif
2020-04-05,3189,2018307,ggsignif
2020-04-06,6200,2024507,ggsignif
2020-04-07,5325,2029832,ggsignif
2020-04-08,5888,2035720,ggsignif
2020-04-09,5014,2040734,ggsignif
2020-04-10,4558,2045292,ggsignif
2020-04-11,3251,2048543,ggsignif
2020-04-12,3283,2051826,ggsignif
2020-04-13,4562,2056388,ggsignif
2020-04-14,5820,2062208,ggsignif
2020-04-15,5220,2067428,ggsignif
2020-04-16,5070,2072498,ggsignif
2020-04-17,4162,2076660,ggsignif
2020-04-18,2822,2079482,ggsignif
2020-04-19,3121,2082603,ggsignif
2020-04-20,4528,2087131,ggsignif
2020-04-21,5267,2092398,ggsignif
2020-04-22,5568,2097966,ggsignif
2020-04-23,5025,2102991,ggsignif
2020-04-24,5600,2108591,ggsignif
2020-04-25,3552,2112143,ggsignif
2020-04-26,4014,2116157,ggsignif
2020-04-27,6407,2122564,ggsignif
2020-04-28,6237,2128801,ggsignif
2020-04-29,6116,2134917,ggsignif
2020-04-30,5693,2140610,ggsignif
2020-05-01,4435,2145045,ggsignif
2020-05-02,3819,2148864,ggsignif
2020-05-03,3903,2152767,ggsignif
2020-05-04,5926,2158693,ggsignif
2020-05-05,6298,2164991,ggsignif
2020-05-06,5978,2170969,ggsignif
2020-05-07,5604,2176573,ggsignif
2020-05-08,4972,2181545,ggsignif
2020-05-09,4132,2185677,ggsignif
2020-05-10,3925,2189602,ggsignif
2020-05-11,6110,2195712,ggsignif
2020-05-12,6259,2201971,ggsignif
2020-05-13,6393,2208364,ggsignif
2020-05-14,6044,2214408,ggsignif
2020-05-15,5391,2219799,ggsignif
2020-05-16,3484,2223283,ggsignif
2020-05-17,3558,2226841,ggsignif
2020-05-18,5440,2232281,ggsignif
2020-05-19,5705,2237986,ggsignif
2020-05-20,5025,2243011,ggsignif
2020-05-21,4802,2247813,ggsignif
2020-05-22,4502,2252315,ggsignif
2020-05-23,3389,2255704,ggsignif
2020-05-24,3190,2258894,ggsignif
2020-05-25,4509,2263403,ggsignif
2020-05-26,5220,2268623,ggsignif
2020-05-27,5411,2274034,ggsignif
2020-05-28,5381,2279415,ggsignif
2020-05-29,4944,2284359,ggsignif
2020-05-30,3030,2287389,ggsignif
2020-05-31,3139,2290528,ggsignif
2020-06-01,4512,2295040,ggsignif
2020-06-02,4937,2299977,ggsignif
2020-06-03,4893,2304870,ggsignif
2020-06-04,5069,2309939,ggsignif
2020-06-05,4590,2314529,ggsignif
2020-06-06,3207,2317736,ggsignif
2020-06-07,3182,2320918,ggsignif
2020-06-08,4916,2325834,ggsignif
2020-06-09,5280,2331114,ggsignif
2020-06-10,5058,2336172,ggsignif
2020-06-11,5135,2341307,ggsignif
2020-06-12,4616,2345923,ggsignif
2020-06-13,3096,2349019,ggsignif
2020-06-14,3504,2352523,ggsignif
2020-06-15,5516,2358039,ggsignif
2020-06-16,5287,2363326,ggsignif
2020-06-17,5379,2368705,ggsignif
2020-06-18,5065,2373770,ggsignif
2020-06-19,4341,2378111,ggsignif
2020-06-20,3024,2381135,ggsignif
2020-06-21,3106,2384241,ggsignif
2020-06-22,5463,2389704,ggsignif
2020-06-23,4925,2394629,ggsignif
2020-06-24,4452,2399081,ggsignif
2020-06-25,4411,2403492,ggsignif
2020-06-26,4623,2408115,ggsignif
2020-06-27,2652,2410767,ggsignif
2020-06-28,2870,2413637,ggsignif
2020-06-29,4671,2418308,ggsignif
2020-06-30,4795,2423103,ggsignif
2020-07-01,4873,2427976,ggsignif
2020-07-02,4677,2432653,ggsignif
2020-07-03,3666,2436319,ggsignif
2020-07-04,2946,2439265,ggsignif
2020-07-05,2803,2442068,ggsignif
2020-07-06,4661,2446729,ggsignif
2020-07-07,4381,2451110,ggsignif
2020-07-08,4503,2455613,ggsignif
2020-07-09,4833,2460446,ggsignif
2020-07-10,4292,2464738,ggsignif
2020-07-11,2821,2467559,ggsignif
2020-07-12,2990,2470549,ggsignif
2020-07-13,4698,2475247,ggsignif
2020-07-14,4917,2480164,ggsignif
2020-07-15,4830,2484994,ggsignif
2020-07-16,5109,2490103,ggsignif
2020-07-17,4562,2494665,ggsignif
2020-07-18,2670,2497335,ggsignif
2020-07-19,2718,2500053,ggsignif
2020-07-20,4905,2504958,ggsignif
2020-07-21,4887,2509845,ggsignif
2020-07-22,5179,2515024,ggsignif
2020-07-23,5007,2520031,ggsignif
2020-07-24,4475,2524506,ggsignif
2020-07-25,2811,2527317,ggsignif
2020-07-26,3190,2530507,ggsignif
2020-07-27,4933,2535440,ggsignif
2020-07-28,5505,2540945,ggsignif
2020-07-29,4683,2545628,ggsignif
2020-07-30,4911,2550539,ggsignif
2020-07-31,4756,2555295,ggsignif
2020-08-01,2822,2558117,ggsignif
2020-08-02,2924,2561041,ggsignif
2020-08-03,5133,2566174,ggsignif
2020-08-04,4996,2571170,ggsignif
2020-08-05,5492,2576662,ggsignif
2020-08-06,5079,2581741,ggsignif
2020-08-07,4978,2586719,ggsignif
2020-08-08,2656,2589375,ggsignif
2020-08-09,2865,2592240,ggsignif
2020-08-10,4994,2597234,ggsignif
2020-08-11,4977,2602211,ggsignif
2020-08-12,5092,2607303,ggsignif
2020-08-13,4672,2611975,ggsignif
2020-08-14,4161,2616136,ggsignif
2020-08-15,2988,2619124,ggsignif
2020-08-16,2494,2621618,ggsignif
2020-08-17,4264,2625882,ggsignif
2020-08-18,4788,2630670,ggsignif
2020-08-19,4880,2635550,ggsignif
2020-08-20,4711,2640261,ggsignif
2020-08-21,4123,2644384,ggsignif
2020-08-22,3039,2647423,ggsignif
2020-08-23,2765,2650188,ggsignif
2020-08-24,4663,2654851,ggsignif
2020-08-25,5047,2659898,ggsignif
2020-08-26,4920,2664818,ggsignif
2020-08-27,5248,2670066,ggsignif
2020-08-28,4378,2674444,ggsignif
2020-08-29,2625,2677069,ggsignif
2020-08-30,2826,2679895,ggsignif
2020-08-31,5017,2684912,ggsignif
2020-09-01,4666,2689578,ggsignif
2020-09-02,4983,2694561,ggsignif
2020-09-03,5140,2699701,ggsignif
2020-09-04,4260,2703961,ggsignif
2020-09-05,2673,2706634,ggsignif
2020-09-06,2513,2709147,ggsignif
2020-09-07,4131,2713278,ggsignif
2020-09-08,4965,2718243,ggsignif
2020-09-09,5512,2723755,ggsignif
2020-09-10,4913,2728668,ggsignif
2020-09-11,4853,2733521,ggsignif
2020-09-12,2914,2736435,ggsignif
2020-09-13,3511,2739946,ggsignif
2020-09-14,5639,2745585,ggsignif
2020-09-15,5611,2751196,ggsignif
2020-09-16,5679,2756875,ggsignif
2020-09-17,6194,2763069,ggsignif
2020-09-18,5337,2768406,ggsignif
2020-09-19,3293,2771699,ggsignif
2020-09-20,3608,2775307,ggsignif
2020-09-21,6209,2781516,ggsignif
2020-09-22,5850,2787366,ggsignif
2020-09-23,5519,2792885,ggsignif
2020-09-24,5413,2798298,ggsignif
2020-09-25,5210,2803508,ggsignif
2020-09-26,3543,2807051,ggsignif
2020-09-27,3688,2810739,ggsignif
2020-09-28,5920,2816659,ggsignif
2020-09-29,5783,2822442,ggsignif
2020-09-30,6274,2828716,ggsignif
2020-10-01,6367,2835083,ggsignif
2020-10-02,6504,2841587,ggsignif
2020-10-03,4391,2845978,ggsignif
2020-10-04,4722,2850700,ggsignif
2020-10-05,7377,2858077,ggsignif
2020-10-06,7231,2865308,ggsignif
2020-10-07,6856,2872164,ggsignif
2020-10-08,6643,2878807,ggsignif
2020-10-09,6292,2885099,ggsignif
2020-10-10,4311,2889410,ggsignif
2020-10-11,4490,2893900,ggsignif
2020-10-12,6108,2900008,ggsignif
2020-10-13,7253,2907261,ggsignif
2020-10-14,7118,2914379,ggsignif
2020-10-15,6989,2921368,ggsignif
2020-10-16,6502,2927870,ggsignif
2020-10-17,4506,2932376,ggsignif
2020-10-18,4366,2936742,ggsignif
2020-10-19,6872,2943614,ggsignif
2020-10-20,7208,2950822,ggsignif
2020-10-21,7353,2958175,ggsignif
2020-10-22,6915,2965090,ggsignif
2020-10-23,6432,2971522,ggsignif
2020-10-24,4331,2975853,ggsignif
2020-10-25,4486,2980339,ggsignif
2020-10-26,6662,2987001,ggsignif
2020-10-27,7458,2994459,ggsignif
2020-10-28,7301,3001760,ggsignif
2020-10-29,6798,3008558,ggsignif
2020-10-30,6325,3014883,ggsignif
2020-10-31,4408,3019291,ggsignif
2020-11-01,4318,3023609,ggsignif
2020-11-02,7661,3031270,ggsignif
2020-11-03,7821,3039091,ggsignif
2020-11-04,6851,3045942,ggsignif
2020-11-05,7327,3053269,ggsignif
2020-11-06,6543,3059812,ggsignif
2020-11-07,4279,3064091,ggsignif
2020-11-08,4163,3068254,ggsignif
2020-11-09,7222,3075476,ggsignif
2020-11-10,7306,3082782,ggsignif
2020-11-11,6675,3089457,ggsignif
2020-11-12,7320,3096777,ggsignif
2020-11-13,6890,3103667,ggsignif
2020-11-14,3913,3107580,ggsignif
2020-11-15,4390,3111970,ggsignif
2020-11-16,7270,3119240,ggsignif
2020-11-17,7445,3126685,ggsignif
2020-11-18,7192,3133877,ggsignif
2020-11-19,7184,3141061,ggsignif
2020-11-20,6662,3147723,ggsignif
2020-11-21,4228,3151951,ggsignif
2020-11-22,4489,3156440,ggsignif
2020-11-23,6525,3162965,ggsignif
2020-11-24,6965,3169930,ggsignif
2020-11-25,5375,3175305,ggsignif
2020-11-26,5734,3181039,ggsignif
2020-11-27,5140,3186179,ggsignif
2020-11-28,3945,3190124,ggsignif
2020-11-29,3999,3194123,ggsignif
2020-11-30,6206,3200329,ggsignif
2020-12-01,6714,3207043,ggsignif
2020-12-02,7241,3214284,ggsignif
2020-12-03,7196,3221480,ggsignif
2020-12-04,7372,3228852,ggsignif
2020-12-05,4590,3233442,ggsignif
2020-12-06,4615,3238057,ggsignif
2020-12-07,7000,3245057,ggsignif
2020-12-08,7274,3252331,ggsignif
2020-12-09,6858,3259189,ggsignif
2020-12-10,6935,3266124,ggsignif
2020-12-11,6431,3272555,ggsignif
2020-12-12,4315,3276870,ggsignif
2020-12-13,5189,3282059,ggsignif
2020-12-14,7436,3289495,ggsignif
2020-12-15,7431,3296926,ggsignif
2020-12-16,7625,3304551,ggsignif
2020-12-17,7329,3311880,ggsignif
2020-12-18,6449,3318329,ggsignif
2020-12-19,4099,3322428,ggsignif
2020-12-20,4172,3326600,ggsignif
2020-12-21,6495,3333095,ggsignif
2020-12-22,7391,3340486,ggsignif
2020-12-23,5936,3346422,ggsignif
2020-12-24,4747,3351169,ggsignif
2020-12-25,3229,3354398,ggsignif
2020-12-26,3339,3357737,ggsignif
2020-12-27,4900,3362637,ggsignif
2020-12-28,5384,3368021,ggsignif
2020-12-29,3914,3371935,ggsignif
2020-12-30,4435,3376370,ggsignif
2020-12-31,4963,3381333,ggsignif
2021-01-01,4484,3385817,ggsignif
2021-01-02,4160,3389977,ggsignif
2021-01-03,5001,3394978,ggsignif
2021-01-04,5716,3400694,ggsignif
2021-01-05,6462,3407156,ggsignif
2021-01-06,5867,3413023,ggsignif
2021-01-07,5606,3418629,ggsignif
2021-01-08,5526,3424155,ggsignif
2021-01-09,4002,3428157,ggsignif
2021-01-10,4147,3432304,ggsignif
2021-01-11,6130,3438434,ggsignif
2021-01-12,6098,3444532,ggsignif
2021-01-13,7239,3451771,ggsignif
2021-01-14,6889,3458660,ggsignif
2021-01-15,5893,3464553,ggsignif
2021-01-16,3756,3468309,ggsignif
2021-01-17,4126,3472435,ggsignif
2021-01-18,6111,3478546,ggsignif
2021-01-19,6960,3485506,ggsignif
2021-01-20,6864,3492370,ggsignif
2021-01-21,6584,3498954,ggsignif
2021-01-22,6330,3505284,ggsignif
2021-01-23,3810,3509094,ggsignif
2021-01-24,4039,3513133,ggsignif
2021-01-25,6133,3519266,ggsignif
2021-01-26,6644,3525910,ggsignif
2021-01-27,6381,3532291,ggsignif
2021-01-28,6361,3538652,ggsignif
2021-01-29,6222,3544874,ggsignif
2021-01-30,3927,3548801,ggsignif
2021-01-31,4538,3553339,ggsignif
2021-02-01,6860,3560199,ggsignif
2021-02-02,7040,3567239,ggsignif
2021-02-03,6528,3573767,ggsignif
2021-02-04,7617,3581384,ggsignif
2021-02-05,7037,3588421,ggsignif
2021-02-06,4073,3592494,ggsignif
2021-02-07,4254,3596748,ggsignif
2021-02-08,7242,3603990,ggsignif
2021-02-09,7362,3611352,ggsignif
2021-02-10,7061,3618413,ggsignif
2021-02-11,7149,3625562,ggsignif
2021-02-12,6911,3632473,ggsignif
2021-02-13,3740,3636213,ggsignif
2021-02-14,3723,3639936,ggsignif
2021-02-15,5361,3645297,ggsignif
2021-02-16,6014,3651311,ggsignif
2021-02-17,7429,3658740,ggsignif
2021-02-18,6831,3665571,ggsignif
2021-02-19,6030,3671601,ggsignif
2021-02-20,3994,3675595,ggsignif
2021-02-21,4796,3680391,ggsignif
2021-02-22,7781,3688172,ggsignif
2021-02-23,9679,3697851,ggsignif
2021-02-24,9409,3707260,ggsignif
2021-02-25,9005,3716265,ggsignif
2021-02-26,9280,3725545,ggsignif
2021-02-27,6067,3731612,ggsignif
2021-02-28,5661,3737273,ggsignif
2021-03-01,9833,3747106,ggsignif
2021-03-02,9784,3756890,ggsignif
2021-03-03,10090,3766980,ggsignif
2021-03-04,10017,3776997,ggsignif
2021-03-05,8425,3785422,ggsignif
2021-03-06,4697,3790119,ggsignif
2021-03-07,5389,3795508,ggsignif
2021-03-08,9347,3804855,ggsignif
2021-03-09,10316,3815171,ggsignif
2021-03-10,10421,3825592,ggsignif
2021-03-11,9410,3835002,ggsignif
2021-03-12,8160,3843162,ggsignif
2021-03-13,4575,3847737,ggsignif
2021-03-14,5332,3853069,ggsignif
2021-03-15,9227,3862296,ggsignif
2021-03-16,11319,3873615,ggsignif
2021-03-17,9854,3883469,ggsignif
2021-03-18,9220,3892689,ggsignif
2021-03-19,7813,3900502,ggsignif
2021-03-20,4436,3904938,ggsignif
2021-03-21,4445,3909383,ggsignif
2021-03-22,8413,3917796,ggsignif
2021-03-23,8293,3926089,ggsignif
2021-03-24,8465,3934554,ggsignif
2021-03-25,7991,3942545,ggsignif
2021-03-26,6760,3949305,ggsignif
2021-03-27,4208,3953513,ggsignif
2021-03-28,4554,3958067,ggsignif
2021-03-29,7949,3966016,ggsignif
2021-03-30,8422,3974438,ggsignif
2021-03-31,8210,3982648,ggsignif
2021-04-01,8706,3991354,ggsignif
2021-04-02,7864,3999218,ggsignif
2021-04-03,6285,4005503,ggsignif
2021-04-04,5445,4010948,ggsignif
2021-04-05,7780,4018728,ggsignif
2021-04-06,8734,4027462,ggsignif
2021-04-07,8736,4036198,ggsignif
2021-04-08,8268,4044466,ggsignif
2021-04-09,7653,4052119,ggsignif
2021-04-10,3845,4055964,ggsignif
2021-04-11,4323,4060287,ggsignif
2021-04-12,8577,4068864,ggsignif
2021-04-13,7867,4076731,ggsignif
2021-04-14,8160,4084891,ggsignif
2021-04-15,8440,4093331,ggsignif
2021-04-16,7198,4100529,ggsignif
2021-04-17,4202,4104731,ggsignif
2021-04-18,5135,4109866,ggsignif
2021-04-19,7727,4117593,ggsignif
2021-04-20,7790,4125383,ggsignif
2021-04-21,7638,4133021,ggsignif
2021-04-22,7391,4140412,ggsignif
2021-04-23,6928,4147340,ggsignif
2021-04-24,3934,4151274,ggsignif
2021-04-25,4190,4155464,ggsignif
2021-04-26,7454,4162918,ggsignif
2021-04-27,7099,4170017,ggsignif
2021-04-28,6910,4176927,ggsignif
2021-04-29,7045,4183972,ggsignif
2021-04-30,6023,4189995,ggsignif
2021-05-01,3615,4193610,ggsignif
2021-05-02,3973,4197583,ggsignif
2021-05-03,6997,4204580,ggsignif
2021-05-04,6972,4211552,ggsignif
2021-05-05,7375,4218927,ggsignif
2021-05-06,6162,4225089,ggsignif
2021-05-07,5880,4230969,ggsignif
2021-05-08,3905,4234874,ggsignif
2021-05-09,3793,4238667,ggsignif
2021-05-10,6872,4245539,ggsignif
2021-05-11,6511,4252050,ggsignif
2021-05-12,6653,4258703,ggsignif
2021-05-13,6155,4264858,ggsignif
2021-05-14,5741,4270599,ggsignif
2021-05-15,3680,4274279,ggsignif
2021-05-16,3650,4277929,ggsignif
2021-05-17,7299,4285228,ggsignif
2021-05-18,7590,4292818,ggsignif
2021-05-19,7989,4300807,ggsignif
2021-05-20,7638,4308445,ggsignif
2021-05-21,7189,4315634,ggsignif
2021-05-22,3900,4319534,ggsignif
2021-05-23,4273,4323807,ggsignif
2021-05-24,6733,4330540,ggsignif
2021-05-25,7421,4337961,ggsignif
2021-05-26,7514,4345475,ggsignif
2021-05-27,6770,4352245,ggsignif
2021-05-28,5970,4358215,ggsignif
2021-05-29,3576,4361791,ggsignif
2021-05-30,3586,4365377,ggsignif
2021-05-31,5958,4371335,ggsignif
2021-06-01,6928,4378263,ggsignif
2021-06-02,6811,4385074,ggsignif
2021-06-03,6629,4391703,ggsignif
2021-06-04,7121,4398824,ggsignif
2021-06-05,3892,4402716,ggsignif
2021-06-06,4097,4406813,ggsignif
2021-06-07,7125,4413938,ggsignif
2021-06-08,7703,4421641,ggsignif
2021-06-09,7718,4429359,ggsignif
2021-06-10,7157,4436516,ggsignif
2021-06-11,6723,4443239,ggsignif
2021-06-12,3462,4446701,ggsignif
2021-06-13,3840,4450541,ggsignif
2021-06-14,9092,4459633,ggsignif
2021-06-15,11728,4471361,ggsignif
2021-06-16,9486,4480847,ggsignif
2021-06-17,9670,4490517,ggsignif
2021-06-18,7726,4498243,ggsignif
2021-06-19,4669,4502912,ggsignif
2021-06-20,4526,4507438,ggsignif
2021-06-21,8148,4515586,ggsignif
2021-06-22,8700,4524286,ggsignif
2021-06-23,7909,4532195,ggsignif
2021-06-24,8564,4540759,ggsignif
2021-06-25,7733,4548492,ggsignif
2021-06-26,3577,4552069,ggsignif
2021-06-27,3665,4555734,ggsignif
2021-06-28,7952,4563686,ggsignif
2021-06-29,7319,4571005,ggsignif
2021-06-30,6945,4577950,ggsignif
2021-07-01,6867,4584817,ggsignif
2021-07-02,6962,4591779,ggsignif
2021-07-03,3828,4595607,ggsignif
2021-07-04,3759,4599366,ggsignif
2021-07-05,6639,4606005,ggsignif
2021-07-06,7407,4613412,ggsignif
2021-07-07,7416,4620828,ggsignif
2021-07-08,6984,4627812,ggsignif
2021-07-09,5840,4633652,ggsignif
2021-07-10,3753,4637405,ggsignif
2021-07-11,3720,4641125,ggsignif
2021-07-12,6830,4647955,ggsignif
2021-07-13,6719,4654674,ggsignif
2021-07-14,6848,4661522,ggsignif
2021-07-15,6678,4668200,ggsignif
2021-07-16,5944,4674144,ggsignif
2021-07-17,3444,4677588,ggsignif
2021-07-18,3666,4681254,ggsignif
2021-07-19,6726,4687980,ggsignif
2021-07-20,6955,4694935,ggsignif
2021-07-21,6608,4701543,ggsignif
2021-07-22,6472,4708015,ggsignif
2021-07-23,5773,4713788,ggsignif
2021-07-24,2973,4716761,ggsignif
2021-07-25,3391,4720152,ggsignif
2021-07-26,6945,4727097,ggsignif
2021-07-27,6729,4733826,ggsignif
2021-07-28,6665,4740491,ggsignif
2021-07-29,6086,4746577,ggsignif
2021-07-30,6286,4752863,ggsignif
2021-07-31,3561,4756424,ggsignif
2021-08-01,3377,4759801,ggsignif
2021-08-02,6441,4766242,ggsignif
2021-08-03,6337,4772579,ggsignif
2021-08-04,6839,4779418,ggsignif
2021-08-05,6730,4786148,ggsignif
2021-08-06,5906,4792054,ggsignif
2021-08-07,3284,4795338,ggsignif
2021-08-08,3638,4798976,ggsignif
2021-08-09,7387,4806363,ggsignif
2021-08-10,7578,4813941,ggsignif
2021-08-11,6788,4820729,ggsignif
2021-08-12,6885,4827614,ggsignif
2021-08-13,7081,4834695,ggsignif
2021-08-14,4202,4838897,ggsignif
2021-08-15,3735,4842632,ggsignif
2021-08-16,6886,4849518,ggsignif
2021-08-17,6709,4856227,ggsignif
2021-08-18,6723,4862950,ggsignif
2021-08-19,6313,4869263,ggsignif
2021-08-20,6247,4875510,ggsignif
2021-08-21,3009,4878519,ggsignif
2021-08-22,3077,4881596,ggsignif
2021-08-23,6583,4888179,ggsignif
2021-08-24,6653,4894832,ggsignif
2021-08-25,6719,4901551,ggsignif
2021-08-26,6501,4908052,ggsignif
2021-08-27,6345,4914397,ggsignif
2021-08-28,3676,4918073,ggsignif
2021-08-29,3366,4921439,ggsignif
2021-08-30,7413,4928852,ggsignif
2021-08-31,7247,4936099,ggsignif
2021-09-01,7310,4943409,ggsignif
2021-09-02,7155,4950564,ggsignif
2021-09-03,5975,4956539,ggsignif
2021-09-04,3598,4960137,ggsignif
2021-09-05,3306,4963443,ggsignif
2021-09-06,5202,4968645,ggsignif
2021-09-07,6507,4975152,ggsignif
2021-09-08,6895,4982047,ggsignif
2021-09-09,7392,4989439,ggsignif
2021-09-10,8730,4998169,ggsignif
2021-09-11,4284,5002453,ggsignif
2021-09-12,4127,5006580,ggsignif
2021-09-13,8357,5014937,ggsignif
2021-09-14,8490,5023427,ggsignif
2021-09-15,8613,5032040,ggsignif
2021-09-16,8197,5040237,ggsignif
2021-09-17,7335,5047572,ggsignif
2021-09-18,4144,5051716,ggsignif
2021-09-19,4314,5056030,ggsignif
2021-09-20,8881,5064911,ggsignif
2021-09-21,8122,5073033,ggsignif
2021-09-22,8186,5081219,ggsignif
2021-09-23,8939,5090158,ggsignif
2021-09-24,7970,5098128,ggsignif
2021-09-25,4020,5102148,ggsignif
2021-09-26,4416,5106564,ggsignif
2021-09-27,8561,5115125,ggsignif
2021-09-28,8280,5123405,ggsignif
2021-09-29,8043,5131448,ggsignif
2021-09-30,8362,5139810,ggsignif
2021-10-01,7326,5147136,ggsignif
2021-10-02,4003,5151139,ggsignif
2021-10-03,3883,5155022,ggsignif
2021-10-04,8235,5163257,ggsignif
2021-10-05,7990,5171247,ggsignif
2021-10-06,8634,5179881,ggsignif
2021-10-07,8881,5188762,ggsignif
2021-10-08,6804,5195566,ggsignif
2021-10-09,3497,5199063,ggsignif
2021-10-10,3882,5202945,ggsignif
2021-10-11,6947,5209892,ggsignif
2021-10-12,7609,5217501,ggsignif
2021-10-13,7991,5225492,ggsignif
2021-10-14,7518,5233010,ggsignif
2021-10-15,7487,5240497,ggsignif
2021-10-16,3977,5244474,ggsignif
2021-10-17,3921,5248395,ggsignif
2021-10-18,8965,5257360,ggsignif
2021-10-19,9573,5266933,ggsignif
2021-10-20,9460,5276393,ggsignif
2021-10-21,8681,5285074,ggsignif
2021-10-22,7462,5292536,ggsignif
2021-10-23,4330,5296866,ggsignif
2021-10-24,4735,5301601,ggsignif
2021-10-25,9018,5310619,ggsignif
2021-10-26,9595,5320214,ggsignif
2021-10-27,9392,5329606,ggsignif
2021-10-28,9745,5339351,ggsignif
2021-10-29,8387,5347738,ggsignif
2021-10-30,5032,5352770,ggsignif
2021-10-31,4667,5357437,ggsignif
2021-11-01,8053,5365490,ggsignif
2021-11-02,8743,5374233,ggsignif
2021-11-03,9054,5383287,ggsignif
2021-11-04,8410,5391697,ggsignif
2021-11-05,8277,5399974,ggsignif
2021-11-06,4871,5404845,ggsignif
2021-11-07,4799,5409644,ggsignif
2021-11-08,9138,5418782,ggsignif
2021-11-09,9983,5428765,ggsignif
2021-11-10,9211,5437976,ggsignif
2021-11-11,9005,5446981,ggsignif
2021-11-12,8334,5455315,ggsignif
2021-11-13,4764,5460079,ggsignif
2021-11-14,5097,5465176,ggsignif
2021-11-15,8142,5473318,ggsignif
2021-11-16,10424,5483742,ggsignif
2021-11-17,9900,5493642,ggsignif
2021-11-18,9673,5503315,ggsignif
2021-11-19,8972,5512287,ggsignif
2021-11-20,5017,5517304,ggsignif
2021-11-21,5312,5522616,ggsignif
2021-11-22,9430,5532046,ggsignif
2021-11-23,9919,5541965,ggsignif
2021-11-24,8901,5550866,ggsignif
2021-11-25,8521,5559387,ggsignif
2021-11-26,7054,5566441,ggsignif
2021-11-27,4625,5571066,ggsignif
2021-11-28,4867,5575933,ggsignif
2021-11-29,8561,5584494,ggsignif
2021-11-30,8921,5593415,ggsignif
2021-12-01,8531,5601946,ggsignif
2021-12-02,9720,5611666,ggsignif
2021-12-03,8322,5619988,ggsignif
2021-12-04,4427,5624415,ggsignif
2021-12-05,4820,5629235,ggsignif
2021-12-06,10159,5639394,ggsignif
2021-12-07,9269,5648663,ggsignif
2021-12-08,8542,5657205,ggsignif
2021-12-09,8786,5665991,ggsignif
2021-12-10,7669,5673660,ggsignif
2021-12-11,5010,5678670,ggsignif
2021-12-12,5161,5683831,ggsignif
2021-12-13,9178,5693009,ggsignif
2021-12-14,9009,5702018,ggsignif
2021-12-15,7979,5709997,ggsignif
2021-12-16,7898,5717895,ggsignif
2021-12-17,7185,5725080,ggsignif
2021-12-18,4148,5729228,ggsignif
2021-12-19,4346,5733574,ggsignif
2021-12-20,8127,5741701,ggsignif
2021-12-21,7757,5749458,ggsignif
2021-12-22,6892,5756350,ggsignif
2021-12-23,5682,5762032,ggsignif
2021-12-24,4669,5766701,ggsignif
2021-12-25,3340,5770041,ggsignif
2021-12-26,3355,5773396,ggsignif
2021-12-27,5022,5778418,ggsignif
2021-12-28,5231,5783649,ggsignif
2021-12-29,5699,5789348,ggsignif
2021-12-30,4818,5794166,ggsignif
2021-12-31,3819,5797985,ggsignif
2022-01-01,3250,5801235,ggsignif
2022-01-02,3442,5804677,ggsignif
2022-01-03,6337,5811014,ggsignif
2022-01-04,7268,5818282,ggsignif
2022-01-05,7134,5825416,ggsignif
2022-01-06,7580,5832996,ggsignif
2022-01-07,6712,5839708,ggsignif
2022-01-08,4209,5843917,ggsignif
2022-01-09,4236,5848153,ggsignif
2022-01-10,7589,5855742,ggsignif
2022-01-11,7253,5862995,ggsignif
2022-01-12,7102,5870097,ggsignif
2022-01-13,6629,5876726,ggsignif
2022-01-14,6694,5883420,ggsignif
2022-01-15,3955,5887375,ggsignif
2022-01-16,3953,5891328,ggsignif
2022-01-17,6794,5898122,ggsignif
2022-01-18,7600,5905722,ggsignif
2022-01-19,7646,5913368,ggsignif
2022-01-20,7258,5920626,ggsignif
2022-01-21,6742,5927368,ggsignif
2022-01-22,3904,5931272,ggsignif
2022-01-23,3849,5935121,ggsignif
2022-01-24,7950,5943071,ggsignif
2022-01-25,8279,5951350,ggsignif
2022-01-26,8608,5959958,ggsignif
2022-01-27,7568,5967526,ggsignif
2022-01-28,6583,5974109,ggsignif
2022-01-29,4017,5978126,ggsignif
2022-01-30,4120,5982246,ggsignif
2022-01-31,6747,5988993,ggsignif
2022-02-01,6715,5995708,ggsignif
2022-02-02,6802,6002510,ggsignif
2022-02-03,6462,6008972,ggsignif
2022-02-04,6562,6015534,ggsignif
2022-02-05,3773,6019307,ggsignif
2022-02-06,3929,6023236,ggsignif
2022-02-07,6895,6030131,ggsignif
2022-02-08,6367,6036498,ggsignif
2022-02-09,6394,6042892,ggsignif
2022-02-10,6255,6049147,ggsignif
2022-02-11,5612,6054759,ggsignif
2022-02-12,2889,6057648,ggsignif
2022-02-13,3021,6060669,ggsignif
2022-02-14,6702,6067371,ggsignif
2022-02-15,6573,6073944,ggsignif
2022-02-16,6659,6080603,ggsignif
2022-02-17,6277,6086880,ggsignif
2022-02-18,6003,6092883,ggsignif
2022-02-19,3239,6096122,ggsignif
2022-02-20,3065,6099187,ggsignif
2022-02-21,6268,6105455,ggsignif
2022-02-22,6470,6111925,ggsignif
2022-02-23,6378,6118303,ggsignif
2022-02-24,6083,6124386,ggsignif
2022-02-25,5215,6129601,ggsignif
2022-02-26,2900,6132501,ggsignif
2022-02-27,2938,6135439,ggsignif
2022-02-28,5472,6140911,ggsignif
2022-03-01,6025,6146936,ggsignif
2022-03-02,6056,6152992,ggsignif
2022-03-03,5871,6158863,ggsignif
2022-03-04,5552,6164415,ggsignif
2022-03-05,2870,6167285,ggsignif
2022-03-06,3013,6170298,ggsignif
2022-03-07,6692,6176990,ggsignif
2022-03-08,6870,6183860,ggsignif
2022-03-09,6435,6190295,ggsignif
2022-03-10,6469,6196764,ggsignif
2022-03-11,5747,6202511,ggsignif
2022-03-12,3026,6205537,ggsignif
2022-03-13,3336,6208873,ggsignif
2022-03-14,6813,6215686,ggsignif
2022-03-15,6599,6222285,ggsignif
2022-03-16,6325,6228610,ggsignif
2022-03-17,6262,6234872,ggsignif
2022-03-18,5218,6240090,ggsignif
2022-03-19,3032,6243122,ggsignif
2022-03-20,2954,6246076,ggsignif
2022-03-21,6668,6252744,ggsignif
2022-03-22,6515,6259259,ggsignif
2022-03-23,6523,6265782,ggsignif
2022-03-24,6214,6271996,ggsignif
2022-03-25,5392,6277388,ggsignif
2022-03-26,2926,6280314,ggsignif
2022-03-27,3057,6283371,ggsignif
2022-03-28,6653,6290024,ggsignif
2022-03-29,6699,6296723,ggsignif
2022-03-30,6523,6303246,ggsignif
2022-03-31,6304,6309550,ggsignif
2022-04-01,5789,6315339,ggsignif
2022-04-02,3151,6318490,ggsignif
2022-04-03,3217,6321707,ggsignif
2022-04-04,6491,6328198,ggsignif
2022-04-05,6709,6334907,ggsignif
2022-04-06,6716,6341623,ggsignif
2022-04-07,6597,6348220,ggsignif
2022-04-08,5389,6353609,ggsignif
2022-04-09,3198,6356807,ggsignif
2022-04-10,3155,6359962,ggsignif
2022-04-11,6364,6366326,ggsignif
2022-04-12,6432,6372758,ggsignif
2022-04-13,5994,6378752,ggsignif
2022-04-14,5407,6384159,ggsignif
2022-04-15,4339,6388498,ggsignif
2022-04-16,2894,6391392,ggsignif
2022-04-17,3056,6394448,ggsignif
2022-04-18,5277,6399725,ggsignif
2022-04-19,6385,6406110,ggsignif
2022-04-20,6493,6412603,ggsignif
2022-04-21,6214,6418817,ggsignif
2022-04-22,5990,6424807,ggsignif
2022-04-23,3444,6428251,ggsignif
2022-04-24,3793,6432044,ggsignif
2022-04-25,6484,6438528,ggsignif
2022-04-26,7034,6445562,ggsignif
2022-04-27,7100,6452662,ggsignif
2022-04-28,6821,6459483,ggsignif
2022-04-29,6431,6465914,ggsignif
2022-04-30,3506,6469420,ggsignif
2022-05-01,3421,6472841,ggsignif
2022-05-02,6398,6479239,ggsignif
2022-05-03,6268,6485507,ggsignif
2022-05-04,6773,6492280,ggsignif
2022-05-05,6826,6499106,ggsignif
2022-05-06,6065,6505171,ggsignif
2022-05-07,3128,6508299,ggsignif
2022-05-08,3244,6511543,ggsignif
2022-05-09,6379,6517922,ggsignif
2022-05-10,6603,6524525,ggsignif
2022-05-11,6770,6531295,ggsignif
2022-05-12,6935,6538230,ggsignif
2022-05-13,5637,6543867,ggsignif
2022-05-14,3049,6546916,ggsignif
2022-05-15,2914,6549830,ggsignif
2022-05-16,6267,6556097,ggsignif
2022-05-17,7332,6563429,ggsignif
2022-05-18,6115,6569544,ggsignif
2022-05-19,6575,6576119,ggsignif
2022-05-20,5616,6581735,ggsignif
2022-05-21,2945,6584680,ggsignif
2022-05-22,3056,6587736,ggsignif
2022-05-23,6292,6594028,ggsignif
2022-05-24,6236,6600264,ggsignif
2022-05-25,6960,6607224,ggsignif
2022-05-26,5541,6612765,ggsignif
2022-05-27,4661,6617426,ggsignif
2022-05-28,2755,6620181,ggsignif
2022-05-29,2713,6622894,ggsignif
2022-05-30,5115,6628009,ggsignif
2022-05-31,6245,6634254,ggsignif
2022-06-01,5707,6639961,ggsignif
2022-06-02,5476,6645437,ggsignif
2022-06-03,5004,6650441,ggsignif
2022-06-04,3006,6653447,ggsignif
2022-06-05,2871,6656318,ggsignif
2022-06-06,5230,6661548,ggsignif
2022-06-07,6040,6667588,ggsignif
2022-06-08,6232,6673820,ggsignif
2022-06-09,6433,6680253,ggsignif
2022-06-10,5260,6685513,ggsignif
2022-06-11,2782,6688295,ggsignif
2022-06-12,2803,6691098,ggsignif
2022-06-13,5779,6696877,ggsignif
2022-06-14,5498,6702375,ggsignif
2022-06-15,5469,6707844,ggsignif
2022-06-16,5091,6712935,ggsignif
2022-06-17,4212,6717147,ggsignif
2022-06-18,2506,6719653,ggsignif
2022-06-19,2556,6722209,ggsignif
2022-06-20,5202,6727411,ggsignif
2022-06-21,5280,6732691,ggsignif
2022-06-22,5271,6737962,ggsignif
2022-06-23,4922,6742884,ggsignif
2022-06-24,4228,6747112,ggsignif
2022-06-25,2333,6749445,ggsignif
2022-06-26,2364,6751809,ggsignif
2022-06-27,4915,6756724,ggsignif
2022-06-28,4923,6761647,ggsignif
2022-06-29,4829,6766476,ggsignif
2022-06-30,4591,6771067,ggsignif
2022-07-01,3885,6774952,ggsignif
2022-07-02,1898,6776850,ggsignif
2022-07-03,2141,6778991,ggsignif
2022-07-04,4197,6783188,ggsignif
2022-07-05,4784,6787972,ggsignif
2022-07-06,4780,6792752,ggsignif
2022-07-07,4835,6797587,ggsignif
2022-07-08,4127,6801714,ggsignif
2022-07-09,2089,6803803,ggsignif
2022-07-10,2043,6805846,ggsignif
2022-07-11,4569,6810415,ggsignif
2022-07-12,4861,6815276,ggsignif
2022-07-13,4659,6819935,ggsignif
2022-07-14,4549,6824484,ggsignif
2022-07-15,4050,6828534,ggsignif
2022-07-16,1916,6830450,ggsignif
2022-07-17,2068,6832518,ggsignif
2022-07-18,4809,6837327,ggsignif
2022-07-19,4973,6842300,ggsignif
2022-07-20,4685,6846985,ggsignif
2022-07-21,4660,6851645,ggsignif
2022-07-22,4121,6855766,ggsignif
2022-07-23,2107,6857873,ggsignif
2022-07-24,2336,6860209,ggsignif
2022-07-25,4836,6865045,ggsignif
2022-07-26,4832,6869877,ggsignif
2022-07-27,7325,6877202,ggsignif
2022-07-28,21193,6898395,ggsignif
2022-07-29,19778,6918173,ggsignif
2022-07-30,20515,6938688,ggsignif
2022-07-31,20567,6959255,ggsignif
2022-08-01,23257,6982512,ggsignif
2022-08-02,22974,7005486,ggsignif
2022-08-03,22444,7027930,ggsignif
2022-08-04,22388,7050318,ggsignif
2022-08-05,19183,7069501,ggsignif
2022-08-06,18314,7087815,ggsignif
2022-08-07,20531,7108346,ggsignif
2022-08-08,22327,7130673,ggsignif
2022-08-09,22062,7152735,ggsignif
2022-08-10,20365,7173100,ggsignif
2022-08-11,18303,7191403,ggsignif
2022-08-12,18049,7209452,ggsignif
2022-08-13,17210,7226662,ggsignif
2022-08-14,16637,7243299,ggsignif
2022-08-15,20449,7263748,ggsignif
2022-08-16,21316,7285064,ggsignif
2022-08-17,5439,7290503,ggsignif
2022-08-18,4429,7294932,ggsignif
2022-08-19,6108,7301040,ggsignif
2022-08-20,11076,7312116,ggsignif
2022-08-21,11217,7323333,ggsignif
2022-08-22,13843,7337176,ggsignif
2022-08-23,13718,7350894,ggsignif
2022-08-24,13651,7364545,ggsignif
2022-08-25,13944,7378489,ggsignif
2022-08-26,12907,7391396,ggsignif
2022-08-27,11006,7402402,ggsignif
2022-08-28,11799,7414201,ggsignif
2022-08-29,14211,7428412,ggsignif
2022-08-30,13751,7442163,ggsignif
2022-08-31,13054,7455217,ggsignif
2022-09-01,14286,7469503,ggsignif
2022-09-02,13425,7482928,ggsignif
2022-09-03,10748,7493676,ggsignif
2022-09-04,11053,7504729,ggsignif
2022-09-05,13710,7518439,ggsignif
2022-09-06,14130,7532569,ggsignif
2022-09-07,12821,7545390,ggsignif
2022-09-08,12372,7557762,ggsignif
2022-09-09,11894,7569656,ggsignif
2022-09-10,11170,7580826,ggsignif
2022-09-11,11476,7592302,ggsignif
2022-09-12,8895,7601197,ggsignif
2022-09-13,5206,7606403,ggsignif
2022-09-14,5340,7611743,ggsignif
2022-09-15,5204,7616947,ggsignif
2022-09-16,4483,7621430,ggsignif
2022-09-17,2241,7623671,ggsignif
2022-09-18,2400,7626071,ggsignif
2022-09-19,4865,7630936,ggsignif
2022-09-20,5670,7636606,ggsignif
2022-09-21,4990,7641596,ggsignif
2022-09-22,5269,7646865,ggsignif
2022-09-23,4682,7651547,ggsignif
2022-09-24,2349,7653896,ggsignif
2022-09-25,2518,7656414,ggsignif
2022-09-26,5230,7661644,ggsignif
2022-09-27,5977,7667621,ggsignif
2022-09-28,5739,7673360,ggsignif
2022-09-29,5589,7678949,ggsignif
2022-09-30,4830,7683779,ggsignif
2022-10-01,2571,7686350,ggsignif
2022-10-02,2378,7688728,ggsignif
2022-10-03,5055,7693783,ggsignif
2022-10-04,5713,7699496,ggsignif
2022-10-05,5758,7705254,ggsignif
2022-10-06,5624,7710878,ggsignif
2022-10-07,4848,7715726,ggsignif
2022-10-08,2532,7718258,ggsignif
2022-10-09,2563,7720821,ggsignif
2022-10-10,5172,7725993,ggsignif
2022-10-11,6011,7732004,ggsignif
2022-10-12,6091,7738095,ggsignif
2022-10-13,7342,7745437,ggsignif
2022-10-14,8609,7754046,ggsignif
2022-10-15,4097,7758143,ggsignif
2022-10-16,3973,7762116,ggsignif
2022-10-17,8960,7771076,ggsignif
2022-10-18,8955,7780031,ggsignif
2022-10-19,8652,7788683,ggsignif
2022-10-20,8440,7797123,ggsignif
2022-10-21,7043,7804166,ggsignif
2022-10-22,3667,7807833,ggsignif
2022-10-23,3803,7811636,ggsignif
2022-10-24,8005,7819641,ggsignif
2022-10-25,8280,7827921,ggsignif
2022-10-26,8593,7836514,ggsignif
2022-10-27,8210,7844724,ggsignif
2022-10-28,6323,7851047,ggsignif
2022-10-29,3228,7854275,ggsignif
2022-10-30,3476,7857751,ggsignif
2022-10-31,6996,7864747,ggsignif
2022-11-01,7051,7871798,ggsignif
2022-11-02,8401,7880199,ggsignif
2022-11-03,8001,7888200,ggsignif
2022-11-04,6713,7894913,ggsignif
2022-11-05,3602,7898515,ggsignif
2022-11-06,3605,7902120,ggsignif
2022-11-07,8189,7910309,ggsignif
2022-11-08,8656,7918965,ggsignif
2022-11-09,8408,7927373,ggsignif
2022-11-10,7966,7935339,ggsignif
2022-11-11,6125,7941464,ggsignif
2022-11-12,3519,7944983,ggsignif
2022-11-13,3652,7948635,ggsignif
2022-11-14,7957,7956592,ggsignif
2022-11-15,8755,7965347,ggsignif
2022-11-16,8572,7973919,ggsignif
2022-11-17,8317,7982236,ggsignif
2022-11-18,7230,7989466,ggsignif
2022-11-19,3660,7993126,ggsignif
2022-11-20,7374,8000500,ggsignif
2022-11-21,8174,8008674,ggsignif
2022-11-22,8184,8016858,ggsignif
2022-11-23,7413,8024271,ggsignif
2022-11-24,6675,8030946,ggsignif
2022-11-25,5756,8036702,ggsignif
2022-11-26,3178,8039880,ggsignif
2022-11-27,3704,8043584,ggsignif
2022-11-28,7690,8051274,ggsignif
2022-11-29,8423,8059697,ggsignif
2022-11-30,7851,8067548,ggsignif
2022-12-01,8042,8075590,ggsignif
2022-12-02,6424,8082014,ggsignif
2022-12-03,3498,8085512,ggsignif
2022-12-04,3826,8089338,ggsignif
2022-12-05,7545,8096883,ggsignif
2022-12-06,7636,8104519,ggsignif
2022-12-07,7491,8112010,ggsignif
2022-12-08,6902,8118912,ggsignif
2022-12-09,5916,8124828,ggsignif
2022-12-10,3315,8128143,ggsignif
2022-12-11,3468,8131611,ggsignif
2022-12-12,6490,8138101,ggsignif
2022-12-13,6608,8144709,ggsignif
2022-12-14,6207,8150916,ggsignif
2022-12-15,5735,8156651,ggsignif
2022-12-16,4909,8161560,ggsignif
2022-12-17,2757,8164317,ggsignif
2022-12-18,2696,8167013,ggsignif
2022-12-19,5430,8172443,ggsignif
2022-12-20,5228,8177671,ggsignif
2022-12-21,4756,8182427,ggsignif
2022-12-22,4627,8187054,ggsignif
2022-12-23,3147,8190201,ggsignif
2022-12-24,1652,8191853,ggsignif
2022-12-25,1489,8193342,ggsignif
2022-12-26,2466,8195808,ggsignif
2022-12-27,3183,8198991,ggsignif
2022-12-28,3348,8202339,ggsignif
2022-12-29,3388,8205727,ggsignif
2022-12-30,2741,8208468,ggsignif
2022-12-31,1578,8210046,ggsignif
2023-01-01,1524,8211570,ggsignif
2023-01-02,3169,8214739,ggsignif
2023-01-03,4420,8219159,ggsignif
2023-01-04,4992,8224151,ggsignif
2023-01-05,4992,8229143,ggsignif
2023-01-06,4455,8233598,ggsignif
2023-01-07,2411,8236009,ggsignif
2023-01-08,2380,8238389,ggsignif
2023-01-09,5354,8243743,ggsignif
2023-01-10,5697,8249440,ggsignif
2023-01-11,5545,8254985,ggsignif
2023-01-12,5565,8260550,ggsignif
2023-01-13,4584,8265134,ggsignif
2023-01-14,2289,8267423,ggsignif
2023-01-15,2447,8269870,ggsignif
2023-01-16,4962,8274832,ggsignif
2023-01-17,5517,8280349,ggsignif
2023-01-18,5415,8285764,ggsignif
2023-01-19,5350,8291114,ggsignif
2023-01-20,4484,8295598,ggsignif
2023-01-21,2134,8297732,ggsignif
2023-01-22,2289,8300021,ggsignif
2023-01-23,5048,8305069,ggsignif
2023-01-24,5820,8310889,ggsignif
2023-01-25,5467,8316356,ggsignif
2023-01-26,5382,8321738,ggsignif
2023-01-27,4762,8326500,ggsignif
2023-01-28,2430,8328930,ggsignif
2023-01-29,2419,8331349,ggsignif
2023-01-30,5205,8336554,ggsignif
2023-01-31,5850,8342404,ggsignif
2023-02-01,6102,8348506,ggsignif
2023-02-02,6166,8354672,ggsignif
2023-02-03,5299,8359971,ggsignif
2023-02-04,2394,8362365,ggsignif
2023-02-05,2537,8364902,ggsignif
2023-02-06,5823,8370725,ggsignif
2023-02-07,6188,8376913,ggsignif
2023-02-08,6128,8383041,ggsignif
2023-02-09,6040,8389081,ggsignif
2023-02-10,5028,8394109,ggsignif
2023-02-11,2682,8396791,ggsignif
2023-02-12,2701,8399492,ggsignif
2023-02-13,5799,8405291,ggsignif
2023-02-14,5908,8411199,ggsignif
2023-02-15,6087,8417286,ggsignif
2023-02-16,6210,8423496,ggsignif
2023-02-17,5369,8428865,ggsignif
2023-02-18,2749,8431614,ggsignif
2023-02-19,2616,8434230,ggsignif
2023-02-20,5502,8439732,ggsignif
2023-02-21,6290,8446022,ggsignif
2023-02-22,5817,8451839,ggsignif
2023-02-23,6328,8458167,ggsignif
2023-02-24,5459,8463626,ggsignif
2023-02-25,2722,8466348,ggsignif
2023-02-26,2835,8469183,ggsignif
2023-02-27,5819,8475002,ggsignif
2023-02-28,6298,8481300,ggsignif
2023-03-01,6243,8487543,ggsignif
2023-03-02,5952,8493495,ggsignif
2023-03-03,5672,8499167,ggsignif
2023-03-04,2887,8502054,ggsignif
2023-03-05,2846,8504900,ggsignif
2023-03-06,6431,8511331,ggsignif
2023-03-07,6270,8517601,ggsignif
2023-03-08,6248,8523849,ggsignif
2023-03-09,6039,8529888,ggsignif
2023-03-10,5165,8535053,ggsignif
2023-03-11,2913,8537966,ggsignif
2023-03-12,2721,8540687,ggsignif
2023-03-13,14554,8555241,ggsignif
2023-03-14,6723,8561964,ggsignif
2023-03-15,5868,8567832,ggsignif
2023-03-16,6114,8573946,ggsignif
2023-03-17,6910,8580856,ggsignif
2023-03-18,2639,8583495,ggsignif
2023-03-19,2880,8586375,ggsignif
2023-03-20,5917,8592292,ggsignif
2023-03-21,6468,8598760,ggsignif
2023-03-22,6644,8605404,ggsignif
2023-03-23,7332,8612736,ggsignif
2023-03-24,5766,8618502,ggsignif
2023-03-25,2920,8621422,ggsignif
2023-03-26,2955,8624377,ggsignif
2023-03-27,6571,8630948,ggsignif
2023-03-28,14399,8645347,ggsignif
2023-03-29,7552,8652899,ggsignif
2023-03-30,6390,8659289,ggsignif
2023-03-31,5276,8664565,ggsignif
2023-04-01,2891,8667456,ggsignif
2023-04-02,2818,8670274,ggsignif
2023-04-03,6126,8676400,ggsignif
2023-04-04,6226,8682626,ggsignif
2023-04-05,5846,8688472,ggsignif
2023-04-06,5820,8694292,ggsignif
2023-04-07,5451,8699743,ggsignif
2023-04-08,2568,8702311,ggsignif
2023-04-09,2515,8704826,ggsignif
2023-04-10,4744,8709570,ggsignif
2023-04-11,6111,8715681,ggsignif
2023-04-12,6324,8722005,ggsignif
2023-04-13,6053,8728058,ggsignif
2023-04-14,4928,8732986,ggsignif
2023-04-15,2840,8735826,ggsignif
2023-04-16,2886,8738712,ggsignif
2023-04-17,5831,8744543,ggsignif
2023-04-18,6242,8750785,ggsignif
2023-04-19,6445,8757230,ggsignif
2023-04-20,5946,8763176,ggsignif
2023-04-21,4879,8768055,ggsignif
2023-04-22,3026,8771081,ggsignif
2023-04-23,3468,8774549,ggsignif
2023-04-24,7007,8781556,ggsignif
2023-04-25,6951,8788507,ggsignif
2023-04-26,6777,8795284,ggsignif
2023-04-27,6339,8801623,ggsignif
2023-04-28,5261,8806884,ggsignif
2023-04-29,2812,8809696,ggsignif
2023-04-30,2729,8812425,ggsignif
2023-05-01,4460,8816885,ggsignif
2023-05-02,5949,8822834,ggsignif
2023-05-03,6242,8829076,ggsignif
2023-05-04,6662,8835738,ggsignif
2023-05-05,5379,8841117,ggsignif
2023-05-06,3033,8844150,ggsignif
2023-05-07,2870,8847020,ggsignif
2023-05-08,5814,8852834,ggsignif
2023-05-09,6209,8859043,ggsignif
2023-05-10,6472,8865515,ggsignif
2023-05-11,6355,8871870,ggsignif
2023-05-12,5379,8877249,ggsignif
2023-05-13,2913,8880162,ggsignif
2023-05-14,2999,8883161,ggsignif
2023-05-15,6669,8889830,ggsignif
2023-05-16,6744,8896574,ggsignif
2023-05-17,6198,8902772,ggsignif
2023-05-18,5588,8908360,ggsignif
2023-05-19,5319,8913679,ggsignif
2023-05-20,2815,8916494,ggsignif
2023-05-21,2653,8919147,ggsignif
2023-05-22,6255,8925402,ggsignif
2023-05-23,6403,8931805,ggsignif
2023-05-24,6267,8938072,ggsignif
2023-05-25,5946,8944018,ggsignif
2023-05-26,4862,8948880,ggsignif
2023-05-27,2796,8951676,ggsignif
2023-05-28,2557,8954233,ggsignif
2023-05-29,4466,8958699,ggsignif
2023-05-30,5845,8964544,ggsignif
2023-05-31,5895,8970439,ggsignif
2023-06-01,5579,8976018,ggsignif
2023-06-02,4992,8981010,ggsignif
2023-06-03,2608,8983618,ggsignif
2023-06-04,2574,8986192,ggsignif
2023-06-05,5825,8992017,ggsignif
2023-06-06,5521,8997538,ggsignif
2023-06-07,5499,9003037,ggsignif
2023-06-08,10754,9013791,ggsignif
2023-06-09,4781,9018572,ggsignif
2023-06-10,2662,9021234,ggsignif
2023-06-11,2815,9024049,ggsignif
2023-06-12,5504,9029553,ggsignif
2023-06-13,5871,9035424,ggsignif
2023-06-14,8326,9043750,ggsignif
2023-06-15,5434,9049184,ggsignif
2023-06-16,4869,9054053,ggsignif
2023-06-17,2543,9056596,ggsignif
2023-06-18,2712,9059308,ggsignif
2023-06-19,5309,9064617,ggsignif
2023-06-20,5578,9070195,ggsignif
2023-06-21,5140,9075335,ggsignif
2023-06-22,4785,9080120,ggsignif
2023-06-23,4161,9084281,ggsignif
2023-06-24,2333,9086614,ggsignif
2023-06-25,2410,9089024,ggsignif
2023-06-26,4623,9093647,ggsignif
2023-06-27,5194,9098841,ggsignif
2023-06-28,4644,9103485,ggsignif
2023-06-29,4524,9108009,ggsignif
2023-06-30,3978,9111987,ggsignif
2023-07-01,2032,9114019,ggsignif
2023-07-02,2099,9116118,ggsignif
2023-07-03,4202,9120320,ggsignif
2023-07-04,3983,9124303,ggsignif
2023-07-05,4655,9128958,ggsignif
2023-07-06,4729,9133687,ggsignif
2023-07-07,4058,9137745,ggsignif
2023-07-08,2067,9139812,ggsignif
2023-07-09,2161,9141973,ggsignif
2023-07-10,4980,9146953,ggsignif
2023-07-11,4822,9151775,ggsignif
2023-07-12,4944,9156719,ggsignif
2023-07-13,4558,9161277,ggsignif
2023-07-14,3970,9165247,ggsignif
2023-07-15,2213,9167460,ggsignif
2023-07-16,2047,9169507,ggsignif
2023-07-17,4536,9174043,ggsignif
2023-07-18,4950,9178993,ggsignif
2023-07-19,4558,9183551,ggsignif
2023-07-20,4628,9188179,ggsignif
2023-07-21,3742,9191921,ggsignif
2023-07-22,1960,9193881,ggsignif
2023-07-23,1965,9195846,ggsignif
2023-07-24,4586,9200432,ggsignif
2023-07-25,4849,9205281,ggsignif
2023-07-26,4408,9209689,ggsignif
2023-07-27,4078,9213767,ggsignif
2023-07-28,3846,9217613,ggsignif
2023-07-29,1994,9219607,ggsignif
2023-07-30,1973,9221580,ggsignif
2023-07-31,4319,9225899,ggsignif
2023-08-01,4317,9230216,ggsignif
2023-08-02,4092,9234308,ggsignif
2023-08-03,4303,9238611,ggsignif
2023-08-04,4020,9242631,ggsignif
2023-08-05,1996,9244627,ggsignif
2023-08-06,2040,9246667,ggsignif
2023-08-07,4322,9250989,ggsignif
2023-08-08,4452,9255441,ggsignif
2023-08-09,4388,9259829,ggsignif
2023-08-10,4500,9264329,ggsignif
2023-08-11,3616,9267945,ggsignif
2023-08-12,1945,9269890,ggsignif
2023-08-13,2124,9272014,ggsignif
2023-08-14,4224,9276238,ggsignif
2023-08-15,5807,9282045,ggsignif
2023-08-16,4231,9286276,ggsignif
2023-08-17,4373,9290649,ggsignif
2023-08-18,4015,9294664,ggsignif
2023-08-19,2083,9296747,ggsignif
2023-08-20,2281,9299028,ggsignif
2023-08-21,4271,9303299,ggsignif
2023-08-22,4579,9307878,ggsignif
2023-08-23,4787,9312665,ggsignif
2023-08-24,4630,9317295,ggsignif
2023-08-25,4737,9322032,ggsignif
2023-08-26,2374,9324406,ggsignif
2023-08-27,2410,9326816,ggsignif
2023-08-28,4969,9331785,ggsignif
2023-08-29,4878,9336663,ggsignif
2023-08-30,5187,9341850,ggsignif
2023-08-31,4839,9346689,ggsignif
2023-09-01,4076,9350765,ggsignif
2023-09-02,2309,9353074,ggsignif
2023-09-03,2380,9355454,ggsignif
2023-09-04,4330,9359784,ggsignif
2023-09-05,5545,9365329,ggsignif
2023-09-06,5338,9370667,ggsignif
2023-09-07,5061,9375728,ggsignif
2023-09-08,4634,9380362,ggsignif
2023-09-09,2528,9382890,ggsignif
2023-09-10,2557,9385447,ggsignif
2023-09-11,4917,9390364,ggsignif
2023-09-12,5499,9395863,ggsignif
2023-09-13,5532,9401395,ggsignif
2023-09-14,5305,9406700,ggsignif
2023-09-15,4508,9411208,ggsignif
2023-09-16,2435,9413643,ggsignif
2023-09-17,2434,9416077,ggsignif
2023-09-18,5358,9421435,ggsignif
2023-09-19,5482,9426917,ggsignif
2023-09-20,5578,9432495,ggsignif
2023-09-21,5776,9438271,ggsignif
2023-09-22,4903,9443174,ggsignif
2023-09-23,2410,9445584,ggsignif
2023-09-24,2476,9448060,ggsignif
2023-09-25,5392,9453452,ggsignif
2023-09-26,5482,9458934,ggsignif
2023-09-27,5566,9464500,ggsignif
2023-09-28,5012,9469512,ggsignif
2023-09-29,4261,9473773,ggsignif
2023-09-30,2163,9475936,ggsignif
2023-10-01,2575,9478511,ggsignif
2023-10-02,4914,9483425,ggsignif
2023-10-03,5517,9488942,ggsignif
2023-10-04,5413,9494355,ggsignif
2023-10-05,5783,9500138,ggsignif
2023-10-06,4826,9504964,ggsignif
2023-10-07,2788,9507752,ggsignif
2023-10-08,2829,9510581,ggsignif
2023-10-09,5640,9516221,ggsignif
2023-10-10,5991,9522212,ggsignif
2023-10-11,6267,9528479,ggsignif
2023-10-12,5916,9534395,ggsignif
2023-10-13,4991,9539386,ggsignif
2023-10-14,2593,9541979,ggsignif
2023-10-15,2594,9544573,ggsignif
2023-10-16,5808,9550381,ggsignif
2023-10-17,6198,9556579,ggsignif
2023-10-18,5981,9562560,ggsignif
2023-10-19,6264,9568824,ggsignif
2023-10-20,5375,9574199,ggsignif
2023-10-21,2857,9577056,ggsignif
2023-10-22,2965,9580021,ggsignif
2023-10-23,5765,9585786,ggsignif
2023-10-24,6225,9592011,ggsignif
2023-10-25,5917,9597928,ggsignif
2023-10-26,6178,9604106,ggsignif
2023-10-27,4397,9608503,ggsignif
2023-10-28,2593,9611096,ggsignif
2023-10-29,2684,9613780,ggsignif
2023-10-30,5785,9619565,ggsignif
2023-10-31,6403,9625968,ggsignif
2023-11-01,5578,9631546,ggsignif
2023-11-02,7001,9638547,ggsignif
2023-11-03,5438,9643985,ggsignif
2023-11-04,2633,9646618,ggsignif
2023-11-05,2761,9649379,ggsignif
2023-11-06,6153,9655532,ggsignif
2023-11-07,6524,9662056,ggsignif
2023-11-08,6683,9668739,ggsignif
2023-11-09,6137,9674876,ggsignif
2023-11-10,5194,9680070,ggsignif
2023-11-11,2688,9682758,ggsignif
2023-11-12,2675,9685433,ggsignif
2023-11-13,6231,9691664,ggsignif
2023-11-14,6698,9698362,ggsignif
2023-11-15,6473,9704835,ggsignif
2023-11-16,6172,9711007,ggsignif
2023-11-17,5194,9716201,ggsignif
2023-11-18,2536,9718737,ggsignif
2023-11-19,2722,9721459,ggsignif
2023-11-20,6427,9727886,ggsignif
2023-11-21,6545,9734431,ggsignif
2023-11-22,5952,9740383,ggsignif
2023-11-23,5483,9745866,ggsignif
2023-11-24,4679,9750545,ggsignif
2023-11-25,2740,9753285,ggsignif
2023-11-26,2941,9756226,ggsignif
2023-11-27,6255,9762481,ggsignif
2023-11-28,6166,9768647,ggsignif
2023-11-29,6236,9774883,ggsignif
2023-11-30,6101,9780984,ggsignif
2023-12-01,5174,9786158,ggsignif
2023-12-02,2976,9789134,ggsignif
2023-12-03,3155,9792289,ggsignif
2023-12-04,6028,9798317,ggsignif
2023-12-05,6205,9804522,ggsignif
2023-12-06,5957,9810479,ggsignif
2023-12-07,5892,9816371,ggsignif
2023-12-08,4777,9821148,ggsignif
2023-12-09,2728,9823876,ggsignif
2023-12-10,3065,9826941,ggsignif
2023-12-11,5771,9832712,ggsignif
2023-12-12,5879,9838591,ggsignif
2023-12-13,5535,9844126,ggsignif
2023-12-14,5241,9849367,ggsignif
2023-12-15,4189,9853556,ggsignif
2023-12-16,2208,9855764,ggsignif
2023-12-17,2426,9858190,ggsignif
2023-12-18,4587,9862777,ggsignif
2023-12-19,4827,9867604,ggsignif
2023-12-20,4712,9872316,ggsignif
2023-12-21,4105,9876421,ggsignif
2023-12-22,3105,9879526,ggsignif
2023-12-23,1768,9881294,ggsignif
2023-12-24,1613,9882907,ggsignif
2023-12-25,1953,9884860,ggsignif
2023-12-26,2378,9887238,ggsignif
2023-12-27,3087,9890325,ggsignif
2023-12-28,2776,9893101,ggsignif
2023-12-29,2472,9895573,ggsignif
2023-12-30,1730,9897303,ggsignif
2023-12-31,1412,9898715,ggsignif
2024-01-01,1411,9900126,ggsignif
2024-01-02,3203,9903329,ggsignif
2024-01-03,3525,9906854,ggsignif
2024-01-04,3530,9910384,ggsignif
2024-01-05,3485,9913869,ggsignif
2024-01-06,2243,9916112,ggsignif
2024-01-07,2105,9918217,ggsignif
2024-01-08,4438,9922655,ggsignif
2024-01-09,4733,9927388,ggsignif
2024-01-10,4613,9932001,ggsignif
2024-01-11,4677,9936678,ggsignif
2024-01-12,4188,9940866,ggsignif
2024-01-13,2281,9943147,ggsignif
2024-01-14,2267,9945414,ggsignif
2024-01-15,4157,9949571,ggsignif
2024-01-16,4567,9954138,ggsignif
2024-01-17,4745,9958883,ggsignif
2024-01-18,4859,9963742,ggsignif
2024-01-19,4037,9967779,ggsignif
2024-01-20,2262,9970041,ggsignif
2024-01-21,2331,9972372,ggsignif
2024-01-22,4890,9977262,ggsignif
2024-01-23,5300,9982562,ggsignif
2024-01-24,5157,9987719,ggsignif
2024-01-25,4806,9992525,ggsignif
2024-01-26,3888,9996413,ggsignif
2024-01-27,2072,9998485,ggsignif
2024-01-28,2176,10000661,ggsignif
2024-01-29,4816,10005477,ggsignif
2024-01-30,5023,10010500,ggsignif
2024-01-31,4673,10015173,ggsignif
2024-02-01,4549,10019722,ggsignif
2024-02-02,4279,10024001,ggsignif
2024-02-03,1884,10025885,ggsignif
2024-02-04,2265,10028150,ggsignif
2024-02-05,4672,10032822,ggsignif
2024-02-06,5126,10037948,ggsignif
2024-02-07,5008,10042956,ggsignif
2024-02-08,4679,10047635,ggsignif
2024-02-09,3678,10051313,ggsignif
2024-02-10,1740,10053053,ggsignif
2024-02-11,1803,10054856,ggsignif
2024-02-12,4015,10058871,ggsignif
2024-02-13,7041,10065912,ggsignif
2024-02-14,4231,10070143,ggsignif
2024-02-15,4433,10074576,ggsignif
2024-02-16,4078,10078654,ggsignif
2024-02-17,2155,10080809,ggsignif
2024-02-18,2178,10082987,ggsignif
2024-02-19,4559,10087546,ggsignif
2024-02-20,5417,10092963,ggsignif
2024-02-21,5058,10098021,ggsignif
2024-02-22,5124,10103145,ggsignif
2024-02-23,4547,10107692,ggsignif
2024-02-24,2753,10110445,ggsignif
2024-02-25,2283,10112728,ggsignif
2024-02-26,5294,10118022,ggsignif
2024-02-27,5495,10123517,ggsignif
2024-02-28,5412,10128929,ggsignif
2024-02-29,5118,10134047,ggsignif
2024-03-01,4571,10138618,ggsignif
2024-03-02,2116,10140734,ggsignif
2024-03-03,2275,10143009,ggsignif
2024-03-04,5281,10148290,ggsignif
2024-03-05,5814,10154104,ggsignif
2024-03-06,5807,10159911,ggsignif
2024-03-07,5490,10165401,ggsignif
2024-03-08,4559,10169960,ggsignif
2024-03-09,2121,10172081,ggsignif
2024-03-10,2344,10174425,ggsignif
2024-03-11,5328,10179753,ggsignif
2024-03-12,5424,10185177,ggsignif
2024-03-13,5489,10190666,ggsignif
2024-03-14,5562,10196228,ggsignif
2024-03-15,4756,10200984,ggsignif
2024-03-16,2288,10203272,ggsignif
2024-03-17,2425,10205697,ggsignif
2024-03-18,5451,10211148,ggsignif
2024-03-19,5969,10217117,ggsignif
2024-03-20,5643,10222760,ggsignif
2024-03-21,5715,10228475,ggsignif
2024-03-22,4837,10233312,ggsignif
2024-03-23,2461,10235773,ggsignif
2024-03-24,2381,10238154,ggsignif
2024-03-25,5351,10243505,ggsignif
2024-03-26,5676,10249181,ggsignif
2024-03-27,5589,10254770,ggsignif
2024-03-28,4861,10259631,ggsignif
2024-03-29,3607,10263238,ggsignif
2024-03-30,2313,10265551,ggsignif
2024-03-31,2265,10267816,ggsignif
2024-04-01,20229,10288045,ggsignif
2024-04-02,7147,10295192,ggsignif
2024-04-03,5396,10300588,ggsignif
2024-04-04,5393,10305981,ggsignif
2024-04-05,95282,10401263,ggsignif
2024-04-06,7668,10408931,ggsignif
2024-04-07,3111,10412042,ggsignif
2024-04-08,6035,10418077,ggsignif
2024-04-09,5776,10423853,ggsignif
2024-04-10,5528,10429381,ggsignif
2024-04-11,18601,10447982,ggsignif
2024-04-12,18200,10466182,ggsignif
2024-04-13,2453,10468635,ggsignif
2024-04-14,2640,10471275,ggsignif
2024-04-15,5817,10477092,ggsignif
2024-04-16,5674,10482766,ggsignif
2024-04-17,5711,10488477,ggsignif
2024-04-18,5328,10493805,ggsignif
2024-04-19,4464,10498269,ggsignif
2024-04-20,3132,10501401,ggsignif
2024-04-21,2913,10504314,ggsignif
2024-04-22,5611,10509925,ggsignif
2024-04-23,5849,10515774,ggsignif
2024-04-24,5410,10521184,ggsignif
2024-04-25,5730,10526914,ggsignif
2024-04-26,5232,10532146,ggsignif
2024-04-27,2723,10534869,ggsignif
2024-04-28,3045,10537914,ggsignif
2024-04-29,6439,10544353,ggsignif
2024-04-30,6147,10550500,ggsignif
2024-05-01,5724,10556224,ggsignif
2024-05-02,6142,10562366,ggsignif
2024-05-03,5287,10567653,ggsignif
2024-05-04,2859,10570512,ggsignif
2024-05-05,3044,10573556,ggsignif
2024-05-06,6208,10579764,ggsignif
2024-05-07,6327,10586091,ggsignif
2024-05-08,6077,10592168,ggsignif
2024-05-09,5675,10597843,ggsignif
2024-05-10,4979,10602822,ggsignif
2024-05-11,2813,10605635,ggsignif
2024-05-12,2654,10608289,ggsignif
2024-05-13,5967,10614256,ggsignif
2024-05-14,6137,10620393,ggsignif
2024-05-15,6080,10626473,ggsignif
2024-05-16,6027,10632500,ggsignif
2024-05-17,5350,10637850,ggsignif
2024-05-18,2697,10640547,ggsignif
2024-05-19,2623,10643170,ggsignif
2024-05-20,4986,10648156,ggsignif
2024-05-21,6021,10654177,ggsignif
2024-05-22,6678,10660855,ggsignif
2024-05-23,6051,10666906,ggsignif
2024-05-24,5150,10672056,ggsignif
2024-05-25,2724,10674780,ggsignif
2024-05-26,2875,10677655,ggsignif
2024-05-27,5102,10682757,ggsignif
2024-05-28,6099,10688856,ggsignif
2024-05-29,5965,10694821,ggsignif
2024-05-30,5259,10700080,ggsignif
2024-05-31,4993,10705073,ggsignif
2024-06-01,2414,10707487,ggsignif
2024-06-02,2670,10710157,ggsignif
2024-06-03,5470,10715627,ggsignif
2024-06-04,5639,10721266,ggsignif
2024-06-05,5522,10726788,ggsignif
2024-06-06,5196,10731984,ggsignif
2024-06-07,4327,10736311,ggsignif
2024-06-08,2312,10738623,ggsignif
2024-06-09,2484,10741107,ggsignif
2024-06-10,4995,10746102,ggsignif
2024-06-11,5409,10751511,ggsignif
2024-06-12,5257,10756768,ggsignif
2024-06-13,6232,10763000,ggsignif
2024-06-14,4349,10767349,ggsignif
2024-06-15,2128,10769477,ggsignif
2024-06-16,2233,10771710,ggsignif
2024-06-17,4982,10776692,ggsignif
2024-06-18,5491,10782183,ggsignif
2024-06-19,4961,10787144,ggsignif
2024-06-20,5218,10792362,ggsignif
2024-06-21,4323,10796685,ggsignif
2024-06-22,2243,10798928,ggsignif
2024-06-23,2249,10801177,ggsignif
2024-06-24,4666,10805843,ggsignif
2024-06-25,5047,10810890,ggsignif
2024-06-26,4947,10815837,ggsignif
2024-06-27,4782,10820619,ggsignif
2024-06-28,3942,10824561,ggsignif
2024-06-29,1911,10826472,ggsignif
2024-06-30,2171,10828643,ggsignif
2024-07-01,4524,10833167,ggsignif
2024-07-02,4882,10838049,ggsignif
2024-07-03,4789,10842838,ggsignif
2024-07-04,3943,10846781,ggsignif
2024-07-05,3803,10850584,ggsignif
2024-07-06,1943,10852527,ggsignif
2024-07-07,2086,10854613,ggsignif
2024-07-08,4479,10859092,ggsignif
2024-07-09,4590,10863682,ggsignif
2024-07-10,4469,10868151,ggsignif
2024-07-11,4437,10872588,ggsignif
2024-07-12,3760,10876348,ggsignif
2024-07-13,2089,10878437,ggsignif
2024-07-14,1993,10880430,ggsignif
2024-07-15,4262,10884692,ggsignif
2024-07-16,4322,10889014,ggsignif
2024-07-17,4477,10893491,ggsignif
2024-07-18,4344,10897835,ggsignif
2024-07-19,3603,10901438,ggsignif
2024-07-20,1877,10903315,ggsignif
2024-07-21,1916,10905231,ggsignif
2024-07-22,4161,10909392,ggsignif
2024-07-23,4361,10913753,ggsignif
2024-07-24,4130,10917883,ggsignif
2024-07-25,4201,10922084,ggsignif
2024-07-26,3609,10925693,ggsignif
2024-07-27,1906,10927599,ggsignif
2024-07-28,1727,10929326,ggsignif
2024-07-29,3975,10933301,ggsignif
2024-07-30,4275,10937576,ggsignif
2024-07-31,3857,10941433,ggsignif
2024-08-01,3915,10945348,ggsignif
2024-08-02,3514,10948862,ggsignif
2024-08-03,1708,10950570,ggsignif
2024-08-04,1980,10952550,ggsignif
2024-08-05,3619,10956169,ggsignif
2024-08-06,4049,10960218,ggsignif
2024-08-07,4007,10964225,ggsignif
2024-08-08,3741,10967966,ggsignif
2024-08-09,3106,10971072,ggsignif
2024-08-10,2225,10973297,ggsignif
2024-08-11,1745,10975042,ggsignif
2024-08-12,3725,10978767,ggsignif
2024-08-13,3852,10982619,ggsignif
2024-08-14,3799,10986418,ggsignif
2024-08-15,3364,10989782,ggsignif
2024-08-16,3159,10992941,ggsignif
2024-08-17,1706,10994647,ggsignif
2024-08-18,1691,10996338,ggsignif
2024-08-19,4273,11000611,ggsignif
2024-08-20,4319,11004930,ggsignif
2024-08-21,4083,11009013,ggsignif
2024-08-22,4373,11013386,ggsignif
2024-08-23,3933,11017319,ggsignif
2024-08-24,2092,11019411,ggsignif
2024-08-25,2009,11021420,ggsignif
2024-08-26,4294,11025714,ggsignif
2024-08-27,4230,11029944,ggsignif
2024-08-28,4212,11034156,ggsignif
2024-08-29,4515,11038671,ggsignif
2024-08-30,3550,11042221,ggsignif
2024-08-31,1966,11044187,ggsignif
2024-09-01,2050,11046237,ggsignif
2024-09-02,4090,11050327,ggsignif
2024-09-03,4710,11055037,ggsignif
2024-09-04,4672,11059709,ggsignif
2024-09-05,5221,11064930,ggsignif
2024-09-06,4182,11069112,ggsignif
2024-09-07,2005,11071117,ggsignif
2024-09-08,2224,11073341,ggsignif
2024-09-09,4664,11078005,ggsignif
2024-09-10,5580,11083585,ggsignif
2024-09-11,5277,11088862,ggsignif
2024-09-12,4950,11093812,ggsignif
2024-09-13,4130,11097942,ggsignif
2024-09-14,2041,11099983,ggsignif
2024-09-15,2096,11102079,ggsignif
2024-09-16,4598,11106677,ggsignif
2024-09-17,5052,11111729,ggsignif
2024-09-18,5454,11117183,ggsignif
2024-09-19,5280,11122463,ggsignif
2024-09-20,4416,11126879,ggsignif
2024-09-21,2260,11129139,ggsignif
2024-09-22,2480,11131619,ggsignif
2024-09-23,5267,11136886,ggsignif
2024-09-24,5618,11142504,ggsignif
2024-09-25,5763,11148267,ggsignif
2024-09-26,5215,11153482,ggsignif
2024-09-27,4797,11158279,ggsignif
2024-09-28,2496,11160775,ggsignif
2024-09-29,2583,11163358,ggsignif
2024-09-30,5248,11168606,ggsignif
2024-10-01,5551,11174157,ggsignif
2024-10-02,5123,11179280,ggsignif
2024-10-03,5277,11184557,ggsignif
2024-10-04,4249,11188806,ggsignif
2024-10-05,2189,11190995,ggsignif
2024-10-06,2310,11193305,ggsignif
2024-10-07,5467,11198772,ggsignif
2024-10-08,6179,11204951,ggsignif
2024-10-09,6151,11211102,ggsignif
2024-10-10,5762,11216864,ggsignif
2024-10-11,5141,11222005,ggsignif
2024-10-12,2492,11224497,ggsignif
2024-10-13,2361,11226858,ggsignif
2024-10-14,5382,11232240,ggsignif
2024-10-15,6021,11238261,ggsignif
2024-10-16,6402,11244663,ggsignif
2024-10-17,6030,11250693,ggsignif
2024-10-18,4868,11255561,ggsignif
2024-10-19,2250,11257811,ggsignif
2024-10-20,2479,11260290,ggsignif
2024-10-21,5967,11266257,ggsignif
2024-10-22,6727,11272984,ggsignif
2024-10-23,6386,11279370,ggsignif
2024-10-24,6364,11285734,ggsignif
2024-10-25,5433,11291167,ggsignif
2024-10-26,2383,11293550,ggsignif
2024-10-27,2658,11296208,ggsignif
2024-10-28,5895,11302103,ggsignif
2024-10-29,6364,11308467,ggsignif
2024-10-30,6530,11314997,ggsignif
2024-10-31,5928,11320925,ggsignif
2024-11-01,4018,11324943,ggsignif
2024-11-02,2487,11327430,ggsignif
2024-11-03,2449,11329879,ggsignif
2024-11-04,6163,11336042,ggsignif
2024-11-05,6762,11342804,ggsignif
2024-11-06,6570,11349374,ggsignif
2024-11-07,6745,11356119,ggsignif
2024-11-08,5717,11361836,ggsignif
2024-11-09,2757,11364593,ggsignif
2024-11-10,3090,11367683,ggsignif
2024-11-11,6182,11373865,ggsignif
2024-11-12,7154,11381019,ggsignif
2024-11-13,7109,11388128,ggsignif
2024-11-14,6659,11394787,ggsignif
2024-11-15,5671,11400458,ggsignif
2024-11-16,2766,11403224,ggsignif
2024-11-17,3115,11406339,ggsignif
2024-11-18,7147,11413486,ggsignif
2024-11-19,7270,11420756,ggsignif
2024-11-20,6895,11427651,ggsignif
2024-11-21,6663,11434314,ggsignif
2024-11-22,5410,11439724,ggsignif
2024-11-23,2959,11442683,ggsignif
2024-11-24,3142,11445825,ggsignif
2024-11-25,6556,11452381,ggsignif
2024-11-26,6945,11459326,ggsignif
2024-11-27,6452,11465778,ggsignif
2024-11-28,5665,11471443,ggsignif
2024-11-29,4792,11476235,ggsignif
2024-11-30,2726,11478961,ggsignif
2024-12-01,3171,11482132,ggsignif
2024-12-02,6538,11488670,ggsignif
2024-12-03,6572,11495242,ggsignif
2024-12-04,7016,11502258,ggsignif
2024-12-05,6480,11508738,ggsignif
2024-12-06,5013,11513751,ggsignif
2024-12-07,2873,11516624,ggsignif
2024-12-08,2992,11519616,ggsignif
2024-12-09,6074,11525690,ggsignif
2024-12-10,6130,11531820,ggsignif
2024-12-11,6296,11538116,ggsignif
2024-12-12,5553,11543669,ggsignif
2024-12-13,4404,11548073,ggsignif
2024-12-14,2540,11550613,ggsignif
2024-12-15,2674,11553287,ggsignif
2024-12-16,5311,11558598,ggsignif
2024-12-17,5775,11564373,ggsignif
2024-12-18,5317,11569690,ggsignif
2024-12-19,4812,11574502,ggsignif
2024-12-20,3948,11578450,ggsignif
2024-12-21,1929,11580379,ggsignif
2024-12-22,1885,11582264,ggsignif
2024-12-23,3002,11585266,ggsignif
2024-12-24,2862,11588128,ggsignif
2024-12-25,2100,11590228,ggsignif
2024-12-26,2309,11592537,ggsignif
2024-12-27,2332,11594869,ggsignif
2024-12-28,1654,11596523,ggsignif
2024-12-29,2008,11598531,ggsignif
2024-12-30,2929,11601460,ggsignif
2024-12-31,2611,11604071,ggsignif
2025-01-01,1568,11605639,ggsignif
2025-01-02,2903,11608542,ggsignif
2025-01-03,3107,11611649,ggsignif
2025-01-04,1981,11613630,ggsignif
2025-01-05,2000,11615630,ggsignif
2025-01-06,4105,11619735,ggsignif
2025-01-07,4527,11624262,ggsignif
2025-01-08,4596,11628858,ggsignif
2025-01-09,4671,11633529,ggsignif
2025-01-10,4006,11637535,ggsignif
2025-01-11,1799,11639334,ggsignif
2025-01-12,2055,11641389,ggsignif
2025-01-13,4345,11645734,ggsignif
2025-01-14,4966,11650700,ggsignif
2025-01-15,4905,11655605,ggsignif
2025-01-16,4587,11660192,ggsignif
2025-01-17,4041,11664233,ggsignif
2025-01-18,1905,11666138,ggsignif
2025-01-19,2107,11668245,ggsignif
2025-01-20,4376,11672621,ggsignif
2025-01-21,5190,11677811,ggsignif
2025-01-22,4998,11682809,ggsignif
2025-01-23,4744,11687553,ggsignif
2025-01-24,4057,11691610,ggsignif
2025-01-25,1876,11693486,ggsignif
2025-01-26,2030,11695516,ggsignif
2025-01-27,4320,11699836,ggsignif
2025-01-28,5096,11704932,ggsignif
2025-01-29,4469,11709401,ggsignif
2025-01-30,4705,11714106,ggsignif
2025-01-31,4057,11718163,ggsignif
2025-02-01,2065,11720228,ggsignif
2025-02-02,2181,11722409,ggsignif
2025-02-03,4738,11727147,ggsignif
2025-02-04,5405,11732552,ggsignif
2025-02-05,5434,11737986,ggsignif
2025-02-06,5275,11743261,ggsignif
2025-02-07,4980,11748241,ggsignif
2025-02-08,2447,11750688,ggsignif
2025-02-09,2446,11753134,ggsignif
2025-02-10,4964,11758098,ggsignif
2025-02-11,5538,11763636,ggsignif
2025-02-12,5223,11768859,ggsignif
2025-02-13,5307,11774166,ggsignif
2025-02-14,4385,11778551,ggsignif
2025-02-15,2259,11780810,ggsignif
2025-02-16,2593,11783403,ggsignif
2025-02-17,5171,11788574,ggsignif
2025-02-18,5936,11794510,ggsignif
2025-02-19,6298,11800808,ggsignif
2025-02-20,5821,11806629,ggsignif
2025-02-21,5039,11811668,ggsignif
2025-02-22,2503,11814171,ggsignif
2025-02-23,2533,11816704,ggsignif
2025-02-24,5702,11822406,ggsignif
2025-02-25,6273,11828679,ggsignif
2025-02-26,6232,11834911,ggsignif
2025-02-27,6228,11841139,ggsignif
2025-02-28,5011,11846150,ggsignif
2025-03-01,2543,11848693,ggsignif
2025-03-02,2855,11851548,ggsignif
2025-03-03,5936,11857484,ggsignif
2025-03-04,6773,11864257,ggsignif
2025-03-05,6207,11870464,ggsignif
2025-03-06,6788,11877252,ggsignif
2025-03-07,5512,11882764,ggsignif
2025-03-08,2676,11885440,ggsignif
2025-03-09,2799,11888239,ggsignif
2025-03-10,5976,11894215,ggsignif
2025-03-11,6618,11900833,ggsignif
2025-03-12,6816,11907649,ggsignif
2025-03-13,6210,11913859,ggsignif
2025-03-14,5018,11918877,ggsignif
2025-03-15,2748,11921625,ggsignif
2025-03-16,2971,11924596,ggsignif
2025-03-17,6538,11931134,ggsignif
2025-03-18,6782,11937916,ggsignif
2025-03-19,6937,11944853,ggsignif
2025-03-20,6480,11951333,ggsignif
2025-03-21,5263,11956596,ggsignif
2025-03-22,2554,11959150,ggsignif
2025-03-23,2749,11961899,ggsignif
2025-03-24,6571,11968470,ggsignif
2025-03-25,7121,11975591,ggsignif
2025-03-26,7223,11982814,ggsignif
2025-03-27,6646,11989460,ggsignif
2025-03-28,5366,11994826,ggsignif
2025-03-29,3089,11997915,ggsignif
2025-03-30,3156,12001071,ggsignif
2019-12-01,267,267,patchwork
2019-12-02,969,1236,patchwork
2019-12-03,896,2132,patchwork
2019-12-04,783,2915,patchwork
2019-12-05,525,3440,patchwork
2019-12-06,576,4016,patchwork
2019-12-07,143,4159,patchwork
2019-12-08,155,4314,patchwork
2019-12-09,539,4853,patchwork
2019-12-10,479,5332,patchwork
2019-12-11,512,5844,patchwork
2019-12-12,642,6486,patchwork
2019-12-13,525,7011,patchwork
2019-12-14,239,7250,patchwork
2019-12-15,310,7560,patchwork
2019-12-16,557,8117,patchwork
2019-12-17,650,8767,patchwork
2019-12-18,608,9375,patchwork
2019-12-19,435,9810,patchwork
2019-12-20,450,10260,patchwork
2019-12-21,163,10423,patchwork
2019-12-22,137,10560,patchwork
2019-12-23,175,10735,patchwork
2019-12-24,119,10854,patchwork
2019-12-25,62,10916,patchwork
2019-12-26,90,11006,patchwork
2019-12-27,102,11108,patchwork
2019-12-28,73,11181,patchwork
2019-12-29,78,11259,patchwork
2019-12-30,119,11378,patchwork
2019-12-31,80,11458,patchwork
2020-01-01,72,11530,patchwork
2020-01-02,212,11742,patchwork
2020-01-03,191,11933,patchwork
2020-01-04,99,12032,patchwork
2020-01-05,92,12124,patchwork
2020-01-06,259,12383,patchwork
2020-01-07,351,12734,patchwork
2020-01-08,339,13073,patchwork
2020-01-09,384,13457,patchwork
2020-01-10,396,13853,patchwork
2020-01-11,97,13950,patchwork
2020-01-12,174,14124,patchwork
2020-01-13,362,14486,patchwork
2020-01-14,506,14992,patchwork
2020-01-15,388,15380,patchwork
2020-01-16,340,15720,patchwork
2020-01-17,351,16071,patchwork
2020-01-18,177,16248,patchwork
2020-01-19,142,16390,patchwork
2020-01-20,255,16645,patchwork
2020-01-21,408,17053,patchwork
2020-01-22,423,17476,patchwork
2020-01-23,354,17830,patchwork
2020-01-24,337,18167,patchwork
2020-01-25,164,18331,patchwork
2020-01-26,150,18481,patchwork
2020-01-27,375,18856,patchwork
2020-01-28,636,19492,patchwork
2020-01-29,432,19924,patchwork
2020-01-30,437,20361,patchwork
2020-01-31,325,20686,patchwork
2020-02-01,180,20866,patchwork
2020-02-02,174,21040,patchwork
2020-02-03,353,21393,patchwork
2020-02-04,343,21736,patchwork
2020-02-05,375,22111,patchwork
2020-02-06,465,22576,patchwork
2020-02-07,427,23003,patchwork
2020-02-08,202,23205,patchwork
2020-02-09,184,23389,patchwork
2020-02-10,422,23811,patchwork
2020-02-11,474,24285,patchwork
2020-02-12,422,24707,patchwork
2020-02-13,374,25081,patchwork
2020-02-14,382,25463,patchwork
2020-02-15,165,25628,patchwork
2020-02-16,172,25800,patchwork
2020-02-17,923,26723,patchwork
2020-02-18,984,27707,patchwork
2020-02-19,853,28560,patchwork
2020-02-20,735,29295,patchwork
2020-02-21,514,29809,patchwork
2020-02-22,243,30052,patchwork
2020-02-23,331,30383,patchwork
2020-02-24,764,31147,patchwork
2020-02-25,713,31860,patchwork
2020-02-26,874,32734,patchwork
2020-02-27,1319,34053,patchwork
2020-02-28,1050,35103,patchwork
2020-02-29,140,35243,patchwork
2020-03-01,441,35684,patchwork
2020-03-02,1181,36865,patchwork
2020-03-03,1264,38129,patchwork
2020-03-04,1549,39678,patchwork
2020-03-05,1333,41011,patchwork
2020-03-06,1071,42082,patchwork
2020-03-07,476,42558,patchwork
2020-03-08,470,43028,patchwork
2020-03-09,1075,44103,patchwork
2020-03-10,1139,45242,patchwork
2020-03-11,1019,46261,patchwork
2020-03-12,1020,47281,patchwork
2020-03-13,796,48077,patchwork
2020-03-14,337,48414,patchwork
2020-03-15,405,48819,patchwork
2020-03-16,939,49758,patchwork
2020-03-17,961,50719,patchwork
2020-03-18,896,51615,patchwork
2020-03-19,1088,52703,patchwork
2020-03-20,948,53651,patchwork
2020-03-21,482,54133,patchwork
2020-03-22,433,54566,patchwork
2020-03-23,1064,55630,patchwork
2020-03-24,1338,56968,patchwork
2020-03-25,1056,58024,patchwork
2020-03-26,1163,59187,patchwork
2020-03-27,1158,60345,patchwork
2020-03-28,646,60991,patchwork
2020-03-29,609,61600,patchwork
2020-03-30,1065,62665,patchwork
2020-03-31,1277,63942,patchwork
2020-04-01,1219,65161,patchwork
2020-04-02,1182,66343,patchwork
2020-04-03,1064,67407,patchwork
2020-04-04,630,68037,patchwork
2020-04-05,567,68604,patchwork
2020-04-06,1205,69809,patchwork
2020-04-07,1171,70980,patchwork
2020-04-08,1139,72119,patchwork
2020-04-09,1084,73203,patchwork
2020-04-10,885,74088,patchwork
2020-04-11,583,74671,patchwork
2020-04-12,542,75213,patchwork
2020-04-13,963,76176,patchwork
2020-04-14,1080,77256,patchwork
2020-04-15,1021,78277,patchwork
2020-04-16,1127,79404,patchwork
2020-04-17,1059,80463,patchwork
2020-04-18,628,81091,patchwork
2020-04-19,554,81645,patchwork
2020-04-20,1047,82692,patchwork
2020-04-21,1113,83805,patchwork
2020-04-22,1463,85268,patchwork
2020-04-23,1133,86401,patchwork
2020-04-24,1245,87646,patchwork
2020-04-25,896,88542,patchwork
2020-04-26,839,89381,patchwork
2020-04-27,1500,90881,patchwork
2020-04-28,1528,92409,patchwork
2020-04-29,1514,93923,patchwork
2020-04-30,1461,95384,patchwork
2020-05-01,1068,96452,patchwork
2020-05-02,734,97186,patchwork
2020-05-03,698,97884,patchwork
2020-05-04,1240,99124,patchwork
2020-05-05,1238,100362,patchwork
2020-05-06,1397,101759,patchwork
2020-05-07,1343,103102,patchwork
2020-05-08,1099,104201,patchwork
2020-05-09,649,104850,patchwork
2020-05-10,650,105500,patchwork
2020-05-11,1124,106624,patchwork
2020-05-12,1265,107889,patchwork
2020-05-13,1164,109053,patchwork
2020-05-14,1319,110372,patchwork
2020-05-15,1076,111448,patchwork
2020-05-16,682,112130,patchwork
2020-05-17,629,112759,patchwork
2020-05-18,1302,114061,patchwork
2020-05-19,1307,115368,patchwork
2020-05-20,1229,116597,patchwork
2020-05-21,1126,117723,patchwork
2020-05-22,1021,118744,patchwork
2020-05-23,639,119383,patchwork
2020-05-24,662,120045,patchwork
2020-05-25,1047,121092,patchwork
2020-05-26,1201,122293,patchwork
2020-05-27,1406,123699,patchwork
2020-05-28,1255,124954,patchwork
2020-05-29,1116,126070,patchwork
2020-05-30,550,126620,patchwork
2020-05-31,649,127269,patchwork
2020-06-01,1091,128360,patchwork
2020-06-02,1390,129750,patchwork
2020-06-03,1319,131069,patchwork
2020-06-04,1281,132350,patchwork
2020-06-05,1147,133497,patchwork
2020-06-06,613,134110,patchwork
2020-06-07,669,134779,patchwork
2020-06-08,1350,136129,patchwork
2020-06-09,1247,137376,patchwork
2020-06-10,1223,138599,patchwork
2020-06-11,1165,139764,patchwork
2020-06-12,1081,140845,patchwork
2020-06-13,601,141446,patchwork
2020-06-14,558,142004,patchwork
2020-06-15,1071,143075,patchwork
2020-06-16,1148,144223,patchwork
2020-06-17,1236,145459,patchwork
2020-06-18,1127,146586,patchwork
2020-06-19,1090,147676,patchwork
2020-06-20,521,148197,patchwork
2020-06-21,573,148770,patchwork
2020-06-22,1661,150431,patchwork
2020-06-23,2562,152993,patchwork
2020-06-24,2252,155245,patchwork
2020-06-25,2120,157365,patchwork
2020-06-26,1703,159068,patchwork
2020-06-27,847,159915,patchwork
2020-06-28,916,160831,patchwork
2020-06-29,1796,162627,patchwork
2020-06-30,1560,164187,patchwork
2020-07-01,1694,165881,patchwork
2020-07-02,1639,167520,patchwork
2020-07-03,1258,168778,patchwork
2020-07-04,633,169411,patchwork
2020-07-05,793,170204,patchwork
2020-07-06,1667,171871,patchwork
2020-07-07,1730,173601,patchwork
2020-07-08,1613,175214,patchwork
2020-07-09,1472,176686,patchwork
2020-07-10,1401,178087,patchwork
2020-07-11,652,178739,patchwork
2020-07-12,626,179365,patchwork
2020-07-13,1602,180967,patchwork
2020-07-14,1508,182475,patchwork
2020-07-15,1575,184050,patchwork
2020-07-16,1439,185489,patchwork
2020-07-17,1417,186906,patchwork
2020-07-18,609,187515,patchwork
2020-07-19,678,188193,patchwork
2020-07-20,1431,189624,patchwork
2020-07-21,1353,190977,patchwork
2020-07-22,1351,192328,patchwork
2020-07-23,1243,193571,patchwork
2020-07-24,1154,194725,patchwork
2020-07-25,567,195292,patchwork
2020-07-26,544,195836,patchwork
2020-07-27,1296,197132,patchwork
2020-07-28,1407,198539,patchwork
2020-07-29,1276,199815,patchwork
2020-07-30,1368,201183,patchwork
2020-07-31,1040,202223,patchwork
2020-08-01,570,202793,patchwork
2020-08-02,581,203374,patchwork
2020-08-03,1294,204668,patchwork
2020-08-04,1419,206087,patchwork
2020-08-05,1307,207394,patchwork
2020-08-06,1370,208764,patchwork
2020-08-07,1074,209838,patchwork
2020-08-08,568,210406,patchwork
2020-08-09,569,210975,patchwork
2020-08-10,1487,212462,patchwork
2020-08-11,1414,213876,patchwork
2020-08-12,1512,215388,patchwork
2020-08-13,1307,216695,patchwork
2020-08-14,1155,217850,patchwork
2020-08-15,445,218295,patchwork
2020-08-16,565,218860,patchwork
2020-08-17,1417,220277,patchwork
2020-08-18,1338,221615,patchwork
2020-08-19,1342,222957,patchwork
2020-08-20,1345,224302,patchwork
2020-08-21,1118,225420,patchwork
2020-08-22,574,225994,patchwork
2020-08-23,523,226517,patchwork
2020-08-24,1203,227720,patchwork
2020-08-25,1339,229059,patchwork
2020-08-26,1340,230399,patchwork
2020-08-27,1230,231629,patchwork
2020-08-28,982,232611,patchwork
2020-08-29,510,233121,patchwork
2020-08-30,577,233698,patchwork
2020-08-31,1382,235080,patchwork
2020-09-01,1342,236422,patchwork
2020-09-02,1341,237763,patchwork
2020-09-03,1582,239345,patchwork
2020-09-04,1260,240605,patchwork
2020-09-05,521,241126,patchwork
2020-09-06,607,241733,patchwork
2020-09-07,1323,243056,patchwork
2020-09-08,1648,244704,patchwork
2020-09-09,1677,246381,patchwork
2020-09-10,1458,247839,patchwork
2020-09-11,1324,249163,patchwork
2020-09-12,629,249792,patchwork
2020-09-13,667,250459,patchwork
2020-09-14,1535,251994,patchwork
2020-09-15,1710,253704,patchwork
2020-09-16,1951,255655,patchwork
2020-09-17,1612,257267,patchwork
2020-09-18,1328,258595,patchwork
2020-09-19,609,259204,patchwork
2020-09-20,724,259928,patchwork
2020-09-21,1567,261495,patchwork
2020-09-22,1689,263184,patchwork
2020-09-23,1582,264766,patchwork
2020-09-24,1535,266301,patchwork
2020-09-25,1474,267775,patchwork
2020-09-26,628,268403,patchwork
2020-09-27,794,269197,patchwork
2020-09-28,1697,270894,patchwork
2020-09-29,1782,272676,patchwork
2020-09-30,1627,274303,patchwork
2020-10-01,1436,275739,patchwork
2020-10-02,1284,277023,patchwork
2020-10-03,646,277669,patchwork
2020-10-04,719,278388,patchwork
2020-10-05,1583,279971,patchwork
2020-10-06,1906,281877,patchwork
2020-10-07,1624,283501,patchwork
2020-10-08,1574,285075,patchwork
2020-10-09,1486,286561,patchwork
2020-10-10,791,287352,patchwork
2020-10-11,817,288169,patchwork
2020-10-12,1618,289787,patchwork
2020-10-13,1681,291468,patchwork
2020-10-14,1669,293137,patchwork
2020-10-15,1485,294622,patchwork
2020-10-16,1409,296031,patchwork
2020-10-17,697,296728,patchwork
2020-10-18,860,297588,patchwork
2020-10-19,1797,299385,patchwork
2020-10-20,1931,301316,patchwork
2020-10-21,1904,303220,patchwork
2020-10-22,1642,304862,patchwork
2020-10-23,1383,306245,patchwork
2020-10-24,708,306953,patchwork
2020-10-25,679,307632,patchwork
2020-10-26,1780,309412,patchwork
2020-10-27,1904,311316,patchwork
2020-10-28,1521,312837,patchwork
2020-10-29,1574,314411,patchwork
2020-10-30,1557,315968,patchwork
2020-10-31,602,316570,patchwork
2020-11-01,708,317278,patchwork
2020-11-02,1861,319139,patchwork
2020-11-03,1875,321014,patchwork
2020-11-04,1604,322618,patchwork
2020-11-05,1622,324240,patchwork
2020-11-06,1417,325657,patchwork
2020-11-07,671,326328,patchwork
2020-11-08,784,327112,patchwork
2020-11-09,2938,330050,patchwork
2020-11-10,3109,333159,patchwork
2020-11-11,2650,335809,patchwork
2020-11-12,3017,338826,patchwork
2020-11-13,2380,341206,patchwork
2020-11-14,1098,342304,patchwork
2020-11-15,1190,343494,patchwork
2020-11-16,2609,346103,patchwork
2020-11-17,2441,348544,patchwork
2020-11-18,2423,350967,patchwork
2020-11-19,2421,353388,patchwork
2020-11-20,1909,355297,patchwork
2020-11-21,923,356220,patchwork
2020-11-22,1007,357227,patchwork
2020-11-23,2037,359264,patchwork
2020-11-24,2234,361498,patchwork
2020-11-25,1637,363135,patchwork
2020-11-26,1597,364732,patchwork
2020-11-27,1573,366305,patchwork
2020-11-28,887,367192,patchwork
2020-11-29,955,368147,patchwork
2020-11-30,2098,370245,patchwork
2020-12-01,2107,372352,patchwork
2020-12-02,2060,374412,patchwork
2020-12-03,1915,376327,patchwork
2020-12-04,2006,378333,patchwork
2020-12-05,905,379238,patchwork
2020-12-06,969,380207,patchwork
2020-12-07,2120,382327,patchwork
2020-12-08,1892,384219,patchwork
2020-12-09,1888,386107,patchwork
2020-12-10,1842,387949,patchwork
2020-12-11,1648,389597,patchwork
2020-12-12,902,390499,patchwork
2020-12-13,871,391370,patchwork
2020-12-14,1808,393178,patchwork
2020-12-15,1811,394989,patchwork
2020-12-16,1720,396709,patchwork
2020-12-17,3095,399804,patchwork
2020-12-18,2711,402515,patchwork
2020-12-19,1134,403649,patchwork
2020-12-20,1149,404798,patchwork
2020-12-21,2188,406986,patchwork
2020-12-22,2038,409024,patchwork
2020-12-23,1480,410504,patchwork
2020-12-24,1054,411558,patchwork
2020-12-25,739,412297,patchwork
2020-12-26,737,413034,patchwork
2020-12-27,751,413785,patchwork
2020-12-28,1335,415120,patchwork
2020-12-29,1296,416416,patchwork
2020-12-30,1169,417585,patchwork
2020-12-31,962,418547,patchwork
2021-01-01,676,419223,patchwork
2021-01-02,784,420007,patchwork
2021-01-03,755,420762,patchwork
2021-01-04,1962,422724,patchwork
2021-01-05,1970,424694,patchwork
2021-01-06,1909,426603,patchwork
2021-01-07,2182,428785,patchwork
2021-01-08,1723,430508,patchwork
2021-01-09,853,431361,patchwork
2021-01-10,908,432269,patchwork
2021-01-11,2021,434290,patchwork
2021-01-12,2002,436292,patchwork
2021-01-13,2065,438357,patchwork
2021-01-14,1873,440230,patchwork
2021-01-15,1756,441986,patchwork
2021-01-16,784,442770,patchwork
2021-01-17,885,443655,patchwork
2021-01-18,1999,445654,patchwork
2021-01-19,2181,447835,patchwork
2021-01-20,2083,449918,patchwork
2021-01-21,2166,452084,patchwork
2021-01-22,1971,454055,patchwork
2021-01-23,1036,455091,patchwork
2021-01-24,991,456082,patchwork
2021-01-25,2066,458148,patchwork
2021-01-26,1980,460128,patchwork
2021-01-27,2065,462193,patchwork
2021-01-28,1898,464091,patchwork
2021-01-29,1884,465975,patchwork
2021-01-30,921,466896,patchwork
2021-01-31,999,467895,patchwork
2021-02-01,2104,469999,patchwork
2021-02-02,2263,472262,patchwork
2021-02-03,2043,474305,patchwork
2021-02-04,1907,476212,patchwork
2021-02-05,1706,477918,patchwork
2021-02-06,851,478769,patchwork
2021-02-07,1011,479780,patchwork
2021-02-08,1930,481710,patchwork
2021-02-09,2116,483826,patchwork
2021-02-10,1843,485669,patchwork
2021-02-11,1697,487366,patchwork
2021-02-12,1615,488981,patchwork
2021-02-13,747,489728,patchwork
2021-02-14,707,490435,patchwork
2021-02-15,1669,492104,patchwork
2021-02-16,1797,493901,patchwork
2021-02-17,1914,495815,patchwork
2021-02-18,1736,497551,patchwork
2021-02-19,1836,499387,patchwork
2021-02-20,1063,500450,patchwork
2021-02-21,1093,501543,patchwork
2021-02-22,2142,503685,patchwork
2021-02-23,2175,505860,patchwork
2021-02-24,2217,508077,patchwork
2021-02-25,1952,510029,patchwork
2021-02-26,1799,511828,patchwork
2021-02-27,977,512805,patchwork
2021-02-28,962,513767,patchwork
2021-03-01,2338,516105,patchwork
2021-03-02,2457,518562,patchwork
2021-03-03,2280,520842,patchwork
2021-03-04,2147,522989,patchwork
2021-03-05,1892,524881,patchwork
2021-03-06,857,525738,patchwork
2021-03-07,1112,526850,patchwork
2021-03-08,2132,528982,patchwork
2021-03-09,2133,531115,patchwork
2021-03-10,2313,533428,patchwork
2021-03-11,2200,535628,patchwork
2021-03-12,1916,537544,patchwork
2021-03-13,979,538523,patchwork
2021-03-14,1087,539610,patchwork
2021-03-15,2174,541784,patchwork
2021-03-16,2134,543918,patchwork
2021-03-17,2275,546193,patchwork
2021-03-18,2369,548562,patchwork
2021-03-19,1996,550558,patchwork
2021-03-20,890,551448,patchwork
2021-03-21,938,552386,patchwork
2021-03-22,2289,554675,patchwork
2021-03-23,2316,556991,patchwork
2021-03-24,2184,559175,patchwork
2021-03-25,2247,561422,patchwork
2021-03-26,1922,563344,patchwork
2021-03-27,1173,564517,patchwork
2021-03-28,1296,565813,patchwork
2021-03-29,2281,568094,patchwork
2021-03-30,2182,570276,patchwork
2021-03-31,2106,572382,patchwork
2021-04-01,2054,574436,patchwork
2021-04-02,1527,575963,patchwork
2021-04-03,1067,577030,patchwork
2021-04-04,885,577915,patchwork
2021-04-05,1655,579570,patchwork
2021-04-06,2032,581602,patchwork
2021-04-07,2212,583814,patchwork
2021-04-08,2087,585901,patchwork
2021-04-09,1932,587833,patchwork
2021-04-10,1052,588885,patchwork
2021-04-11,1083,589968,patchwork
2021-04-12,2093,592061,patchwork
2021-04-13,2130,594191,patchwork
2021-04-14,2090,596281,patchwork
2021-04-15,2225,598506,patchwork
2021-04-16,1887,600393,patchwork
2021-04-17,988,601381,patchwork
2021-04-18,1117,602498,patchwork
2021-04-19,2086,604584,patchwork
2021-04-20,2218,606802,patchwork
2021-04-21,2094,608896,patchwork
2021-04-22,2153,611049,patchwork
2021-04-23,1926,612975,patchwork
2021-04-24,1128,614103,patchwork
2021-04-25,1177,615280,patchwork
2021-04-26,2055,617335,patchwork
2021-04-27,2236,619571,patchwork
2021-04-28,2001,621572,patchwork
2021-04-29,2047,623619,patchwork
2021-04-30,1779,625398,patchwork
2021-05-01,1052,626450,patchwork
2021-05-02,1148,627598,patchwork
2021-05-03,1883,629481,patchwork
2021-05-04,2021,631502,patchwork
2021-05-05,2036,633538,patchwork
2021-05-06,2063,635601,patchwork
2021-05-07,1843,637444,patchwork
2021-05-08,1113,638557,patchwork
2021-05-09,1158,639715,patchwork
2021-05-10,2162,641877,patchwork
2021-05-11,2222,644099,patchwork
2021-05-12,2157,646256,patchwork
2021-05-13,1993,648249,patchwork
2021-05-14,1796,650045,patchwork
2021-05-15,1154,651199,patchwork
2021-05-16,1207,652406,patchwork
2021-05-17,2350,654756,patchwork
2021-05-18,2674,657430,patchwork
2021-05-19,3027,660457,patchwork
2021-05-20,2708,663165,patchwork
2021-05-21,2473,665638,patchwork
2021-05-22,1382,667020,patchwork
2021-05-23,1412,668432,patchwork
2021-05-24,2409,670841,patchwork
2021-05-25,2842,673683,patchwork
2021-05-26,2725,676408,patchwork
2021-05-27,2568,678976,patchwork
2021-05-28,2266,681242,patchwork
2021-05-29,1362,682604,patchwork
2021-05-30,1298,683902,patchwork
2021-05-31,2280,686182,patchwork
2021-06-01,2421,688603,patchwork
2021-06-02,2485,691088,patchwork
2021-06-03,2619,693707,patchwork
2021-06-04,2514,696221,patchwork
2021-06-05,1244,697465,patchwork
2021-06-06,1300,698765,patchwork
2021-06-07,2596,701361,patchwork
2021-06-08,2732,704093,patchwork
2021-06-09,2777,706870,patchwork
2021-06-10,2564,709434,patchwork
2021-06-11,2337,711771,patchwork
2021-06-12,1314,713085,patchwork
2021-06-13,1258,714343,patchwork
2021-06-14,2471,716814,patchwork
2021-06-15,2622,719436,patchwork
2021-06-16,2666,722102,patchwork
2021-06-17,2537,724639,patchwork
2021-06-18,2151,726790,patchwork
2021-06-19,1235,728025,patchwork
2021-06-20,1282,729307,patchwork
2021-06-21,2507,731814,patchwork
2021-06-22,2635,734449,patchwork
2021-06-23,2464,736913,patchwork
2021-06-24,2453,739366,patchwork
2021-06-25,2161,741527,patchwork
2021-06-26,1392,742919,patchwork
2021-06-27,1417,744336,patchwork
2021-06-28,2661,746997,patchwork
2021-06-29,2853,749850,patchwork
2021-06-30,2378,752228,patchwork
2021-07-01,2400,754628,patchwork
2021-07-02,2043,756671,patchwork
2021-07-03,1076,757747,patchwork
2021-07-04,1287,759034,patchwork
2021-07-05,2230,761264,patchwork
2021-07-06,2303,763567,patchwork
2021-07-07,2460,766027,patchwork
2021-07-08,2368,768395,patchwork
2021-07-09,2194,770589,patchwork
2021-07-10,1168,771757,patchwork
2021-07-11,1210,772967,patchwork
2021-07-12,2410,775377,patchwork
2021-07-13,2331,777708,patchwork
2021-07-14,2511,780219,patchwork
2021-07-15,2392,782611,patchwork
2021-07-16,2180,784791,patchwork
2021-07-17,1337,786128,patchwork
2021-07-18,1444,787572,patchwork
2021-07-19,2447,790019,patchwork
2021-07-20,2522,792541,patchwork
2021-07-21,2564,795105,patchwork
2021-07-22,2675,797780,patchwork
2021-07-23,2410,800190,patchwork
2021-07-24,1395,801585,patchwork
2021-07-25,1539,803124,patchwork
2021-07-26,2571,805695,patchwork
2021-07-27,3734,809429,patchwork
2021-07-28,2853,812282,patchwork
2021-07-29,2509,814791,patchwork
2021-07-30,2413,817204,patchwork
2021-07-31,1501,818705,patchwork
2021-08-01,1627,820332,patchwork
2021-08-02,2434,822766,patchwork
2021-08-03,2866,825632,patchwork
2021-08-04,2642,828274,patchwork
2021-08-05,2520,830794,patchwork
2021-08-06,2283,833077,patchwork
2021-08-07,1407,834484,patchwork
2021-08-08,1508,835992,patchwork
2021-08-09,2463,838455,patchwork
2021-08-10,2702,841157,patchwork
2021-08-11,2437,843594,patchwork
2021-08-12,2489,846083,patchwork
2021-08-13,2712,848795,patchwork
2021-08-14,2177,850972,patchwork
2021-08-15,2049,853021,patchwork
2021-08-16,3796,856817,patchwork
2021-08-17,4131,860948,patchwork
2021-08-18,3888,864836,patchwork
2021-08-19,3829,868665,patchwork
2021-08-20,3122,871787,patchwork
2021-08-21,1710,873497,patchwork
2021-08-22,1940,875437,patchwork
2021-08-23,3531,878968,patchwork
2021-08-24,3731,882699,patchwork
2021-08-25,4018,886717,patchwork
2021-08-26,3616,890333,patchwork
2021-08-27,3174,893507,patchwork
2021-08-28,1823,895330,patchwork
2021-08-29,1865,897195,patchwork
2021-08-30,3098,900293,patchwork
2021-08-31,3539,903832,patchwork
2021-09-01,3637,907469,patchwork
2021-09-02,3496,910965,patchwork
2021-09-03,3280,914245,patchwork
2021-09-04,1869,916114,patchwork
2021-09-05,1956,918070,patchwork
2021-09-06,2899,920969,patchwork
2021-09-07,3754,924723,patchwork
2021-09-08,3777,928500,patchwork
2021-09-09,3975,932475,patchwork
2021-09-10,3846,936321,patchwork
2021-09-11,2208,938529,patchwork
2021-09-12,2300,940829,patchwork
2021-09-13,4081,944910,patchwork
2021-09-14,4325,949235,patchwork
2021-09-15,4086,953321,patchwork
2021-09-16,3846,957167,patchwork
2021-09-17,3893,961060,patchwork
2021-09-18,2122,963182,patchwork
2021-09-19,2072,965254,patchwork
2021-09-20,3619,968873,patchwork
2021-09-21,4035,972908,patchwork
2021-09-22,4003,976911,patchwork
2021-09-23,3948,980859,patchwork
2021-09-24,3354,984213,patchwork
2021-09-25,2057,986270,patchwork
2021-09-26,2017,988287,patchwork
2021-09-27,3869,992156,patchwork
2021-09-28,4610,996766,patchwork
2021-09-29,4039,1000805,patchwork
2021-09-30,4090,1004895,patchwork
2021-10-01,3622,1008517,patchwork
2021-10-02,1964,1010481,patchwork
2021-10-03,2181,1012662,patchwork
2021-10-04,3863,1016525,patchwork
2021-10-05,4234,1020759,patchwork
2021-10-06,4213,1024972,patchwork
2021-10-07,4368,1029340,patchwork
2021-10-08,3526,1032866,patchwork
2021-10-09,1929,1034795,patchwork
2021-10-10,1988,1036783,patchwork
2021-10-11,3546,1040329,patchwork
2021-10-12,3761,1044090,patchwork
2021-10-13,3809,1047899,patchwork
2021-10-14,3787,1051686,patchwork
2021-10-15,3352,1055038,patchwork
2021-10-16,1965,1057003,patchwork
2021-10-17,2033,1059036,patchwork
2021-10-18,3965,1063001,patchwork
2021-10-19,4174,1067175,patchwork
2021-10-20,4336,1071511,patchwork
2021-10-21,4536,1076047,patchwork
2021-10-22,4070,1080117,patchwork
2021-10-23,2589,1082706,patchwork
2021-10-24,2503,1085209,patchwork
2021-10-25,4418,1089627,patchwork
2021-10-26,4627,1094254,patchwork
2021-10-27,4554,1098808,patchwork
2021-10-28,4527,1103335,patchwork
2021-10-29,4279,1107614,patchwork
2021-10-30,2397,1110011,patchwork
2021-10-31,2378,1112389,patchwork
2021-11-01,4112,1116501,patchwork
2021-11-02,4380,1120881,patchwork
2021-11-03,4434,1125315,patchwork
2021-11-04,4386,1129701,patchwork
2021-11-05,4038,1133739,patchwork
2021-11-06,2442,1136181,patchwork
2021-11-07,2519,1138700,patchwork
2021-11-08,4470,1143170,patchwork
2021-11-09,4434,1147604,patchwork
2021-11-10,4471,1152075,patchwork
2021-11-11,4077,1156152,patchwork
2021-11-12,3974,1160126,patchwork
2021-11-13,2585,1162711,patchwork
2021-11-14,2791,1165502,patchwork
2021-11-15,4482,1169984,patchwork
2021-11-16,4388,1174372,patchwork
2021-11-17,4638,1179010,patchwork
2021-11-18,4598,1183608,patchwork
2021-11-19,4130,1187738,patchwork
2021-11-20,2229,1189967,patchwork
2021-11-21,2146,1192113,patchwork
2021-11-22,4112,1196225,patchwork
2021-11-23,4097,1200322,patchwork
2021-11-24,3613,1203935,patchwork
2021-11-25,3426,1207361,patchwork
2021-11-26,2838,1210199,patchwork
2021-11-27,2194,1212393,patchwork
2021-11-28,2100,1214493,patchwork
2021-11-29,3855,1218348,patchwork
2021-11-30,4347,1222695,patchwork
2021-12-01,4308,1227003,patchwork
2021-12-02,3919,1230922,patchwork
2021-12-03,4292,1235214,patchwork
2021-12-04,2438,1237652,patchwork
2021-12-05,2354,1240006,patchwork
2021-12-06,4207,1244213,patchwork
2021-12-07,4212,1248425,patchwork
2021-12-08,4380,1252805,patchwork
2021-12-09,4357,1257162,patchwork
2021-12-10,3717,1260879,patchwork
2021-12-11,2198,1263077,patchwork
2021-12-12,2350,1265427,patchwork
2021-12-13,4018,1269445,patchwork
2021-12-14,4071,1273516,patchwork
2021-12-15,4041,1277557,patchwork
2021-12-16,3661,1281218,patchwork
2021-12-17,3476,1284694,patchwork
2021-12-18,2145,1286839,patchwork
2021-12-19,2001,1288840,patchwork
2021-12-20,3478,1292318,patchwork
2021-12-21,3441,1295759,patchwork
2021-12-22,3259,1299018,patchwork
2021-12-23,2602,1301620,patchwork
2021-12-24,1761,1303381,patchwork
2021-12-25,1328,1304709,patchwork
2021-12-26,1429,1306138,patchwork
2021-12-27,2107,1308245,patchwork
2021-12-28,2475,1310720,patchwork
2021-12-29,2373,1313093,patchwork
2021-12-30,2194,1315287,patchwork
2021-12-31,1625,1316912,patchwork
2022-01-01,1397,1318309,patchwork
2022-01-02,1600,1319909,patchwork
2022-01-03,3017,1322926,patchwork
2022-01-04,3581,1326507,patchwork
2022-01-05,3291,1329798,patchwork
2022-01-06,3207,1333005,patchwork
2022-01-07,2939,1335944,patchwork
2022-01-08,1657,1337601,patchwork
2022-01-09,1703,1339304,patchwork
2022-01-10,3445,1342749,patchwork
2022-01-11,3606,1346355,patchwork
2022-01-12,3700,1350055,patchwork
2022-01-13,4115,1354170,patchwork
2022-01-14,3430,1357600,patchwork
2022-01-15,1785,1359385,patchwork
2022-01-16,1898,1361283,patchwork
2022-01-17,3372,1364655,patchwork
2022-01-18,3767,1368422,patchwork
2022-01-19,3997,1372419,patchwork
2022-01-20,3982,1376401,patchwork
2022-01-21,3737,1380138,patchwork
2022-01-22,2049,1382187,patchwork
2022-01-23,1851,1384038,patchwork
2022-01-24,4257,1388295,patchwork
2022-01-25,4032,1392327,patchwork
2022-01-26,4275,1396602,patchwork
2022-01-27,3993,1400595,patchwork
2022-01-28,3680,1404275,patchwork
2022-01-29,1864,1406139,patchwork
2022-01-30,1854,1407993,patchwork
2022-01-31,3775,1411768,patchwork
2022-02-01,4066,1415834,patchwork
2022-02-02,4247,1420081,patchwork
2022-02-03,4107,1424188,patchwork
2022-02-04,3561,1427749,patchwork
2022-02-05,1679,1429428,patchwork
2022-02-06,1976,1431404,patchwork
2022-02-07,4081,1435485,patchwork
2022-02-08,4443,1439928,patchwork
2022-02-09,4537,1444465,patchwork
2022-02-10,4455,1448920,patchwork
2022-02-11,3997,1452917,patchwork
2022-02-12,2036,1454953,patchwork
2022-02-13,2088,1457041,patchwork
2022-02-14,4129,1461170,patchwork
2022-02-15,4415,1465585,patchwork
2022-02-16,4447,1470032,patchwork
2022-02-17,5004,1475036,patchwork
2022-02-18,4093,1479129,patchwork
2022-02-19,1888,1481017,patchwork
2022-02-20,1793,1482810,patchwork
2022-02-21,3923,1486733,patchwork
2022-02-22,4839,1491572,patchwork
2022-02-23,4662,1496234,patchwork
2022-02-24,4502,1500736,patchwork
2022-02-25,3830,1504566,patchwork
2022-02-26,2177,1506743,patchwork
2022-02-27,2201,1508944,patchwork
2022-02-28,4334,1513278,patchwork
2022-03-01,4836,1518114,patchwork
2022-03-02,4984,1523098,patchwork
2022-03-03,4410,1527508,patchwork
2022-03-04,4030,1531538,patchwork
2022-03-05,2103,1533641,patchwork
2022-03-06,2187,1535828,patchwork
2022-03-07,4452,1540280,patchwork
2022-03-08,4695,1544975,patchwork
2022-03-09,4841,1549816,patchwork
2022-03-10,4633,1554449,patchwork
2022-03-11,4030,1558479,patchwork
2022-03-12,2327,1560806,patchwork
2022-03-13,2345,1563151,patchwork
2022-03-14,4732,1567883,patchwork
2022-03-15,5023,1572906,patchwork
2022-03-16,5541,1578447,patchwork
2022-03-17,5265,1583712,patchwork
2022-03-18,4657,1588369,patchwork
2022-03-19,2304,1590673,patchwork
2022-03-20,2367,1593040,patchwork
2022-03-21,5006,1598046,patchwork
2022-03-22,4841,1602887,patchwork
2022-03-23,5247,1608134,patchwork
2022-03-24,5140,1613274,patchwork
2022-03-25,4569,1617843,patchwork
2022-03-26,2328,1620171,patchwork
2022-03-27,2373,1622544,patchwork
2022-03-28,4873,1627417,patchwork
2022-03-29,5296,1632713,patchwork
2022-03-30,5489,1638202,patchwork
2022-03-31,5563,1643765,patchwork
2022-04-01,4260,1648025,patchwork
2022-04-02,2160,1650185,patchwork
2022-04-03,2175,1652360,patchwork
2022-04-04,5014,1657374,patchwork
2022-04-05,5813,1663187,patchwork
2022-04-06,5432,1668619,patchwork
2022-04-07,5052,1673671,patchwork
2022-04-08,4576,1678247,patchwork
2022-04-09,2568,1680815,patchwork
2022-04-10,2446,1683261,patchwork
2022-04-11,5008,1688269,patchwork
2022-04-12,5370,1693639,patchwork
2022-04-13,5067,1698706,patchwork
2022-04-14,4834,1703540,patchwork
2022-04-15,3380,1706920,patchwork
2022-04-16,2315,1709235,patchwork
2022-04-17,2323,1711558,patchwork
2022-04-18,4103,1715661,patchwork
2022-04-19,4827,1720488,patchwork
2022-04-20,5611,1726099,patchwork
2022-04-21,5177,1731276,patchwork
2022-04-22,4619,1735895,patchwork
2022-04-23,2787,1738682,patchwork
2022-04-24,2920,1741602,patchwork
2022-04-25,5476,1747078,patchwork
2022-04-26,5847,1752925,patchwork
2022-04-27,5540,1758465,patchwork
2022-04-28,5728,1764193,patchwork
2022-04-29,4995,1769188,patchwork
2022-04-30,2464,1771652,patchwork
2022-05-01,2669,1774321,patchwork
2022-05-02,4856,1779177,patchwork
2022-05-03,5137,1784314,patchwork
2022-05-04,5229,1789543,patchwork
2022-05-05,5492,1795035,patchwork
2022-05-06,4692,1799727,patchwork
2022-05-07,2632,1802359,patchwork
2022-05-08,2561,1804920,patchwork
2022-05-09,5108,1810028,patchwork
2022-05-10,5849,1815877,patchwork
2022-05-11,5649,1821526,patchwork
2022-05-12,5519,1827045,patchwork
2022-05-13,5252,1832297,patchwork
2022-05-14,2476,1834773,patchwork
2022-05-15,2316,1837089,patchwork
2022-05-16,5183,1842272,patchwork
2022-05-17,5448,1847720,patchwork
2022-05-18,5367,1853087,patchwork
2022-05-19,5409,1858496,patchwork
2022-05-20,4561,1863057,patchwork
2022-05-21,2337,1865394,patchwork
2022-05-22,2328,1867722,patchwork
2022-05-23,4930,1872652,patchwork
2022-05-24,4986,1877638,patchwork
2022-05-25,4736,1882374,patchwork
2022-05-26,4834,1887208,patchwork
2022-05-27,4088,1891296,patchwork
2022-05-28,2440,1893736,patchwork
2022-05-29,2439,1896175,patchwork
2022-05-30,3787,1899962,patchwork
2022-05-31,4807,1904769,patchwork
2022-06-01,4617,1909386,patchwork
2022-06-02,4600,1913986,patchwork
2022-06-03,4106,1918092,patchwork
2022-06-04,2402,1920494,patchwork
2022-06-05,2399,1922893,patchwork
2022-06-06,4548,1927441,patchwork
2022-06-07,5483,1932924,patchwork
2022-06-08,5386,1938310,patchwork
2022-06-09,4998,1943308,patchwork
2022-06-10,4365,1947673,patchwork
2022-06-11,2474,1950147,patchwork
2022-06-12,2538,1952685,patchwork
2022-06-13,5047,1957732,patchwork
2022-06-14,5601,1963333,patchwork
2022-06-15,5235,1968568,patchwork
2022-06-16,4428,1972996,patchwork
2022-06-17,4129,1977125,patchwork
2022-06-18,2414,1979539,patchwork
2022-06-19,2495,1982034,patchwork
2022-06-20,4557,1986591,patchwork
2022-06-21,4684,1991275,patchwork
2022-06-22,4818,1996093,patchwork
2022-06-23,4372,2000465,patchwork
2022-06-24,3772,2004237,patchwork
2022-06-25,2152,2006389,patchwork
2022-06-26,2172,2008561,patchwork
2022-06-27,4263,2012824,patchwork
2022-06-28,4540,2017364,patchwork
2022-06-29,4470,2021834,patchwork
2022-06-30,4326,2026160,patchwork
2022-07-01,3703,2029863,patchwork
2022-07-02,2045,2031908,patchwork
2022-07-03,2107,2034015,patchwork
2022-07-04,3314,2037329,patchwork
2022-07-05,4628,2041957,patchwork
2022-07-06,4663,2046620,patchwork
2022-07-07,4216,2050836,patchwork
2022-07-08,3643,2054479,patchwork
2022-07-09,1897,2056376,patchwork
2022-07-10,1990,2058366,patchwork
2022-07-11,4600,2062966,patchwork
2022-07-12,6075,2069041,patchwork
2022-07-13,5051,2074092,patchwork
2022-07-14,5176,2079268,patchwork
2022-07-15,3927,2083195,patchwork
2022-07-16,2183,2085378,patchwork
2022-07-17,2082,2087460,patchwork
2022-07-18,4358,2091818,patchwork
2022-07-19,4778,2096596,patchwork
2022-07-20,4630,2101226,patchwork
2022-07-21,4973,2106199,patchwork
2022-07-22,4326,2110525,patchwork
2022-07-23,2178,2112703,patchwork
2022-07-24,2371,2115074,patchwork
2022-07-25,4693,2119767,patchwork
2022-07-26,4596,2124363,patchwork
2022-07-27,4824,2129187,patchwork
2022-07-28,4863,2134050,patchwork
2022-07-29,4153,2138203,patchwork
2022-07-30,2229,2140432,patchwork
2022-07-31,2419,2142851,patchwork
2022-08-01,4550,2147401,patchwork
2022-08-02,4907,2152308,patchwork
2022-08-03,4893,2157201,patchwork
2022-08-04,4162,2161363,patchwork
2022-08-05,3654,2165017,patchwork
2022-08-06,1978,2166995,patchwork
2022-08-07,2017,2169012,patchwork
2022-08-08,4330,2173342,patchwork
2022-08-09,4165,2177507,patchwork
2022-08-10,4067,2181574,patchwork
2022-08-11,3813,2185387,patchwork
2022-08-12,3611,2188998,patchwork
2022-08-13,1742,2190740,patchwork
2022-08-14,1916,2192656,patchwork
2022-08-15,3829,2196485,patchwork
2022-08-16,4377,2200862,patchwork
2022-08-17,4263,2205125,patchwork
2022-08-18,4273,2209398,patchwork
2022-08-19,6272,2215670,patchwork
2022-08-20,3761,2219431,patchwork
2022-08-21,3611,2223042,patchwork
2022-08-22,7163,2230205,patchwork
2022-08-23,7491,2237696,patchwork
2022-08-24,6846,2244542,patchwork
2022-08-25,6491,2251033,patchwork
2022-08-26,5298,2256331,patchwork
2022-08-27,2694,2259025,patchwork
2022-08-28,2836,2261861,patchwork
2022-08-29,5749,2267610,patchwork
2022-08-30,6496,2274106,patchwork
2022-08-31,6131,2280237,patchwork
2022-09-01,5722,2285959,patchwork
2022-09-02,4668,2290627,patchwork
2022-09-03,2773,2293400,patchwork
2022-09-04,2771,2296171,patchwork
2022-09-05,4906,2301077,patchwork
2022-09-06,5866,2306943,patchwork
2022-09-07,5958,2312901,patchwork
2022-09-08,5282,2318183,patchwork
2022-09-09,4517,2322700,patchwork
2022-09-10,2660,2325360,patchwork
2022-09-11,2780,2328140,patchwork
2022-09-12,5322,2333462,patchwork
2022-09-13,6283,2339745,patchwork
2022-09-14,6187,2345932,patchwork
2022-09-15,5547,2351479,patchwork
2022-09-16,5108,2356587,patchwork
2022-09-17,2669,2359256,patchwork
2022-09-18,2823,2362079,patchwork
2022-09-19,5546,2367625,patchwork
2022-09-20,6084,2373709,patchwork
2022-09-21,5913,2379622,patchwork
2022-09-22,5623,2385245,patchwork
2022-09-23,4776,2390021,patchwork
2022-09-24,2565,2392586,patchwork
2022-09-25,2864,2395450,patchwork
2022-09-26,5742,2401192,patchwork
2022-09-27,5987,2407179,patchwork
2022-09-28,5606,2412785,patchwork
2022-09-29,5529,2418314,patchwork
2022-09-30,4829,2423143,patchwork
2022-10-01,2644,2425787,patchwork
2022-10-02,2441,2428228,patchwork
2022-10-03,5159,2433387,patchwork
2022-10-04,6007,2439394,patchwork
2022-10-05,5944,2445338,patchwork
2022-10-06,5959,2451297,patchwork
2022-10-07,5042,2456339,patchwork
2022-10-08,2958,2459297,patchwork
2022-10-09,3066,2462363,patchwork
2022-10-10,5583,2467946,patchwork
2022-10-11,6094,2474040,patchwork
2022-10-12,6083,2480123,patchwork
2022-10-13,5838,2485961,patchwork
2022-10-14,5305,2491266,patchwork
2022-10-15,2757,2494023,patchwork
2022-10-16,2985,2497008,patchwork
2022-10-17,6157,2503165,patchwork
2022-10-18,6201,2509366,patchwork
2022-10-19,5915,2515281,patchwork
2022-10-20,5490,2520771,patchwork
2022-10-21,5049,2525820,patchwork
2022-10-22,2628,2528448,patchwork
2022-10-23,2807,2531255,patchwork
2022-10-24,5841,2537096,patchwork
2022-10-25,5806,2542902,patchwork
2022-10-26,5932,2548834,patchwork
2022-10-27,5788,2554622,patchwork
2022-10-28,5057,2559679,patchwork
2022-10-29,2788,2562467,patchwork
2022-10-30,2731,2565198,patchwork
2022-10-31,5389,2570587,patchwork
2022-11-01,5652,2576239,patchwork
2022-11-02,6435,2582674,patchwork
2022-11-03,5937,2588611,patchwork
2022-11-04,5164,2593775,patchwork
2022-11-05,2857,2596632,patchwork
2022-11-06,3137,2599769,patchwork
2022-11-07,6030,2605799,patchwork
2022-11-08,6189,2611988,patchwork
2022-11-09,6328,2618316,patchwork
2022-11-10,6193,2624509,patchwork
2022-11-11,5231,2629740,patchwork
2022-11-12,3026,2632766,patchwork
2022-11-13,2961,2635727,patchwork
2022-11-14,6006,2641733,patchwork
2022-11-15,6330,2648063,patchwork
2022-11-16,6095,2654158,patchwork
2022-11-17,5800,2659958,patchwork
2022-11-18,5332,2665290,patchwork
2022-11-19,2829,2668119,patchwork
2022-11-20,5814,2673933,patchwork
2022-11-21,5574,2679507,patchwork
2022-11-22,5581,2685088,patchwork
2022-11-23,5123,2690211,patchwork
2022-11-24,4400,2694611,patchwork
2022-11-25,4120,2698731,patchwork
2022-11-26,2572,2701303,patchwork
2022-11-27,2868,2704171,patchwork
2022-11-28,5852,2710023,patchwork
2022-11-29,5841,2715864,patchwork
2022-11-30,6020,2721884,patchwork
2022-12-01,5705,2727589,patchwork
2022-12-02,5130,2732719,patchwork
2022-12-03,3179,2735898,patchwork
2022-12-04,3148,2739046,patchwork
2022-12-05,5735,2744781,patchwork
2022-12-06,5937,2750718,patchwork
2022-12-07,5646,2756364,patchwork
2022-12-08,5260,2761624,patchwork
2022-12-09,5120,2766744,patchwork
2022-12-10,2768,2769512,patchwork
2022-12-11,2854,2772366,patchwork
2022-12-12,4992,2777358,patchwork
2022-12-13,5104,2782462,patchwork
2022-12-14,4899,2787361,patchwork
2022-12-15,4732,2792093,patchwork
2022-12-16,4247,2796340,patchwork
2022-12-17,2157,2798497,patchwork
2022-12-18,2189,2800686,patchwork
2022-12-19,4204,2804890,patchwork
2022-12-20,4182,2809072,patchwork
2022-12-21,3965,2813037,patchwork
2022-12-22,3833,2816870,patchwork
2022-12-23,2917,2819787,patchwork
2022-12-24,1738,2821525,patchwork
2022-12-25,1566,2823091,patchwork
2022-12-26,2170,2825261,patchwork
2022-12-27,2860,2828121,patchwork
2022-12-28,2885,2831006,patchwork
2022-12-29,2835,2833841,patchwork
2022-12-30,2632,2836473,patchwork
2022-12-31,1853,2838326,patchwork
2023-01-01,1965,2840291,patchwork
2023-01-02,2952,2843243,patchwork
2023-01-03,3935,2847178,patchwork
2023-01-04,4326,2851504,patchwork
2023-01-05,4456,2855960,patchwork
2023-01-06,4267,2860227,patchwork
2023-01-07,2452,2862679,patchwork
2023-01-08,2740,2865419,patchwork
2023-01-09,4416,2869835,patchwork
2023-01-10,5047,2874882,patchwork
2023-01-11,4870,2879752,patchwork
2023-01-12,4835,2884587,patchwork
2023-01-13,4086,2888673,patchwork
2023-01-14,2001,2890674,patchwork
2023-01-15,2156,2892830,patchwork
2023-01-16,3968,2896798,patchwork
2023-01-17,4796,2901594,patchwork
2023-01-18,4832,2906426,patchwork
2023-01-19,4766,2911192,patchwork
2023-01-20,4086,2915278,patchwork
2023-01-21,1729,2917007,patchwork
2023-01-22,2039,2919046,patchwork
2023-01-23,4255,2923301,patchwork
2023-01-24,4781,2928082,patchwork
2023-01-25,4549,2932631,patchwork
2023-01-26,4734,2937365,patchwork
2023-01-27,4646,2942011,patchwork
2023-01-28,2234,2944245,patchwork
2023-01-29,2286,2946531,patchwork
2023-01-30,4556,2951087,patchwork
2023-01-31,5078,2956165,patchwork
2023-02-01,5568,2961733,patchwork
2023-02-02,5162,2966895,patchwork
2023-02-03,4734,2971629,patchwork
2023-02-04,2495,2974124,patchwork
2023-02-05,2340,2976464,patchwork
2023-02-06,5072,2981536,patchwork
2023-02-07,5933,2987469,patchwork
2023-02-08,5883,2993352,patchwork
2023-02-09,5756,2999108,patchwork
2023-02-10,4533,3003641,patchwork
2023-02-11,2354,3005995,patchwork
2023-02-12,2566,3008561,patchwork
2023-02-13,5208,3013769,patchwork
2023-02-14,5337,3019106,patchwork
2023-02-15,5386,3024492,patchwork
2023-02-16,5185,3029677,patchwork
2023-02-17,4831,3034508,patchwork
2023-02-18,2452,3036960,patchwork
2023-02-19,2560,3039520,patchwork
2023-02-20,4696,3044216,patchwork
2023-02-21,5362,3049578,patchwork
2023-02-22,5499,3055077,patchwork
2023-02-23,5212,3060289,patchwork
2023-02-24,4591,3064880,patchwork
2023-02-25,2418,3067298,patchwork
2023-02-26,2613,3069911,patchwork
2023-02-27,5310,3075221,patchwork
2023-02-28,5346,3080567,patchwork
2023-03-01,5341,3085908,patchwork
2023-03-02,5282,3091190,patchwork
2023-03-03,4582,3095772,patchwork
2023-03-04,2545,3098317,patchwork
2023-03-05,2525,3100842,patchwork
2023-03-06,5740,3106582,patchwork
2023-03-07,5828,3112410,patchwork
2023-03-08,5292,3117702,patchwork
2023-03-09,5131,3122833,patchwork
2023-03-10,4839,3127672,patchwork
2023-03-11,2527,3130199,patchwork
2023-03-12,2697,3132896,patchwork
2023-03-13,5456,3138352,patchwork
2023-03-14,5804,3144156,patchwork
2023-03-15,5618,3149774,patchwork
2023-03-16,5601,3155375,patchwork
2023-03-17,4753,3160128,patchwork
2023-03-18,2687,3162815,patchwork
2023-03-19,2821,3165636,patchwork
2023-03-20,5621,3171257,patchwork
2023-03-21,5869,3177126,patchwork
2023-03-22,5915,3183041,patchwork
2023-03-23,5884,3188925,patchwork
2023-03-24,5113,3194038,patchwork
2023-03-25,2575,3196613,patchwork
2023-03-26,2703,3199316,patchwork
2023-03-27,5637,3204953,patchwork
2023-03-28,5647,3210600,patchwork
2023-03-29,5349,3215949,patchwork
2023-03-30,5967,3221916,patchwork
2023-03-31,5063,3226979,patchwork
2023-04-01,2845,3229824,patchwork
2023-04-02,2989,3232813,patchwork
2023-04-03,5569,3238382,patchwork
2023-04-04,5419,3243801,patchwork
2023-04-05,5196,3248997,patchwork
2023-04-06,5155,3254152,patchwork
2023-04-07,3935,3258087,patchwork
2023-04-08,2455,3260542,patchwork
2023-04-09,2430,3262972,patchwork
2023-04-10,4531,3267503,patchwork
2023-04-11,5894,3273397,patchwork
2023-04-12,6311,3279708,patchwork
2023-04-13,5433,3285141,patchwork
2023-04-14,4651,3289792,patchwork
2023-04-15,2960,3292752,patchwork
2023-04-16,2704,3295456,patchwork
2023-04-17,5126,3300582,patchwork
2023-04-18,5802,3306384,patchwork
2023-04-19,5466,3311850,patchwork
2023-04-20,5636,3317486,patchwork
2023-04-21,4758,3322244,patchwork
2023-04-22,3324,3325568,patchwork
2023-04-23,3252,3328820,patchwork
2023-04-24,6255,3335075,patchwork
2023-04-25,6318,3341393,patchwork
2023-04-26,6525,3347918,patchwork
2023-04-27,6791,3354709,patchwork
2023-04-28,5072,3359781,patchwork
2023-04-29,2669,3362450,patchwork
2023-04-30,2761,3365211,patchwork
2023-05-01,4149,3369360,patchwork
2023-05-02,5485,3374845,patchwork
2023-05-03,5461,3380306,patchwork
2023-05-04,5907,3386213,patchwork
2023-05-05,4914,3391127,patchwork
2023-05-06,2885,3394012,patchwork
2023-05-07,2653,3396665,patchwork
2023-05-08,5473,3402138,patchwork
2023-05-09,5556,3407694,patchwork
2023-05-10,5307,3413001,patchwork
2023-05-11,5521,3418522,patchwork
2023-05-12,4866,3423388,patchwork
2023-05-13,2561,3425949,patchwork
2023-05-14,2401,3428350,patchwork
2023-05-15,5815,3434165,patchwork
2023-05-16,6228,3440393,patchwork
2023-05-17,5642,3446035,patchwork
2023-05-18,5009,3451044,patchwork
2023-05-19,4541,3455585,patchwork
2023-05-20,2272,3457857,patchwork
2023-05-21,2385,3460242,patchwork
2023-05-22,5300,3465542,patchwork
2023-05-23,5621,3471163,patchwork
2023-05-24,5339,3476502,patchwork
2023-05-25,4899,3481401,patchwork
2023-05-26,4021,3485422,patchwork
2023-05-27,2324,3487746,patchwork
2023-05-28,2228,3489974,patchwork
2023-05-29,3570,3493544,patchwork
2023-05-30,4985,3498529,patchwork
2023-05-31,5373,3503902,patchwork
2023-06-01,5201,3509103,patchwork
2023-06-02,4839,3513942,patchwork
2023-06-03,2454,3516396,patchwork
2023-06-04,2341,3518737,patchwork
2023-06-05,5169,3523906,patchwork
2023-06-06,5017,3528923,patchwork
2023-06-07,4929,3533852,patchwork
2023-06-08,4794,3538646,patchwork
2023-06-09,4520,3543166,patchwork
2023-06-10,2224,3545390,patchwork
2023-06-11,2634,3548024,patchwork
2023-06-12,4867,3552891,patchwork
2023-06-13,5277,3558168,patchwork
2023-06-14,5016,3563184,patchwork
2023-06-15,4922,3568106,patchwork
2023-06-16,4394,3572500,patchwork
2023-06-17,2141,3574641,patchwork
2023-06-18,2390,3577031,patchwork
2023-06-19,4520,3581551,patchwork
2023-06-20,4991,3586542,patchwork
2023-06-21,4901,3591443,patchwork
2023-06-22,4819,3596262,patchwork
2023-06-23,3846,3600108,patchwork
2023-06-24,2171,3602279,patchwork
2023-06-25,2309,3604588,patchwork
2023-06-26,4813,3609401,patchwork
2023-06-27,5001,3614402,patchwork
2023-06-28,4700,3619102,patchwork
2023-06-29,4557,3623659,patchwork
2023-06-30,4352,3628011,patchwork
2023-07-01,2236,3630247,patchwork
2023-07-02,2015,3632262,patchwork
2023-07-03,4018,3636280,patchwork
2023-07-04,3709,3639989,patchwork
2023-07-05,4551,3644540,patchwork
2023-07-06,4868,3649408,patchwork
2023-07-07,4132,3653540,patchwork
2023-07-08,2038,3655578,patchwork
2023-07-09,1967,3657545,patchwork
2023-07-10,4888,3662433,patchwork
2023-07-11,4938,3667371,patchwork
2023-07-12,4467,3671838,patchwork
2023-07-13,4525,3676363,patchwork
2023-07-14,4046,3680409,patchwork
2023-07-15,2174,3682583,patchwork
2023-07-16,2003,3684586,patchwork
2023-07-17,4424,3689010,patchwork
2023-07-18,4871,3693881,patchwork
2023-07-19,4645,3698526,patchwork
2023-07-20,4402,3702928,patchwork
2023-07-21,3994,3706922,patchwork
2023-07-22,2108,3709030,patchwork
2023-07-23,2068,3711098,patchwork
2023-07-24,4587,3715685,patchwork
2023-07-25,5003,3720688,patchwork
2023-07-26,4704,3725392,patchwork
2023-07-27,4271,3729663,patchwork
2023-07-28,3772,3733435,patchwork
2023-07-29,2071,3735506,patchwork
2023-07-30,2152,3737658,patchwork
2023-07-31,4343,3742001,patchwork
2023-08-01,4208,3746209,patchwork
2023-08-02,4287,3750496,patchwork
2023-08-03,4300,3754796,patchwork
2023-08-04,3833,3758629,patchwork
2023-08-05,2128,3760757,patchwork
2023-08-06,2203,3762960,patchwork
2023-08-07,4223,3767183,patchwork
2023-08-08,4308,3771491,patchwork
2023-08-09,4289,3775780,patchwork
2023-08-10,3987,3779767,patchwork
2023-08-11,3391,3783158,patchwork
2023-08-12,1678,3784836,patchwork
2023-08-13,1828,3786664,patchwork
2023-08-14,6189,3792853,patchwork
2023-08-15,7402,3800255,patchwork
2023-08-16,6909,3807164,patchwork
2023-08-17,6260,3813424,patchwork
2023-08-18,5480,3818904,patchwork
2023-08-19,2604,3821508,patchwork
2023-08-20,2660,3824168,patchwork
2023-08-21,5928,3830096,patchwork
2023-08-22,6188,3836284,patchwork
2023-08-23,6042,3842326,patchwork
2023-08-24,5688,3848014,patchwork
2023-08-25,4925,3852939,patchwork
2023-08-26,2464,3855403,patchwork
2023-08-27,2559,3857962,patchwork
2023-08-28,5734,3863696,patchwork
2023-08-29,5822,3869518,patchwork
2023-08-30,6014,3875532,patchwork
2023-08-31,5771,3881303,patchwork
2023-09-01,4562,3885865,patchwork
2023-09-02,2610,3888475,patchwork
2023-09-03,2440,3890915,patchwork
2023-09-04,4688,3895603,patchwork
2023-09-05,6242,3901845,patchwork
2023-09-06,6220,3908065,patchwork
2023-09-07,6088,3914153,patchwork
2023-09-08,5218,3919371,patchwork
2023-09-09,2555,3921926,patchwork
2023-09-10,2857,3924783,patchwork
2023-09-11,5826,3930609,patchwork
2023-09-12,6119,3936728,patchwork
2023-09-13,5937,3942665,patchwork
2023-09-14,5682,3948347,patchwork
2023-09-15,5381,3953728,patchwork
2023-09-16,2746,3956474,patchwork
2023-09-17,3150,3959624,patchwork
2023-09-18,5968,3965592,patchwork
2023-09-19,6070,3971662,patchwork
2023-09-20,5969,3977631,patchwork
2023-09-21,6166,3983797,patchwork
2023-09-22,5526,3989323,patchwork
2023-09-23,3172,3992495,patchwork
2023-09-24,3236,3995731,patchwork
2023-09-25,6553,4002284,patchwork
2023-09-26,6726,4009010,patchwork
2023-09-27,6562,4015572,patchwork
2023-09-28,6886,4022458,patchwork
2023-09-29,5863,4028321,patchwork
2023-09-30,2692,4031013,patchwork
2023-10-01,3118,4034131,patchwork
2023-10-02,6224,4040355,patchwork
2023-10-03,6385,4046740,patchwork
2023-10-04,6461,4053201,patchwork
2023-10-05,6812,4060013,patchwork
2023-10-06,5546,4065559,patchwork
2023-10-07,3160,4068719,patchwork
2023-10-08,3379,4072098,patchwork
2023-10-09,5985,4078083,patchwork
2023-10-10,6674,4084757,patchwork
2023-10-11,6424,4091181,patchwork
2023-10-12,6635,4097816,patchwork
2023-10-13,5503,4103319,patchwork
2023-10-14,2934,4106253,patchwork
2023-10-15,3097,4109350,patchwork
2023-10-16,6956,4116306,patchwork
2023-10-17,7268,4123574,patchwork
2023-10-18,6854,4130428,patchwork
2023-10-19,6077,4136505,patchwork
2023-10-20,5348,4141853,patchwork
2023-10-21,3195,4145048,patchwork
2023-10-22,3037,4148085,patchwork
2023-10-23,6452,4154537,patchwork
2023-10-24,6636,4161173,patchwork
2023-10-25,6361,4167534,patchwork
2023-10-26,6553,4174087,patchwork
2023-10-27,5057,4179144,patchwork
2023-10-28,2642,4181786,patchwork
2023-10-29,2953,4184739,patchwork
2023-10-30,6331,4191070,patchwork
2023-10-31,6719,4197789,patchwork
2023-11-01,5505,4203294,patchwork
2023-11-02,6845,4210139,patchwork
2023-11-03,5809,4215948,patchwork
2023-11-04,2691,4218639,patchwork
2023-11-05,2829,4221468,patchwork
2023-11-06,5664,4227132,patchwork
2023-11-07,6210,4233342,patchwork
2023-11-08,5958,4239300,patchwork
2023-11-09,6145,4245445,patchwork
2023-11-10,5016,4250461,patchwork
2023-11-11,2640,4253101,patchwork
2023-11-12,2698,4255799,patchwork
2023-11-13,5431,4261230,patchwork
2023-11-14,6352,4267582,patchwork
2023-11-15,6113,4273695,patchwork
2023-11-16,5819,4279514,patchwork
2023-11-17,5161,4284675,patchwork
2023-11-18,2492,4287167,patchwork
2023-11-19,2668,4289835,patchwork
2023-11-20,5912,4295747,patchwork
2023-11-21,5841,4301588,patchwork
2023-11-22,7044,4308632,patchwork
2023-11-23,6877,4315509,patchwork
2023-11-24,5993,4321502,patchwork
2023-11-25,3413,4324915,patchwork
2023-11-26,4193,4329108,patchwork
2023-11-27,8244,4337352,patchwork
2023-11-28,8647,4345999,patchwork
2023-11-29,8038,4354037,patchwork
2023-11-30,8231,4362268,patchwork
2023-12-01,6827,4369095,patchwork
2023-12-02,3794,4372889,patchwork
2023-12-03,4004,4376893,patchwork
2023-12-04,8076,4384969,patchwork
2023-12-05,8146,4393115,patchwork
2023-12-06,7848,4400963,patchwork
2023-12-07,7590,4408553,patchwork
2023-12-08,6244,4414797,patchwork
2023-12-09,3808,4418605,patchwork
2023-12-10,3614,4422219,patchwork
2023-12-11,6994,4429213,patchwork
2023-12-12,6991,4436204,patchwork
2023-12-13,6872,4443076,patchwork
2023-12-14,6289,4449365,patchwork
2023-12-15,5259,4454624,patchwork
2023-12-16,2727,4457351,patchwork
2023-12-17,2868,4460219,patchwork
2023-12-18,5509,4465728,patchwork
2023-12-19,5791,4471519,patchwork
2023-12-20,5497,4477016,patchwork
2023-12-21,5189,4482205,patchwork
2023-12-22,3663,4485868,patchwork
2023-12-23,2160,4488028,patchwork
2023-12-24,2031,4490059,patchwork
2023-12-25,2296,4492355,patchwork
2023-12-26,2969,4495324,patchwork
2023-12-27,3397,4498721,patchwork
2023-12-28,3382,4502103,patchwork
2023-12-29,2777,4504880,patchwork
2023-12-30,2016,4506896,patchwork
2023-12-31,1650,4508546,patchwork
2024-01-01,1791,4510337,patchwork
2024-01-02,4050,4514387,patchwork
2024-01-03,4673,4519060,patchwork
2024-01-04,4831,4523891,patchwork
2024-01-05,4743,4528634,patchwork
2024-01-06,2579,4531213,patchwork
2024-01-07,2707,4533920,patchwork
2024-01-08,8308,4542228,patchwork
2024-01-09,11532,4553760,patchwork
2024-01-10,10035,4563795,patchwork
2024-01-11,9421,4573216,patchwork
2024-01-12,8420,4581636,patchwork
2024-01-13,4094,4585730,patchwork
2024-01-14,4381,4590111,patchwork
2024-01-15,8024,4598135,patchwork
2024-01-16,9083,4607218,patchwork
2024-01-17,9204,4616422,patchwork
2024-01-18,8643,4625065,patchwork
2024-01-19,7722,4632787,patchwork
2024-01-20,3745,4636532,patchwork
2024-01-21,4493,4641025,patchwork
2024-01-22,8529,4649554,patchwork
2024-01-23,9044,4658598,patchwork
2024-01-24,8818,4667416,patchwork
2024-01-25,8516,4675932,patchwork
2024-01-26,7055,4682987,patchwork
2024-01-27,3603,4686590,patchwork
2024-01-28,3801,4690391,patchwork
2024-01-29,8240,4698631,patchwork
2024-01-30,8237,4706868,patchwork
2024-01-31,8397,4715265,patchwork
2024-02-01,7917,4723182,patchwork
2024-02-02,6831,4730013,patchwork
2024-02-03,3486,4733499,patchwork
2024-02-04,3981,4737480,patchwork
2024-02-05,8186,4745666,patchwork
2024-02-06,8077,4753743,patchwork
2024-02-07,7681,4761424,patchwork
2024-02-08,7696,4769120,patchwork
2024-02-09,6016,4775136,patchwork
2024-02-10,2994,4778130,patchwork
2024-02-11,3042,4781172,patchwork
2024-02-12,6582,4787754,patchwork
2024-02-13,7204,4794958,patchwork
2024-02-14,6836,4801794,patchwork
2024-02-15,6993,4808787,patchwork
2024-02-16,6278,4815065,patchwork
2024-02-17,3469,4818534,patchwork
2024-02-18,3402,4821936,patchwork
2024-02-19,6897,4828833,patchwork
2024-02-20,7783,4836616,patchwork
2024-02-21,8095,4844711,patchwork
2024-02-22,8313,4853024,patchwork
2024-02-23,6645,4859669,patchwork
2024-02-24,3134,4862803,patchwork
2024-02-25,3616,4866419,patchwork
2024-02-26,8363,4874782,patchwork
2024-02-27,8306,4883088,patchwork
2024-02-28,8358,4891446,patchwork
2024-02-29,8257,4899703,patchwork
2024-03-01,6953,4906656,patchwork
2024-03-02,3635,4910291,patchwork
2024-03-03,4046,4914337,patchwork
2024-03-04,8238,4922575,patchwork
2024-03-05,8830,4931405,patchwork
2024-03-06,8552,4939957,patchwork
2024-03-07,7869,4947826,patchwork
2024-03-08,6617,4954443,patchwork
2024-03-09,3198,4957641,patchwork
2024-03-10,3583,4961224,patchwork
2024-03-11,7604,4968828,patchwork
2024-03-12,8386,4977214,patchwork
2024-03-13,8093,4985307,patchwork
2024-03-14,7838,4993145,patchwork
2024-03-15,6743,4999888,patchwork
2024-03-16,3075,5002963,patchwork
2024-03-17,3468,5006431,patchwork
2024-03-18,7902,5014333,patchwork
2024-03-19,9024,5023357,patchwork
2024-03-20,8118,5031475,patchwork
2024-03-21,8516,5039991,patchwork
2024-03-22,6944,5046935,patchwork
2024-03-23,3511,5050446,patchwork
2024-03-24,3904,5054350,patchwork
2024-03-25,8032,5062382,patchwork
2024-03-26,8524,5070906,patchwork
2024-03-27,7669,5078575,patchwork
2024-03-28,7220,5085795,patchwork
2024-03-29,5081,5090876,patchwork
2024-03-30,3263,5094139,patchwork
2024-03-31,3415,5097554,patchwork
2024-04-01,5761,5103315,patchwork
2024-04-02,8313,5111628,patchwork
2024-04-03,8096,5119724,patchwork
2024-04-04,7074,5126798,patchwork
2024-04-05,6594,5133392,patchwork
2024-04-06,3547,5136939,patchwork
2024-04-07,4096,5141035,patchwork
2024-04-08,7512,5148547,patchwork
2024-04-09,8000,5156547,patchwork
2024-04-10,8018,5164565,patchwork
2024-04-11,7920,5172485,patchwork
2024-04-12,6607,5179092,patchwork
2024-04-13,3396,5182488,patchwork
2024-04-14,3528,5186016,patchwork
2024-04-15,7598,5193614,patchwork
2024-04-16,8129,5201743,patchwork
2024-04-17,7656,5209399,patchwork
2024-04-18,7656,5217055,patchwork
2024-04-19,6389,5223444,patchwork
2024-04-20,3773,5227217,patchwork
2024-04-21,3612,5230829,patchwork
2024-04-22,7895,5238724,patchwork
2024-04-23,8171,5246895,patchwork
2024-04-24,7602,5254497,patchwork
2024-04-25,8222,5262719,patchwork
2024-04-26,7577,5270296,patchwork
2024-04-27,3690,5273986,patchwork
2024-04-28,4071,5278057,patchwork
2024-04-29,7747,5285804,patchwork
2024-04-30,8055,5293859,patchwork
2024-05-01,8252,5302111,patchwork
2024-05-02,9200,5311311,patchwork
2024-05-03,7165,5318476,patchwork
2024-05-04,4008,5322484,patchwork
2024-05-05,3862,5326346,patchwork
2024-05-06,8130,5334476,patchwork
2024-05-07,8884,5343360,patchwork
2024-05-08,8250,5351610,patchwork
2024-05-09,7126,5358736,patchwork
2024-05-10,6411,5365147,patchwork
2024-05-11,3271,5368418,patchwork
2024-05-12,3081,5371499,patchwork
2024-05-13,7839,5379338,patchwork
2024-05-14,7882,5387220,patchwork
2024-05-15,7898,5395118,patchwork
2024-05-16,7653,5402771,patchwork
2024-05-17,6891,5409662,patchwork
2024-05-18,3424,5413086,patchwork
2024-05-19,3433,5416519,patchwork
2024-05-20,6607,5423126,patchwork
2024-05-21,7904,5431030,patchwork
2024-05-22,8286,5439316,patchwork
2024-05-23,7716,5447032,patchwork
2024-05-24,6548,5453580,patchwork
2024-05-25,3461,5457041,patchwork
2024-05-26,3585,5460626,patchwork
2024-05-27,6761,5467387,patchwork
2024-05-28,7770,5475157,patchwork
2024-05-29,7613,5482770,patchwork
2024-05-30,7056,5489826,patchwork
2024-05-31,6726,5496552,patchwork
2024-06-01,3401,5499953,patchwork
2024-06-02,3524,5503477,patchwork
2024-06-03,8019,5511496,patchwork
2024-06-04,8061,5519557,patchwork
2024-06-05,7480,5527037,patchwork
2024-06-06,6879,5533916,patchwork
2024-06-07,6268,5540184,patchwork
2024-06-08,3002,5543186,patchwork
2024-06-09,3214,5546400,patchwork
2024-06-10,6588,5552988,patchwork
2024-06-11,7516,5560504,patchwork
2024-06-12,7404,5567908,patchwork
2024-06-13,7132,5575040,patchwork
2024-06-14,5971,5581011,patchwork
2024-06-15,3108,5584119,patchwork
2024-06-16,2870,5586989,patchwork
2024-06-17,6958,5593947,patchwork
2024-06-18,7185,5601132,patchwork
2024-06-19,6960,5608092,patchwork
2024-06-20,6970,5615062,patchwork
2024-06-21,6062,5621124,patchwork
2024-06-22,3014,5624138,patchwork
2024-06-23,3271,5627409,patchwork
2024-06-24,7181,5634590,patchwork
2024-06-25,6889,5641479,patchwork
2024-06-26,6784,5648263,patchwork
2024-06-27,6490,5654753,patchwork
2024-06-28,5726,5660479,patchwork
2024-06-29,2709,5663188,patchwork
2024-06-30,3175,5666363,patchwork
2024-07-01,6733,5673096,patchwork
2024-07-02,6720,5679816,patchwork
2024-07-03,6949,5686765,patchwork
2024-07-04,6160,5692925,patchwork
2024-07-05,5347,5698272,patchwork
2024-07-06,3083,5701355,patchwork
2024-07-07,3240,5704595,patchwork
2024-07-08,7057,5711652,patchwork
2024-07-09,7592,5719244,patchwork
2024-07-10,6797,5726041,patchwork
2024-07-11,7028,5733069,patchwork
2024-07-12,5894,5738963,patchwork
2024-07-13,2978,5741941,patchwork
2024-07-14,3192,5745133,patchwork
2024-07-15,6691,5751824,patchwork
2024-07-16,7063,5758887,patchwork
2024-07-17,6973,5765860,patchwork
2024-07-18,6779,5772639,patchwork
2024-07-19,5522,5778161,patchwork
2024-07-20,3158,5781319,patchwork
2024-07-21,3474,5784793,patchwork
2024-07-22,7278,5792071,patchwork
2024-07-23,6704,5798775,patchwork
2024-07-24,6758,5805533,patchwork
2024-07-25,7241,5812774,patchwork
2024-07-26,5721,5818495,patchwork
2024-07-27,3231,5821726,patchwork
2024-07-28,3011,5824737,patchwork
2024-07-29,6692,5831429,patchwork
2024-07-30,6796,5838225,patchwork
2024-07-31,6318,5844543,patchwork
2024-08-01,7001,5851544,patchwork
2024-08-02,5876,5857420,patchwork
2024-08-03,3521,5860941,patchwork
2024-08-04,3499,5864440,patchwork
2024-08-05,6470,5870910,patchwork
2024-08-06,7107,5878017,patchwork
2024-08-07,6615,5884632,patchwork
2024-08-08,6457,5891089,patchwork
2024-08-09,5377,5896466,patchwork
2024-08-10,3040,5899506,patchwork
2024-08-11,2898,5902404,patchwork
2024-08-12,6425,5908829,patchwork
2024-08-13,9726,5918555,patchwork
2024-08-14,6471,5925026,patchwork
2024-08-15,5648,5930674,patchwork
2024-08-16,5200,5935874,patchwork
2024-08-17,2721,5938595,patchwork
2024-08-18,2711,5941306,patchwork
2024-08-19,6898,5948204,patchwork
2024-08-20,7352,5955556,patchwork
2024-08-21,6853,5962409,patchwork
2024-08-22,6823,5969232,patchwork
2024-08-23,6208,5975440,patchwork
2024-08-24,2885,5978325,patchwork
2024-08-25,2978,5981303,patchwork
2024-08-26,6498,5987801,patchwork
2024-08-27,6903,5994704,patchwork
2024-08-28,7019,6001723,patchwork
2024-08-29,7809,6009532,patchwork
2024-08-30,6478,6016010,patchwork
2024-08-31,4665,6020675,patchwork
2024-09-01,3651,6024326,patchwork
2024-09-02,7243,6031569,patchwork
2024-09-03,9489,6041058,patchwork
2024-09-04,8362,6049420,patchwork
2024-09-05,8211,6057631,patchwork
2024-09-06,6926,6064557,patchwork
2024-09-07,3110,6067667,patchwork
2024-09-08,3550,6071217,patchwork
2024-09-09,7992,6079209,patchwork
2024-09-10,9321,6088530,patchwork
2024-09-11,8601,6097131,patchwork
2024-09-12,8553,6105684,patchwork
2024-09-13,6835,6112519,patchwork
2024-09-14,3236,6115755,patchwork
2024-09-15,3162,6118917,patchwork
2024-09-16,10397,6129314,patchwork
2024-09-17,12399,6141713,patchwork
2024-09-18,12410,6154123,patchwork
2024-09-19,11904,6166027,patchwork
2024-09-20,10268,6176295,patchwork
2024-09-21,4910,6181205,patchwork
2024-09-22,4935,6186140,patchwork
2024-09-23,10468,6196608,patchwork
2024-09-24,11012,6207620,patchwork
2024-09-25,10838,6218458,patchwork
2024-09-26,10058,6228516,patchwork
2024-09-27,8552,6237068,patchwork
2024-09-28,4286,6241354,patchwork
2024-09-29,4629,6245983,patchwork
2024-09-30,9900,6255883,patchwork
2024-10-01,9664,6265547,patchwork
2024-10-02,9769,6275316,patchwork
2024-10-03,9389,6284705,patchwork
2024-10-04,8050,6292755,patchwork
2024-10-05,5839,6298594,patchwork
2024-10-06,6107,6304701,patchwork
2024-10-07,11369,6316070,patchwork
2024-10-08,12040,6328110,patchwork
2024-10-09,11600,6339710,patchwork
2024-10-10,11389,6351099,patchwork
2024-10-11,10345,6361444,patchwork
2024-10-12,5836,6367280,patchwork
2024-10-13,5685,6372965,patchwork
2024-10-14,11097,6384062,patchwork
2024-10-15,12010,6396072,patchwork
2024-10-16,11946,6408018,patchwork
2024-10-17,11410,6419428,patchwork
2024-10-18,10435,6429863,patchwork
2024-10-19,5654,6435517,patchwork
2024-10-20,6243,6441760,patchwork
2024-10-21,11494,6453254,patchwork
2024-10-22,12239,6465493,patchwork
2024-10-23,12309,6477802,patchwork
2024-10-24,11775,6489577,patchwork
2024-10-25,10319,6499896,patchwork
2024-10-26,5577,6505473,patchwork
2024-10-27,6056,6511529,patchwork
2024-10-28,11483,6523012,patchwork
2024-10-29,12292,6535304,patchwork
2024-10-30,12268,6547572,patchwork
2024-10-31,12289,6559861,patchwork
2024-11-01,9010,6568871,patchwork
2024-11-02,5583,6574454,patchwork
2024-11-03,6257,6580711,patchwork
2024-11-04,11094,6591805,patchwork
2024-11-05,11543,6603348,patchwork
2024-11-06,11560,6614908,patchwork
2024-11-07,11198,6626106,patchwork
2024-11-08,10020,6636126,patchwork
2024-11-09,5862,6641988,patchwork
2024-11-10,6134,6648122,patchwork
2024-11-11,10946,6659068,patchwork
2024-11-12,12215,6671283,patchwork
2024-11-13,12109,6683392,patchwork
2024-11-14,11854,6695246,patchwork
2024-11-15,10448,6705694,patchwork
2024-11-16,6275,6711969,patchwork
2024-11-17,6548,6718517,patchwork
2024-11-18,11984,6730501,patchwork
2024-11-19,12303,6742804,patchwork
2024-11-20,12035,6754839,patchwork
2024-11-21,11866,6766705,patchwork
2024-11-22,10169,6776874,patchwork
2024-11-23,6470,6783344,patchwork
2024-11-24,6476,6789820,patchwork
2024-11-25,11188,6801008,patchwork
2024-11-26,11585,6812593,patchwork
2024-11-27,10765,6823358,patchwork
2024-11-28,9919,6833277,patchwork
2024-11-29,9086,6842363,patchwork
2024-11-30,6085,6848448,patchwork
2024-12-01,6091,6854539,patchwork
2024-12-02,11297,6865836,patchwork
2024-12-03,11812,6877648,patchwork
2024-12-04,11323,6888971,patchwork
2024-12-05,11217,6900188,patchwork
2024-12-06,9273,6909461,patchwork
2024-12-07,6046,6915507,patchwork
2024-12-08,6147,6921654,patchwork
2024-12-09,10379,6932033,patchwork
2024-12-10,10414,6942447,patchwork
2024-12-11,11141,6953588,patchwork
2024-12-12,9757,6963345,patchwork
2024-12-13,8111,6971456,patchwork
2024-12-14,3681,6975137,patchwork
2024-12-15,3881,6979018,patchwork
2024-12-16,7326,6986344,patchwork
2024-12-17,7918,6994262,patchwork
2024-12-18,7773,7002035,patchwork
2024-12-19,7386,7009421,patchwork
2024-12-20,6658,7016079,patchwork
2024-12-21,3055,7019134,patchwork
2024-12-22,3356,7022490,patchwork
2024-12-23,4745,7027235,patchwork
2024-12-24,3861,7031096,patchwork
2024-12-25,3239,7034335,patchwork
2024-12-26,3991,7038326,patchwork
2024-12-27,3919,7042245,patchwork
2024-12-28,2794,7045039,patchwork
2024-12-29,3342,7048381,patchwork
2024-12-30,4926,7053307,patchwork
2024-12-31,4841,7058148,patchwork
2025-01-01,2824,7060972,patchwork
2025-01-02,4886,7065858,patchwork
2025-01-03,5307,7071165,patchwork
2025-01-04,3328,7074493,patchwork
2025-01-05,3432,7077925,patchwork
2025-01-06,6354,7084279,patchwork
2025-01-07,7158,7091437,patchwork
2025-01-08,7562,7098999,patchwork
2025-01-09,7218,7106217,patchwork
2025-01-10,6969,7113186,patchwork
2025-01-11,3261,7116447,patchwork
2025-01-12,3482,7119929,patchwork
2025-01-13,7785,7127714,patchwork
2025-01-14,8046,7135760,patchwork
2025-01-15,7800,7143560,patchwork
2025-01-16,8051,7151611,patchwork
2025-01-17,7056,7158667,patchwork
2025-01-18,3338,7162005,patchwork
2025-01-19,3959,7165964,patchwork
2025-01-20,7093,7173057,patchwork
2025-01-21,8001,7181058,patchwork
2025-01-22,8136,7189194,patchwork
2025-01-23,7918,7197112,patchwork
2025-01-24,6863,7203975,patchwork
2025-01-25,3760,7207735,patchwork
2025-01-26,3752,7211487,patchwork
2025-01-27,7631,7219118,patchwork
2025-01-28,7913,7227031,patchwork
2025-01-29,7733,7234764,patchwork
2025-01-30,7891,7242655,patchwork
2025-01-31,6827,7249482,patchwork
2025-02-01,3416,7252898,patchwork
2025-02-02,3558,7256456,patchwork
2025-02-03,7555,7264011,patchwork
2025-02-04,8463,7272474,patchwork
2025-02-05,8948,7281422,patchwork
2025-02-06,8832,7290254,patchwork
2025-02-07,8188,7298442,patchwork
2025-02-08,3986,7302428,patchwork
2025-02-09,4448,7306876,patchwork
2025-02-10,8378,7315254,patchwork
2025-02-11,9224,7324478,patchwork
2025-02-12,8837,7333315,patchwork
2025-02-13,9486,7342801,patchwork
2025-02-14,8400,7351201,patchwork
2025-02-15,4400,7355601,patchwork
2025-02-16,4575,7360176,patchwork
2025-02-17,9609,7369785,patchwork
2025-02-18,13347,7383132,patchwork
2025-02-19,12507,7395639,patchwork
2025-02-20,13779,7409418,patchwork
2025-02-21,8053,7417471,patchwork
2025-02-22,4221,7421692,patchwork
2025-02-23,4298,7425990,patchwork
2025-02-24,9790,7435780,patchwork
2025-02-25,10510,7446290,patchwork
2025-02-26,9790,7456080,patchwork
2025-02-27,9938,7466018,patchwork
2025-02-28,8301,7474319,patchwork
2025-03-01,4141,7478460,patchwork
2025-03-02,4630,7483090,patchwork
2025-03-03,9094,7492184,patchwork
2025-03-04,10152,7502336,patchwork
2025-03-05,9952,7512288,patchwork
2025-03-06,10511,7522799,patchwork
2025-03-07,8587,7531386,patchwork
2025-03-08,4307,7535693,patchwork
2025-03-09,4639,7540332,patchwork
2025-03-10,10140,7550472,patchwork
2025-03-11,11055,7561527,patchwork
2025-03-12,10841,7572368,patchwork
2025-03-13,10001,7582369,patchwork
2025-03-14,8730,7591099,patchwork
2025-03-15,4247,7595346,patchwork
2025-03-16,4691,7600037,patchwork
2025-03-17,10158,7610195,patchwork
2025-03-18,10742,7620937,patchwork
2025-03-19,10775,7631712,patchwork
2025-03-20,13062,7644774,patchwork
2025-03-21,8579,7653353,patchwork
2025-03-22,4580,7657933,patchwork
2025-03-23,4477,7662410,patchwork
2025-03-24,9713,7672123,patchwork
2025-03-25,11506,7683629,patchwork
2025-03-26,11240,7694869,patchwork
2025-03-27,10740,7705609,patchwork
2025-03-28,8317,7713926,patchwork
2025-03-29,4898,7718824,patchwork
2025-03-30,4541,7723365,patchwork
2012-10-01,0,0,ggmap
2012-10-02,0,0,ggmap
2012-10-03,0,0,ggmap
2012-10-04,1,1,ggmap
2012-10-05,2,3,ggmap
2012-10-06,1,4,ggmap
2012-10-07,0,4,ggmap
2012-10-08,0,4,ggmap
2012-10-09,0,4,ggmap
2012-10-10,1,5,ggmap
2012-10-11,0,5,ggmap
2012-10-12,1,6,ggmap
2012-10-13,0,6,ggmap
2012-10-14,0,6,ggmap
2012-10-15,0,6,ggmap
2012-10-16,0,6,ggmap
2012-10-17,2,8,ggmap
2012-10-18,5,13,ggmap
2012-10-19,0,13,ggmap
2012-10-20,0,13,ggmap
2012-10-21,0,13,ggmap
2012-10-22,0,13,ggmap
2012-10-23,0,13,ggmap
2012-10-24,0,13,ggmap
2012-10-25,0,13,ggmap
2012-10-26,0,13,ggmap
2012-10-27,0,13,ggmap
2012-10-28,0,13,ggmap
2012-10-29,1,14,ggmap
2012-10-30,0,14,ggmap
2012-10-31,4,18,ggmap
2012-11-01,5,23,ggmap
2012-11-02,12,35,ggmap
2012-11-03,3,38,ggmap
2012-11-04,5,43,ggmap
2012-11-05,8,51,ggmap
2012-11-06,4,55,ggmap
2012-11-07,6,61,ggmap
2012-11-08,8,69,ggmap
2012-11-09,7,76,ggmap
2012-11-10,2,78,ggmap
2012-11-11,2,80,ggmap
2012-11-12,7,87,ggmap
2012-11-13,7,94,ggmap
2012-11-14,9,103,ggmap
2012-11-15,11,114,ggmap
2012-11-16,9,123,ggmap
2012-11-17,4,127,ggmap
2012-11-18,2,129,ggmap
2012-11-19,9,138,ggmap
2012-11-20,11,149,ggmap
2012-11-21,16,165,ggmap
2012-11-22,8,173,ggmap
2012-11-23,10,183,ggmap
2012-11-24,3,186,ggmap
2012-11-25,7,193,ggmap
2012-11-26,23,216,ggmap
2012-11-27,17,233,ggmap
2012-11-28,7,240,ggmap
2012-11-29,15,255,ggmap
2012-11-30,11,266,ggmap
2012-12-01,8,274,ggmap
2012-12-02,8,282,ggmap
2012-12-03,19,301,ggmap
2012-12-04,29,330,ggmap
2012-12-05,6,336,ggmap
2012-12-06,13,349,ggmap
2012-12-07,9,358,ggmap
2012-12-08,7,365,ggmap
2012-12-09,5,370,ggmap
2012-12-10,15,385,ggmap
2012-12-11,6,391,ggmap
2012-12-12,18,409,ggmap
2012-12-13,10,419,ggmap
2012-12-14,11,430,ggmap
2012-12-15,9,439,ggmap
2012-12-16,8,447,ggmap
2012-12-17,8,455,ggmap
2012-12-18,8,463,ggmap
2012-12-19,39,502,ggmap
2012-12-20,32,534,ggmap
2012-12-21,10,544,ggmap
2012-12-22,11,555,ggmap
2012-12-23,0,555,ggmap
2012-12-24,2,557,ggmap
2012-12-25,6,563,ggmap
2012-12-26,5,568,ggmap
2012-12-27,8,576,ggmap
2012-12-28,3,579,ggmap
2012-12-29,0,579,ggmap
2012-12-30,0,579,ggmap
2012-12-31,0,579,ggmap
2013-01-01,1,580,ggmap
2013-01-02,8,588,ggmap
2013-01-03,5,593,ggmap
2013-01-04,8,601,ggmap
2013-01-05,12,613,ggmap
2013-01-06,2,615,ggmap
2013-01-07,16,631,ggmap
2013-01-08,17,648,ggmap
2013-01-09,18,666,ggmap
2013-01-10,9,675,ggmap
2013-01-11,35,710,ggmap
2013-01-12,11,721,ggmap
2013-01-13,8,729,ggmap
2013-01-14,24,753,ggmap
2013-01-15,15,768,ggmap
2013-01-16,18,786,ggmap
2013-01-17,22,808,ggmap
2013-01-18,22,830,ggmap
2013-01-19,8,838,ggmap
2013-01-20,8,846,ggmap
2013-01-21,17,863,ggmap
2013-01-22,49,912,ggmap
2013-01-23,12,924,ggmap
2013-01-24,27,951,ggmap
2013-01-25,25,976,ggmap
2013-01-26,19,995,ggmap
2013-01-27,16,1011,ggmap
2013-01-28,21,1032,ggmap
2013-01-29,15,1047,ggmap
2013-01-30,12,1059,ggmap
2013-01-31,27,1086,ggmap
2013-02-01,13,1099,ggmap
2013-02-02,10,1109,ggmap
2013-02-03,15,1124,ggmap
2013-02-04,16,1140,ggmap
2013-02-05,18,1158,ggmap
2013-02-06,18,1176,ggmap
2013-02-07,17,1193,ggmap
2013-02-08,16,1209,ggmap
2013-02-09,12,1221,ggmap
2013-02-10,21,1242,ggmap
2013-02-11,22,1264,ggmap
2013-02-12,23,1287,ggmap
2013-02-13,32,1319,ggmap
2013-02-14,22,1341,ggmap
2013-02-15,25,1366,ggmap
2013-02-16,11,1377,ggmap
2013-02-17,22,1399,ggmap
2013-02-18,12,1411,ggmap
2013-02-19,30,1441,ggmap
2013-02-20,47,1488,ggmap
2013-02-21,33,1521,ggmap
2013-02-22,15,1536,ggmap
2013-02-23,20,1556,ggmap
2013-02-24,12,1568,ggmap
2013-02-25,18,1586,ggmap
2013-02-26,28,1614,ggmap
2013-02-27,25,1639,ggmap
2013-02-28,27,1666,ggmap
2013-03-01,24,1690,ggmap
2013-03-02,21,1711,ggmap
2013-03-03,14,1725,ggmap
2013-03-04,24,1749,ggmap
2013-03-05,32,1781,ggmap
2013-03-06,33,1814,ggmap
2013-03-07,52,1866,ggmap
2013-03-08,55,1921,ggmap
2013-03-09,31,1952,ggmap
2013-03-10,37,1989,ggmap
2013-03-11,55,2044,ggmap
2013-03-12,60,2104,ggmap
2013-03-13,30,2134,ggmap
2013-03-14,25,2159,ggmap
2013-03-15,28,2187,ggmap
2013-03-16,11,2198,ggmap
2013-03-17,13,2211,ggmap
2013-03-18,21,2232,ggmap
2013-03-19,22,2254,ggmap
2013-03-20,21,2275,ggmap
2013-03-21,40,2315,ggmap
2013-03-22,27,2342,ggmap
2013-03-23,11,2353,ggmap
2013-03-24,22,2375,ggmap
2013-03-25,31,2406,ggmap
2013-03-26,39,2445,ggmap
2013-03-27,23,2468,ggmap
2013-03-28,37,2505,ggmap
2013-03-29,8,2513,ggmap
2013-03-30,8,2521,ggmap
2013-03-31,14,2535,ggmap
2013-04-01,51,2586,ggmap
2013-04-02,39,2625,ggmap
2013-04-03,43,2668,ggmap
2013-04-04,71,2739,ggmap
2013-04-05,28,2767,ggmap
2013-04-06,23,2790,ggmap
2013-04-07,22,2812,ggmap
2013-04-08,30,2842,ggmap
2013-04-09,42,2884,ggmap
2013-04-10,44,2928,ggmap
2013-04-11,67,2995,ggmap
2013-04-12,36,3031,ggmap
2013-04-13,18,3049,ggmap
2013-04-14,24,3073,ggmap
2013-04-15,75,3148,ggmap
2013-04-16,63,3211,ggmap
2013-04-17,52,3263,ggmap
2013-04-18,48,3311,ggmap
2013-04-19,45,3356,ggmap
2013-04-20,32,3388,ggmap
2013-04-21,28,3416,ggmap
2013-04-22,41,3457,ggmap
2013-04-23,46,3503,ggmap
2013-04-24,38,3541,ggmap
2013-04-25,69,3610,ggmap
2013-04-26,65,3675,ggmap
2013-04-27,44,3719,ggmap
2013-04-28,35,3754,ggmap
2013-04-29,47,3801,ggmap
2013-04-30,38,3839,ggmap
2013-05-01,32,3871,ggmap
2013-05-02,49,3920,ggmap
2013-05-03,50,3970,ggmap
2013-05-04,15,3985,ggmap
2013-05-05,22,4007,ggmap
2013-05-06,58,4065,ggmap
2013-05-07,44,4109,ggmap
2013-05-08,32,4141,ggmap
2013-05-09,53,4194,ggmap
2013-05-10,23,4217,ggmap
2013-05-11,17,4234,ggmap
2013-05-12,12,4246,ggmap
2013-05-13,33,4279,ggmap
2013-05-14,65,4344,ggmap
2013-05-15,41,4385,ggmap
2013-05-16,34,4419,ggmap
2013-05-17,46,4465,ggmap
2013-05-18,20,4485,ggmap
2013-05-19,22,4507,ggmap
2013-05-20,37,4544,ggmap
2013-05-21,40,4584,ggmap
2013-05-22,53,4637,ggmap
2013-05-23,90,4727,ggmap
2013-05-24,34,4761,ggmap
2013-05-25,17,4778,ggmap
2013-05-26,23,4801,ggmap
2013-05-27,50,4851,ggmap
2013-05-28,65,4916,ggmap
2013-05-29,39,4955,ggmap
2013-05-30,46,5001,ggmap
2013-05-31,48,5049,ggmap
2013-06-01,20,5069,ggmap
2013-06-02,26,5095,ggmap
2013-06-03,58,5153,ggmap
2013-06-04,42,5195,ggmap
2013-06-05,43,5238,ggmap
2013-06-06,45,5283,ggmap
2013-06-07,41,5324,ggmap
2013-06-08,20,5344,ggmap
2013-06-09,26,5370,ggmap
2013-06-10,36,5406,ggmap
2013-06-11,53,5459,ggmap
2013-06-12,56,5515,ggmap
2013-06-13,61,5576,ggmap
2013-06-14,34,5610,ggmap
2013-06-15,14,5624,ggmap
2013-06-16,17,5641,ggmap
2013-06-17,46,5687,ggmap
2013-06-18,52,5739,ggmap
2013-06-19,59,5798,ggmap
2013-06-20,37,5835,ggmap
2013-06-21,36,5871,ggmap
2013-06-22,16,5887,ggmap
2013-06-23,28,5915,ggmap
2013-06-24,43,5958,ggmap
2013-06-25,57,6015,ggmap
2013-06-26,52,6067,ggmap
2013-06-27,60,6127,ggmap
2013-06-28,41,6168,ggmap
2013-06-29,18,6186,ggmap
2013-06-30,18,6204,ggmap
2013-07-01,37,6241,ggmap
2013-07-02,36,6277,ggmap
2013-07-03,43,6320,ggmap
2013-07-04,45,6365,ggmap
2013-07-05,82,6447,ggmap
2013-07-06,22,6469,ggmap
2013-07-07,45,6514,ggmap
2013-07-08,62,6576,ggmap
2013-07-09,70,6646,ggmap
2013-07-10,113,6759,ggmap
2013-07-11,49,6808,ggmap
2013-07-12,38,6846,ggmap
2013-07-13,15,6861,ggmap
2013-07-14,19,6880,ggmap
2013-07-15,50,6930,ggmap
2013-07-16,81,7011,ggmap
2013-07-17,54,7065,ggmap
2013-07-18,34,7099,ggmap
2013-07-19,48,7147,ggmap
2013-07-20,22,7169,ggmap
2013-07-21,31,7200,ggmap
2013-07-22,35,7235,ggmap
2013-07-23,66,7301,ggmap
2013-07-24,47,7348,ggmap
2013-07-25,47,7395,ggmap
2013-07-26,55,7450,ggmap
2013-07-27,22,7472,ggmap
2013-07-28,23,7495,ggmap
2013-07-29,42,7537,ggmap
2013-07-30,47,7584,ggmap
2013-07-31,60,7644,ggmap
2013-08-01,31,7675,ggmap
2013-08-02,63,7738,ggmap
2013-08-03,29,7767,ggmap
2013-08-04,30,7797,ggmap
2013-08-05,67,7864,ggmap
2013-08-06,45,7909,ggmap
2013-08-07,83,7992,ggmap
2013-08-08,67,8059,ggmap
2013-08-09,46,8105,ggmap
2013-08-10,30,8135,ggmap
2013-08-11,24,8159,ggmap
2013-08-12,64,8223,ggmap
2013-08-13,103,8326,ggmap
2013-08-14,54,8380,ggmap
2013-08-15,38,8418,ggmap
2013-08-16,69,8487,ggmap
2013-08-17,19,8506,ggmap
2013-08-18,17,8523,ggmap
2013-08-19,37,8560,ggmap
2013-08-20,72,8632,ggmap
2013-08-21,49,8681,ggmap
2013-08-22,51,8732,ggmap
2013-08-23,39,8771,ggmap
2013-08-24,37,8808,ggmap
2013-08-25,27,8835,ggmap
2013-08-26,42,8877,ggmap
2013-08-27,57,8934,ggmap
2013-08-28,45,8979,ggmap
2013-08-29,56,9035,ggmap
2013-08-30,40,9075,ggmap
2013-08-31,20,9095,ggmap
2013-09-01,17,9112,ggmap
2013-09-02,54,9166,ggmap
2013-09-03,49,9215,ggmap
2013-09-04,99,9314,ggmap
2013-09-05,91,9405,ggmap
2013-09-06,49,9454,ggmap
2013-09-07,19,9473,ggmap
2013-09-08,26,9499,ggmap
2013-09-09,53,9552,ggmap
2013-09-10,48,9600,ggmap
2013-09-11,99,9699,ggmap
2013-09-12,101,9800,ggmap
2013-09-13,73,9873,ggmap
2013-09-14,35,9908,ggmap
2013-09-15,32,9940,ggmap
2013-09-16,47,9987,ggmap
2013-09-17,59,10046,ggmap
2013-09-18,48,10094,ggmap
2013-09-19,81,10175,ggmap
2013-09-20,46,10221,ggmap
2013-09-21,26,10247,ggmap
2013-09-22,22,10269,ggmap
2013-09-23,77,10346,ggmap
2013-09-24,106,10452,ggmap
2013-09-25,61,10513,ggmap
2013-09-26,72,10585,ggmap
2013-09-27,72,10657,ggmap
2013-09-28,41,10698,ggmap
2013-09-29,49,10747,ggmap
2013-09-30,67,10814,ggmap
2013-10-01,82,10896,ggmap
2013-10-02,62,10958,ggmap
2013-10-03,78,11036,ggmap
2013-10-04,64,11100,ggmap
2013-10-05,36,11136,ggmap
2013-10-06,40,11176,ggmap
2013-10-07,62,11238,ggmap
2013-10-08,64,11302,ggmap
2013-10-09,59,11361,ggmap
2013-10-10,59,11420,ggmap
2013-10-11,110,11530,ggmap
2013-10-12,41,11571,ggmap
2013-10-13,37,11608,ggmap
2013-10-14,60,11668,ggmap
2013-10-15,65,11733,ggmap
2013-10-16,75,11808,ggmap
2013-10-17,80,11888,ggmap
2013-10-18,71,11959,ggmap
2013-10-19,24,11983,ggmap
2013-10-20,42,12025,ggmap
2013-10-21,48,12073,ggmap
2013-10-22,87,12160,ggmap
2013-10-23,75,12235,ggmap
2013-10-24,147,12382,ggmap
2013-10-25,56,12438,ggmap
2013-10-26,33,12471,ggmap
2013-10-27,31,12502,ggmap
2013-10-28,71,12573,ggmap
2013-10-29,85,12658,ggmap
2013-10-30,72,12730,ggmap
2013-10-31,51,12781,ggmap
2013-11-01,63,12844,ggmap
2013-11-02,31,12875,ggmap
2013-11-03,39,12914,ggmap
2013-11-04,57,12971,ggmap
2013-11-05,143,13114,ggmap
2013-11-06,124,13238,ggmap
2013-11-07,125,13363,ggmap
2013-11-08,49,13412,ggmap
2013-11-09,38,13450,ggmap
2013-11-10,33,13483,ggmap
2013-11-11,66,13549,ggmap
2013-11-12,107,13656,ggmap
2013-11-13,79,13735,ggmap
2013-11-14,92,13827,ggmap
2013-11-15,58,13885,ggmap
2013-11-16,38,13923,ggmap
2013-11-17,29,13952,ggmap
2013-11-18,96,14048,ggmap
2013-11-19,103,14151,ggmap
2013-11-20,113,14264,ggmap
2013-11-21,82,14346,ggmap
2013-11-22,121,14467,ggmap
2013-11-23,58,14525,ggmap
2013-11-24,24,14549,ggmap
2013-11-25,84,14633,ggmap
2013-11-26,118,14751,ggmap
2013-11-27,78,14829,ggmap
2013-11-28,58,14887,ggmap
2013-11-29,41,14928,ggmap
2013-11-30,38,14966,ggmap
2013-12-01,36,15002,ggmap
2013-12-02,71,15073,ggmap
2013-12-03,115,15188,ggmap
2013-12-04,115,15303,ggmap
2013-12-05,94,15397,ggmap
2013-12-06,74,15471,ggmap
2013-12-07,40,15511,ggmap
2013-12-08,42,15553,ggmap
2013-12-09,73,15626,ggmap
2013-12-10,102,15728,ggmap
2013-12-11,79,15807,ggmap
2013-12-12,71,15878,ggmap
2013-12-13,55,15933,ggmap
2013-12-14,51,15984,ggmap
2013-12-15,47,16031,ggmap
2013-12-16,48,16079,ggmap
2013-12-17,106,16185,ggmap
2013-12-18,64,16249,ggmap
2013-12-19,67,16316,ggmap
2013-12-20,83,16399,ggmap
2013-12-21,35,16434,ggmap
2013-12-22,34,16468,ggmap
2013-12-23,72,16540,ggmap
2013-12-24,61,16601,ggmap
2013-12-25,29,16630,ggmap
2013-12-26,38,16668,ggmap
2013-12-27,47,16715,ggmap
2013-12-28,27,16742,ggmap
2013-12-29,37,16779,ggmap
2013-12-30,43,16822,ggmap
2013-12-31,50,16872,ggmap
2014-01-01,36,16908,ggmap
2014-01-02,61,16969,ggmap
2014-01-03,45,17014,ggmap
2014-01-04,33,17047,ggmap
2014-01-05,54,17101,ggmap
2014-01-06,50,17151,ggmap
2014-01-07,76,17227,ggmap
2014-01-08,70,17297,ggmap
2014-01-09,109,17406,ggmap
2014-01-10,90,17496,ggmap
2014-01-11,48,17544,ggmap
2014-01-12,43,17587,ggmap
2014-01-13,75,17662,ggmap
2014-01-14,140,17802,ggmap
2014-01-15,99,17901,ggmap
2014-01-16,86,17987,ggmap
2014-01-17,79,18066,ggmap
2014-01-18,35,18101,ggmap
2014-01-19,27,18128,ggmap
2014-01-20,61,18189,ggmap
2014-01-21,65,18254,ggmap
2014-01-22,108,18362,ggmap
2014-01-23,123,18485,ggmap
2014-01-24,124,18609,ggmap
2014-01-25,36,18645,ggmap
2014-01-26,39,18684,ggmap
2014-01-27,64,18748,ggmap
2014-01-28,76,18824,ggmap
2014-01-29,85,18909,ggmap
2014-01-30,58,18967,ggmap
2014-01-31,81,19048,ggmap
2014-02-01,37,19085,ggmap
2014-02-02,32,19117,ggmap
2014-02-03,82,19199,ggmap
2014-02-04,115,19314,ggmap
2014-02-05,79,19393,ggmap
2014-02-06,88,19481,ggmap
2014-02-07,71,19552,ggmap
2014-02-08,50,19602,ggmap
2014-02-09,52,19654,ggmap
2014-02-10,91,19745,ggmap
2014-02-11,108,19853,ggmap
2014-02-12,86,19939,ggmap
2014-02-13,75,20014,ggmap
2014-02-14,150,20164,ggmap
2014-02-15,72,20236,ggmap
2014-02-16,42,20278,ggmap
2014-02-17,83,20361,ggmap
2014-02-18,106,20467,ggmap
2014-02-19,113,20580,ggmap
2014-02-20,110,20690,ggmap
2014-02-21,105,20795,ggmap
2014-02-22,43,20838,ggmap
2014-02-23,56,20894,ggmap
2014-02-24,112,21006,ggmap
2014-02-25,117,21123,ggmap
2014-02-26,155,21278,ggmap
2014-02-27,114,21392,ggmap
2014-02-28,91,21483,ggmap
2014-03-01,48,21531,ggmap
2014-03-02,55,21586,ggmap
2014-03-03,72,21658,ggmap
2014-03-04,109,21767,ggmap
2014-03-05,90,21857,ggmap
2014-03-06,110,21967,ggmap
2014-03-07,110,22077,ggmap
2014-03-08,91,22168,ggmap
2014-03-09,46,22214,ggmap
2014-03-10,131,22345,ggmap
2014-03-11,103,22448,ggmap
2014-03-12,142,22590,ggmap
2014-03-13,142,22732,ggmap
2014-03-14,123,22855,ggmap
2014-03-15,57,22912,ggmap
2014-03-16,92,23004,ggmap
2014-03-17,119,23123,ggmap
2014-03-18,112,23235,ggmap
2014-03-19,135,23370,ggmap
2014-03-20,157,23527,ggmap
2014-03-21,129,23656,ggmap
2014-03-22,80,23736,ggmap
2014-03-23,64,23800,ggmap
2014-03-24,122,23922,ggmap
2014-03-25,144,24066,ggmap
2014-03-26,90,24156,ggmap
2014-03-27,99,24255,ggmap
2014-03-28,85,24340,ggmap
2014-03-29,46,24386,ggmap
2014-03-30,76,24462,ggmap
2014-03-31,86,24548,ggmap
2014-04-01,113,24661,ggmap
2014-04-02,142,24803,ggmap
2014-04-03,159,24962,ggmap
2014-04-04,107,25069,ggmap
2014-04-05,59,25128,ggmap
2014-04-06,60,25188,ggmap
2014-04-07,171,25359,ggmap
2014-04-08,111,25470,ggmap
2014-04-09,127,25597,ggmap
2014-04-10,117,25714,ggmap
2014-04-11,120,25834,ggmap
2014-04-12,141,25975,ggmap
2014-04-13,98,26073,ggmap
2014-04-14,186,26259,ggmap
2014-04-15,174,26433,ggmap
2014-04-16,153,26586,ggmap
2014-04-17,158,26744,ggmap
2014-04-18,111,26855,ggmap
2014-04-19,68,26923,ggmap
2014-04-20,50,26973,ggmap
2014-04-21,125,27098,ggmap
2014-04-22,233,27331,ggmap
2014-04-23,239,27570,ggmap
2014-04-24,233,27803,ggmap
2014-04-25,162,27965,ggmap
2014-04-26,164,28129,ggmap
2014-04-27,184,28313,ggmap
2014-04-28,186,28499,ggmap
2014-04-29,197,28696,ggmap
2014-04-30,173,28869,ggmap
2014-05-01,193,29062,ggmap
2014-05-02,179,29241,ggmap
2014-05-03,100,29341,ggmap
2014-05-04,130,29471,ggmap
2014-05-05,238,29709,ggmap
2014-05-06,131,29840,ggmap
2014-05-07,165,30005,ggmap
2014-05-08,103,30108,ggmap
2014-05-09,153,30261,ggmap
2014-05-10,67,30328,ggmap
2014-05-11,71,30399,ggmap
2014-05-12,105,30504,ggmap
2014-05-13,146,30650,ggmap
2014-05-14,141,30791,ggmap
2014-05-15,153,30944,ggmap
2014-05-16,15,30959,ggmap
2014-05-17,11,30970,ggmap
2014-05-18,45,31015,ggmap
2014-05-19,115,31130,ggmap
2014-05-20,192,31322,ggmap
2014-05-21,121,31443,ggmap
2014-05-22,209,31652,ggmap
2014-05-23,126,31778,ggmap
2014-05-24,65,31843,ggmap
2014-05-25,53,31896,ggmap
2014-05-26,114,32010,ggmap
2014-05-27,159,32169,ggmap
2014-05-28,118,32287,ggmap
2014-05-29,117,32404,ggmap
2014-05-30,121,32525,ggmap
2014-05-31,83,32608,ggmap
2014-06-01,74,32682,ggmap
2014-06-02,143,32825,ggmap
2014-06-03,166,32991,ggmap
2014-06-04,138,33129,ggmap
2014-06-05,155,33284,ggmap
2014-06-06,149,33433,ggmap
2014-06-07,65,33498,ggmap
2014-06-08,95,33593,ggmap
2014-06-09,112,33705,ggmap
2014-06-10,161,33866,ggmap
2014-06-11,125,33991,ggmap
2014-06-12,113,34104,ggmap
2014-06-13,138,34242,ggmap
2014-06-14,50,34292,ggmap
2014-06-15,47,34339,ggmap
2014-06-16,98,34437,ggmap
2014-06-17,121,34558,ggmap
2014-06-18,145,34703,ggmap
2014-06-19,116,34819,ggmap
2014-06-20,120,34939,ggmap
2014-06-21,54,34993,ggmap
2014-06-22,70,35063,ggmap
2014-06-23,135,35198,ggmap
2014-06-24,141,35339,ggmap
2014-06-25,169,35508,ggmap
2014-06-26,131,35639,ggmap
2014-06-27,94,35733,ggmap
2014-06-28,89,35822,ggmap
2014-06-29,54,35876,ggmap
2014-06-30,150,36026,ggmap
2014-07-01,172,36198,ggmap
2014-07-02,137,36335,ggmap
2014-07-03,126,36461,ggmap
2014-07-04,76,36537,ggmap
2014-07-05,52,36589,ggmap
2014-07-06,40,36629,ggmap
2014-07-07,117,36746,ggmap
2014-07-08,158,36904,ggmap
2014-07-09,129,37033,ggmap
2014-07-10,150,37183,ggmap
2014-07-11,229,37412,ggmap
2014-07-12,64,37476,ggmap
2014-07-13,55,37531,ggmap
2014-07-14,159,37690,ggmap
2014-07-15,193,37883,ggmap
2014-07-16,189,38072,ggmap
2014-07-17,170,38242,ggmap
2014-07-18,118,38360,ggmap
2014-07-19,52,38412,ggmap
2014-07-20,72,38484,ggmap
2014-07-21,110,38594,ggmap
2014-07-22,177,38771,ggmap
2014-07-23,125,38896,ggmap
2014-07-24,122,39018,ggmap
2014-07-25,126,39144,ggmap
2014-07-26,66,39210,ggmap
2014-07-27,70,39280,ggmap
2014-07-28,117,39397,ggmap
2014-07-29,119,39516,ggmap
2014-07-30,154,39670,ggmap
2014-07-31,127,39797,ggmap
2014-08-01,174,39971,ggmap
2014-08-02,61,40032,ggmap
2014-08-03,70,40102,ggmap
2014-08-04,168,40270,ggmap
2014-08-05,162,40432,ggmap
2014-08-06,151,40583,ggmap
2014-08-07,143,40726,ggmap
2014-08-08,107,40833,ggmap
2014-08-09,80,40913,ggmap
2014-08-10,67,40980,ggmap
2014-08-11,159,41139,ggmap
2014-08-12,172,41311,ggmap
2014-08-13,139,41450,ggmap
2014-08-14,144,41594,ggmap
2014-08-15,118,41712,ggmap
2014-08-16,95,41807,ggmap
2014-08-17,50,41857,ggmap
2014-08-18,153,42010,ggmap
2014-08-19,145,42155,ggmap
2014-08-20,154,42309,ggmap
2014-08-21,128,42437,ggmap
2014-08-22,155,42592,ggmap
2014-08-23,62,42654,ggmap
2014-08-24,64,42718,ggmap
2014-08-25,126,42844,ggmap
2014-08-26,132,42976,ggmap
2014-08-27,163,43139,ggmap
2014-08-28,165,43304,ggmap
2014-08-29,90,43394,ggmap
2014-08-30,85,43479,ggmap
2014-08-31,60,43539,ggmap
2014-09-01,108,43647,ggmap
2014-09-02,104,43751,ggmap
2014-09-03,147,43898,ggmap
2014-09-04,138,44036,ggmap
2014-09-05,114,44150,ggmap
2014-09-06,79,44229,ggmap
2014-09-07,65,44294,ggmap
2014-09-08,96,44390,ggmap
2014-09-09,124,44514,ggmap
2014-09-10,135,44649,ggmap
2014-09-11,139,44788,ggmap
2014-09-12,171,44959,ggmap
2014-09-13,198,45157,ggmap
2014-09-14,160,45317,ggmap
2014-09-15,194,45511,ggmap
2014-09-16,387,45898,ggmap
2014-09-17,267,46165,ggmap
2014-09-18,185,46350,ggmap
2014-09-19,142,46492,ggmap
2014-09-20,68,46560,ggmap
2014-09-21,60,46620,ggmap
2014-09-22,32,46652,ggmap
2014-09-23,69,46721,ggmap
2014-09-24,468,47189,ggmap
2014-09-25,317,47506,ggmap
2014-09-26,563,48069,ggmap
2014-09-27,439,48508,ggmap
2014-09-28,451,48959,ggmap
2014-09-29,600,49559,ggmap
2014-09-30,499,50058,ggmap
2014-10-01,299,50357,ggmap
2014-10-02,172,50529,ggmap
2014-10-03,195,50724,ggmap
2014-10-04,103,50827,ggmap
2014-10-05,96,50923,ggmap
2014-10-06,170,51093,ggmap
2014-10-07,339,51432,ggmap
2014-10-08,498,51930,ggmap
2014-10-09,423,52353,ggmap
2014-10-10,342,52695,ggmap
2014-10-11,72,52767,ggmap
2014-10-12,78,52845,ggmap
2014-10-13,259,53104,ggmap
2014-10-14,309,53413,ggmap
2014-10-15,234,53647,ggmap
2014-10-16,307,53954,ggmap
2014-10-17,190,54144,ggmap
2014-10-18,91,54235,ggmap
2014-10-19,97,54332,ggmap
2014-10-20,209,54541,ggmap
2014-10-21,287,54828,ggmap
2014-10-22,271,55099,ggmap
2014-10-23,225,55324,ggmap
2014-10-24,193,55517,ggmap
2014-10-25,91,55608,ggmap
2014-10-26,92,55700,ggmap
2014-10-27,269,55969,ggmap
2014-10-28,254,56223,ggmap
2014-10-29,298,56521,ggmap
2014-10-30,453,56974,ggmap
2014-10-31,418,57392,ggmap
2014-11-01,354,57746,ggmap
2014-11-02,371,58117,ggmap
2014-11-03,479,58596,ggmap
2014-11-04,388,58984,ggmap
2014-11-05,380,59364,ggmap
2014-11-06,325,59689,ggmap
2014-11-07,409,60098,ggmap
2014-11-08,262,60360,ggmap
2014-11-09,306,60666,ggmap
2014-11-10,404,61070,ggmap
2014-11-11,346,61416,ggmap
2014-11-12,449,61865,ggmap
2014-11-13,414,62279,ggmap
2014-11-14,351,62630,ggmap
2014-11-15,246,62876,ggmap
2014-11-16,158,63034,ggmap
2014-11-17,198,63232,ggmap
2014-11-18,268,63500,ggmap
2014-11-19,246,63746,ggmap
2014-11-20,134,63880,ggmap
2014-11-21,163,64043,ggmap
2014-11-22,163,64206,ggmap
2014-11-23,159,64365,ggmap
2014-11-24,266,64631,ggmap
2014-11-25,360,64991,ggmap
2014-11-26,290,65281,ggmap
2014-11-27,251,65532,ggmap
2014-11-28,251,65783,ggmap
2014-11-29,94,65877,ggmap
2014-11-30,93,65970,ggmap
2014-12-01,308,66278,ggmap
2014-12-02,515,66793,ggmap
2014-12-03,302,67095,ggmap
2014-12-04,345,67440,ggmap
2014-12-05,297,67737,ggmap
2014-12-06,207,67944,ggmap
2014-12-07,171,68115,ggmap
2014-12-08,131,68246,ggmap
2014-12-09,280,68526,ggmap
2014-12-10,243,68769,ggmap
2014-12-11,259,69028,ggmap
2014-12-12,188,69216,ggmap
2014-12-13,110,69326,ggmap
2014-12-14,92,69418,ggmap
2014-12-15,205,69623,ggmap
2014-12-16,233,69856,ggmap
2014-12-17,213,70069,ggmap
2014-12-18,155,70224,ggmap
2014-12-19,138,70362,ggmap
2014-12-20,71,70433,ggmap
2014-12-21,65,70498,ggmap
2014-12-22,133,70631,ggmap
2014-12-23,153,70784,ggmap
2014-12-24,100,70884,ggmap
2014-12-25,87,70971,ggmap
2014-12-26,78,71049,ggmap
2014-12-27,62,71111,ggmap
2014-12-28,49,71160,ggmap
2014-12-29,106,71266,ggmap
2014-12-30,109,71375,ggmap
2014-12-31,89,71464,ggmap
2015-01-01,40,71504,ggmap
2015-01-02,70,71574,ggmap
2015-01-03,74,71648,ggmap
2015-01-04,93,71741,ggmap
2015-01-05,150,71891,ggmap
2015-01-06,153,72044,ggmap
2015-01-07,208,72252,ggmap
2015-01-08,204,72456,ggmap
2015-01-09,222,72678,ggmap
2015-01-10,154,72832,ggmap
2015-01-11,146,72978,ggmap
2015-01-12,255,73233,ggmap
2015-01-13,247,73480,ggmap
2015-01-14,317,73797,ggmap
2015-01-15,239,74036,ggmap
2015-01-16,282,74318,ggmap
2015-01-17,171,74489,ggmap
2015-01-18,174,74663,ggmap
2015-01-19,338,75001,ggmap
2015-01-20,397,75398,ggmap
2015-01-21,374,75772,ggmap
2015-01-22,296,76068,ggmap
2015-01-23,262,76330,ggmap
2015-01-24,144,76474,ggmap
2015-01-25,100,76574,ggmap
2015-01-26,384,76958,ggmap
2015-01-27,322,77280,ggmap
2015-01-28,358,77638,ggmap
2015-01-29,415,78053,ggmap
2015-01-30,350,78403,ggmap
2015-01-31,150,78553,ggmap
2015-02-01,176,78729,ggmap
2015-02-02,305,79034,ggmap
2015-02-03,288,79322,ggmap
2015-02-04,327,79649,ggmap
2015-02-05,307,79956,ggmap
2015-02-06,242,80198,ggmap
2015-02-07,106,80304,ggmap
2015-02-08,129,80433,ggmap
2015-02-09,163,80596,ggmap
2015-02-10,187,80783,ggmap
2015-02-11,277,81060,ggmap
2015-02-12,309,81369,ggmap
2015-02-13,302,81671,ggmap
2015-02-14,126,81797,ggmap
2015-02-15,78,81875,ggmap
2015-02-16,209,82084,ggmap
2015-02-17,180,82264,ggmap
2015-02-18,263,82527,ggmap
2015-02-19,228,82755,ggmap
2015-02-20,160,82915,ggmap
2015-02-21,122,83037,ggmap
2015-02-22,85,83122,ggmap
2015-02-23,195,83317,ggmap
2015-02-24,243,83560,ggmap
2015-02-25,206,83766,ggmap
2015-02-26,257,84023,ggmap
2015-02-27,207,84230,ggmap
2015-02-28,93,84323,ggmap
2015-03-01,117,84440,ggmap
2015-03-02,211,84651,ggmap
2015-03-03,308,84959,ggmap
2015-03-04,306,85265,ggmap
2015-03-05,328,85593,ggmap
2015-03-06,313,85906,ggmap
2015-03-07,252,86158,ggmap
2015-03-08,193,86351,ggmap
2015-03-09,488,86839,ggmap
2015-03-10,612,87451,ggmap
2015-03-11,644,88095,ggmap
2015-03-12,515,88610,ggmap
2015-03-13,528,89138,ggmap
2015-03-14,328,89466,ggmap
2015-03-15,291,89757,ggmap
2015-03-16,463,90220,ggmap
2015-03-17,406,90626,ggmap
2015-03-18,429,91055,ggmap
2015-03-19,446,91501,ggmap
2015-03-20,376,91877,ggmap
2015-03-21,260,92137,ggmap
2015-03-22,183,92320,ggmap
2015-03-23,376,92696,ggmap
2015-03-24,606,93302,ggmap
2015-03-25,515,93817,ggmap
2015-03-26,448,94265,ggmap
2015-03-27,335,94600,ggmap
2015-03-28,213,94813,ggmap
2015-03-29,162,94975,ggmap
2015-03-30,367,95342,ggmap
2015-03-31,362,95704,ggmap
2015-04-01,430,96134,ggmap
2015-04-02,564,96698,ggmap
2015-04-03,351,97049,ggmap
2015-04-04,177,97226,ggmap
2015-04-05,204,97430,ggmap
2015-04-06,434,97864,ggmap
2015-04-07,520,98384,ggmap
2015-04-08,516,98900,ggmap
2015-04-09,479,99379,ggmap
2015-04-10,376,99755,ggmap
2015-04-11,298,100053,ggmap
2015-04-12,308,100361,ggmap
2015-04-13,458,100819,ggmap
2015-04-14,721,101540,ggmap
2015-04-15,493,102033,ggmap
2015-04-16,578,102611,ggmap
2015-04-17,437,103048,ggmap
2015-04-18,346,103394,ggmap
2015-04-19,340,103734,ggmap
2015-04-20,569,104303,ggmap
2015-04-21,553,104856,ggmap
2015-04-22,601,105457,ggmap
2015-04-23,647,106104,ggmap
2015-04-24,556,106660,ggmap
2015-04-25,481,107141,ggmap
2015-04-26,523,107664,ggmap
2015-04-27,789,108453,ggmap
2015-04-28,499,108952,ggmap
2015-04-29,450,109402,ggmap
2015-04-30,441,109843,ggmap
2015-05-01,316,110159,ggmap
2015-05-02,241,110400,ggmap
2015-05-03,254,110654,ggmap
2015-05-04,370,111024,ggmap
2015-05-05,405,111429,ggmap
2015-05-06,374,111803,ggmap
2015-05-07,344,112147,ggmap
2015-05-08,342,112489,ggmap
2015-05-09,199,112688,ggmap
2015-05-10,225,112913,ggmap
2015-05-11,429,113342,ggmap
2015-05-12,636,113978,ggmap
2015-05-13,566,114544,ggmap
2015-05-14,473,115017,ggmap
2015-05-15,545,115562,ggmap
2015-05-16,242,115804,ggmap
2015-05-17,198,116002,ggmap
2015-05-18,405,116407,ggmap
2015-05-19,385,116792,ggmap
2015-05-20,424,117216,ggmap
2015-05-21,428,117644,ggmap
2015-05-22,465,118109,ggmap
2015-05-23,382,118491,ggmap
2015-05-24,283,118774,ggmap
2015-05-25,284,119058,ggmap
2015-05-26,424,119482,ggmap
2015-05-27,418,119900,ggmap
2015-05-28,436,120336,ggmap
2015-05-29,249,120585,ggmap
2015-05-30,167,120752,ggmap
2015-05-31,175,120927,ggmap
2015-06-01,293,121220,ggmap
2015-06-02,318,121538,ggmap
2015-06-03,373,121911,ggmap
2015-06-04,454,122365,ggmap
2015-06-05,422,122787,ggmap
2015-06-06,217,123004,ggmap
2015-06-07,200,123204,ggmap
2015-06-08,338,123542,ggmap
2015-06-09,379,123921,ggmap
2015-06-10,408,124329,ggmap
2015-06-11,432,124761,ggmap
2015-06-12,380,125141,ggmap
2015-06-13,260,125401,ggmap
2015-06-14,244,125645,ggmap
2015-06-15,437,126082,ggmap
2015-06-16,431,126513,ggmap
2015-06-17,400,126913,ggmap
2015-06-18,480,127393,ggmap
2015-06-19,330,127723,ggmap
2015-06-20,340,128063,ggmap
2015-06-21,246,128309,ggmap
2015-06-22,450,128759,ggmap
2015-06-23,459,129218,ggmap
2015-06-24,404,129622,ggmap
2015-06-25,466,130088,ggmap
2015-06-26,384,130472,ggmap
2015-06-27,251,130723,ggmap
2015-06-28,259,130982,ggmap
2015-06-29,449,131431,ggmap
2015-06-30,397,131828,ggmap
2015-07-01,447,132275,ggmap
2015-07-02,385,132660,ggmap
2015-07-03,283,132943,ggmap
2015-07-04,100,133043,ggmap
2015-07-05,156,133199,ggmap
2015-07-06,313,133512,ggmap
2015-07-07,416,133928,ggmap
2015-07-08,333,134261,ggmap
2015-07-09,350,134611,ggmap
2015-07-10,246,134857,ggmap
2015-07-11,178,135035,ggmap
2015-07-12,114,135149,ggmap
2015-07-13,225,135374,ggmap
2015-07-14,358,135732,ggmap
2015-07-15,374,136106,ggmap
2015-07-16,463,136569,ggmap
2015-07-17,307,136876,ggmap
2015-07-18,197,137073,ggmap
2015-07-19,217,137290,ggmap
2015-07-20,338,137628,ggmap
2015-07-21,383,138011,ggmap
2015-07-22,416,138427,ggmap
2015-07-23,436,138863,ggmap
2015-07-24,358,139221,ggmap
2015-07-25,232,139453,ggmap
2015-07-26,330,139783,ggmap
2015-07-27,524,140307,ggmap
2015-07-28,383,140690,ggmap
2015-07-29,377,141067,ggmap
2015-07-30,318,141385,ggmap
2015-07-31,265,141650,ggmap
2015-08-01,146,141796,ggmap
2015-08-02,136,141932,ggmap
2015-08-03,330,142262,ggmap
2015-08-04,315,142577,ggmap
2015-08-05,250,142827,ggmap
2015-08-06,280,143107,ggmap
2015-08-07,239,143346,ggmap
2015-08-08,124,143470,ggmap
2015-08-09,156,143626,ggmap
2015-08-10,245,143871,ggmap
2015-08-11,219,144090,ggmap
2015-08-12,296,144386,ggmap
2015-08-13,267,144653,ggmap
2015-08-14,223,144876,ggmap
2015-08-15,159,145035,ggmap
2015-08-16,135,145170,ggmap
2015-08-17,284,145454,ggmap
2015-08-18,335,145789,ggmap
2015-08-19,368,146157,ggmap
2015-08-20,301,146458,ggmap
2015-08-21,491,146949,ggmap
2015-08-22,285,147234,ggmap
2015-08-23,254,147488,ggmap
2015-08-24,542,148030,ggmap
2015-08-25,465,148495,ggmap
2015-08-26,477,148972,ggmap
2015-08-27,481,149453,ggmap
2015-08-28,432,149885,ggmap
2015-08-29,209,150094,ggmap
2015-08-30,206,150300,ggmap
2015-08-31,388,150688,ggmap
2015-09-01,447,151135,ggmap
2015-09-02,452,151587,ggmap
2015-09-03,412,151999,ggmap
2015-09-04,423,152422,ggmap
2015-09-05,174,152596,ggmap
2015-09-06,193,152789,ggmap
2015-09-07,315,153104,ggmap
2015-09-08,438,153542,ggmap
2015-09-09,487,154029,ggmap
2015-09-10,434,154463,ggmap
2015-09-11,366,154829,ggmap
2015-09-12,152,154981,ggmap
2015-09-13,173,155154,ggmap
2015-09-14,427,155581,ggmap
2015-09-15,468,156049,ggmap
2015-09-16,443,156492,ggmap
2015-09-17,467,156959,ggmap
2015-09-18,339,157298,ggmap
2015-09-19,202,157500,ggmap
2015-09-20,176,157676,ggmap
2015-09-21,444,158120,ggmap
2015-09-22,426,158546,ggmap
2015-09-23,523,159069,ggmap
2015-09-24,353,159422,ggmap
2015-09-25,409,159831,ggmap
2015-09-26,196,160027,ggmap
2015-09-27,187,160214,ggmap
2015-09-28,362,160576,ggmap
2015-09-29,392,160968,ggmap
2015-09-30,458,161426,ggmap
2015-10-01,508,161934,ggmap
2015-10-02,441,162375,ggmap
2015-10-03,271,162646,ggmap
2015-10-04,273,162919,ggmap
2015-10-05,550,163469,ggmap
2015-10-06,563,164032,ggmap
2015-10-07,483,164515,ggmap
2015-10-08,606,165121,ggmap
2015-10-09,417,165538,ggmap
2015-10-10,245,165783,ggmap
2015-10-11,213,165996,ggmap
2015-10-12,419,166415,ggmap
2015-10-13,515,166930,ggmap
2015-10-14,503,167433,ggmap
2015-10-15,495,167928,ggmap
2015-10-16,418,168346,ggmap
2015-10-17,250,168596,ggmap
2015-10-18,253,168849,ggmap
2015-10-19,553,169402,ggmap
2015-10-20,649,170051,ggmap
2015-10-21,531,170582,ggmap
2015-10-22,602,171184,ggmap
2015-10-23,494,171678,ggmap
2015-10-24,271,171949,ggmap
2015-10-25,259,172208,ggmap
2015-10-26,532,172740,ggmap
2015-10-27,540,173280,ggmap
2015-10-28,425,173705,ggmap
2015-10-29,620,174325,ggmap
2015-10-30,559,174884,ggmap
2015-10-31,244,175128,ggmap
2015-11-01,251,175379,ggmap
2015-11-02,527,175906,ggmap
2015-11-03,631,176537,ggmap
2015-11-04,689,177226,ggmap
2015-11-05,746,177972,ggmap
2015-11-06,703,178675,ggmap
2015-11-07,446,179121,ggmap
2015-11-08,459,179580,ggmap
2015-11-09,740,180320,ggmap
2015-11-10,572,180892,ggmap
2015-11-11,558,181450,ggmap
2015-11-12,726,182176,ggmap
2015-11-13,652,182828,ggmap
2015-11-14,376,183204,ggmap
2015-11-15,273,183477,ggmap
2015-11-16,579,184056,ggmap
2015-11-17,688,184744,ggmap
2015-11-18,573,185317,ggmap
2015-11-19,554,185871,ggmap
2015-11-20,515,186386,ggmap
2015-11-21,291,186677,ggmap
2015-11-22,253,186930,ggmap
2015-11-23,529,187459,ggmap
2015-11-24,515,187974,ggmap
2015-11-25,521,188495,ggmap
2015-11-26,501,188996,ggmap
2015-11-27,479,189475,ggmap
2015-11-28,307,189782,ggmap
2015-11-29,325,190107,ggmap
2015-11-30,564,190671,ggmap
2015-12-01,724,191395,ggmap
2015-12-02,551,191946,ggmap
2015-12-03,541,192487,ggmap
2015-12-04,476,192963,ggmap
2015-12-05,247,193210,ggmap
2015-12-06,239,193449,ggmap
2015-12-07,424,193873,ggmap
2015-12-08,420,194293,ggmap
2015-12-09,472,194765,ggmap
2015-12-10,554,195319,ggmap
2015-12-11,531,195850,ggmap
2015-12-12,353,196203,ggmap
2015-12-13,386,196589,ggmap
2015-12-14,454,197043,ggmap
2015-12-15,519,197562,ggmap
2015-12-16,472,198034,ggmap
2015-12-17,413,198447,ggmap
2015-12-18,375,198822,ggmap
2015-12-19,217,199039,ggmap
2015-12-20,370,199409,ggmap
2015-12-21,768,200177,ggmap
2015-12-22,692,200869,ggmap
2015-12-23,487,201356,ggmap
2015-12-24,321,201677,ggmap
2015-12-25,194,201871,ggmap
2015-12-26,174,202045,ggmap
2015-12-27,233,202278,ggmap
2015-12-28,360,202638,ggmap
2015-12-29,424,203062,ggmap
2015-12-30,372,203434,ggmap
2015-12-31,275,203709,ggmap
2016-01-01,185,203894,ggmap
2016-01-02,206,204100,ggmap
2016-01-03,205,204305,ggmap
2016-01-04,537,204842,ggmap
2016-01-05,515,205357,ggmap
2016-01-06,526,205883,ggmap
2016-01-07,528,206411,ggmap
2016-01-08,519,206930,ggmap
2016-01-09,271,207201,ggmap
2016-01-10,276,207477,ggmap
2016-01-11,573,208050,ggmap
2016-01-12,638,208688,ggmap
2016-01-13,726,209414,ggmap
2016-01-14,728,210142,ggmap
2016-01-15,601,210743,ggmap
2016-01-16,254,210997,ggmap
2016-01-17,253,211250,ggmap
2016-01-18,481,211731,ggmap
2016-01-19,643,212374,ggmap
2016-01-20,676,213050,ggmap
2016-01-21,765,213815,ggmap
2016-01-22,637,214452,ggmap
2016-01-23,552,215004,ggmap
2016-01-24,523,215527,ggmap
2016-01-25,945,216472,ggmap
2016-01-26,858,217330,ggmap
2016-01-27,775,218105,ggmap
2016-01-28,833,218938,ggmap
2016-01-29,657,219595,ggmap
2016-01-30,337,219932,ggmap
2016-01-31,327,220259,ggmap
2016-02-01,758,221017,ggmap
2016-02-02,846,221863,ggmap
2016-02-03,901,222764,ggmap
2016-02-04,845,223609,ggmap
2016-02-05,689,224298,ggmap
2016-02-06,368,224666,ggmap
2016-02-07,253,224919,ggmap
2016-02-08,588,225507,ggmap
2016-02-09,651,226158,ggmap
2016-02-10,660,226818,ggmap
2016-02-11,709,227527,ggmap
2016-02-12,650,228177,ggmap
2016-02-13,346,228523,ggmap
2016-02-14,309,228832,ggmap
2016-02-15,717,229549,ggmap
2016-02-16,704,230253,ggmap
2016-02-17,765,231018,ggmap
2016-02-18,660,231678,ggmap
2016-02-19,631,232309,ggmap
2016-02-20,331,232640,ggmap
2016-02-21,397,233037,ggmap
2016-02-22,717,233754,ggmap
2016-02-23,784,234538,ggmap
2016-02-24,806,235344,ggmap
2016-02-25,688,236032,ggmap
2016-02-26,819,236851,ggmap
2016-02-27,530,237381,ggmap
2016-02-28,373,237754,ggmap
2016-02-29,777,238531,ggmap
2016-03-01,840,239371,ggmap
2016-03-02,766,240137,ggmap
2016-03-03,690,240827,ggmap
2016-03-04,623,241450,ggmap
2016-03-05,403,241853,ggmap
2016-03-06,284,242137,ggmap
2016-03-07,686,242823,ggmap
2016-03-08,643,243466,ggmap
2016-03-09,672,244138,ggmap
2016-03-10,631,244769,ggmap
2016-03-11,624,245393,ggmap
2016-03-12,426,245819,ggmap
2016-03-13,420,246239,ggmap
2016-03-14,677,246916,ggmap
2016-03-15,770,247686,ggmap
2016-03-16,519,248205,ggmap
2016-03-17,501,248706,ggmap
2016-03-18,575,249281,ggmap
2016-03-19,326,249607,ggmap
2016-03-20,304,249911,ggmap
2016-03-21,738,250649,ggmap
2016-03-22,789,251438,ggmap
2016-03-23,955,252393,ggmap
2016-03-24,617,253010,ggmap
2016-03-25,530,253540,ggmap
2016-03-26,263,253803,ggmap
2016-03-27,256,254059,ggmap
2016-03-28,518,254577,ggmap
2016-03-29,745,255322,ggmap
2016-03-30,807,256129,ggmap
2016-03-31,963,257092,ggmap
2016-04-01,871,257963,ggmap
2016-04-02,350,258313,ggmap
2016-04-03,358,258671,ggmap
2016-04-04,702,259373,ggmap
2016-04-05,742,260115,ggmap
2016-04-06,935,261050,ggmap
2016-04-07,822,261872,ggmap
2016-04-08,646,262518,ggmap
2016-04-09,393,262911,ggmap
2016-04-10,381,263292,ggmap
2016-04-11,709,264001,ggmap
2016-04-12,628,264629,ggmap
2016-04-13,791,265420,ggmap
2016-04-14,641,266061,ggmap
2016-04-15,524,266585,ggmap
2016-04-16,409,266994,ggmap
2016-04-17,289,267283,ggmap
2016-04-18,602,267885,ggmap
2016-04-19,606,268491,ggmap
2016-04-20,682,269173,ggmap
2016-04-21,637,269810,ggmap
2016-04-22,574,270384,ggmap
2016-04-23,319,270703,ggmap
2016-04-24,268,270971,ggmap
2016-04-25,666,271637,ggmap
2016-04-26,658,272295,ggmap
2016-04-27,716,273011,ggmap
2016-04-28,638,273649,ggmap
2016-04-29,508,274157,ggmap
2016-04-30,328,274485,ggmap
2016-05-01,321,274806,ggmap
2016-05-02,551,275357,ggmap
2016-05-03,635,275992,ggmap
2016-05-04,644,276636,ggmap
2016-05-05,666,277302,ggmap
2016-05-06,528,277830,ggmap
2016-05-07,338,278168,ggmap
2016-05-08,297,278465,ggmap
2016-05-09,719,279184,ggmap
2016-05-10,727,279911,ggmap
2016-05-11,716,280627,ggmap
2016-05-12,701,281328,ggmap
2016-05-13,550,281878,ggmap
2016-05-14,330,282208,ggmap
2016-05-15,400,282608,ggmap
2016-05-16,570,283178,ggmap
2016-05-17,788,283966,ggmap
2016-05-18,729,284695,ggmap
2016-05-19,723,285418,ggmap
2016-05-20,733,286151,ggmap
2016-05-21,405,286556,ggmap
2016-05-22,329,286885,ggmap
2016-05-23,683,287568,ggmap
2016-05-24,808,288376,ggmap
2016-05-25,785,289161,ggmap
2016-05-26,759,289920,ggmap
2016-05-27,879,290799,ggmap
2016-05-28,401,291200,ggmap
2016-05-29,367,291567,ggmap
2016-05-30,650,292217,ggmap
2016-05-31,1224,293441,ggmap
2016-06-01,946,294387,ggmap
2016-06-02,983,295370,ggmap
2016-06-03,820,296190,ggmap
2016-06-04,581,296771,ggmap
2016-06-05,531,297302,ggmap
2016-06-06,1000,298302,ggmap
2016-06-07,854,299156,ggmap
2016-06-08,727,299883,ggmap
2016-06-09,752,300635,ggmap
2016-06-10,557,301192,ggmap
2016-06-11,398,301590,ggmap
2016-06-12,300,301890,ggmap
2016-06-13,654,302544,ggmap
2016-06-14,752,303296,ggmap
2016-06-15,625,303921,ggmap
2016-06-16,736,304657,ggmap
2016-06-17,560,305217,ggmap
2016-06-18,270,305487,ggmap
2016-06-19,320,305807,ggmap
2016-06-20,591,306398,ggmap
2016-06-21,662,307060,ggmap
2016-06-22,791,307851,ggmap
2016-06-23,964,308815,ggmap
2016-06-24,829,309644,ggmap
2016-06-25,348,309992,ggmap
2016-06-26,318,310310,ggmap
2016-06-27,840,311150,ggmap
2016-06-28,741,311891,ggmap
2016-06-29,641,312532,ggmap
2016-06-30,678,313210,ggmap
2016-07-01,496,313706,ggmap
2016-07-02,225,313931,ggmap
2016-07-03,198,314129,ggmap
2016-07-04,506,314635,ggmap
2016-07-05,628,315263,ggmap
2016-07-06,580,315843,ggmap
2016-07-07,581,316424,ggmap
2016-07-08,562,316986,ggmap
2016-07-09,273,317259,ggmap
2016-07-10,225,317484,ggmap
2016-07-11,538,318022,ggmap
2016-07-12,576,318598,ggmap
2016-07-13,595,319193,ggmap
2016-07-14,649,319842,ggmap
2016-07-15,586,320428,ggmap
2016-07-16,262,320690,ggmap
2016-07-17,255,320945,ggmap
2016-07-18,567,321512,ggmap
2016-07-19,614,322126,ggmap
2016-07-20,635,322761,ggmap
2016-07-21,645,323406,ggmap
2016-07-22,632,324038,ggmap
2016-07-23,304,324342,ggmap
2016-07-24,248,324590,ggmap
2016-07-25,659,325249,ggmap
2016-07-26,651,325900,ggmap
2016-07-27,574,326474,ggmap
2016-07-28,671,327145,ggmap
2016-07-29,538,327683,ggmap
2016-07-30,363,328046,ggmap
2016-07-31,346,328392,ggmap
2016-08-01,517,328909,ggmap
2016-08-02,670,329579,ggmap
2016-08-03,552,330131,ggmap
2016-08-04,583,330714,ggmap
2016-08-05,516,331230,ggmap
2016-08-06,228,331458,ggmap
2016-08-07,215,331673,ggmap
2016-08-08,525,332198,ggmap
2016-08-09,543,332741,ggmap
2016-08-10,601,333342,ggmap
2016-08-11,506,333848,ggmap
2016-08-12,544,334392,ggmap
2016-08-13,297,334689,ggmap
2016-08-14,317,335006,ggmap
2016-08-15,455,335461,ggmap
2016-08-16,953,336414,ggmap
2016-08-17,556,336970,ggmap
2016-08-18,730,337700,ggmap
2016-08-19,584,338284,ggmap
2016-08-20,295,338579,ggmap
2016-08-21,292,338871,ggmap
2016-08-22,592,339463,ggmap
2016-08-23,682,340145,ggmap
2016-08-24,573,340718,ggmap
2016-08-25,639,341357,ggmap
2016-08-26,601,341958,ggmap
2016-08-27,239,342197,ggmap
2016-08-28,248,342445,ggmap
2016-08-29,600,343045,ggmap
2016-08-30,542,343587,ggmap
2016-08-31,536,344123,ggmap
2016-09-01,545,344668,ggmap
2016-09-02,617,345285,ggmap
2016-09-03,327,345612,ggmap
2016-09-04,198,345810,ggmap
2016-09-05,596,346406,ggmap
2016-09-06,518,346924,ggmap
2016-09-07,670,347594,ggmap
2016-09-08,597,348191,ggmap
2016-09-09,561,348752,ggmap
2016-09-10,295,349047,ggmap
2016-09-11,322,349369,ggmap
2016-09-12,762,350131,ggmap
2016-09-13,725,350856,ggmap
2016-09-14,689,351545,ggmap
2016-09-15,829,352374,ggmap
2016-09-16,615,352989,ggmap
2016-09-17,293,353282,ggmap
2016-09-18,379,353661,ggmap
2016-09-19,704,354365,ggmap
2016-09-20,715,355080,ggmap
2016-09-21,669,355749,ggmap
2016-09-22,602,356351,ggmap
2016-09-23,635,356986,ggmap
2016-09-24,418,357404,ggmap
2016-09-25,313,357717,ggmap
2016-09-26,656,358373,ggmap
2016-09-27,626,358999,ggmap
2016-09-28,737,359736,ggmap
2016-09-29,767,360503,ggmap
2016-09-30,573,361076,ggmap
2016-10-01,323,361399,ggmap
2016-10-02,319,361718,ggmap
2016-10-03,820,362538,ggmap
2016-10-04,837,363375,ggmap
2016-10-05,814,364189,ggmap
2016-10-06,666,364855,ggmap
2016-10-07,721,365576,ggmap
2016-10-08,539,366115,ggmap
2016-10-09,426,366541,ggmap
2016-10-10,799,367340,ggmap
2016-10-11,1031,368371,ggmap
2016-10-12,944,369315,ggmap
2016-10-13,935,370250,ggmap
2016-10-14,744,370994,ggmap
2016-10-15,423,371417,ggmap
2016-10-16,519,371936,ggmap
2016-10-17,845,372781,ggmap
2016-10-18,968,373749,ggmap
2016-10-19,882,374631,ggmap
2016-10-20,1014,375645,ggmap
2016-10-21,838,376483,ggmap
2016-10-22,522,377005,ggmap
2016-10-23,414,377419,ggmap
2016-10-24,930,378349,ggmap
2016-10-25,890,379239,ggmap
2016-10-26,992,380231,ggmap
2016-10-27,1039,381270,ggmap
2016-10-28,915,382185,ggmap
2016-10-29,409,382594,ggmap
2016-10-30,386,382980,ggmap
2016-10-31,817,383797,ggmap
2016-11-01,889,384686,ggmap
2016-11-02,1287,385973,ggmap
2016-11-03,941,386914,ggmap
2016-11-04,764,387678,ggmap
2016-11-05,516,388194,ggmap
2016-11-06,436,388630,ggmap
2016-11-07,1118,389748,ggmap
2016-11-08,1130,390878,ggmap
2016-11-09,1156,392034,ggmap
2016-11-10,1516,393550,ggmap
2016-11-11,1236,394786,ggmap
2016-11-12,725,395511,ggmap
2016-11-13,581,396092,ggmap
2016-11-14,1343,397435,ggmap
2016-11-15,1512,398947,ggmap
2016-11-16,1326,400273,ggmap
2016-11-17,1278,401551,ggmap
2016-11-18,1040,402591,ggmap
2016-11-19,535,403126,ggmap
2016-11-20,511,403637,ggmap
2016-11-21,1031,404668,ggmap
2016-11-22,1025,405693,ggmap
2016-11-23,870,406563,ggmap
2016-11-24,786,407349,ggmap
2016-11-25,846,408195,ggmap
2016-11-26,548,408743,ggmap
2016-11-27,652,409395,ggmap
2016-11-28,1125,410520,ggmap
2016-11-29,1248,411768,ggmap
2016-11-30,1342,413110,ggmap
2016-12-01,1146,414256,ggmap
2016-12-02,1022,415278,ggmap
2016-12-03,597,415875,ggmap
2016-12-04,574,416449,ggmap
2016-12-05,1007,417456,ggmap
2016-12-06,1269,418725,ggmap
2016-12-07,1053,419778,ggmap
2016-12-08,1097,420875,ggmap
2016-12-09,1037,421912,ggmap
2016-12-10,550,422462,ggmap
2016-12-11,613,423075,ggmap
2016-12-12,959,424034,ggmap
2016-12-13,1058,425092,ggmap
2016-12-14,929,426021,ggmap
2016-12-15,977,426998,ggmap
2016-12-16,688,427686,ggmap
2016-12-17,455,428141,ggmap
2016-12-18,385,428526,ggmap
2016-12-19,668,429194,ggmap
2016-12-20,704,429898,ggmap
2016-12-21,650,430548,ggmap
2016-12-22,696,431244,ggmap
2016-12-23,526,431770,ggmap
2016-12-24,262,432032,ggmap
2016-12-25,205,432237,ggmap
2016-12-26,399,432636,ggmap
2016-12-27,546,433182,ggmap
2016-12-28,501,433683,ggmap
2016-12-29,427,434110,ggmap
2016-12-30,407,434517,ggmap
2016-12-31,246,434763,ggmap
2017-01-01,251,435014,ggmap
2017-01-02,421,435435,ggmap
2017-01-03,716,436151,ggmap
2017-01-04,716,436867,ggmap
2017-01-05,838,437705,ggmap
2017-01-06,602,438307,ggmap
2017-01-07,469,438776,ggmap
2017-01-08,365,439141,ggmap
2017-01-09,674,439815,ggmap
2017-01-10,871,440686,ggmap
2017-01-11,793,441479,ggmap
2017-01-12,915,442394,ggmap
2017-01-13,833,443227,ggmap
2017-01-14,423,443650,ggmap
2017-01-15,419,444069,ggmap
2017-01-16,890,444959,ggmap
2017-01-17,1003,445962,ggmap
2017-01-18,1052,447014,ggmap
2017-01-19,1190,448204,ggmap
2017-01-20,810,449014,ggmap
2017-01-21,397,449411,ggmap
2017-01-22,471,449882,ggmap
2017-01-23,897,450779,ggmap
2017-01-24,964,451743,ggmap
2017-01-25,813,452556,ggmap
2017-01-26,798,453354,ggmap
2017-01-27,781,454135,ggmap
2017-01-28,440,454575,ggmap
2017-01-29,432,455007,ggmap
2017-01-30,1013,456020,ggmap
2017-01-31,945,456965,ggmap
2017-02-01,845,457810,ggmap
2017-02-02,754,458564,ggmap
2017-02-03,839,459403,ggmap
2017-02-04,496,459899,ggmap
2017-02-05,436,460335,ggmap
2017-02-06,821,461156,ggmap
2017-02-07,991,462147,ggmap
2017-02-08,1166,463313,ggmap
2017-02-09,1096,464409,ggmap
2017-02-10,885,465294,ggmap
2017-02-11,421,465715,ggmap
2017-02-12,428,466143,ggmap
2017-02-13,1074,467217,ggmap
2017-02-14,1020,468237,ggmap
2017-02-15,1170,469407,ggmap
2017-02-16,1219,470626,ggmap
2017-02-17,873,471499,ggmap
2017-02-18,485,471984,ggmap
2017-02-19,505,472489,ggmap
2017-02-20,963,473452,ggmap
2017-02-21,1134,474586,ggmap
2017-02-22,1139,475725,ggmap
2017-02-23,965,476690,ggmap
2017-02-24,1023,477713,ggmap
2017-02-25,465,478178,ggmap
2017-02-26,452,478630,ggmap
2017-02-27,968,479598,ggmap
2017-02-28,995,480593,ggmap
2017-03-01,603,481196,ggmap
2017-03-02,1302,482498,ggmap
2017-03-03,939,483437,ggmap
2017-03-04,565,484002,ggmap
2017-03-05,584,484586,ggmap
2017-03-06,1169,485755,ggmap
2017-03-07,1291,487046,ggmap
2017-03-08,1269,488315,ggmap
2017-03-09,1483,489798,ggmap
2017-03-10,1226,491024,ggmap
2017-03-11,633,491657,ggmap
2017-03-12,674,492331,ggmap
2017-03-13,1343,493674,ggmap
2017-03-14,1200,494874,ggmap
2017-03-15,1400,496274,ggmap
2017-03-16,1105,497379,ggmap
2017-03-17,932,498311,ggmap
2017-03-18,559,498870,ggmap
2017-03-19,617,499487,ggmap
2017-03-20,1202,500689,ggmap
2017-03-21,1539,502228,ggmap
2017-03-22,1371,503599,ggmap
2017-03-23,1113,504712,ggmap
2017-03-24,995,505707,ggmap
2017-03-25,636,506343,ggmap
2017-03-26,602,506945,ggmap
2017-03-27,1151,508096,ggmap
2017-03-28,1260,509356,ggmap
2017-03-29,1665,511021,ggmap
2017-03-30,1344,512365,ggmap
2017-03-31,1036,513401,ggmap
2017-04-01,670,514071,ggmap
2017-04-02,639,514710,ggmap
2017-04-03,1380,516090,ggmap
2017-04-04,1280,517370,ggmap
2017-04-05,1386,518756,ggmap
2017-04-06,1269,520025,ggmap
2017-04-07,1042,521067,ggmap
2017-04-08,760,521827,ggmap
2017-04-09,822,522649,ggmap
2017-04-10,2140,524789,ggmap
2017-04-11,1881,526670,ggmap
2017-04-12,1581,528251,ggmap
2017-04-13,1520,529771,ggmap
2017-04-14,1101,530872,ggmap
2017-04-15,526,531398,ggmap
2017-04-16,554,531952,ggmap
2017-04-17,1171,533123,ggmap
2017-04-18,1506,534629,ggmap
2017-04-19,1416,536045,ggmap
2017-04-20,1337,537382,ggmap
2017-04-21,1183,538565,ggmap
2017-04-22,654,539219,ggmap
2017-04-23,729,539948,ggmap
2017-04-24,1553,541501,ggmap
2017-04-25,1860,543361,ggmap
2017-04-26,1572,544933,ggmap
2017-04-27,1637,546570,ggmap
2017-04-28,1030,547600,ggmap
2017-04-29,683,548283,ggmap
2017-04-30,586,548869,ggmap
2017-05-01,1105,549974,ggmap
2017-05-02,1487,551461,ggmap
2017-05-03,1340,552801,ggmap
2017-05-04,1112,553913,ggmap
2017-05-05,1007,554920,ggmap
2017-05-06,652,555572,ggmap
2017-05-07,592,556164,ggmap
2017-05-08,1611,557775,ggmap
2017-05-09,1261,559036,ggmap
2017-05-10,1445,560481,ggmap
2017-05-11,1081,561562,ggmap
2017-05-12,999,562561,ggmap
2017-05-13,592,563153,ggmap
2017-05-14,568,563721,ggmap
2017-05-15,1225,564946,ggmap
2017-05-16,1223,566169,ggmap
2017-05-17,1412,567581,ggmap
2017-05-18,1049,568630,ggmap
2017-05-19,1021,569651,ggmap
2017-05-20,622,570273,ggmap
2017-05-21,614,570887,ggmap
2017-05-22,1182,572069,ggmap
2017-05-23,1488,573557,ggmap
2017-05-24,1233,574790,ggmap
2017-05-25,1072,575862,ggmap
2017-05-26,965,576827,ggmap
2017-05-27,473,577300,ggmap
2017-05-28,519,577819,ggmap
2017-05-29,810,578629,ggmap
2017-05-30,1217,579846,ggmap
2017-05-31,1113,580959,ggmap
2017-06-01,958,581917,ggmap
2017-06-02,887,582804,ggmap
2017-06-03,483,583287,ggmap
2017-06-04,455,583742,ggmap
2017-06-05,944,584686,ggmap
2017-06-06,1142,585828,ggmap
2017-06-07,1207,587035,ggmap
2017-06-08,1237,588272,ggmap
2017-06-09,909,589181,ggmap
2017-06-10,487,589668,ggmap
2017-06-11,473,590141,ggmap
2017-06-12,943,591084,ggmap
2017-06-13,1053,592137,ggmap
2017-06-14,1058,593195,ggmap
2017-06-15,1133,594328,ggmap
2017-06-16,758,595086,ggmap
2017-06-17,469,595555,ggmap
2017-06-18,371,595926,ggmap
2017-06-19,1134,597060,ggmap
2017-06-20,933,597993,ggmap
2017-06-21,1037,599030,ggmap
2017-06-22,926,599956,ggmap
2017-06-23,744,600700,ggmap
2017-06-24,488,601188,ggmap
2017-06-25,325,601513,ggmap
2017-06-26,802,602315,ggmap
2017-06-27,978,603293,ggmap
2017-06-28,984,604277,ggmap
2017-06-29,913,605190,ggmap
2017-06-30,808,605998,ggmap
2017-07-01,338,606336,ggmap
2017-07-02,336,606672,ggmap
2017-07-03,893,607565,ggmap
2017-07-04,756,608321,ggmap
2017-07-05,918,609239,ggmap
2017-07-06,907,610146,ggmap
2017-07-07,860,611006,ggmap
2017-07-08,354,611360,ggmap
2017-07-09,376,611736,ggmap
2017-07-10,898,612634,ggmap
2017-07-11,990,613624,ggmap
2017-07-12,935,614559,ggmap
2017-07-13,1015,615574,ggmap
2017-07-14,772,616346,ggmap
2017-07-15,368,616714,ggmap
2017-07-16,391,617105,ggmap
2017-07-17,967,618072,ggmap
2017-07-18,998,619070,ggmap
2017-07-19,1183,620253,ggmap
2017-07-20,965,621218,ggmap
2017-07-21,849,622067,ggmap
2017-07-22,490,622557,ggmap
2017-07-23,511,623068,ggmap
2017-07-24,989,624057,ggmap
2017-07-25,921,624978,ggmap
2017-07-26,1005,625983,ggmap
2017-07-27,1067,627050,ggmap
2017-07-28,929,627979,ggmap
2017-07-29,564,628543,ggmap
2017-07-30,486,629029,ggmap
2017-07-31,946,629975,ggmap
2017-08-01,984,630959,ggmap
2017-08-02,848,631807,ggmap
2017-08-03,931,632738,ggmap
2017-08-04,828,633566,ggmap
2017-08-05,354,633920,ggmap
2017-08-06,383,634303,ggmap
2017-08-07,909,635212,ggmap
2017-08-08,853,636065,ggmap
2017-08-09,849,636914,ggmap
2017-08-10,922,637836,ggmap
2017-08-11,856,638692,ggmap
2017-08-12,384,639076,ggmap
2017-08-13,363,639439,ggmap
2017-08-14,776,640215,ggmap
2017-08-15,690,640905,ggmap
2017-08-16,861,641766,ggmap
2017-08-17,797,642563,ggmap
2017-08-18,677,643240,ggmap
2017-08-19,301,643541,ggmap
2017-08-20,349,643890,ggmap
2017-08-21,779,644669,ggmap
2017-08-22,840,645509,ggmap
2017-08-23,905,646414,ggmap
2017-08-24,786,647200,ggmap
2017-08-25,661,647861,ggmap
2017-08-26,326,648187,ggmap
2017-08-27,308,648495,ggmap
2017-08-28,1021,649516,ggmap
2017-08-29,826,650342,ggmap
2017-08-30,905,651247,ggmap
2017-08-31,1100,652347,ggmap
2017-09-01,816,653163,ggmap
2017-09-02,424,653587,ggmap
2017-09-03,332,653919,ggmap
2017-09-04,729,654648,ggmap
2017-09-05,924,655572,ggmap
2017-09-06,1035,656607,ggmap
2017-09-07,966,657573,ggmap
2017-09-08,722,658295,ggmap
2017-09-09,295,658590,ggmap
2017-09-10,354,658944,ggmap
2017-09-11,947,659891,ggmap
2017-09-12,989,660880,ggmap
2017-09-13,1193,662073,ggmap
2017-09-14,1040,663113,ggmap
2017-09-15,983,664096,ggmap
2017-09-16,574,664670,ggmap
2017-09-17,471,665141,ggmap
2017-09-18,971,666112,ggmap
2017-09-19,1151,667263,ggmap
2017-09-20,1436,668699,ggmap
2017-09-21,1102,669801,ggmap
2017-09-22,879,670680,ggmap
2017-09-23,504,671184,ggmap
2017-09-24,556,671740,ggmap
2017-09-25,1119,672859,ggmap
2017-09-26,1180,674039,ggmap
2017-09-27,1145,675184,ggmap
2017-09-28,1058,676242,ggmap
2017-09-29,919,677161,ggmap
2017-09-30,465,677626,ggmap
2017-10-01,407,678033,ggmap
2017-10-02,1027,679060,ggmap
2017-10-03,1089,680149,ggmap
2017-10-04,1180,681329,ggmap
2017-10-05,994,682323,ggmap
2017-10-06,860,683183,ggmap
2017-10-07,423,683606,ggmap
2017-10-08,464,684070,ggmap
2017-10-09,933,685003,ggmap
2017-10-10,1384,686387,ggmap
2017-10-11,1307,687694,ggmap
2017-10-12,1219,688913,ggmap
2017-10-13,1084,689997,ggmap
2017-10-14,388,690385,ggmap
2017-10-15,499,690884,ggmap
2017-10-16,1204,692088,ggmap
2017-10-17,1360,693448,ggmap
2017-10-18,1264,694712,ggmap
2017-10-19,1413,696125,ggmap
2017-10-20,1048,697173,ggmap
2017-10-21,477,697650,ggmap
2017-10-22,642,698292,ggmap
2017-10-23,1271,699563,ggmap
2017-10-24,1603,701166,ggmap
2017-10-25,1296,702462,ggmap
2017-10-26,1420,703882,ggmap
2017-10-27,1296,705178,ggmap
2017-10-28,624,705802,ggmap
2017-10-29,418,706220,ggmap
2017-10-30,1183,707403,ggmap
2017-10-31,1235,708638,ggmap
2017-11-01,1075,709713,ggmap
2017-11-02,1325,711038,ggmap
2017-11-03,926,711964,ggmap
2017-11-04,557,712521,ggmap
2017-11-05,636,713157,ggmap
2017-11-06,1278,714435,ggmap
2017-11-07,1398,715833,ggmap
2017-11-08,1458,717291,ggmap
2017-11-09,1300,718591,ggmap
2017-11-10,984,719575,ggmap
2017-11-11,727,720302,ggmap
2017-11-12,672,720974,ggmap
2017-11-13,1504,722478,ggmap
2017-11-14,1654,724132,ggmap
2017-11-15,1471,725603,ggmap
2017-11-16,1469,727072,ggmap
2017-11-17,1335,728407,ggmap
2017-11-18,731,729138,ggmap
2017-11-19,570,729708,ggmap
2017-11-20,1660,731368,ggmap
2017-11-21,1490,732858,ggmap
2017-11-22,1181,734039,ggmap
2017-11-23,1116,735155,ggmap
2017-11-24,877,736032,ggmap
2017-11-25,502,736534,ggmap
2017-11-26,666,737200,ggmap
2017-11-27,1512,738712,ggmap
2017-11-28,2001,740713,ggmap
2017-11-29,1794,742507,ggmap
2017-11-30,1436,743943,ggmap
2017-12-01,1140,745083,ggmap
2017-12-02,828,745911,ggmap
2017-12-03,807,746718,ggmap
2017-12-04,1334,748052,ggmap
2017-12-05,1462,749514,ggmap
2017-12-06,1252,750766,ggmap
2017-12-07,1383,752149,ggmap
2017-12-08,1142,753291,ggmap
2017-12-09,632,753923,ggmap
2017-12-10,539,754462,ggmap
2017-12-11,1193,755655,ggmap
2017-12-12,1125,756780,ggmap
2017-12-13,1167,757947,ggmap
2017-12-14,1166,759113,ggmap
2017-12-15,865,759978,ggmap
2017-12-16,500,760478,ggmap
2017-12-17,492,760970,ggmap
2017-12-18,1080,762050,ggmap
2017-12-19,1121,763171,ggmap
2017-12-20,1260,764431,ggmap
2017-12-21,1023,765454,ggmap
2017-12-22,741,766195,ggmap
2017-12-23,444,766639,ggmap
2017-12-24,361,767000,ggmap
2017-12-25,377,767377,ggmap
2017-12-26,502,767879,ggmap
2017-12-27,678,768557,ggmap
2017-12-28,628,769185,ggmap
2017-12-29,621,769806,ggmap
2017-12-30,418,770224,ggmap
2017-12-31,364,770588,ggmap
2018-01-01,333,770921,ggmap
2018-01-02,672,771593,ggmap
2018-01-03,940,772533,ggmap
2018-01-04,866,773399,ggmap
2018-01-05,715,774114,ggmap
2018-01-06,442,774556,ggmap
2018-01-07,441,774997,ggmap
2018-01-08,789,775786,ggmap
2018-01-09,930,776716,ggmap
2018-01-10,1324,778040,ggmap
2018-01-11,1077,779117,ggmap
2018-01-12,848,779965,ggmap
2018-01-13,385,780350,ggmap
2018-01-14,401,780751,ggmap
2018-01-15,906,781657,ggmap
2018-01-16,1142,782799,ggmap
2018-01-17,1174,783973,ggmap
2018-01-18,1055,785028,ggmap
2018-01-19,1088,786116,ggmap
2018-01-20,785,786901,ggmap
2018-01-21,826,787727,ggmap
2018-01-22,1290,789017,ggmap
2018-01-23,1160,790177,ggmap
2018-01-24,1007,791184,ggmap
2018-01-25,1057,792241,ggmap
2018-01-26,742,792983,ggmap
2018-01-27,524,793507,ggmap
2018-01-28,412,793919,ggmap
2018-01-29,776,794695,ggmap
2018-01-30,892,795587,ggmap
2018-01-31,1117,796704,ggmap
2018-02-01,968,797672,ggmap
2018-02-02,820,798492,ggmap
2018-02-03,567,799059,ggmap
2018-02-04,403,799462,ggmap
2018-02-05,1072,800534,ggmap
2018-02-06,1001,801535,ggmap
2018-02-07,1051,802586,ggmap
2018-02-08,1075,803661,ggmap
2018-02-09,1019,804680,ggmap
2018-02-10,506,805186,ggmap
2018-02-11,463,805649,ggmap
2018-02-12,1091,806740,ggmap
2018-02-13,1130,807870,ggmap
2018-02-14,1008,808878,ggmap
2018-02-15,1032,809910,ggmap
2018-02-16,770,810680,ggmap
2018-02-17,420,811100,ggmap
2018-02-18,484,811584,ggmap
2018-02-19,994,812578,ggmap
2018-02-20,1114,813692,ggmap
2018-02-21,1019,814711,ggmap
2018-02-22,948,815659,ggmap
2018-02-23,952,816611,ggmap
2018-02-24,551,817162,ggmap
2018-02-25,510,817672,ggmap
2018-02-26,1118,818790,ggmap
2018-02-27,1134,819924,ggmap
2018-02-28,1341,821265,ggmap
2018-03-01,1223,822488,ggmap
2018-03-02,979,823467,ggmap
2018-03-03,606,824073,ggmap
2018-03-04,609,824682,ggmap
2018-03-05,1223,825905,ggmap
2018-03-06,1152,827057,ggmap
2018-03-07,1229,828286,ggmap
2018-03-08,1437,829723,ggmap
2018-03-09,1072,830795,ggmap
2018-03-10,601,831396,ggmap
2018-03-11,572,831968,ggmap
2018-03-12,1391,833359,ggmap
2018-03-13,1520,834879,ggmap
2018-03-14,1432,836311,ggmap
2018-03-15,1225,837536,ggmap
2018-03-16,1333,838869,ggmap
2018-03-17,683,839552,ggmap
2018-03-18,775,840327,ggmap
2018-03-19,1260,841587,ggmap
2018-03-20,1337,842924,ggmap
2018-03-21,1303,844227,ggmap
2018-03-22,1365,845592,ggmap
2018-03-23,1121,846713,ggmap
2018-03-24,790,847503,ggmap
2018-03-25,688,848191,ggmap
2018-03-26,1245,849436,ggmap
2018-03-27,1450,850886,ggmap
2018-03-28,1413,852299,ggmap
2018-03-29,1558,853857,ggmap
2018-03-30,1232,855089,ggmap
2018-03-31,777,855866,ggmap
2018-04-01,721,856587,ggmap
2018-04-02,1253,857840,ggmap
2018-04-03,1486,859326,ggmap
2018-04-04,1517,860843,ggmap
2018-04-05,1518,862361,ggmap
2018-04-06,1367,863728,ggmap
2018-04-07,1107,864835,ggmap
2018-04-08,953,865788,ggmap
2018-04-09,1756,867544,ggmap
2018-04-10,1947,869491,ggmap
2018-04-11,1702,871193,ggmap
2018-04-12,1646,872839,ggmap
2018-04-13,1295,874134,ggmap
2018-04-14,880,875014,ggmap
2018-04-15,930,875944,ggmap
2018-04-16,1697,877641,ggmap
2018-04-17,1810,879451,ggmap
2018-04-18,1568,881019,ggmap
2018-04-19,1702,882721,ggmap
2018-04-20,1370,884091,ggmap
2018-04-21,773,884864,ggmap
2018-04-22,919,885783,ggmap
2018-04-23,1841,887624,ggmap
2018-04-24,1887,889511,ggmap
2018-04-25,2048,891559,ggmap
2018-04-26,1664,893223,ggmap
2018-04-27,2247,895470,ggmap
2018-04-28,2177,897647,ggmap
2018-04-29,2229,899876,ggmap
2018-04-30,2700,902576,ggmap
2018-05-01,1652,904228,ggmap
2018-05-02,2144,906372,ggmap
2018-05-03,1746,908118,ggmap
2018-05-04,1751,909869,ggmap
2018-05-05,888,910757,ggmap
2018-05-06,926,911683,ggmap
2018-05-07,1523,913206,ggmap
2018-05-08,1593,914799,ggmap
2018-05-09,1892,916691,ggmap
2018-05-10,1304,917995,ggmap
2018-05-11,1414,919409,ggmap
2018-05-12,815,920224,ggmap
2018-05-13,765,920989,ggmap
2018-05-14,1359,922348,ggmap
2018-05-15,1548,923896,ggmap
2018-05-16,1488,925384,ggmap
2018-05-17,1409,926793,ggmap
2018-05-18,1227,928020,ggmap
2018-05-19,747,928767,ggmap
2018-05-20,736,929503,ggmap
2018-05-21,1395,930898,ggmap
2018-05-22,1400,932298,ggmap
2018-05-23,1432,933730,ggmap
2018-05-24,1681,935411,ggmap
2018-05-25,1370,936781,ggmap
2018-05-26,762,937543,ggmap
2018-05-27,706,938249,ggmap
2018-05-28,1342,939591,ggmap
2018-05-29,1686,941277,ggmap
2018-05-30,1438,942715,ggmap
2018-05-31,1544,944259,ggmap
2018-06-01,1285,945544,ggmap
2018-06-02,775,946319,ggmap
2018-06-03,845,947164,ggmap
2018-06-04,1671,948835,ggmap
2018-06-05,1429,950264,ggmap
2018-06-06,1198,951462,ggmap
2018-06-07,1231,952693,ggmap
2018-06-08,1120,953813,ggmap
2018-06-09,598,954411,ggmap
2018-06-10,539,954950,ggmap
2018-06-11,1176,956126,ggmap
2018-06-12,1500,957626,ggmap
2018-06-13,1205,958831,ggmap
2018-06-14,1170,960001,ggmap
2018-06-15,949,960950,ggmap
2018-06-16,538,961488,ggmap
2018-06-17,475,961963,ggmap
2018-06-18,1166,963129,ggmap
2018-06-19,1130,964259,ggmap
2018-06-20,1178,965437,ggmap
2018-06-21,1088,966525,ggmap
2018-06-22,845,967370,ggmap
2018-06-23,463,967833,ggmap
2018-06-24,478,968311,ggmap
2018-06-25,992,969303,ggmap
2018-06-26,1247,970550,ggmap
2018-06-27,1058,971608,ggmap
2018-06-28,1112,972720,ggmap
2018-06-29,875,973595,ggmap
2018-06-30,411,974006,ggmap
2018-07-01,396,974402,ggmap
2018-07-02,1030,975432,ggmap
2018-07-03,1098,976530,ggmap
2018-07-04,1071,977601,ggmap
2018-07-05,1326,978927,ggmap
2018-07-06,1387,980314,ggmap
2018-07-07,757,981071,ggmap
2018-07-08,660,981731,ggmap
2018-07-09,1309,983040,ggmap
2018-07-10,1433,984473,ggmap
2018-07-11,1144,985617,ggmap
2018-07-12,1163,986780,ggmap
2018-07-13,973,987753,ggmap
2018-07-14,496,988249,ggmap
2018-07-15,467,988716,ggmap
2018-07-16,1051,989767,ggmap
2018-07-17,1162,990929,ggmap
2018-07-18,1187,992116,ggmap
2018-07-19,1121,993237,ggmap
2018-07-20,937,994174,ggmap
2018-07-21,420,994594,ggmap
2018-07-22,493,995087,ggmap
2018-07-23,1156,996243,ggmap
2018-07-24,1159,997402,ggmap
2018-07-25,1365,998767,ggmap
2018-07-26,1136,999903,ggmap
2018-07-27,1129,1001032,ggmap
2018-07-28,557,1001589,ggmap
2018-07-29,482,1002071,ggmap
2018-07-30,1028,1003099,ggmap
2018-07-31,1093,1004192,ggmap
2018-08-01,1178,1005370,ggmap
2018-08-02,1057,1006427,ggmap
2018-08-03,920,1007347,ggmap
2018-08-04,453,1007800,ggmap
2018-08-05,462,1008262,ggmap
2018-08-06,942,1009204,ggmap
2018-08-07,945,1010149,ggmap
2018-08-08,1114,1011263,ggmap
2018-08-09,1168,1012431,ggmap
2018-08-10,966,1013397,ggmap
2018-08-11,430,1013827,ggmap
2018-08-12,390,1014217,ggmap
2018-08-13,1017,1015234,ggmap
2018-08-14,1107,1016341,ggmap
2018-08-15,903,1017244,ggmap
2018-08-16,1103,1018347,ggmap
2018-08-17,884,1019231,ggmap
2018-08-18,549,1019780,ggmap
2018-08-19,477,1020257,ggmap
2018-08-20,1144,1021401,ggmap
2018-08-21,997,1022398,ggmap
2018-08-22,1142,1023540,ggmap
2018-08-23,1133,1024673,ggmap
2018-08-24,1075,1025748,ggmap
2018-08-25,547,1026295,ggmap
2018-08-26,439,1026734,ggmap
2018-08-27,1207,1027941,ggmap
2018-08-28,1055,1028996,ggmap
2018-08-29,1478,1030474,ggmap
2018-08-30,1208,1031682,ggmap
2018-08-31,1055,1032737,ggmap
2018-09-01,711,1033448,ggmap
2018-09-02,708,1034156,ggmap
2018-09-03,904,1035060,ggmap
2018-09-04,1235,1036295,ggmap
2018-09-05,1229,1037524,ggmap
2018-09-06,1367,1038891,ggmap
2018-09-07,1011,1039902,ggmap
2018-09-08,684,1040586,ggmap
2018-09-09,509,1041095,ggmap
2018-09-10,1241,1042336,ggmap
2018-09-11,1418,1043754,ggmap
2018-09-12,1694,1045448,ggmap
2018-09-13,1406,1046854,ggmap
2018-09-14,1140,1047994,ggmap
2018-09-15,869,1048863,ggmap
2018-09-16,811,1049674,ggmap
2018-09-17,2036,1051710,ggmap
2018-09-18,1800,1053510,ggmap
2018-09-19,1934,1055444,ggmap
2018-09-20,1665,1057109,ggmap
2018-09-21,1518,1058627,ggmap
2018-09-22,833,1059460,ggmap
2018-09-23,797,1060257,ggmap
2018-09-24,1306,1061563,ggmap
2018-09-25,1523,1063086,ggmap
2018-09-26,1584,1064670,ggmap
2018-09-27,1604,1066274,ggmap
2018-09-28,1342,1067616,ggmap
2018-09-29,937,1068553,ggmap
2018-09-30,771,1069324,ggmap
2018-10-01,1419,1070743,ggmap
2018-10-02,1755,1072498,ggmap
2018-10-03,1757,1074255,ggmap
2018-10-04,1676,1075931,ggmap
2018-10-05,1597,1077528,ggmap
2018-10-06,807,1078335,ggmap
2018-10-07,776,1079111,ggmap
2018-10-08,1907,1081018,ggmap
2018-10-09,1712,1082730,ggmap
2018-10-10,2222,1084952,ggmap
2018-10-11,2093,1087045,ggmap
2018-10-12,1484,1088529,ggmap
2018-10-13,903,1089432,ggmap
2018-10-14,812,1090244,ggmap
2018-10-15,1994,1092238,ggmap
2018-10-16,1799,1094037,ggmap
2018-10-17,1971,1096008,ggmap
2018-10-18,1888,1097896,ggmap
2018-10-19,1454,1099350,ggmap
2018-10-20,908,1100258,ggmap
2018-10-21,836,1101094,ggmap
2018-10-22,1867,1102961,ggmap
2018-10-23,1867,1104828,ggmap
2018-10-24,1990,1106818,ggmap
2018-10-25,1684,1108502,ggmap
2018-10-26,1671,1110173,ggmap
2018-10-27,909,1111082,ggmap
2018-10-28,830,1111912,ggmap
2018-10-29,1575,1113487,ggmap
2018-10-30,1890,1115377,ggmap
2018-10-31,1794,1117171,ggmap
2018-11-01,1517,1118688,ggmap
2018-11-02,1520,1120208,ggmap
2018-11-03,979,1121187,ggmap
2018-11-04,896,1122083,ggmap
2018-11-05,1691,1123774,ggmap
2018-11-06,1966,1125740,ggmap
2018-11-07,1698,1127438,ggmap
2018-11-08,1734,1129172,ggmap
2018-11-09,1500,1130672,ggmap
2018-11-10,953,1131625,ggmap
2018-11-11,994,1132619,ggmap
2018-11-12,1899,1134518,ggmap
2018-11-13,2497,1137015,ggmap
2018-11-14,2315,1139330,ggmap
2018-11-15,1642,1140972,ggmap
2018-11-16,1529,1142501,ggmap
2018-11-17,1005,1143506,ggmap
2018-11-18,876,1144382,ggmap
2018-11-19,1577,1145959,ggmap
2018-11-20,1801,1147760,ggmap
2018-11-21,1713,1149473,ggmap
2018-11-22,1523,1150996,ggmap
2018-11-23,1320,1152316,ggmap
2018-11-24,1012,1153328,ggmap
2018-11-25,1036,1154364,ggmap
2018-11-26,1625,1155989,ggmap
2018-11-27,1905,1157894,ggmap
2018-11-28,1813,1159707,ggmap
2018-11-29,1732,1161439,ggmap
2018-11-30,1583,1163022,ggmap
2018-12-01,1131,1164153,ggmap
2018-12-02,1098,1165251,ggmap
2018-12-03,1947,1167198,ggmap
2018-12-04,1930,1169128,ggmap
2018-12-05,1877,1171005,ggmap
2018-12-06,1631,1172636,ggmap
2018-12-07,1206,1173842,ggmap
2018-12-08,853,1174695,ggmap
2018-12-09,755,1175450,ggmap
2018-12-10,1420,1176870,ggmap
2018-12-11,1350,1178220,ggmap
2018-12-12,1283,1179503,ggmap
2018-12-13,1341,1180844,ggmap
2018-12-14,1072,1181916,ggmap
2018-12-15,830,1182746,ggmap
2018-12-16,518,1183264,ggmap
2018-12-17,1001,1184265,ggmap
2018-12-18,1296,1185561,ggmap
2018-12-19,1184,1186745,ggmap
2018-12-20,919,1187664,ggmap
2018-12-21,798,1188462,ggmap
2018-12-22,463,1188925,ggmap
2018-12-23,415,1189340,ggmap
2018-12-24,477,1189817,ggmap
2018-12-25,393,1190210,ggmap
2018-12-26,558,1190768,ggmap
2018-12-27,768,1191536,ggmap
2018-12-28,623,1192159,ggmap
2018-12-29,475,1192634,ggmap
2018-12-30,420,1193054,ggmap
2018-12-31,445,1193499,ggmap
2019-01-01,381,1193880,ggmap
2019-01-02,842,1194722,ggmap
2019-01-03,895,1195617,ggmap
2019-01-04,931,1196548,ggmap
2019-01-05,595,1197143,ggmap
2019-01-06,487,1197630,ggmap
2019-01-07,1088,1198718,ggmap
2019-01-08,1148,1199866,ggmap
2019-01-09,1097,1200963,ggmap
2019-01-10,1328,1202291,ggmap
2019-01-11,1166,1203457,ggmap
2019-01-12,676,1204133,ggmap
2019-01-13,529,1204662,ggmap
2019-01-14,1121,1205783,ggmap
2019-01-15,1406,1207189,ggmap
2019-01-16,1260,1208449,ggmap
2019-01-17,1520,1209969,ggmap
2019-01-18,1335,1211304,ggmap
2019-01-19,732,1212036,ggmap
2019-01-20,593,1212629,ggmap
2019-01-21,1651,1214280,ggmap
2019-01-22,1470,1215750,ggmap
2019-01-23,2249,1217999,ggmap
2019-01-24,2501,1220500,ggmap
2019-01-25,2437,1222937,ggmap
2019-01-26,1554,1224491,ggmap
2019-01-27,1480,1225971,ggmap
2019-01-28,2076,1228047,ggmap
2019-01-29,1961,1230008,ggmap
2019-01-30,1750,1231758,ggmap
2019-01-31,1916,1233674,ggmap
2019-02-01,1542,1235216,ggmap
2019-02-02,924,1236140,ggmap
2019-02-03,860,1237000,ggmap
2019-02-04,1746,1238746,ggmap
2019-02-05,2217,1240963,ggmap
2019-02-06,2059,1243022,ggmap
2019-02-07,2004,1245026,ggmap
2019-02-08,1858,1246884,ggmap
2019-02-09,1001,1247885,ggmap
2019-02-10,954,1248839,ggmap
2019-02-11,1926,1250765,ggmap
2019-02-12,2273,1253038,ggmap
2019-02-13,1805,1254843,ggmap
2019-02-14,1800,1256643,ggmap
2019-02-15,1858,1258501,ggmap
2019-02-16,946,1259447,ggmap
2019-02-17,816,1260263,ggmap
2019-02-18,1469,1261732,ggmap
2019-02-19,1741,1263473,ggmap
2019-02-20,1657,1265130,ggmap
2019-02-21,1874,1267004,ggmap
2019-02-22,1508,1268512,ggmap
2019-02-23,894,1269406,ggmap
2019-02-24,922,1270328,ggmap
2019-02-25,1599,1271927,ggmap
2019-02-26,1629,1273556,ggmap
2019-02-27,1696,1275252,ggmap
2019-02-28,1797,1277049,ggmap
2019-03-01,1422,1278471,ggmap
2019-03-02,829,1279300,ggmap
2019-03-03,733,1280033,ggmap
2019-03-04,1746,1281779,ggmap
2019-03-05,1823,1283602,ggmap
2019-03-06,1768,1285370,ggmap
2019-03-07,2121,1287491,ggmap
2019-03-08,1692,1289183,ggmap
2019-03-09,891,1290074,ggmap
2019-03-10,806,1290880,ggmap
2019-03-11,1567,1292447,ggmap
2019-03-12,1858,1294305,ggmap
2019-03-13,1660,1295965,ggmap
2019-03-14,1729,1297694,ggmap
2019-03-15,1497,1299191,ggmap
2019-03-16,833,1300024,ggmap
2019-03-17,797,1300821,ggmap
2019-03-18,1702,1302523,ggmap
2019-03-19,1720,1304243,ggmap
2019-03-20,1654,1305897,ggmap
2019-03-21,1601,1307498,ggmap
2019-03-22,1448,1308946,ggmap
2019-03-23,795,1309741,ggmap
2019-03-24,670,1310411,ggmap
2019-03-25,1763,1312174,ggmap
2019-03-26,1842,1314016,ggmap
2019-03-27,1780,1315796,ggmap
2019-03-28,1777,1317573,ggmap
2019-03-29,1484,1319057,ggmap
2019-03-30,727,1319784,ggmap
2019-03-31,744,1320528,ggmap
2019-04-01,1688,1322216,ggmap
2019-04-02,1790,1324006,ggmap
2019-04-03,1590,1325596,ggmap
2019-04-04,1599,1327195,ggmap
2019-04-05,1518,1328713,ggmap
2019-04-06,803,1329516,ggmap
2019-04-07,775,1330291,ggmap
2019-04-08,1586,1331877,ggmap
2019-04-09,1476,1333353,ggmap
2019-04-10,1775,1335128,ggmap
2019-04-11,1659,1336787,ggmap
2019-04-12,1259,1338046,ggmap
2019-04-13,764,1338810,ggmap
2019-04-14,704,1339514,ggmap
2019-04-15,1513,1341027,ggmap
2019-04-16,1637,1342664,ggmap
2019-04-17,1630,1344294,ggmap
2019-04-18,1445,1345739,ggmap
2019-04-19,1048,1346787,ggmap
2019-04-20,697,1347484,ggmap
2019-04-21,654,1348138,ggmap
2019-04-22,1213,1349351,ggmap
2019-04-23,1398,1350749,ggmap
2019-04-24,1357,1352106,ggmap
2019-04-25,1602,1353708,ggmap
2019-04-26,1381,1355089,ggmap
2019-04-27,856,1355945,ggmap
2019-04-28,837,1356782,ggmap
2019-04-29,1672,1358454,ggmap
2019-04-30,1610,1360064,ggmap
2019-05-01,1531,1361595,ggmap
2019-05-02,1897,1363492,ggmap
2019-05-03,1956,1365448,ggmap
2019-05-04,884,1366332,ggmap
2019-05-05,1057,1367389,ggmap
2019-05-06,2039,1369428,ggmap
2019-05-07,1894,1371322,ggmap
2019-05-08,1905,1373227,ggmap
2019-05-09,1601,1374828,ggmap
2019-05-10,1537,1376365,ggmap
2019-05-11,775,1377140,ggmap
2019-05-12,726,1377866,ggmap
2019-05-13,1575,1379441,ggmap
2019-05-14,1714,1381155,ggmap
2019-05-15,1859,1383014,ggmap
2019-05-16,1699,1384713,ggmap
2019-05-17,1497,1386210,ggmap
2019-05-18,891,1387101,ggmap
2019-05-19,803,1387904,ggmap
2019-05-20,1688,1389592,ggmap
2019-05-21,1847,1391439,ggmap
2019-05-22,1801,1393240,ggmap
2019-05-23,1471,1394711,ggmap
2019-05-24,1533,1396244,ggmap
2019-05-25,651,1396895,ggmap
2019-05-26,707,1397602,ggmap
2019-05-27,1531,1399133,ggmap
2019-05-28,1635,1400768,ggmap
2019-05-29,1630,1402398,ggmap
2019-05-30,1559,1403957,ggmap
2019-05-31,1413,1405370,ggmap
2019-06-01,832,1406202,ggmap
2019-06-02,666,1406868,ggmap
2019-06-03,1399,1408267,ggmap
2019-06-04,1588,1409855,ggmap
2019-06-05,1505,1411360,ggmap
2019-06-06,1322,1412682,ggmap
2019-06-07,1372,1414054,ggmap
2019-06-08,806,1414860,ggmap
2019-06-09,766,1415626,ggmap
2019-06-10,1513,1417139,ggmap
2019-06-11,1720,1418859,ggmap
2019-06-12,1762,1420621,ggmap
2019-06-13,1539,1422160,ggmap
2019-06-14,1214,1423374,ggmap
2019-06-15,743,1424117,ggmap
2019-06-16,829,1424946,ggmap
2019-06-17,1408,1426354,ggmap
2019-06-18,1442,1427796,ggmap
2019-06-19,1494,1429290,ggmap
2019-06-20,1225,1430515,ggmap
2019-06-21,1167,1431682,ggmap
2019-06-22,714,1432396,ggmap
2019-06-23,770,1433166,ggmap
2019-06-24,1348,1434514,ggmap
2019-06-25,1414,1435928,ggmap
2019-06-26,1336,1437264,ggmap
2019-06-27,1228,1438492,ggmap
2019-06-28,1149,1439641,ggmap
2019-06-29,611,1440252,ggmap
2019-06-30,580,1440832,ggmap
2019-07-01,1293,1442125,ggmap
2019-07-02,1222,1443347,ggmap
2019-07-03,1365,1444712,ggmap
2019-07-04,1014,1445726,ggmap
2019-07-05,948,1446674,ggmap
2019-07-06,853,1447527,ggmap
2019-07-07,666,1448193,ggmap
2019-07-08,1481,1449674,ggmap
2019-07-09,1294,1450968,ggmap
2019-07-10,1316,1452284,ggmap
2019-07-11,1315,1453599,ggmap
2019-07-12,1061,1454660,ggmap
2019-07-13,773,1455433,ggmap
2019-07-14,609,1456042,ggmap
2019-07-15,1283,1457325,ggmap
2019-07-16,1386,1458711,ggmap
2019-07-17,1369,1460080,ggmap
2019-07-18,1311,1461391,ggmap
2019-07-19,1051,1462442,ggmap
2019-07-20,721,1463163,ggmap
2019-07-21,560,1463723,ggmap
2019-07-22,1186,1464909,ggmap
2019-07-23,1303,1466212,ggmap
2019-07-24,1314,1467526,ggmap
2019-07-25,1228,1468754,ggmap
2019-07-26,1156,1469910,ggmap
2019-07-27,614,1470524,ggmap
2019-07-28,477,1471001,ggmap
2019-07-29,1132,1472133,ggmap
2019-07-30,1301,1473434,ggmap
2019-07-31,1185,1474619,ggmap
2019-08-01,1192,1475811,ggmap
2019-08-02,1231,1477042,ggmap
2019-08-03,650,1477692,ggmap
2019-08-04,498,1478190,ggmap
2019-08-05,1025,1479215,ggmap
2019-08-06,1251,1480466,ggmap
2019-08-07,1355,1481821,ggmap
2019-08-08,1064,1482885,ggmap
2019-08-09,1056,1483941,ggmap
2019-08-10,638,1484579,ggmap
2019-08-11,520,1485099,ggmap
2019-08-12,1097,1486196,ggmap
2019-08-13,1095,1487291,ggmap
2019-08-14,1206,1488497,ggmap
2019-08-15,931,1489428,ggmap
2019-08-16,901,1490329,ggmap
2019-08-17,503,1490832,ggmap
2019-08-18,630,1491462,ggmap
2019-08-19,1171,1492633,ggmap
2019-08-20,1343,1493976,ggmap
2019-08-21,1550,1495526,ggmap
2019-08-22,1358,1496884,ggmap
2019-08-23,1060,1497944,ggmap
2019-08-24,520,1498464,ggmap
2019-08-25,540,1499004,ggmap
2019-08-26,1737,1500741,ggmap
2019-08-27,1210,1501951,ggmap
2019-08-28,1505,1503456,ggmap
2019-08-29,1550,1505006,ggmap
2019-08-30,1148,1506154,ggmap
2019-08-31,756,1506910,ggmap
2019-09-01,566,1507476,ggmap
2019-09-02,949,1508425,ggmap
2019-09-03,1281,1509706,ggmap
2019-09-04,1226,1510932,ggmap
2019-09-05,1335,1512267,ggmap
2019-09-06,1864,1514131,ggmap
2019-09-07,2921,1517052,ggmap
2019-09-08,1760,1518812,ggmap
2019-09-09,2693,1521505,ggmap
2019-09-10,2449,1523954,ggmap
2019-09-11,2105,1526059,ggmap
2019-09-12,2261,1528320,ggmap
2019-09-13,1924,1530244,ggmap
2019-09-14,2329,1532573,ggmap
2019-09-15,2535,1535108,ggmap
2019-09-16,3067,1538175,ggmap
2019-09-17,2999,1541174,ggmap
2019-09-18,2951,1544125,ggmap
2019-09-19,2803,1546928,ggmap
2019-09-20,2363,1549291,ggmap
2019-09-21,2756,1552047,ggmap
2019-09-22,2372,1554419,ggmap
2019-09-23,2777,1557196,ggmap
2019-09-24,2766,1559962,ggmap
2019-09-25,3070,1563032,ggmap
2019-09-26,2507,1565539,ggmap
2019-09-27,2356,1567895,ggmap
2019-09-28,2684,1570579,ggmap
2019-09-29,2635,1573214,ggmap
2019-09-30,3813,1577027,ggmap
2019-10-01,3447,1580474,ggmap
2019-10-02,2798,1583272,ggmap
2019-10-03,2615,1585887,ggmap
2019-10-04,2590,1588477,ggmap
2019-10-05,3165,1591642,ggmap
2019-10-06,2441,1594083,ggmap
2019-10-07,2840,1596923,ggmap
2019-10-08,2881,1599804,ggmap
2019-10-09,2575,1602379,ggmap
2019-10-10,2821,1605200,ggmap
2019-10-11,2460,1607660,ggmap
2019-10-12,2632,1610292,ggmap
2019-10-13,2721,1613013,ggmap
2019-10-14,3946,1616959,ggmap
2019-10-15,3518,1620477,ggmap
2019-10-16,3200,1623677,ggmap
2019-10-17,2533,1626210,ggmap
2019-10-18,2171,1628381,ggmap
2019-10-19,2614,1630995,ggmap
2019-10-20,2549,1633544,ggmap
2019-10-21,3355,1636899,ggmap
2019-10-22,3655,1640554,ggmap
2019-10-23,3663,1644217,ggmap
2019-10-24,3458,1647675,ggmap
2019-10-25,2961,1650636,ggmap
2019-10-26,2544,1653180,ggmap
2019-10-27,2578,1655758,ggmap
2019-10-28,3917,1659675,ggmap
2019-10-29,4692,1664367,ggmap
2019-10-30,4726,1669093,ggmap
2019-10-31,4581,1673674,ggmap
2019-11-01,3941,1677615,ggmap
2019-11-02,3737,1681352,ggmap
2019-11-03,3685,1685037,ggmap
2019-11-04,4359,1689396,ggmap
2019-11-05,3603,1692999,ggmap
2019-11-06,2773,1695772,ggmap
2019-11-07,2879,1698651,ggmap
2019-11-08,2428,1701079,ggmap
2019-11-09,2731,1703810,ggmap
2019-11-10,2798,1706608,ggmap
2019-11-11,3314,1709922,ggmap
2019-11-12,3524,1713446,ggmap
2019-11-13,2981,1716427,ggmap
2019-11-14,2945,1719372,ggmap
2019-11-15,2467,1721839,ggmap
2019-11-16,2511,1724350,ggmap
2019-11-17,2594,1726944,ggmap
2019-11-18,3166,1730110,ggmap
2019-11-19,3249,1733359,ggmap
2019-11-20,2960,1736319,ggmap
2019-11-21,2792,1739111,ggmap
2019-11-22,2394,1741505,ggmap
2019-11-23,2032,1743537,ggmap
2019-11-24,2106,1745643,ggmap
2019-11-25,2782,1748425,ggmap
2019-11-26,2763,1751188,ggmap
2019-11-27,2834,1754022,ggmap
2019-11-28,2509,1756531,ggmap
2019-11-29,2321,1758852,ggmap
2019-11-30,2438,1761290,ggmap
2019-12-01,2752,1764042,ggmap
2019-12-02,3340,1767382,ggmap
2019-12-03,3231,1770613,ggmap
2019-12-04,2936,1773549,ggmap
2019-12-05,2703,1776252,ggmap
2019-12-06,9592,1785844,ggmap
2019-12-07,2191,1788035,ggmap
2019-12-08,1943,1789978,ggmap
2019-12-09,2493,1792471,ggmap
2019-12-10,2316,1794787,ggmap
2019-12-11,2270,1797057,ggmap
2019-12-12,2355,1799412,ggmap
2019-12-13,2067,1801479,ggmap
2019-12-14,2233,1803712,ggmap
2019-12-15,2169,1805881,ggmap
2019-12-16,2705,1808586,ggmap
2019-12-17,2933,1811519,ggmap
2019-12-18,2783,1814302,ggmap
2019-12-19,2765,1817067,ggmap
2019-12-20,2435,1819502,ggmap
2019-12-21,2571,1822073,ggmap
2019-12-22,1988,1824061,ggmap
2019-12-23,1667,1825728,ggmap
2019-12-24,1547,1827275,ggmap
2019-12-25,1418,1828693,ggmap
2019-12-26,1578,1830271,ggmap
2019-12-27,1691,1831962,ggmap
2019-12-28,2199,1834161,ggmap
2019-12-29,2151,1836312,ggmap
2019-12-30,2384,1838696,ggmap
2019-12-31,2230,1840926,ggmap
2020-01-01,2100,1843026,ggmap
2020-01-02,2477,1845503,ggmap
2020-01-03,2485,1847988,ggmap
2020-01-04,2222,1850210,ggmap
2020-01-05,2567,1852777,ggmap
2020-01-06,3270,1856047,ggmap
2020-01-07,3439,1859486,ggmap
2020-01-08,3210,1862696,ggmap
2020-01-09,3259,1865955,ggmap
2020-01-10,2909,1868864,ggmap
2020-01-11,2532,1871396,ggmap
2020-01-12,2814,1874210,ggmap
2020-01-13,3355,1877565,ggmap
2020-01-14,3291,1880856,ggmap
2020-01-15,3238,1884094,ggmap
2020-01-16,3055,1887149,ggmap
2020-01-17,2972,1890121,ggmap
2020-01-18,2664,1892785,ggmap
2020-01-19,2470,1895255,ggmap
2020-01-20,2863,1898118,ggmap
2020-01-21,3336,1901454,ggmap
2020-01-22,2788,1904242,ggmap
2020-01-23,2843,1907085,ggmap
2020-01-24,2695,1909780,ggmap
2020-01-25,2587,1912367,ggmap
2020-01-26,2196,1914563,ggmap
2020-01-27,1884,1916447,ggmap
2020-01-28,1617,1918064,ggmap
2020-01-29,1752,1919816,ggmap
2020-01-30,2355,1922171,ggmap
2020-01-31,2145,1924316,ggmap
2020-02-01,1905,1926221,ggmap
2020-02-02,1826,1928047,ggmap
2020-02-03,2138,1930185,ggmap
2020-02-04,2270,1932455,ggmap
2020-02-05,2151,1934606,ggmap
2020-02-06,2652,1937258,ggmap
2020-02-07,2627,1939885,ggmap
2020-02-08,2425,1942310,ggmap
2020-02-09,2409,1944719,ggmap
2020-02-10,3073,1947792,ggmap
2020-02-11,3190,1950982,ggmap
2020-02-12,3077,1954059,ggmap
2020-02-13,2474,1956533,ggmap
2020-02-14,1668,1958201,ggmap
2020-02-15,1430,1959631,ggmap
2020-02-16,1452,1961083,ggmap
2020-02-17,2592,1963675,ggmap
2020-02-18,3357,1967032,ggmap
2020-02-19,3358,1970390,ggmap
2020-02-20,3318,1973708,ggmap
2020-02-21,3189,1976897,ggmap
2020-02-22,3145,1980042,ggmap
2020-02-23,3026,1983068,ggmap
2020-02-24,3290,1986358,ggmap
2020-02-25,3181,1989539,ggmap
2020-02-26,3027,1992566,ggmap
2020-02-27,2647,1995213,ggmap
2020-02-28,1744,1996957,ggmap
2020-02-29,403,1997360,ggmap
2020-03-01,1304,1998664,ggmap
2020-03-02,2121,2000785,ggmap
2020-03-03,1926,2002711,ggmap
2020-03-04,1871,2004582,ggmap
2020-03-05,2112,2006694,ggmap
2020-03-06,2687,2009381,ggmap
2020-03-07,2293,2011674,ggmap
2020-03-08,2030,2013704,ggmap
2020-03-09,2371,2016075,ggmap
2020-03-10,2011,2018086,ggmap
2020-03-11,1950,2020036,ggmap
2020-03-12,1716,2021752,ggmap
2020-03-13,1518,2023270,ggmap
2020-03-14,1105,2024375,ggmap
2020-03-15,1127,2025502,ggmap
2020-03-16,1662,2027164,ggmap
2020-03-17,3154,2030318,ggmap
2020-03-18,4115,2034433,ggmap
2020-03-19,3927,2038360,ggmap
2020-03-20,3784,2042144,ggmap
2020-03-21,3374,2045518,ggmap
2020-03-22,3302,2048820,ggmap
2020-03-23,3881,2052701,ggmap
2020-03-24,3827,2056528,ggmap
2020-03-25,3727,2060255,ggmap
2020-03-26,4070,2064325,ggmap
2020-03-27,3748,2068073,ggmap
2020-03-28,3291,2071364,ggmap
2020-03-29,3404,2074768,ggmap
2020-03-30,3957,2078725,ggmap
2020-03-31,3961,2082686,ggmap
2020-04-01,3831,2086517,ggmap
2020-04-02,3826,2090343,ggmap
2020-04-03,3648,2093991,ggmap
2020-04-04,3152,2097143,ggmap
2020-04-05,3226,2100369,ggmap
2020-04-06,3792,2104161,ggmap
2020-04-07,3852,2108013,ggmap
2020-04-08,3852,2111865,ggmap
2020-04-09,3903,2115768,ggmap
2020-04-10,3492,2119260,ggmap
2020-04-11,3195,2122455,ggmap
2020-04-12,3200,2125655,ggmap
2020-04-13,3795,2129450,ggmap
2020-04-14,3855,2133305,ggmap
2020-04-15,3735,2137040,ggmap
2020-04-16,3807,2140847,ggmap
2020-04-17,3793,2144640,ggmap
2020-04-18,3268,2147908,ggmap
2020-04-19,3311,2151219,ggmap
2020-04-20,3760,2154979,ggmap
2020-04-21,3844,2158823,ggmap
2020-04-22,3810,2162633,ggmap
2020-04-23,3764,2166397,ggmap
2020-04-24,3826,2170223,ggmap
2020-04-25,3540,2173763,ggmap
2020-04-26,3545,2177308,ggmap
2020-04-27,4205,2181513,ggmap
2020-04-28,4180,2185693,ggmap
2020-04-29,4340,2190033,ggmap
2020-04-30,4132,2194165,ggmap
2020-05-01,3909,2198074,ggmap
2020-05-02,3668,2201742,ggmap
2020-05-03,3721,2205463,ggmap
2020-05-04,4273,2209736,ggmap
2020-05-05,3971,2213707,ggmap
2020-05-06,3940,2217647,ggmap
2020-05-07,3937,2221584,ggmap
2020-05-08,3732,2225316,ggmap
2020-05-09,3264,2228580,ggmap
2020-05-10,3245,2231825,ggmap
2020-05-11,3941,2235766,ggmap
2020-05-12,3815,2239581,ggmap
2020-05-13,3906,2243487,ggmap
2020-05-14,3735,2247222,ggmap
2020-05-15,3675,2250897,ggmap
2020-05-16,3212,2254109,ggmap
2020-05-17,3210,2257319,ggmap
2020-05-18,3730,2261049,ggmap
2020-05-19,3898,2264947,ggmap
2020-05-20,2166,2267113,ggmap
2020-05-21,1289,2268402,ggmap
2020-05-22,1111,2269513,ggmap
2020-05-23,831,2270344,ggmap
2020-05-24,910,2271254,ggmap
2020-05-25,1208,2272462,ggmap
2020-05-26,1559,2274021,ggmap
2020-05-27,1431,2275452,ggmap
2020-05-28,1311,2276763,ggmap
2020-05-29,1157,2277920,ggmap
2020-05-30,750,2278670,ggmap
2020-05-31,772,2279442,ggmap
2020-06-01,1069,2280511,ggmap
2020-06-02,2400,2282911,ggmap
2020-06-03,3401,2286312,ggmap
2020-06-04,3441,2289753,ggmap
2020-06-05,3274,2293027,ggmap
2020-06-06,2974,2296001,ggmap
2020-06-07,2865,2298866,ggmap
2020-06-08,3398,2302264,ggmap
2020-06-09,3412,2305676,ggmap
2020-06-10,3551,2309227,ggmap
2020-06-11,3385,2312612,ggmap
2020-06-12,3282,2315894,ggmap
2020-06-13,2834,2318728,ggmap
2020-06-14,2867,2321595,ggmap
2020-06-15,3260,2324855,ggmap
2020-06-16,3320,2328175,ggmap
2020-06-17,2593,2330768,ggmap
2020-06-18,1365,2332133,ggmap
2020-06-19,1042,2333175,ggmap
2020-06-20,736,2333911,ggmap
2020-06-21,663,2334574,ggmap
2020-06-22,1160,2335734,ggmap
2020-06-23,1400,2337134,ggmap
2020-06-24,1191,2338325,ggmap
2020-06-25,1132,2339457,ggmap
2020-06-26,1050,2340507,ggmap
2020-06-27,656,2341163,ggmap
2020-06-28,756,2341919,ggmap
2020-06-29,1099,2343018,ggmap
2020-06-30,1216,2344234,ggmap
2020-07-01,1133,2345367,ggmap
2020-07-02,1097,2346464,ggmap
2020-07-03,922,2347386,ggmap
2020-07-04,516,2347902,ggmap
2020-07-05,580,2348482,ggmap
2020-07-06,1014,2349496,ggmap
2020-07-07,1046,2350542,ggmap
2020-07-08,1204,2351746,ggmap
2020-07-09,935,2352681,ggmap
2020-07-10,915,2353596,ggmap
2020-07-11,512,2354108,ggmap
2020-07-12,540,2354648,ggmap
2020-07-13,1241,2355889,ggmap
2020-07-14,1404,2357293,ggmap
2020-07-15,1085,2358378,ggmap
2020-07-16,1141,2359519,ggmap
2020-07-17,943,2360462,ggmap
2020-07-18,532,2360994,ggmap
2020-07-19,603,2361597,ggmap
2020-07-20,1101,2362698,ggmap
2020-07-21,1027,2363725,ggmap
2020-07-22,1181,2364906,ggmap
2020-07-23,1018,2365924,ggmap
2020-07-24,988,2366912,ggmap
2020-07-25,565,2367477,ggmap
2020-07-26,529,2368006,ggmap
2020-07-27,1025,2369031,ggmap
2020-07-28,1164,2370195,ggmap
2020-07-29,946,2371141,ggmap
2020-07-30,999,2372140,ggmap
2020-07-31,945,2373085,ggmap
2020-08-01,642,2373727,ggmap
2020-08-02,579,2374306,ggmap
2020-08-03,1038,2375344,ggmap
2020-08-04,1098,2376442,ggmap
2020-08-05,1133,2377575,ggmap
2020-08-06,1111,2378686,ggmap
2020-08-07,901,2379587,ggmap
2020-08-08,504,2380091,ggmap
2020-08-09,688,2380779,ggmap
2020-08-10,1148,2381927,ggmap
2020-08-11,1381,2383308,ggmap
2020-08-12,1303,2384611,ggmap
2020-08-13,1175,2385786,ggmap
2020-08-14,979,2386765,ggmap
2020-08-15,509,2387274,ggmap
2020-08-16,569,2387843,ggmap
2020-08-17,975,2388818,ggmap
2020-08-18,1191,2390009,ggmap
2020-08-19,1275,2391284,ggmap
2020-08-20,1082,2392366,ggmap
2020-08-21,1001,2393367,ggmap
2020-08-22,620,2393987,ggmap
2020-08-23,659,2394646,ggmap
2020-08-24,1071,2395717,ggmap
2020-08-25,1231,2396948,ggmap
2020-08-26,1239,2398187,ggmap
2020-08-27,1211,2399398,ggmap
2020-08-28,975,2400373,ggmap
2020-08-29,571,2400944,ggmap
2020-08-30,566,2401510,ggmap
2020-08-31,1059,2402569,ggmap
2020-09-01,1150,2403719,ggmap
2020-09-02,1143,2404862,ggmap
2020-09-03,1278,2406140,ggmap
2020-09-04,876,2407016,ggmap
2020-09-05,560,2407576,ggmap
2020-09-06,612,2408188,ggmap
2020-09-07,985,2409173,ggmap
2020-09-08,1170,2410343,ggmap
2020-09-09,1234,2411577,ggmap
2020-09-10,1140,2412717,ggmap
2020-09-11,1183,2413900,ggmap
2020-09-12,678,2414578,ggmap
2020-09-13,683,2415261,ggmap
2020-09-14,1154,2416415,ggmap
2020-09-15,1265,2417680,ggmap
2020-09-16,1208,2418888,ggmap
2020-09-17,1206,2420094,ggmap
2020-09-18,1305,2421399,ggmap
2020-09-19,567,2421966,ggmap
2020-09-20,665,2422631,ggmap
2020-09-21,1300,2423931,ggmap
2020-09-22,1335,2425266,ggmap
2020-09-23,1147,2426413,ggmap
2020-09-24,1454,2427867,ggmap
2020-09-25,1198,2429065,ggmap
2020-09-26,802,2429867,ggmap
2020-09-27,774,2430641,ggmap
2020-09-28,1320,2431961,ggmap
2020-09-29,1619,2433580,ggmap
2020-09-30,1511,2435091,ggmap
2020-10-01,1508,2436599,ggmap
2020-10-02,1349,2437948,ggmap
2020-10-03,817,2438765,ggmap
2020-10-04,971,2439736,ggmap
2020-10-05,1584,2441320,ggmap
2020-10-06,2001,2443321,ggmap
2020-10-07,1796,2445117,ggmap
2020-10-08,1779,2446896,ggmap
2020-10-09,1292,2448188,ggmap
2020-10-10,773,2448961,ggmap
2020-10-11,890,2449851,ggmap
2020-10-12,1693,2451544,ggmap
2020-10-13,1499,2453043,ggmap
2020-10-14,1439,2454482,ggmap
2020-10-15,1306,2455788,ggmap
2020-10-16,1163,2456951,ggmap
2020-10-17,648,2457599,ggmap
2020-10-18,889,2458488,ggmap
2020-10-19,1534,2460022,ggmap
2020-10-20,1476,2461498,ggmap
2020-10-21,1448,2462946,ggmap
2020-10-22,1368,2464314,ggmap
2020-10-23,1269,2465583,ggmap
2020-10-24,698,2466281,ggmap
2020-10-25,840,2467121,ggmap
2020-10-26,1467,2468588,ggmap
2020-10-27,1595,2470183,ggmap
2020-10-28,1529,2471712,ggmap
2020-10-29,1433,2473145,ggmap
2020-10-30,1131,2474276,ggmap
2020-10-31,697,2474973,ggmap
2020-11-01,858,2475831,ggmap
2020-11-02,1485,2477316,ggmap
2020-11-03,1467,2478783,ggmap
2020-11-04,1495,2480278,ggmap
2020-11-05,1336,2481614,ggmap
2020-11-06,1226,2482840,ggmap
2020-11-07,1323,2484163,ggmap
2020-11-08,1238,2485401,ggmap
2020-11-09,1912,2487313,ggmap
2020-11-10,1486,2488799,ggmap
2020-11-11,1618,2490417,ggmap
2020-11-12,1668,2492085,ggmap
2020-11-13,1585,2493670,ggmap
2020-11-14,1011,2494681,ggmap
2020-11-15,1108,2495789,ggmap
2020-11-16,1599,2497388,ggmap
2020-11-17,1764,2499152,ggmap
2020-11-18,1738,2500890,ggmap
2020-11-19,1747,2502637,ggmap
2020-11-20,1520,2504157,ggmap
2020-11-21,1085,2505242,ggmap
2020-11-22,1214,2506456,ggmap
2020-11-23,1633,2508089,ggmap
2020-11-24,1673,2509762,ggmap
2020-11-25,1482,2511244,ggmap
2020-11-26,1274,2512518,ggmap
2020-11-27,1342,2513860,ggmap
2020-11-28,907,2514767,ggmap
2020-11-29,1271,2516038,ggmap
2020-11-30,1539,2517577,ggmap
2020-12-01,1604,2519181,ggmap
2020-12-02,1670,2520851,ggmap
2020-12-03,1448,2522299,ggmap
2020-12-04,1396,2523695,ggmap
2020-12-05,922,2524617,ggmap
2020-12-06,1001,2525618,ggmap
2020-12-07,1511,2527129,ggmap
2020-12-08,1530,2528659,ggmap
2020-12-09,1740,2530399,ggmap
2020-12-10,1414,2531813,ggmap
2020-12-11,1254,2533067,ggmap
2020-12-12,868,2533935,ggmap
2020-12-13,821,2534756,ggmap
2020-12-14,1271,2536027,ggmap
2020-12-15,1605,2537632,ggmap
2020-12-16,1214,2538846,ggmap
2020-12-17,1233,2540079,ggmap
2020-12-18,976,2541055,ggmap
2020-12-19,542,2541597,ggmap
2020-12-20,675,2542272,ggmap
2020-12-21,860,2543132,ggmap
2020-12-22,11040,2554172,ggmap
2020-12-23,1203,2555375,ggmap
2020-12-24,547,2555922,ggmap
2020-12-25,342,2556264,ggmap
2020-12-26,440,2556704,ggmap
2020-12-27,508,2557212,ggmap
2020-12-28,722,2557934,ggmap
2020-12-29,8280,2566214,ggmap
2020-12-30,3281,2569495,ggmap
2020-12-31,1637,2571132,ggmap
2021-01-01,571,2571703,ggmap
2021-01-02,1577,2573280,ggmap
2021-01-03,622,2573902,ggmap
2021-01-04,1030,2574932,ggmap
2021-01-05,1245,2576177,ggmap
2021-01-06,1185,2577362,ggmap
2021-01-07,1643,2579005,ggmap
2021-01-08,1077,2580082,ggmap
2021-01-09,692,2580774,ggmap
2021-01-10,787,2581561,ggmap
2021-01-11,1174,2582735,ggmap
2021-01-12,1187,2583922,ggmap
2021-01-13,1282,2585204,ggmap
2021-01-14,1220,2586424,ggmap
2021-01-15,1239,2587663,ggmap
2021-01-16,765,2588428,ggmap
2021-01-17,895,2589323,ggmap
2021-01-18,1310,2590633,ggmap
2021-01-19,1329,2591962,ggmap
2021-01-20,1446,2593408,ggmap
2021-01-21,1488,2594896,ggmap
2021-01-22,1432,2596328,ggmap
2021-01-23,1163,2597491,ggmap
2021-01-24,1070,2598561,ggmap
2021-01-25,1427,2599988,ggmap
2021-01-26,1390,2601378,ggmap
2021-01-27,1702,2603080,ggmap
2021-01-28,1310,2604390,ggmap
2021-01-29,1035,2605425,ggmap
2021-01-30,689,2606114,ggmap
2021-01-31,710,2606824,ggmap
2021-02-01,1357,2608181,ggmap
2021-02-02,1414,2609595,ggmap
2021-02-03,1349,2610944,ggmap
2021-02-04,1336,2612280,ggmap
2021-02-05,1243,2613523,ggmap
2021-02-06,769,2614292,ggmap
2021-02-07,796,2615088,ggmap
2021-02-08,1460,2616548,ggmap
2021-02-09,1420,2617968,ggmap
2021-02-10,1296,2619264,ggmap
2021-02-11,1256,2620520,ggmap
2021-02-12,1129,2621649,ggmap
2021-02-13,767,2622416,ggmap
2021-02-14,777,2623193,ggmap
2021-02-15,1242,2624435,ggmap
2021-02-16,1286,2625721,ggmap
2021-02-17,1337,2627058,ggmap
2021-02-18,1347,2628405,ggmap
2021-02-19,1322,2629727,ggmap
2021-02-20,696,2630423,ggmap
2021-02-21,764,2631187,ggmap
2021-02-22,1450,2632637,ggmap
2021-02-23,1418,2634055,ggmap
2021-02-24,1504,2635559,ggmap
2021-02-25,1471,2637030,ggmap
2021-02-26,1370,2638400,ggmap
2021-02-27,1770,2640170,ggmap
2021-02-28,911,2641081,ggmap
2021-03-01,1828,2642909,ggmap
2021-03-02,1652,2644561,ggmap
2021-03-03,1722,2646283,ggmap
2021-03-04,2030,2648313,ggmap
2021-03-05,1582,2649895,ggmap
2021-03-06,779,2650674,ggmap
2021-03-07,813,2651487,ggmap
2021-03-08,1531,2653018,ggmap
2021-03-09,1733,2654751,ggmap
2021-03-10,1765,2656516,ggmap
2021-03-11,1649,2658165,ggmap
2021-03-12,1346,2659511,ggmap
2021-03-13,771,2660282,ggmap
2021-03-14,851,2661133,ggmap
2021-03-15,1451,2662584,ggmap
2021-03-16,1565,2664149,ggmap
2021-03-17,1676,2665825,ggmap
2021-03-18,1362,2667187,ggmap
2021-03-19,1338,2668525,ggmap
2021-03-20,774,2669299,ggmap
2021-03-21,809,2670108,ggmap
2021-03-22,1558,2671666,ggmap
2021-03-23,1607,2673273,ggmap
2021-03-24,1524,2674797,ggmap
2021-03-25,1539,2676336,ggmap
2021-03-26,1392,2677728,ggmap
2021-03-27,678,2678406,ggmap
2021-03-28,790,2679196,ggmap
2021-03-29,1590,2680786,ggmap
2021-03-30,1595,2682381,ggmap
2021-03-31,1405,2683786,ggmap
2021-04-01,1328,2685114,ggmap
2021-04-02,1069,2686183,ggmap
2021-04-03,636,2686819,ggmap
2021-04-04,608,2687427,ggmap
2021-04-05,1085,2688512,ggmap
2021-04-06,1709,2690221,ggmap
2021-04-07,2177,2692398,ggmap
2021-04-08,2442,2694840,ggmap
2021-04-09,2083,2696923,ggmap
2021-04-10,878,2697801,ggmap
2021-04-11,787,2698588,ggmap
2021-04-12,1598,2700186,ggmap
2021-04-13,2009,2702195,ggmap
2021-04-14,1930,2704125,ggmap
2021-04-15,1885,2706010,ggmap
2021-04-16,1504,2707514,ggmap
2021-04-17,661,2708175,ggmap
2021-04-18,783,2708958,ggmap
2021-04-19,1762,2710720,ggmap
2021-04-20,2312,2713032,ggmap
2021-04-21,2042,2715074,ggmap
2021-04-22,1803,2716877,ggmap
2021-04-23,1769,2718646,ggmap
2021-04-24,649,2719295,ggmap
2021-04-25,795,2720090,ggmap
2021-04-26,2061,2722151,ggmap
2021-04-27,2206,2724357,ggmap
2021-04-28,2333,2726690,ggmap
2021-04-29,1967,2728657,ggmap
2021-04-30,1548,2730205,ggmap
2021-05-01,623,2730828,ggmap
2021-05-02,644,2731472,ggmap
2021-05-03,1488,2732960,ggmap
2021-05-04,1759,2734719,ggmap
2021-05-05,1724,2736443,ggmap
2021-05-06,2010,2738453,ggmap
2021-05-07,1428,2739881,ggmap
2021-05-08,627,2740508,ggmap
2021-05-09,752,2741260,ggmap
2021-05-10,1580,2742840,ggmap
2021-05-11,1617,2744457,ggmap
2021-05-12,1664,2746121,ggmap
2021-05-13,1858,2747979,ggmap
2021-05-14,1467,2749446,ggmap
2021-05-15,770,2750216,ggmap
2021-05-16,747,2750963,ggmap
2021-05-17,1948,2752911,ggmap
2021-05-18,2101,2755012,ggmap
2021-05-19,2424,2757436,ggmap
2021-05-20,1747,2759183,ggmap
2021-05-21,1662,2760845,ggmap
2021-05-22,788,2761633,ggmap
2021-05-23,754,2762387,ggmap
2021-05-24,1672,2764059,ggmap
2021-05-25,2199,2766258,ggmap
2021-05-26,2327,2768585,ggmap
2021-05-27,2043,2770628,ggmap
2021-05-28,1554,2772182,ggmap
2021-05-29,678,2772860,ggmap
2021-05-30,753,2773613,ggmap
2021-05-31,1305,2774918,ggmap
2021-06-01,1768,2776686,ggmap
2021-06-02,2267,2778953,ggmap
2021-06-03,1593,2780546,ggmap
2021-06-04,1340,2781886,ggmap
2021-06-05,1084,2782970,ggmap
2021-06-06,719,2783689,ggmap
2021-06-07,1753,2785442,ggmap
2021-06-08,1808,2787250,ggmap
2021-06-09,2083,2789333,ggmap
2021-06-10,1775,2791108,ggmap
2021-06-11,1604,2792712,ggmap
2021-06-12,724,2793436,ggmap
2021-06-13,680,2794116,ggmap
2021-06-14,1543,2795659,ggmap
2021-06-15,1925,2797584,ggmap
2021-06-16,1702,2799286,ggmap
2021-06-17,1915,2801201,ggmap
2021-06-18,1828,2803029,ggmap
2021-06-19,757,2803786,ggmap
2021-06-20,577,2804363,ggmap
2021-06-21,1778,2806141,ggmap
2021-06-22,1712,2807853,ggmap
2021-06-23,1694,2809547,ggmap
2021-06-24,1554,2811101,ggmap
2021-06-25,1372,2812473,ggmap
2021-06-26,584,2813057,ggmap
2021-06-27,573,2813630,ggmap
2021-06-28,1371,2815001,ggmap
2021-06-29,1358,2816359,ggmap
2021-06-30,1969,2818328,ggmap
2021-07-01,1377,2819705,ggmap
2021-07-02,1248,2820953,ggmap
2021-07-03,455,2821408,ggmap
2021-07-04,494,2821902,ggmap
2021-07-05,881,2822783,ggmap
2021-07-06,1383,2824166,ggmap
2021-07-07,1938,2826104,ggmap
2021-07-08,2106,2828210,ggmap
2021-07-09,1954,2830164,ggmap
2021-07-10,560,2830724,ggmap
2021-07-11,605,2831329,ggmap
2021-07-12,1699,2833028,ggmap
2021-07-13,1665,2834693,ggmap
2021-07-14,1930,2836623,ggmap
2021-07-15,2078,2838701,ggmap
2021-07-16,1109,2839810,ggmap
2021-07-17,672,2840482,ggmap
2021-07-18,741,2841223,ggmap
2021-07-19,1723,2842946,ggmap
2021-07-20,1806,2844752,ggmap
2021-07-21,1548,2846300,ggmap
2021-07-22,1793,2848093,ggmap
2021-07-23,1645,2849738,ggmap
2021-07-24,655,2850393,ggmap
2021-07-25,647,2851040,ggmap
2021-07-26,1739,2852779,ggmap
2021-07-27,1642,2854421,ggmap
2021-07-28,1508,2855929,ggmap
2021-07-29,1995,2857924,ggmap
2021-07-30,1436,2859360,ggmap
2021-07-31,678,2860038,ggmap
2021-08-01,463,2860501,ggmap
2021-08-02,1599,2862100,ggmap
2021-08-03,1633,2863733,ggmap
2021-08-04,1748,2865481,ggmap
2021-08-05,1939,2867420,ggmap
2021-08-06,1724,2869144,ggmap
2021-08-07,554,2869698,ggmap
2021-08-08,592,2870290,ggmap
2021-08-09,1848,2872138,ggmap
2021-08-10,1992,2874130,ggmap
2021-08-11,1603,2875733,ggmap
2021-08-12,1525,2877258,ggmap
2021-08-13,1273,2878531,ggmap
2021-08-14,479,2879010,ggmap
2021-08-15,518,2879528,ggmap
2021-08-16,1626,2881154,ggmap
2021-08-17,1388,2882542,ggmap
2021-08-18,1699,2884241,ggmap
2021-08-19,1734,2885975,ggmap
2021-08-20,1330,2887305,ggmap
2021-08-21,520,2887825,ggmap
2021-08-22,469,2888294,ggmap
2021-08-23,1551,2889845,ggmap
2021-08-24,1693,2891538,ggmap
2021-08-25,1791,2893329,ggmap
2021-08-26,1788,2895117,ggmap
2021-08-27,1433,2896550,ggmap
2021-08-28,658,2897208,ggmap
2021-08-29,578,2897786,ggmap
2021-08-30,1529,2899315,ggmap
2021-08-31,1452,2900767,ggmap
2021-09-01,1953,2902720,ggmap
2021-09-02,1906,2904626,ggmap
2021-09-03,1533,2906159,ggmap
2021-09-04,660,2906819,ggmap
2021-09-05,527,2907346,ggmap
2021-09-06,960,2908306,ggmap
2021-09-07,1639,2909945,ggmap
2021-09-08,2117,2912062,ggmap
2021-09-09,1787,2913849,ggmap
2021-09-10,1301,2915150,ggmap
2021-09-11,504,2915654,ggmap
2021-09-12,547,2916201,ggmap
2021-09-13,1905,2918106,ggmap
2021-09-14,2041,2920147,ggmap
2021-09-15,2433,2922580,ggmap
2021-09-16,1909,2924489,ggmap
2021-09-17,1465,2925954,ggmap
2021-09-18,565,2926519,ggmap
2021-09-19,509,2927028,ggmap
2021-09-20,1777,2928805,ggmap
2021-09-21,1680,2930485,ggmap
2021-09-22,1908,2932393,ggmap
2021-09-23,2099,2934492,ggmap
2021-09-24,2199,2936691,ggmap
2021-09-25,648,2937339,ggmap
2021-09-26,667,2938006,ggmap
2021-09-27,2207,2940213,ggmap
2021-09-28,1996,2942209,ggmap
2021-09-29,1849,2944058,ggmap
2021-09-30,2374,2946432,ggmap
2021-10-01,2264,2948696,ggmap
2021-10-02,531,2949227,ggmap
2021-10-03,522,2949749,ggmap
2021-10-04,1876,2951625,ggmap
2021-10-05,1940,2953565,ggmap
2021-10-06,1800,2955365,ggmap
2021-10-07,2197,2957562,ggmap
2021-10-08,1800,2959362,ggmap
2021-10-09,626,2959988,ggmap
2021-10-10,547,2960535,ggmap
2021-10-11,1814,2962349,ggmap
2021-10-12,1944,2964293,ggmap
2021-10-13,2365,2966658,ggmap
2021-10-14,2026,2968684,ggmap
2021-10-15,1567,2970251,ggmap
2021-10-16,963,2971214,ggmap
2021-10-17,824,2972038,ggmap
2021-10-18,2217,2974255,ggmap
2021-10-19,2317,2976572,ggmap
2021-10-20,2583,2979155,ggmap
2021-10-21,2604,2981759,ggmap
2021-10-22,1799,2983558,ggmap
2021-10-23,760,2984318,ggmap
2021-10-24,620,2984938,ggmap
2021-10-25,1705,2986643,ggmap
2021-10-26,2111,2988754,ggmap
2021-10-27,2199,2990953,ggmap
2021-10-28,1947,2992900,ggmap
2021-10-29,1760,2994660,ggmap
2021-10-30,770,2995430,ggmap
2021-10-31,690,2996120,ggmap
2021-11-01,2247,2998367,ggmap
2021-11-02,2050,3000417,ggmap
2021-11-03,2001,3002418,ggmap
2021-11-04,2620,3005038,ggmap
2021-11-05,2178,3007216,ggmap
2021-11-06,766,3007982,ggmap
2021-11-07,814,3008796,ggmap
2021-11-08,2278,3011074,ggmap
2021-11-09,2061,3013135,ggmap
2021-11-10,2603,3015738,ggmap
2021-11-11,2228,3017966,ggmap
2021-11-12,2205,3020171,ggmap
2021-11-13,858,3021029,ggmap
2021-11-14,784,3021813,ggmap
2021-11-15,2264,3024077,ggmap
2021-11-16,2079,3026156,ggmap
2021-11-17,1847,3028003,ggmap
2021-11-18,1991,3029994,ggmap
2021-11-19,1920,3031914,ggmap
2021-11-20,1042,3032956,ggmap
2021-11-21,909,3033865,ggmap
2021-11-22,1936,3035801,ggmap
2021-11-23,1615,3037416,ggmap
2021-11-24,1355,3038771,ggmap
2021-11-25,1151,3039922,ggmap
2021-11-26,950,3040872,ggmap
2021-11-27,751,3041623,ggmap
2021-11-28,684,3042307,ggmap
2021-11-29,2208,3044515,ggmap
2021-11-30,2627,3047142,ggmap
2021-12-01,2591,3049733,ggmap
2021-12-02,2145,3051878,ggmap
2021-12-03,2201,3054079,ggmap
2021-12-04,879,3054958,ggmap
2021-12-05,1003,3055961,ggmap
2021-12-06,1949,3057910,ggmap
2021-12-07,1607,3059517,ggmap
2021-12-08,2277,3061794,ggmap
2021-12-09,2035,3063829,ggmap
2021-12-10,1358,3065187,ggmap
2021-12-11,792,3065979,ggmap
2021-12-12,776,3066755,ggmap
2021-12-13,1769,3068524,ggmap
2021-12-14,1418,3069942,ggmap
2021-12-15,1600,3071542,ggmap
2021-12-16,1926,3073468,ggmap
2021-12-17,1467,3074935,ggmap
2021-12-18,596,3075531,ggmap
2021-12-19,608,3076139,ggmap
2021-12-20,1507,3077646,ggmap
2021-12-21,1654,3079300,ggmap
2021-12-22,1155,3080455,ggmap
2021-12-23,1628,3082083,ggmap
2021-12-24,484,3082567,ggmap
2021-12-25,348,3082915,ggmap
2021-12-26,392,3083307,ggmap
2021-12-27,1277,3084584,ggmap
2021-12-28,1616,3086200,ggmap
2021-12-29,1612,3087812,ggmap
2021-12-30,613,3088425,ggmap
2021-12-31,412,3088837,ggmap
2022-01-01,451,3089288,ggmap
2022-01-02,437,3089725,ggmap
2022-01-03,1092,3090817,ggmap
2022-01-04,1086,3091903,ggmap
2022-01-05,1404,3093307,ggmap
2022-01-06,1200,3094507,ggmap
2022-01-07,847,3095354,ggmap
2022-01-08,550,3095904,ggmap
2022-01-09,476,3096380,ggmap
2022-01-10,1224,3097604,ggmap
2022-01-11,1309,3098913,ggmap
2022-01-12,1472,3100385,ggmap
2022-01-13,1305,3101690,ggmap
2022-01-14,954,3102644,ggmap
2022-01-15,676,3103320,ggmap
2022-01-16,549,3103869,ggmap
2022-01-17,963,3104832,ggmap
2022-01-18,1354,3106186,ggmap
2022-01-19,1283,3107469,ggmap
2022-01-20,1308,3108777,ggmap
2022-01-21,1187,3109964,ggmap
2022-01-22,680,3110644,ggmap
2022-01-23,545,3111189,ggmap
2022-01-24,1482,3112671,ggmap
2022-01-25,5027,3117698,ggmap
2022-01-26,1243,3118941,ggmap
2022-01-27,1096,3120037,ggmap
2022-01-28,13833,3133870,ggmap
2022-01-29,3414,3137284,ggmap
2022-01-30,496,3137780,ggmap
2022-01-31,1333,3139113,ggmap
2022-02-01,1208,3140321,ggmap
2022-02-02,1522,3141843,ggmap
2022-02-03,1092,3142935,ggmap
2022-02-04,3245,3146180,ggmap
2022-02-05,535,3146715,ggmap
2022-02-06,545,3147260,ggmap
2022-02-07,1218,3148478,ggmap
2022-02-08,1331,3149809,ggmap
2022-02-09,1242,3151051,ggmap
2022-02-10,1258,3152309,ggmap
2022-02-11,887,3153196,ggmap
2022-02-12,514,3153710,ggmap
2022-02-13,544,3154254,ggmap
2022-02-14,1256,3155510,ggmap
2022-02-15,1179,3156689,ggmap
2022-02-16,1189,3157878,ggmap
2022-02-17,1314,3159192,ggmap
2022-02-18,1025,3160217,ggmap
2022-02-19,487,3160704,ggmap
2022-02-20,474,3161178,ggmap
2022-02-21,982,3162160,ggmap
2022-02-22,1192,3163352,ggmap
2022-02-23,1340,3164692,ggmap
2022-02-24,1168,3165860,ggmap
2022-02-25,946,3166806,ggmap
2022-02-26,486,3167292,ggmap
2022-02-27,557,3167849,ggmap
2022-02-28,1149,3168998,ggmap
2022-03-01,1335,3170333,ggmap
2022-03-02,1627,3171960,ggmap
2022-03-03,1479,3173439,ggmap
2022-03-04,1129,3174568,ggmap
2022-03-05,551,3175119,ggmap
2022-03-06,457,3175576,ggmap
2022-03-07,1102,3176678,ggmap
2022-03-08,1151,3177829,ggmap
2022-03-09,1818,3179647,ggmap
2022-03-10,1396,3181043,ggmap
2022-03-11,993,3182036,ggmap
2022-03-12,664,3182700,ggmap
2022-03-13,659,3183359,ggmap
2022-03-14,1210,3184569,ggmap
2022-03-15,1097,3185666,ggmap
2022-03-16,1159,3186825,ggmap
2022-03-17,1318,3188143,ggmap
2022-03-18,2400,3190543,ggmap
2022-03-19,598,3191141,ggmap
2022-03-20,539,3191680,ggmap
2022-03-21,1965,3193645,ggmap
2022-03-22,1198,3194843,ggmap
2022-03-23,1409,3196252,ggmap
2022-03-24,1295,3197547,ggmap
2022-03-25,1039,3198586,ggmap
2022-03-26,511,3199097,ggmap
2022-03-27,756,3199853,ggmap
2022-03-28,1185,3201038,ggmap
2022-03-29,1229,3202267,ggmap
2022-03-30,1298,3203565,ggmap
2022-03-31,1350,3204915,ggmap
2022-04-01,1189,3206104,ggmap
2022-04-02,555,3206659,ggmap
2022-04-03,632,3207291,ggmap
2022-04-04,1224,3208515,ggmap
2022-04-05,1313,3209828,ggmap
2022-04-06,1326,3211154,ggmap
2022-04-07,1199,3212353,ggmap
2022-04-08,1027,3213380,ggmap
2022-04-09,533,3213913,ggmap
2022-04-10,595,3214508,ggmap
2022-04-11,1365,3215873,ggmap
2022-04-12,1329,3217202,ggmap
2022-04-13,1157,3218359,ggmap
2022-04-14,1451,3219810,ggmap
2022-04-15,935,3220745,ggmap
2022-04-16,526,3221271,ggmap
2022-04-17,504,3221775,ggmap
2022-04-18,1379,3223154,ggmap
2022-04-19,1515,3224669,ggmap
2022-04-20,1443,3226112,ggmap
2022-04-21,1174,3227286,ggmap
2022-04-22,1839,3229125,ggmap
2022-04-23,701,3229826,ggmap
2022-04-24,789,3230615,ggmap
2022-04-25,1865,3232480,ggmap
2022-04-26,2051,3234531,ggmap
2022-04-27,1563,3236094,ggmap
2022-04-28,2020,3238114,ggmap
2022-04-29,1537,3239651,ggmap
2022-04-30,660,3240311,ggmap
2022-05-01,679,3240990,ggmap
2022-05-02,1578,3242568,ggmap
2022-05-03,1456,3244024,ggmap
2022-05-04,2153,3246177,ggmap
2022-05-05,2949,3249126,ggmap
2022-05-06,2319,3251445,ggmap
2022-05-07,765,3252210,ggmap
2022-05-08,810,3253020,ggmap
2022-05-09,1639,3254659,ggmap
2022-05-10,2636,3257295,ggmap
2022-05-11,4918,3262213,ggmap
2022-05-12,1324,3263537,ggmap
2022-05-13,1135,3264672,ggmap
2022-05-14,545,3265217,ggmap
2022-05-15,585,3265802,ggmap
2022-05-16,1433,3267235,ggmap
2022-05-17,1381,3268616,ggmap
2022-05-18,1830,3270446,ggmap
2022-05-19,1806,3272252,ggmap
2022-05-20,4850,3277102,ggmap
2022-05-21,937,3278039,ggmap
2022-05-22,734,3278773,ggmap
2022-05-23,1417,3280190,ggmap
2022-05-24,1342,3281532,ggmap
2022-05-25,1492,3283024,ggmap
2022-05-26,1954,3284978,ggmap
2022-05-27,2740,3287718,ggmap
2022-05-28,695,3288413,ggmap
2022-05-29,681,3289094,ggmap
2022-05-30,1323,3290417,ggmap
2022-05-31,1340,3291757,ggmap
2022-06-01,1831,3293588,ggmap
2022-06-02,1239,3294827,ggmap
2022-06-03,947,3295774,ggmap
2022-06-04,585,3296359,ggmap
2022-06-05,650,3297009,ggmap
2022-06-06,1381,3298390,ggmap
2022-06-07,1843,3300233,ggmap
2022-06-08,1460,3301693,ggmap
2022-06-09,1040,3302733,ggmap
2022-06-10,1036,3303769,ggmap
2022-06-11,578,3304347,ggmap
2022-06-12,563,3304910,ggmap
2022-06-13,1018,3305928,ggmap
2022-06-14,2077,3308005,ggmap
2022-06-15,1207,3309212,ggmap
2022-06-16,1654,3310866,ggmap
2022-06-17,1026,3311892,ggmap
2022-06-18,537,3312429,ggmap
2022-06-19,595,3313024,ggmap
2022-06-20,2006,3315030,ggmap
2022-06-21,1314,3316344,ggmap
2022-06-22,1413,3317757,ggmap
2022-06-23,1519,3319276,ggmap
2022-06-24,1235,3320511,ggmap
2022-06-25,584,3321095,ggmap
2022-06-26,545,3321640,ggmap
2022-06-27,1562,3323202,ggmap
2022-06-28,1806,3325008,ggmap
2022-06-29,1264,3326272,ggmap
2022-06-30,1738,3328010,ggmap
2022-07-01,965,3328975,ggmap
2022-07-02,502,3329477,ggmap
2022-07-03,509,3329986,ggmap
2022-07-04,1509,3331495,ggmap
2022-07-05,1886,3333381,ggmap
2022-07-06,4777,3338158,ggmap
2022-07-07,2428,3340586,ggmap
2022-07-08,2847,3343433,ggmap
2022-07-09,425,3343858,ggmap
2022-07-10,470,3344328,ggmap
2022-07-11,1554,3345882,ggmap
2022-07-12,4485,3350367,ggmap
2022-07-13,1634,3352001,ggmap
2022-07-14,1940,3353941,ggmap
2022-07-15,1894,3355835,ggmap
2022-07-16,454,3356289,ggmap
2022-07-17,458,3356747,ggmap
2022-07-18,2058,3358805,ggmap
2022-07-19,1357,3360162,ggmap
2022-07-20,1152,3361314,ggmap
2022-07-21,1089,3362403,ggmap
2022-07-22,985,3363388,ggmap
2022-07-23,498,3363886,ggmap
2022-07-24,458,3364344,ggmap
2022-07-25,2305,3366649,ggmap
2022-07-26,2845,3369494,ggmap
2022-07-27,1930,3371424,ggmap
2022-07-28,1633,3373057,ggmap
2022-07-29,1261,3374318,ggmap
2022-07-30,489,3374807,ggmap
2022-07-31,476,3375283,ggmap
2022-08-01,3173,3378456,ggmap
2022-08-02,1561,3380017,ggmap
2022-08-03,2116,3382133,ggmap
2022-08-04,1593,3383726,ggmap
2022-08-05,890,3384616,ggmap
2022-08-06,514,3385130,ggmap
2022-08-07,484,3385614,ggmap
2022-08-08,1688,3387302,ggmap
2022-08-09,1809,3389111,ggmap
2022-08-10,1311,3390422,ggmap
2022-08-11,1301,3391723,ggmap
2022-08-12,852,3392575,ggmap
2022-08-13,420,3392995,ggmap
2022-08-14,407,3393402,ggmap
2022-08-15,1044,3394446,ggmap
2022-08-16,1474,3395920,ggmap
2022-08-17,2127,3398047,ggmap
2022-08-18,1253,3399300,ggmap
2022-08-19,1325,3400625,ggmap
2022-08-20,512,3401137,ggmap
2022-08-21,554,3401691,ggmap
2022-08-22,1230,3402921,ggmap
2022-08-23,1979,3404900,ggmap
2022-08-24,1553,3406453,ggmap
2022-08-25,1700,3408153,ggmap
2022-08-26,1260,3409413,ggmap
2022-08-27,485,3409898,ggmap
2022-08-28,475,3410373,ggmap
2022-08-29,1512,3411885,ggmap
2022-08-30,2454,3414339,ggmap
2022-08-31,2539,3416878,ggmap
2022-09-01,1445,3418323,ggmap
2022-09-02,1372,3419695,ggmap
2022-09-03,457,3420152,ggmap
2022-09-04,527,3420679,ggmap
2022-09-05,1183,3421862,ggmap
2022-09-06,1409,3423271,ggmap
2022-09-07,1528,3424799,ggmap
2022-09-08,1777,3426576,ggmap
2022-09-09,1203,3427779,ggmap
2022-09-10,435,3428214,ggmap
2022-09-11,424,3428638,ggmap
2022-09-12,1193,3429831,ggmap
2022-09-13,1341,3431172,ggmap
2022-09-14,1632,3432804,ggmap
2022-09-15,1324,3434128,ggmap
2022-09-16,1997,3436125,ggmap
2022-09-17,494,3436619,ggmap
2022-09-18,544,3437163,ggmap
2022-09-19,1204,3438367,ggmap
2022-09-20,1471,3439838,ggmap
2022-09-21,2003,3441841,ggmap
2022-09-22,1924,3443765,ggmap
2022-09-23,1176,3444941,ggmap
2022-09-24,516,3445457,ggmap
2022-09-25,499,3445956,ggmap
2022-09-26,2796,3448752,ggmap
2022-09-27,2346,3451098,ggmap
2022-09-28,1760,3452858,ggmap
2022-09-29,1272,3454130,ggmap
2022-09-30,1321,3455451,ggmap
2022-10-01,578,3456029,ggmap
2022-10-02,470,3456499,ggmap
2022-10-03,1210,3457709,ggmap
2022-10-04,1347,3459056,ggmap
2022-10-05,1344,3460400,ggmap
2022-10-06,1579,3461979,ggmap
2022-10-07,1675,3463654,ggmap
2022-10-08,553,3464207,ggmap
2022-10-09,572,3464779,ggmap
2022-10-10,1570,3466349,ggmap
2022-10-11,1803,3468152,ggmap
2022-10-12,1538,3469690,ggmap
2022-10-13,2088,3471778,ggmap
2022-10-14,1877,3473655,ggmap
2022-10-15,626,3474281,ggmap
2022-10-16,595,3474876,ggmap
2022-10-17,1872,3476748,ggmap
2022-10-18,1931,3478679,ggmap
2022-10-19,1427,3480106,ggmap
2022-10-20,1919,3482025,ggmap
2022-10-21,1482,3483507,ggmap
2022-10-22,583,3484090,ggmap
2022-10-23,536,3484626,ggmap
2022-10-24,1256,3485882,ggmap
2022-10-25,1247,3487129,ggmap
2022-10-26,1258,3488387,ggmap
2022-10-27,1052,3489439,ggmap
2022-10-28,985,3490424,ggmap
2022-10-29,529,3490953,ggmap
2022-10-30,483,3491436,ggmap
2022-10-31,1269,3492705,ggmap
2022-11-01,1679,3494384,ggmap
2022-11-02,1496,3495880,ggmap
2022-11-03,1386,3497266,ggmap
2022-11-04,2928,3500194,ggmap
2022-11-05,1075,3501269,ggmap
2022-11-06,1032,3502301,ggmap
2022-11-07,9101,3511402,ggmap
2022-11-08,4734,3516136,ggmap
2022-11-09,2706,3518842,ggmap
2022-11-10,3045,3521887,ggmap
2022-11-11,3065,3524952,ggmap
2022-11-12,1243,3526195,ggmap
2022-11-13,1134,3527329,ggmap
2022-11-14,2776,3530105,ggmap
2022-11-15,3165,3533270,ggmap
2022-11-16,4073,3537343,ggmap
2022-11-17,2607,3539950,ggmap
2022-11-18,2239,3542189,ggmap
2022-11-19,1171,3543360,ggmap
2022-11-20,2258,3545618,ggmap
2022-11-21,3005,3548623,ggmap
2022-11-22,2953,3551576,ggmap
2022-11-23,3264,3554840,ggmap
2022-11-24,6717,3561557,ggmap
2022-11-25,5157,3566714,ggmap
2022-11-26,5627,3572341,ggmap
2022-11-27,1466,3573807,ggmap
2022-11-28,3994,3577801,ggmap
2022-11-29,3929,3581730,ggmap
2022-11-30,2800,3584530,ggmap
2022-12-01,2838,3587368,ggmap
2022-12-02,2189,3589557,ggmap
2022-12-03,1583,3591140,ggmap
2022-12-04,1527,3592667,ggmap
2022-12-05,2346,3595013,ggmap
2022-12-06,2533,3597546,ggmap
2022-12-07,3039,3600585,ggmap
2022-12-08,2733,3603318,ggmap
2022-12-09,2991,3606309,ggmap
2022-12-10,3252,3609561,ggmap
2022-12-11,1287,3610848,ggmap
2022-12-12,2241,3613089,ggmap
2022-12-13,2369,3615458,ggmap
2022-12-14,2439,3617897,ggmap
2022-12-15,1451,3619348,ggmap
2022-12-16,2053,3621401,ggmap
2022-12-17,1089,3622490,ggmap
2022-12-18,865,3623355,ggmap
2022-12-19,1806,3625161,ggmap
2022-12-20,1788,3626949,ggmap
2022-12-21,2066,3629015,ggmap
2022-12-22,1791,3630806,ggmap
2022-12-23,1394,3632200,ggmap
2022-12-24,869,3633069,ggmap
2022-12-25,707,3633776,ggmap
2022-12-26,1520,3635296,ggmap
2022-12-27,1456,3636752,ggmap
2022-12-28,1206,3637958,ggmap
2022-12-29,1761,3639719,ggmap
2022-12-30,1092,3640811,ggmap
2022-12-31,709,3641520,ggmap
2023-01-01,628,3642148,ggmap
2023-01-02,1009,3643157,ggmap
2023-01-03,2312,3645469,ggmap
2023-01-04,2784,3648253,ggmap
2023-01-05,2222,3650475,ggmap
2023-01-06,1842,3652317,ggmap
2023-01-07,973,3653290,ggmap
2023-01-08,1308,3654598,ggmap
2023-01-09,4072,3658670,ggmap
2023-01-10,1867,3660537,ggmap
2023-01-11,1661,3662198,ggmap
2023-01-12,1881,3664079,ggmap
2023-01-13,1808,3665887,ggmap
2023-01-14,655,3666542,ggmap
2023-01-15,858,3667400,ggmap
2023-01-16,1294,3668694,ggmap
2023-01-17,1699,3670393,ggmap
2023-01-18,6450,3676843,ggmap
2023-01-19,5916,3682759,ggmap
2023-01-20,6450,3689209,ggmap
2023-01-21,818,3690027,ggmap
2023-01-22,883,3690910,ggmap
2023-01-23,1628,3692538,ggmap
2023-01-24,2188,3694726,ggmap
2023-01-25,1955,3696681,ggmap
2023-01-26,2958,3699639,ggmap
2023-01-27,7773,3707412,ggmap
2023-01-28,1650,3709062,ggmap
2023-01-29,957,3710019,ggmap
2023-01-30,2218,3712237,ggmap
2023-01-31,1863,3714100,ggmap
2023-02-01,1958,3716058,ggmap
2023-02-02,2047,3718105,ggmap
2023-02-03,2190,3720295,ggmap
2023-02-04,831,3721126,ggmap
2023-02-05,789,3721915,ggmap
2023-02-06,2930,3724845,ggmap
2023-02-07,1912,3726757,ggmap
2023-02-08,2480,3729237,ggmap
2023-02-09,2111,3731348,ggmap
2023-02-10,1348,3732696,ggmap
2023-02-11,706,3733402,ggmap
2023-02-12,879,3734281,ggmap
2023-02-13,1702,3735983,ggmap
2023-02-14,1951,3737934,ggmap
2023-02-15,3255,3741189,ggmap
2023-02-16,5607,3746796,ggmap
2023-02-17,6056,3752852,ggmap
2023-02-18,1783,3754635,ggmap
2023-02-19,2721,3757356,ggmap
2023-02-20,1955,3759311,ggmap
2023-02-21,1511,3760822,ggmap
2023-02-22,1460,3762282,ggmap
2023-02-23,1701,3763983,ggmap
2023-02-24,1594,3765577,ggmap
2023-02-25,748,3766325,ggmap
2023-02-26,615,3766940,ggmap
2023-02-27,2129,3769069,ggmap
2023-02-28,1649,3770718,ggmap
2023-03-01,2308,3773026,ggmap
2023-03-02,1874,3774900,ggmap
2023-03-03,2618,3777518,ggmap
2023-03-04,752,3778270,ggmap
2023-03-05,672,3778942,ggmap
2023-03-06,1658,3780600,ggmap
2023-03-07,2468,3783068,ggmap
2023-03-08,2111,3785179,ggmap
2023-03-09,2118,3787297,ggmap
2023-03-10,2627,3789924,ggmap
2023-03-11,972,3790896,ggmap
2023-03-12,681,3791577,ggmap
2023-03-13,2468,3794045,ggmap
2023-03-14,2655,3796700,ggmap
2023-03-15,3532,3800232,ggmap
2023-03-16,2640,3802872,ggmap
2023-03-17,2226,3805098,ggmap
2023-03-18,847,3805945,ggmap
2023-03-19,1143,3807088,ggmap
2023-03-20,3299,3810387,ggmap
2023-03-21,6962,3817349,ggmap
2023-03-22,3902,3821251,ggmap
2023-03-23,4645,3825896,ggmap
2023-03-24,2702,3828598,ggmap
2023-03-25,893,3829491,ggmap
2023-03-26,1175,3830666,ggmap
2023-03-27,4159,3834825,ggmap
2023-03-28,8114,3842939,ggmap
2023-03-29,2854,3845793,ggmap
2023-03-30,2028,3847821,ggmap
2023-03-31,2097,3849918,ggmap
2023-04-01,812,3850730,ggmap
2023-04-02,853,3851583,ggmap
2023-04-03,2268,3853851,ggmap
2023-04-04,2194,3856045,ggmap
2023-04-05,1749,3857794,ggmap
2023-04-06,1890,3859684,ggmap
2023-04-07,1388,3861072,ggmap
2023-04-08,736,3861808,ggmap
2023-04-09,755,3862563,ggmap
2023-04-10,1793,3864356,ggmap
2023-04-11,1890,3866246,ggmap
2023-04-12,2266,3868512,ggmap
2023-04-13,1921,3870433,ggmap
2023-04-14,1858,3872291,ggmap
2023-04-15,954,3873245,ggmap
2023-04-16,915,3874160,ggmap
2023-04-17,2377,3876537,ggmap
2023-04-18,3174,3879711,ggmap
2023-04-19,2920,3882631,ggmap
2023-04-20,2219,3884850,ggmap
2023-04-21,2383,3887233,ggmap
2023-04-22,969,3888202,ggmap
2023-04-23,1070,3889272,ggmap
2023-04-24,2239,3891511,ggmap
2023-04-25,2905,3894416,ggmap
2023-04-26,3701,3898117,ggmap
2023-04-27,1793,3899910,ggmap
2023-04-28,1559,3901469,ggmap
2023-04-29,819,3902288,ggmap
2023-04-30,765,3903053,ggmap
2023-05-01,2892,3905945,ggmap
2023-05-02,2598,3908543,ggmap
2023-05-03,1917,3910460,ggmap
2023-05-04,1950,3912410,ggmap
2023-05-05,1481,3913891,ggmap
2023-05-06,833,3914724,ggmap
2023-05-07,798,3915522,ggmap
2023-05-08,2046,3917568,ggmap
2023-05-09,2345,3919913,ggmap
2023-05-10,2934,3922847,ggmap
2023-05-11,3941,3926788,ggmap
2023-05-12,1448,3928236,ggmap
2023-05-13,723,3928959,ggmap
2023-05-14,736,3929695,ggmap
2023-05-15,1551,3931246,ggmap
2023-05-16,2966,3934212,ggmap
2023-05-17,2449,3936661,ggmap
2023-05-18,1488,3938149,ggmap
2023-05-19,1807,3939956,ggmap
2023-05-20,708,3940664,ggmap
2023-05-21,679,3941343,ggmap
2023-05-22,2357,3943700,ggmap
2023-05-23,3622,3947322,ggmap
2023-05-24,2269,3949591,ggmap
2023-05-25,1473,3951064,ggmap
2023-05-26,1593,3952657,ggmap
2023-05-27,706,3953363,ggmap
2023-05-28,676,3954039,ggmap
2023-05-29,1165,3955204,ggmap
2023-05-30,1633,3956837,ggmap
2023-05-31,2417,3959254,ggmap
2023-06-01,1422,3960676,ggmap
2023-06-02,1845,3962521,ggmap
2023-06-03,664,3963185,ggmap
2023-06-04,877,3964062,ggmap
2023-06-05,1617,3965679,ggmap
2023-06-06,1555,3967234,ggmap
2023-06-07,1625,3968859,ggmap
2023-06-08,1559,3970418,ggmap
2023-06-09,1361,3971779,ggmap
2023-06-10,730,3972509,ggmap
2023-06-11,662,3973171,ggmap
2023-06-12,1713,3974884,ggmap
2023-06-13,2003,3976887,ggmap
2023-06-14,1844,3978731,ggmap
2023-06-15,1574,3980305,ggmap
2023-06-16,1120,3981425,ggmap
2023-06-17,663,3982088,ggmap
2023-06-18,695,3982783,ggmap
2023-06-19,2089,3984872,ggmap
2023-06-20,1715,3986587,ggmap
2023-06-21,1371,3987958,ggmap
2023-06-22,1074,3989032,ggmap
2023-06-23,912,3989944,ggmap
2023-06-24,535,3990479,ggmap
2023-06-25,571,3991050,ggmap
2023-06-26,1270,3992320,ggmap
2023-06-27,1149,3993469,ggmap
2023-06-28,1229,3994698,ggmap
2023-06-29,1422,3996120,ggmap
2023-06-30,1135,3997255,ggmap
2023-07-01,631,3997886,ggmap
2023-07-02,515,3998401,ggmap
2023-07-03,1211,3999612,ggmap
2023-07-04,997,4000609,ggmap
2023-07-05,1307,4001916,ggmap
2023-07-06,1278,4003194,ggmap
2023-07-07,1171,4004365,ggmap
2023-07-08,704,4005069,ggmap
2023-07-09,767,4005836,ggmap
2023-07-10,1411,4007247,ggmap
2023-07-11,3420,4010667,ggmap
2023-07-12,1365,4012032,ggmap
2023-07-13,1360,4013392,ggmap
2023-07-14,1411,4014803,ggmap
2023-07-15,751,4015554,ggmap
2023-07-16,785,4016339,ggmap
2023-07-17,2003,4018342,ggmap
2023-07-18,1942,4020284,ggmap
2023-07-19,1404,4021688,ggmap
2023-07-20,1504,4023192,ggmap
2023-07-21,2676,4025868,ggmap
2023-07-22,765,4026633,ggmap
2023-07-23,923,4027556,ggmap
2023-07-24,1517,4029073,ggmap
2023-07-25,1514,4030587,ggmap
2023-07-26,1536,4032123,ggmap
2023-07-27,1225,4033348,ggmap
2023-07-28,1250,4034598,ggmap
2023-07-29,593,4035191,ggmap
2023-07-30,583,4035774,ggmap
2023-07-31,1756,4037530,ggmap
2023-08-01,1057,4038587,ggmap
2023-08-02,2510,4041097,ggmap
2023-08-03,1307,4042404,ggmap
2023-08-04,1265,4043669,ggmap
2023-08-05,751,4044420,ggmap
2023-08-06,622,4045042,ggmap
2023-08-07,1164,4046206,ggmap
2023-08-08,1556,4047762,ggmap
2023-08-09,2405,4050167,ggmap
2023-08-10,1148,4051315,ggmap
2023-08-11,1236,4052551,ggmap
2023-08-12,656,4053207,ggmap
2023-08-13,574,4053781,ggmap
2023-08-14,1136,4054917,ggmap
2023-08-15,914,4055831,ggmap
2023-08-16,1032,4056863,ggmap
2023-08-17,917,4057780,ggmap
2023-08-18,902,4058682,ggmap
2023-08-19,447,4059129,ggmap
2023-08-20,376,4059505,ggmap
2023-08-21,924,4060429,ggmap
2023-08-22,989,4061418,ggmap
2023-08-23,1162,4062580,ggmap
2023-08-24,1147,4063727,ggmap
2023-08-25,1095,4064822,ggmap
2023-08-26,629,4065451,ggmap
2023-08-27,730,4066181,ggmap
2023-08-28,1401,4067582,ggmap
2023-08-29,1114,4068696,ggmap
2023-08-30,1119,4069815,ggmap
2023-08-31,1303,4071118,ggmap
2023-09-01,1141,4072259,ggmap
2023-09-02,641,4072900,ggmap
2023-09-03,646,4073546,ggmap
2023-09-04,1041,4074587,ggmap
2023-09-05,1361,4075948,ggmap
2023-09-06,1262,4077210,ggmap
2023-09-07,1281,4078491,ggmap
2023-09-08,1175,4079666,ggmap
2023-09-09,650,4080316,ggmap
2023-09-10,796,4081112,ggmap
2023-09-11,1202,4082314,ggmap
2023-09-12,1509,4083823,ggmap
2023-09-13,1351,4085174,ggmap
2023-09-14,1397,4086571,ggmap
2023-09-15,1285,4087856,ggmap
2023-09-16,650,4088506,ggmap
2023-09-17,741,4089247,ggmap
2023-09-18,1338,4090585,ggmap
2023-09-19,1633,4092218,ggmap
2023-09-20,1116,4093334,ggmap
2023-09-21,1460,4094794,ggmap
2023-09-22,1238,4096032,ggmap
2023-09-23,649,4096681,ggmap
2023-09-24,640,4097321,ggmap
2023-09-25,1349,4098670,ggmap
2023-09-26,1672,4100342,ggmap
2023-09-27,2024,4102366,ggmap
2023-09-28,3602,4105968,ggmap
2023-09-29,4858,4110826,ggmap
2023-09-30,593,4111419,ggmap
2023-10-01,580,4111999,ggmap
2023-10-02,2625,4114624,ggmap
2023-10-03,1975,4116599,ggmap
2023-10-04,3758,4120357,ggmap
2023-10-05,1259,4121616,ggmap
2023-10-06,1286,4122902,ggmap
2023-10-07,585,4123487,ggmap
2023-10-08,608,4124095,ggmap
2023-10-09,1306,4125401,ggmap
2023-10-10,1471,4126872,ggmap
2023-10-11,3156,4130028,ggmap
2023-10-12,1892,4131920,ggmap
2023-10-13,1295,4133215,ggmap
2023-10-14,749,4133964,ggmap
2023-10-15,672,4134636,ggmap
2023-10-16,2104,4136740,ggmap
2023-10-17,2411,4139151,ggmap
2023-10-18,1532,4140683,ggmap
2023-10-19,1211,4141894,ggmap
2023-10-20,1106,4143000,ggmap
2023-10-21,652,4143652,ggmap
2023-10-22,638,4144290,ggmap
2023-10-23,1173,4145463,ggmap
2023-10-24,1291,4146754,ggmap
2023-10-25,1323,4148077,ggmap
2023-10-26,1496,4149573,ggmap
2023-10-27,1308,4150881,ggmap
2023-10-28,690,4151571,ggmap
2023-10-29,557,4152128,ggmap
2023-10-30,1458,4153586,ggmap
2023-10-31,1696,4155282,ggmap
2023-11-01,1161,4156443,ggmap
2023-11-02,1346,4157789,ggmap
2023-11-03,1226,4159015,ggmap
2023-11-04,706,4159721,ggmap
2023-11-05,592,4160313,ggmap
2023-11-06,1243,4161556,ggmap
2023-11-07,2247,4163803,ggmap
2023-11-08,3922,4167725,ggmap
2023-11-09,1462,4169187,ggmap
2023-11-10,2310,4171497,ggmap
2023-11-11,613,4172110,ggmap
2023-11-12,589,4172699,ggmap
2023-11-13,1836,4174535,ggmap
2023-11-14,2238,4176773,ggmap
2023-11-15,1941,4178714,ggmap
2023-11-16,1584,4180298,ggmap
2023-11-17,1110,4181408,ggmap
2023-11-18,623,4182031,ggmap
2023-11-19,1079,4183110,ggmap
2023-11-20,4170,4187280,ggmap
2023-11-21,1949,4189229,ggmap
2023-11-22,1533,4190762,ggmap
2023-11-23,1194,4191956,ggmap
2023-11-24,1117,4193073,ggmap
2023-11-25,725,4193798,ggmap
2023-11-26,805,4194603,ggmap
2023-11-27,1641,4196244,ggmap
2023-11-28,1892,4198136,ggmap
2023-11-29,1803,4199939,ggmap
2023-11-30,1784,4201723,ggmap
2023-12-01,1589,4203312,ggmap
2023-12-02,823,4204135,ggmap
2023-12-03,708,4204843,ggmap
2023-12-04,1660,4206503,ggmap
2023-12-05,1734,4208237,ggmap
2023-12-06,1620,4209857,ggmap
2023-12-07,1564,4211421,ggmap
2023-12-08,1175,4212596,ggmap
2023-12-09,833,4213429,ggmap
2023-12-10,746,4214175,ggmap
2023-12-11,1375,4215550,ggmap
2023-12-12,1260,4216810,ggmap
2023-12-13,3021,4219831,ggmap
2023-12-14,8548,4228379,ggmap
2023-12-15,8451,4236830,ggmap
2023-12-16,8085,4244915,ggmap
2023-12-17,8116,4253031,ggmap
2023-12-18,8386,4261417,ggmap
2023-12-19,8642,4270059,ggmap
2023-12-20,8417,4278476,ggmap
2023-12-21,8297,4286773,ggmap
2023-12-22,8062,4294835,ggmap
2023-12-23,7856,4302691,ggmap
2023-12-24,7769,4310460,ggmap
2023-12-25,7839,4318299,ggmap
2023-12-26,7995,4326294,ggmap
2023-12-27,8091,4334385,ggmap
2023-12-28,8028,4342413,ggmap
2023-12-29,7926,4350339,ggmap
2023-12-30,7761,4358100,ggmap
2023-12-31,7744,4365844,ggmap
2024-01-01,7735,4373579,ggmap
2024-01-02,8223,4381802,ggmap
2024-01-03,9298,4391100,ggmap
2024-01-04,10634,4401734,ggmap
2024-01-05,8359,4410093,ggmap
2024-01-06,7809,4417902,ggmap
2024-01-07,7823,4425725,ggmap
2024-01-08,8424,4434149,ggmap
2024-01-09,8708,4442857,ggmap
2024-01-10,8639,4451496,ggmap
2024-01-11,8608,4460104,ggmap
2024-01-12,8529,4468633,ggmap
2024-01-13,7878,4476511,ggmap
2024-01-14,7840,4484351,ggmap
2024-01-15,8267,4492618,ggmap
2024-01-16,8899,4501517,ggmap
2024-01-17,8632,4510149,ggmap
2024-01-18,8643,4518792,ggmap
2024-01-19,9502,4528294,ggmap
2024-01-20,8626,4536920,ggmap
2024-01-21,9218,4546138,ggmap
2024-01-22,7451,4553589,ggmap
2024-01-23,8758,4562347,ggmap
2024-01-24,8729,4571076,ggmap
2024-01-25,8487,4579563,ggmap
2024-01-26,8178,4587741,ggmap
2024-01-27,7915,4595656,ggmap
2024-01-28,7941,4603597,ggmap
2024-01-29,8407,4612004,ggmap
2024-01-30,8531,4620535,ggmap
2024-01-31,8407,4628942,ggmap
2024-02-01,8481,4637423,ggmap
2024-02-02,8347,4645770,ggmap
2024-02-03,7915,4653685,ggmap
2024-02-04,7924,4661609,ggmap
2024-02-05,8408,4670017,ggmap
2024-02-06,8437,4678454,ggmap
2024-02-07,8497,4686951,ggmap
2024-02-08,8400,4695351,ggmap
2024-02-09,8210,4703561,ggmap
2024-02-10,7872,4711433,ggmap
2024-02-11,7942,4719375,ggmap
2024-02-12,8483,4727858,ggmap
2024-02-13,8494,4736352,ggmap
2024-02-14,8390,4744742,ggmap
2024-02-15,8328,4753070,ggmap
2024-02-16,8324,4761394,ggmap
2024-02-17,8020,4769414,ggmap
2024-02-18,8010,4777424,ggmap
2024-02-19,8458,4785882,ggmap
2024-02-20,8650,4794532,ggmap
2024-02-21,8734,4803266,ggmap
2024-02-22,8564,4811830,ggmap
2024-02-23,8428,4820258,ggmap
2024-02-24,7870,4828128,ggmap
2024-02-25,7954,4836082,ggmap
2024-02-26,8511,4844593,ggmap
2024-02-27,8578,4853171,ggmap
2024-02-28,8568,4861739,ggmap
2024-02-29,8630,4870369,ggmap
2024-03-01,8299,4878668,ggmap
2024-03-02,8011,4886679,ggmap
2024-03-03,8146,4894825,ggmap
2024-03-04,8602,4903427,ggmap
2024-03-05,8790,4912217,ggmap
2024-03-06,8528,4920745,ggmap
2024-03-07,8483,4929228,ggmap
2024-03-08,8335,4937563,ggmap
2024-03-09,7931,4945494,ggmap
2024-03-10,7981,4953475,ggmap
2024-03-11,8532,4962007,ggmap
2024-03-12,8568,4970575,ggmap
2024-03-13,8699,4979274,ggmap
2024-03-14,8652,4987926,ggmap
2024-03-15,8469,4996395,ggmap
2024-03-16,7947,5004342,ggmap
2024-03-17,7916,5012258,ggmap
2024-03-18,8602,5020860,ggmap
2024-03-19,8526,5029386,ggmap
2024-03-20,8569,5037955,ggmap
2024-03-21,8542,5046497,ggmap
2024-03-22,8491,5054988,ggmap
2024-03-23,7964,5062952,ggmap
2024-03-24,7915,5070867,ggmap
2024-03-25,8474,5079341,ggmap
2024-03-26,8427,5087768,ggmap
2024-03-27,8517,5096285,ggmap
2024-03-28,8306,5104591,ggmap
2024-03-29,8139,5112730,ggmap
2024-03-30,7906,5120636,ggmap
2024-03-31,7828,5128464,ggmap
2024-04-01,8433,5136897,ggmap
2024-04-02,8520,5145417,ggmap
2024-04-03,8668,5154085,ggmap
2024-04-04,8452,5162537,ggmap
2024-04-05,8270,5170807,ggmap
2024-04-06,7878,5178685,ggmap
2024-04-07,7906,5186591,ggmap
2024-04-08,8447,5195038,ggmap
2024-04-09,8587,5203625,ggmap
2024-04-10,8327,5211952,ggmap
2024-04-11,8394,5220346,ggmap
2024-04-12,8265,5228611,ggmap
2024-04-13,7840,5236451,ggmap
2024-04-14,7825,5244276,ggmap
2024-04-15,8580,5252856,ggmap
2024-04-16,8473,5261329,ggmap
2024-04-17,8576,5269905,ggmap
2024-04-18,8434,5278339,ggmap
2024-04-19,8302,5286641,ggmap
2024-04-20,8461,5295102,ggmap
2024-04-21,7988,5303090,ggmap
2024-04-22,8550,5311640,ggmap
2024-04-23,8463,5320103,ggmap
2024-04-24,8520,5328623,ggmap
2024-04-25,8748,5337371,ggmap
2024-04-26,8377,5345748,ggmap
2024-04-27,7971,5353719,ggmap
2024-04-28,8258,5361977,ggmap
2024-04-29,8592,5370569,ggmap
2024-04-30,8617,5379186,ggmap
2024-05-01,8844,5388030,ggmap
2024-05-02,8509,5396539,ggmap
2024-05-03,8483,5405022,ggmap
2024-05-04,7956,5412978,ggmap
2024-05-05,6954,5419932,ggmap
2024-05-06,8462,5428394,ggmap
2024-05-07,8559,5436953,ggmap
2024-05-08,8869,5445822,ggmap
2024-05-09,8388,5454210,ggmap
2024-05-10,8368,5462578,ggmap
2024-05-11,7981,5470559,ggmap
2024-05-12,7958,5478517,ggmap
2024-05-13,8762,5487279,ggmap
2024-05-14,8653,5495932,ggmap
2024-05-15,8501,5504433,ggmap
2024-05-16,8451,5512884,ggmap
2024-05-17,8334,5521218,ggmap
2024-05-18,7955,5529173,ggmap
2024-05-19,7909,5537082,ggmap
2024-05-20,8524,5545606,ggmap
2024-05-21,8396,5554002,ggmap
2024-05-22,8956,5562958,ggmap
2024-05-23,8329,5571287,ggmap
2024-05-24,8169,5579456,ggmap
2024-05-25,8120,5587576,ggmap
2024-05-26,7903,5595479,ggmap
2024-05-27,8496,5603975,ggmap
2024-05-28,8470,5612445,ggmap
2024-05-29,8385,5620830,ggmap
2024-05-30,8314,5629144,ggmap
2024-05-31,8226,5637370,ggmap
2024-06-01,7990,5645360,ggmap
2024-06-02,7870,5653230,ggmap
2024-06-03,8452,5661682,ggmap
2024-06-04,8488,5670170,ggmap
2024-06-05,8440,5678610,ggmap
2024-06-06,8381,5686991,ggmap
2024-06-07,8311,5695302,ggmap
2024-06-08,7782,5703084,ggmap
2024-06-09,7843,5710927,ggmap
2024-06-10,8369,5719296,ggmap
2024-06-11,8392,5727688,ggmap
2024-06-12,8359,5736047,ggmap
2024-06-13,8628,5744675,ggmap
2024-06-14,8210,5752885,ggmap
2024-06-15,7867,5760752,ggmap
2024-06-16,7789,5768541,ggmap
2024-06-17,8275,5776816,ggmap
2024-06-18,8394,5785210,ggmap
2024-06-19,8403,5793613,ggmap
2024-06-20,8291,5801904,ggmap
2024-06-21,8174,5810078,ggmap
2024-06-22,7828,5817906,ggmap
2024-06-23,7845,5825751,ggmap
2024-06-24,8174,5833925,ggmap
2024-06-25,8317,5842242,ggmap
2024-06-26,8235,5850477,ggmap
2024-06-27,8313,5858790,ggmap
2024-06-28,8119,5866909,ggmap
2024-06-29,7802,5874711,ggmap
2024-06-30,7751,5882462,ggmap
2024-07-01,8296,5890758,ggmap
2024-07-02,8247,5899005,ggmap
2024-07-03,8286,5907291,ggmap
2024-07-04,8378,5915669,ggmap
2024-07-05,8282,5923951,ggmap
2024-07-06,7871,5931822,ggmap
2024-07-07,7834,5939656,ggmap
2024-07-08,8240,5947896,ggmap
2024-07-09,8349,5956245,ggmap
2024-07-10,8301,5964546,ggmap
2024-07-11,8229,5972775,ggmap
2024-07-12,8039,5980814,ggmap
2024-07-13,7880,5988694,ggmap
2024-07-14,7807,5996501,ggmap
2024-07-15,8206,6004707,ggmap
2024-07-16,8360,6013067,ggmap
2024-07-17,8351,6021418,ggmap
2024-07-18,8198,6029616,ggmap
2024-07-19,8151,6037767,ggmap
2024-07-20,7778,6045545,ggmap
2024-07-21,7760,6053305,ggmap
2024-07-22,8130,6061435,ggmap
2024-07-23,8104,6069539,ggmap
2024-07-24,8228,6077767,ggmap
2024-07-25,8166,6085933,ggmap
2024-07-26,8054,6093987,ggmap
2024-07-27,7753,6101740,ggmap
2024-07-28,7706,6109446,ggmap
2024-07-29,8127,6117573,ggmap
2024-07-30,8232,6125805,ggmap
2024-07-31,8228,6134033,ggmap
2024-08-01,8140,6142173,ggmap
2024-08-02,8206,6150379,ggmap
2024-08-03,7835,6158214,ggmap
2024-08-04,7781,6165995,ggmap
2024-08-05,8172,6174167,ggmap
2024-08-06,8109,6182276,ggmap
2024-08-07,8214,6190490,ggmap
2024-08-08,8210,6198700,ggmap
2024-08-09,8208,6206908,ggmap
2024-08-10,8018,6214926,ggmap
2024-08-11,7800,6222726,ggmap
2024-08-12,8430,6231156,ggmap
2024-08-13,8300,6239456,ggmap
2024-08-14,8165,6247621,ggmap
2024-08-15,8120,6255741,ggmap
2024-08-16,8100,6263841,ggmap
2024-08-17,7797,6271638,ggmap
2024-08-18,7694,6279332,ggmap
2024-08-19,8174,6287506,ggmap
2024-08-20,8669,6296175,ggmap
2024-08-21,8301,6304476,ggmap
2024-08-22,8403,6312879,ggmap
2024-08-23,8670,6321549,ggmap
2024-08-24,7444,6328993,ggmap
2024-08-25,7771,6336764,ggmap
2024-08-26,8140,6344904,ggmap
2024-08-27,8290,6353194,ggmap
2024-08-28,8342,6361536,ggmap
2024-08-29,8368,6369904,ggmap
2024-08-30,8242,6378146,ggmap
2024-08-31,7857,6386003,ggmap
2024-09-01,7780,6393783,ggmap
2024-09-02,8221,6402004,ggmap
2024-09-03,8396,6410400,ggmap
2024-09-04,8436,6418836,ggmap
2024-09-05,8261,6427097,ggmap
2024-09-06,8239,6435336,ggmap
2024-09-07,7851,6443187,ggmap
2024-09-08,7801,6450988,ggmap
2024-09-09,8289,6459277,ggmap
2024-09-10,8348,6467625,ggmap
2024-09-11,8310,6475935,ggmap
2024-09-12,8434,6484369,ggmap
2024-09-13,8260,6492629,ggmap
2024-09-14,7835,6500464,ggmap
2024-09-15,7856,6508320,ggmap
2024-09-16,8192,6516512,ggmap
2024-09-17,8269,6524781,ggmap
2024-09-18,8314,6533095,ggmap
2024-09-19,8388,6541483,ggmap
2024-09-20,8344,6549827,ggmap
2024-09-21,7884,6557711,ggmap
2024-09-22,7888,6565599,ggmap
2024-09-23,8384,6573983,ggmap
2024-09-24,8524,6582507,ggmap
2024-09-25,8733,6591240,ggmap
2024-09-26,8437,6599677,ggmap
2024-09-27,8202,6607879,ggmap
2024-09-28,7973,6615852,ggmap
2024-09-29,7952,6623804,ggmap
2024-09-30,8451,6632255,ggmap
2024-10-01,8313,6640568,ggmap
2024-10-02,8421,6648989,ggmap
2024-10-03,8321,6657310,ggmap
2024-10-04,8323,6665633,ggmap
2024-10-05,7962,6673595,ggmap
2024-10-06,6695,6680290,ggmap
2024-10-07,6686,6686976,ggmap
2024-10-08,4565,6691541,ggmap
2024-10-09,1130,6692671,ggmap
2024-10-10,1279,6693950,ggmap
2024-10-11,1461,6695411,ggmap
2024-10-12,7791,6703202,ggmap
2024-10-13,7684,6710886,ggmap
2024-10-14,8168,6719054,ggmap
2024-10-15,8240,6727294,ggmap
2024-10-16,8391,6735685,ggmap
2024-10-17,8291,6743976,ggmap
2024-10-18,8058,6752034,ggmap
2024-10-19,7657,6759691,ggmap
2024-10-20,7687,6767378,ggmap
2024-10-21,8169,6775547,ggmap
2024-10-22,8532,6784079,ggmap
2024-10-23,8129,6792208,ggmap
2024-10-24,8501,6800709,ggmap
2024-10-25,8737,6809446,ggmap
2024-10-26,7828,6817274,ggmap
2024-10-27,5348,6822622,ggmap
2024-10-28,2887,6825509,ggmap
2024-10-29,7671,6833180,ggmap
2024-10-30,8170,6841350,ggmap
2024-10-31,8381,6849731,ggmap
2024-11-01,8065,6857796,ggmap
2024-11-02,7827,6865623,ggmap
2024-11-03,7729,6873352,ggmap
2024-11-04,8222,6881574,ggmap
2024-11-05,8471,6890045,ggmap
2024-11-06,8492,6898537,ggmap
2024-11-07,8498,6907035,ggmap
2024-11-08,8336,6915371,ggmap
2024-11-09,7827,6923198,ggmap
2024-11-10,7736,6930934,ggmap
2024-11-11,8321,6939255,ggmap
2024-11-12,8474,6947729,ggmap
2024-11-13,8319,6956048,ggmap
2024-11-14,8193,6964241,ggmap
2024-11-15,8115,6972356,ggmap
2024-11-16,7810,6980166,ggmap
2024-11-17,7789,6987955,ggmap
2024-11-18,8243,6996198,ggmap
2024-11-19,8270,7004468,ggmap
2024-11-20,8343,7012811,ggmap
2024-11-21,8188,7020999,ggmap
2024-11-22,8162,7029161,ggmap
2024-11-23,7735,7036896,ggmap
2024-11-24,7778,7044674,ggmap
2024-11-25,8420,7053094,ggmap
2024-11-26,8223,7061317,ggmap
2024-11-27,8064,7069381,ggmap
2024-11-28,7944,7077325,ggmap
2024-11-29,7932,7085257,ggmap
2024-11-30,7797,7093054,ggmap
2024-12-01,7753,7100807,ggmap
2024-12-02,8153,7108960,ggmap
2024-12-03,8120,7117080,ggmap
2024-12-04,8271,7125351,ggmap
2024-12-05,8192,7133543,ggmap
2024-12-06,8099,7141642,ggmap
2024-12-07,7730,7149372,ggmap
2024-12-08,7752,7157124,ggmap
2024-12-09,8104,7165228,ggmap
2024-12-10,5166,7170394,ggmap
2024-12-11,3690,7174084,ggmap
2024-12-12,947,7175031,ggmap
2024-12-13,715,7175746,ggmap
2024-12-14,434,7176180,ggmap
2024-12-15,7650,7183830,ggmap
2024-12-16,8063,7191893,ggmap
2024-12-17,5342,7197235,ggmap
2024-12-18,756,7197991,ggmap
2024-12-19,823,7198814,ggmap
2024-12-20,620,7199434,ggmap
2024-12-21,377,7199811,ggmap
2024-12-22,488,7200299,ggmap
2024-12-23,470,7200769,ggmap
2024-12-24,376,7201145,ggmap
2024-12-25,322,7201467,ggmap
2024-12-26,397,7201864,ggmap
2024-12-27,456,7202320,ggmap
2024-12-28,321,7202641,ggmap
2024-12-29,389,7203030,ggmap
2024-12-30,472,7203502,ggmap
2024-12-31,387,7203889,ggmap
2025-01-01,328,7204217,ggmap
2025-01-02,638,7204855,ggmap
2025-01-03,473,7205328,ggmap
2025-01-04,345,7205673,ggmap
2025-01-05,319,7205992,ggmap
2025-01-06,506,7206498,ggmap
2025-01-07,526,7207024,ggmap
2025-01-08,676,7207700,ggmap
2025-01-09,718,7208418,ggmap
2025-01-10,692,7209110,ggmap
2025-01-11,353,7209463,ggmap
2025-01-12,427,7209890,ggmap
2025-01-13,691,7210581,ggmap
2025-01-14,792,7211373,ggmap
2025-01-15,777,7212150,ggmap
2025-01-16,870,7213020,ggmap
2025-01-17,742,7213762,ggmap
2025-01-18,430,7214192,ggmap
2025-01-19,395,7214587,ggmap
2025-01-20,692,7215279,ggmap
2025-01-21,945,7216224,ggmap
2025-01-22,877,7217101,ggmap
2025-01-23,894,7217995,ggmap
2025-01-24,721,7218716,ggmap
2025-01-25,442,7219158,ggmap
2025-01-26,512,7219670,ggmap
2025-01-27,791,7220461,ggmap
2025-01-28,823,7221284,ggmap
2025-01-29,873,7222157,ggmap
2025-01-30,931,7223088,ggmap
2025-01-31,856,7223944,ggmap
2025-02-01,450,7224394,ggmap
2025-02-02,427,7224821,ggmap
2025-02-03,793,7225614,ggmap
2025-02-04,1036,7226650,ggmap
2025-02-05,953,7227603,ggmap
2025-02-06,980,7228583,ggmap
2025-02-07,879,7229462,ggmap
2025-02-08,632,7230094,ggmap
2025-02-09,523,7230617,ggmap
2025-02-10,1007,7231624,ggmap
2025-02-11,1060,7232684,ggmap
2025-02-12,1152,7233836,ggmap
2025-02-13,1094,7234930,ggmap
2025-02-14,840,7235770,ggmap
2025-02-15,479,7236249,ggmap
2025-02-16,467,7236716,ggmap
2025-02-17,1041,7237757,ggmap
2025-02-18,1080,7238837,ggmap
2025-02-19,1228,7240065,ggmap
2025-02-20,1092,7241157,ggmap
2025-02-21,783,7241940,ggmap
2025-02-22,564,7242504,ggmap
2025-02-23,505,7243009,ggmap
2025-02-24,1014,7244023,ggmap
2025-02-25,1204,7245227,ggmap
2025-02-26,1150,7246377,ggmap
2025-02-27,1137,7247514,ggmap
2025-02-28,888,7248402,ggmap
2025-03-01,571,7248973,ggmap
2025-03-02,525,7249498,ggmap
2025-03-03,1133,7250631,ggmap
2025-03-04,1278,7251909,ggmap
2025-03-05,1187,7253096,ggmap
2025-03-06,1050,7254146,ggmap
2025-03-07,1058,7255204,ggmap
2025-03-08,601,7255805,ggmap
2025-03-09,569,7256374,ggmap
2025-03-10,1081,7257455,ggmap
2025-03-11,1105,7258560,ggmap
2025-03-12,982,7259542,ggmap
2025-03-13,1174,7260716,ggmap
2025-03-14,939,7261655,ggmap
2025-03-15,665,7262320,ggmap
2025-03-16,529,7262849,ggmap
2025-03-17,1066,7263915,ggmap
2025-03-18,1273,7265188,ggmap
2025-03-19,1130,7266318,ggmap
2025-03-20,1080,7267398,ggmap
2025-03-21,918,7268316,ggmap
2025-03-22,487,7268803,ggmap
2025-03-23,576,7269379,ggmap
2025-03-24,1051,7270430,ggmap
2025-03-25,1095,7271525,ggmap
2025-03-26,1177,7272702,ggmap
2025-03-27,1176,7273878,ggmap
2025-03-28,1039,7274917,ggmap
2025-03-29,640,7275557,ggmap
2025-03-30,466,7276023,ggmap
2012-10-01,0,0,GGally
2012-10-02,0,0,GGally
2012-10-03,0,0,GGally
2012-10-04,0,0,GGally
2012-10-05,9,9,GGally
2012-10-06,9,18,GGally
2012-10-07,0,18,GGally
2012-10-08,0,18,GGally
2012-10-09,0,18,GGally
2012-10-10,1,19,GGally
2012-10-11,0,19,GGally
2012-10-12,0,19,GGally
2012-10-13,0,19,GGally
2012-10-14,0,19,GGally
2012-10-15,0,19,GGally
2012-10-16,0,19,GGally
2012-10-17,4,23,GGally
2012-10-18,6,29,GGally
2012-10-19,0,29,GGally
2012-10-20,0,29,GGally
2012-10-21,0,29,GGally
2012-10-22,0,29,GGally
2012-10-23,0,29,GGally
2012-10-24,0,29,GGally
2012-10-25,0,29,GGally
2012-10-26,0,29,GGally
2012-10-27,0,29,GGally
2012-10-28,0,29,GGally
2012-10-29,9,38,GGally
2012-10-30,0,38,GGally
2012-10-31,1,39,GGally
2012-11-01,4,43,GGally
2012-11-02,1,44,GGally
2012-11-03,3,47,GGally
2012-11-04,5,52,GGally
2012-11-05,6,58,GGally
2012-11-06,2,60,GGally
2012-11-07,1,61,GGally
2012-11-08,2,63,GGally
2012-11-09,3,66,GGally
2012-11-10,2,68,GGally
2012-11-11,1,69,GGally
2012-11-12,4,73,GGally
2012-11-13,3,76,GGally
2012-11-14,3,79,GGally
2012-11-15,8,87,GGally
2012-11-16,2,89,GGally
2012-11-17,0,89,GGally
2012-11-18,1,90,GGally
2012-11-19,5,95,GGally
2012-11-20,5,100,GGally
2012-11-21,10,110,GGally
2012-11-22,5,115,GGally
2012-11-23,6,121,GGally
2012-11-24,2,123,GGally
2012-11-25,3,126,GGally
2012-11-26,2,128,GGally
2012-11-27,3,131,GGally
2012-11-28,3,134,GGally
2012-11-29,6,140,GGally
2012-11-30,3,143,GGally
2012-12-01,5,148,GGally
2012-12-02,5,153,GGally
2012-12-03,5,158,GGally
2012-12-04,8,166,GGally
2012-12-05,7,173,GGally
2012-12-06,3,176,GGally
2012-12-07,5,181,GGally
2012-12-08,6,187,GGally
2012-12-09,5,192,GGally
2012-12-10,8,200,GGally
2012-12-11,9,209,GGally
2012-12-12,18,227,GGally
2012-12-13,15,242,GGally
2012-12-14,10,252,GGally
2012-12-15,2,254,GGally
2012-12-16,4,258,GGally
2012-12-17,6,264,GGally
2012-12-18,3,267,GGally
2012-12-19,6,273,GGally
2012-12-20,13,286,GGally
2012-12-21,15,301,GGally
2012-12-22,3,304,GGally
2012-12-23,2,306,GGally
2012-12-24,2,308,GGally
2012-12-25,3,311,GGally
2012-12-26,19,330,GGally
2012-12-27,5,335,GGally
2012-12-28,2,337,GGally
2012-12-29,0,337,GGally
2012-12-30,0,337,GGally
2012-12-31,0,337,GGally
2013-01-01,2,339,GGally
2013-01-02,9,348,GGally
2013-01-03,8,356,GGally
2013-01-04,4,360,GGally
2013-01-05,8,368,GGally
2013-01-06,2,370,GGally
2013-01-07,10,380,GGally
2013-01-08,7,387,GGally
2013-01-09,15,402,GGally
2013-01-10,11,413,GGally
2013-01-11,16,429,GGally
2013-01-12,6,435,GGally
2013-01-13,5,440,GGally
2013-01-14,5,445,GGally
2013-01-15,10,455,GGally
2013-01-16,11,466,GGally
2013-01-17,8,474,GGally
2013-01-18,10,484,GGally
2013-01-19,9,493,GGally
2013-01-20,9,502,GGally
2013-01-21,11,513,GGally
2013-01-22,13,526,GGally
2013-01-23,15,541,GGally
2013-01-24,16,557,GGally
2013-01-25,22,579,GGally
2013-01-26,10,589,GGally
2013-01-27,7,596,GGally
2013-01-28,14,610,GGally
2013-01-29,18,628,GGally
2013-01-30,10,638,GGally
2013-01-31,19,657,GGally
2013-02-01,17,674,GGally
2013-02-02,8,682,GGally
2013-02-03,9,691,GGally
2013-02-04,15,706,GGally
2013-02-05,23,729,GGally
2013-02-06,8,737,GGally
2013-02-07,23,760,GGally
2013-02-08,10,770,GGally
2013-02-09,10,780,GGally
2013-02-10,15,795,GGally
2013-02-11,24,819,GGally
2013-02-12,18,837,GGally
2013-02-13,19,856,GGally
2013-02-14,18,874,GGally
2013-02-15,24,898,GGally
2013-02-16,12,910,GGally
2013-02-17,15,925,GGally
2013-02-18,13,938,GGally
2013-02-19,24,962,GGally
2013-02-20,16,978,GGally
2013-02-21,18,996,GGally
2013-02-22,19,1015,GGally
2013-02-23,18,1033,GGally
2013-02-24,11,1044,GGally
2013-02-25,26,1070,GGally
2013-02-26,62,1132,GGally
2013-02-27,23,1155,GGally
2013-02-28,20,1175,GGally
2013-03-01,13,1188,GGally
2013-03-02,15,1203,GGally
2013-03-03,9,1212,GGally
2013-03-04,23,1235,GGally
2013-03-05,14,1249,GGally
2013-03-06,24,1273,GGally
2013-03-07,13,1286,GGally
2013-03-08,15,1301,GGally
2013-03-09,9,1310,GGally
2013-03-10,6,1316,GGally
2013-03-11,34,1350,GGally
2013-03-12,35,1385,GGally
2013-03-13,14,1399,GGally
2013-03-14,14,1413,GGally
2013-03-15,25,1438,GGally
2013-03-16,9,1447,GGally
2013-03-17,17,1464,GGally
2013-03-18,16,1480,GGally
2013-03-19,22,1502,GGally
2013-03-20,17,1519,GGally
2013-03-21,15,1534,GGally
2013-03-22,11,1545,GGally
2013-03-23,8,1553,GGally
2013-03-24,9,1562,GGally
2013-03-25,7,1569,GGally
2013-03-26,22,1591,GGally
2013-03-27,23,1614,GGally
2013-03-28,23,1637,GGally
2013-03-29,19,1656,GGally
2013-03-30,6,1662,GGally
2013-03-31,5,1667,GGally
2013-04-01,13,1680,GGally
2013-04-02,38,1718,GGally
2013-04-03,22,1740,GGally
2013-04-04,33,1773,GGally
2013-04-05,20,1793,GGally
2013-04-06,20,1813,GGally
2013-04-07,14,1827,GGally
2013-04-08,13,1840,GGally
2013-04-09,19,1859,GGally
2013-04-10,19,1878,GGally
2013-04-11,25,1903,GGally
2013-04-12,27,1930,GGally
2013-04-13,16,1946,GGally
2013-04-14,15,1961,GGally
2013-04-15,52,2013,GGally
2013-04-16,22,2035,GGally
2013-04-17,26,2061,GGally
2013-04-18,20,2081,GGally
2013-04-19,22,2103,GGally
2013-04-20,13,2116,GGally
2013-04-21,10,2126,GGally
2013-04-22,22,2148,GGally
2013-04-23,19,2167,GGally
2013-04-24,22,2189,GGally
2013-04-25,30,2219,GGally
2013-04-26,14,2233,GGally
2013-04-27,9,2242,GGally
2013-04-28,12,2254,GGally
2013-04-29,15,2269,GGally
2013-04-30,17,2286,GGally
2013-05-01,14,2300,GGally
2013-05-02,22,2322,GGally
2013-05-03,18,2340,GGally
2013-05-04,19,2359,GGally
2013-05-05,10,2369,GGally
2013-05-06,19,2388,GGally
2013-05-07,20,2408,GGally
2013-05-08,15,2423,GGally
2013-05-09,12,2435,GGally
2013-05-10,18,2453,GGally
2013-05-11,5,2458,GGally
2013-05-12,9,2467,GGally
2013-05-13,28,2495,GGally
2013-05-14,41,2536,GGally
2013-05-15,25,2561,GGally
2013-05-16,18,2579,GGally
2013-05-17,14,2593,GGally
2013-05-18,5,2598,GGally
2013-05-19,11,2609,GGally
2013-05-20,17,2626,GGally
2013-05-21,28,2654,GGally
2013-05-22,16,2670,GGally
2013-05-23,37,2707,GGally
2013-05-24,20,2727,GGally
2013-05-25,9,2736,GGally
2013-05-26,5,2741,GGally
2013-05-27,16,2757,GGally
2013-05-28,21,2778,GGally
2013-05-29,30,2808,GGally
2013-05-30,30,2838,GGally
2013-05-31,12,2850,GGally
2013-06-01,4,2854,GGally
2013-06-02,9,2863,GGally
2013-06-03,19,2882,GGally
2013-06-04,16,2898,GGally
2013-06-05,19,2917,GGally
2013-06-06,11,2928,GGally
2013-06-07,24,2952,GGally
2013-06-08,13,2965,GGally
2013-06-09,10,2975,GGally
2013-06-10,25,3000,GGally
2013-06-11,12,3012,GGally
2013-06-12,14,3026,GGally
2013-06-13,22,3048,GGally
2013-06-14,16,3064,GGally
2013-06-15,9,3073,GGally
2013-06-16,4,3077,GGally
2013-06-17,20,3097,GGally
2013-06-18,21,3118,GGally
2013-06-19,15,3133,GGally
2013-06-20,25,3158,GGally
2013-06-21,22,3180,GGally
2013-06-22,8,3188,GGally
2013-06-23,9,3197,GGally
2013-06-24,29,3226,GGally
2013-06-25,26,3252,GGally
2013-06-26,17,3269,GGally
2013-06-27,21,3290,GGally
2013-06-28,27,3317,GGally
2013-06-29,13,3330,GGally
2013-06-30,11,3341,GGally
2013-07-01,18,3359,GGally
2013-07-02,27,3386,GGally
2013-07-03,13,3399,GGally
2013-07-04,10,3409,GGally
2013-07-05,16,3425,GGally
2013-07-06,9,3434,GGally
2013-07-07,11,3445,GGally
2013-07-08,18,3463,GGally
2013-07-09,27,3490,GGally
2013-07-10,32,3522,GGally
2013-07-11,18,3540,GGally
2013-07-12,19,3559,GGally
2013-07-13,9,3568,GGally
2013-07-14,10,3578,GGally
2013-07-15,10,3588,GGally
2013-07-16,47,3635,GGally
2013-07-17,20,3655,GGally
2013-07-18,29,3684,GGally
2013-07-19,28,3712,GGally
2013-07-20,29,3741,GGally
2013-07-21,17,3758,GGally
2013-07-22,37,3795,GGally
2013-07-23,53,3848,GGally
2013-07-24,27,3875,GGally
2013-07-25,37,3912,GGally
2013-07-26,23,3935,GGally
2013-07-27,20,3955,GGally
2013-07-28,14,3969,GGally
2013-07-29,29,3998,GGally
2013-07-30,45,4043,GGally
2013-07-31,38,4081,GGally
2013-08-01,17,4098,GGally
2013-08-02,26,4124,GGally
2013-08-03,8,4132,GGally
2013-08-04,15,4147,GGally
2013-08-05,29,4176,GGally
2013-08-06,29,4205,GGally
2013-08-07,33,4238,GGally
2013-08-08,39,4277,GGally
2013-08-09,23,4300,GGally
2013-08-10,8,4308,GGally
2013-08-11,6,4314,GGally
2013-08-12,39,4353,GGally
2013-08-13,58,4411,GGally
2013-08-14,35,4446,GGally
2013-08-15,18,4464,GGally
2013-08-16,36,4500,GGally
2013-08-17,10,4510,GGally
2013-08-18,14,4524,GGally
2013-08-19,20,4544,GGally
2013-08-20,31,4575,GGally
2013-08-21,17,4592,GGally
2013-08-22,23,4615,GGally
2013-08-23,21,4636,GGally
2013-08-24,11,4647,GGally
2013-08-25,15,4662,GGally
2013-08-26,29,4691,GGally
2013-08-27,35,4726,GGally
2013-08-28,31,4757,GGally
2013-08-29,33,4790,GGally
2013-08-30,19,4809,GGally
2013-08-31,7,4816,GGally
2013-09-01,21,4837,GGally
2013-09-02,40,4877,GGally
2013-09-03,27,4904,GGally
2013-09-04,30,4934,GGally
2013-09-05,27,4961,GGally
2013-09-06,20,4981,GGally
2013-09-07,14,4995,GGally
2013-09-08,13,5008,GGally
2013-09-09,32,5040,GGally
2013-09-10,39,5079,GGally
2013-09-11,46,5125,GGally
2013-09-12,27,5152,GGally
2013-09-13,30,5182,GGally
2013-09-14,12,5194,GGally
2013-09-15,13,5207,GGally
2013-09-16,31,5238,GGally
2013-09-17,30,5268,GGally
2013-09-18,20,5288,GGally
2013-09-19,19,5307,GGally
2013-09-20,29,5336,GGally
2013-09-21,21,5357,GGally
2013-09-22,14,5371,GGally
2013-09-23,43,5414,GGally
2013-09-24,91,5505,GGally
2013-09-25,27,5532,GGally
2013-09-26,30,5562,GGally
2013-09-27,39,5601,GGally
2013-09-28,18,5619,GGally
2013-09-29,16,5635,GGally
2013-09-30,36,5671,GGally
2013-10-01,34,5705,GGally
2013-10-02,21,5726,GGally
2013-10-03,39,5765,GGally
2013-10-04,29,5794,GGally
2013-10-05,20,5814,GGally
2013-10-06,11,5825,GGally
2013-10-07,31,5856,GGally
2013-10-08,33,5889,GGally
2013-10-09,28,5917,GGally
2013-10-10,32,5949,GGally
2013-10-11,65,6014,GGally
2013-10-12,17,6031,GGally
2013-10-13,24,6055,GGally
2013-10-14,27,6082,GGally
2013-10-15,48,6130,GGally
2013-10-16,43,6173,GGally
2013-10-17,46,6219,GGally
2013-10-18,37,6256,GGally
2013-10-19,19,6275,GGally
2013-10-20,22,6297,GGally
2013-10-21,42,6339,GGally
2013-10-22,52,6391,GGally
2013-10-23,49,6440,GGally
2013-10-24,62,6502,GGally
2013-10-25,36,6538,GGally
2013-10-26,19,6557,GGally
2013-10-27,18,6575,GGally
2013-10-28,28,6603,GGally
2013-10-29,50,6653,GGally
2013-10-30,25,6678,GGally
2013-10-31,45,6723,GGally
2013-11-01,22,6745,GGally
2013-11-02,18,6763,GGally
2013-11-03,23,6786,GGally
2013-11-04,24,6810,GGally
2013-11-05,37,6847,GGally
2013-11-06,36,6883,GGally
2013-11-07,64,6947,GGally
2013-11-08,33,6980,GGally
2013-11-09,17,6997,GGally
2013-11-10,32,7029,GGally
2013-11-11,29,7058,GGally
2013-11-12,38,7096,GGally
2013-11-13,33,7129,GGally
2013-11-14,59,7188,GGally
2013-11-15,75,7263,GGally
2013-11-16,20,7283,GGally
2013-11-17,18,7301,GGally
2013-11-18,47,7348,GGally
2013-11-19,53,7401,GGally
2013-11-20,32,7433,GGally
2013-11-21,34,7467,GGally
2013-11-22,60,7527,GGally
2013-11-23,19,7546,GGally
2013-11-24,18,7564,GGally
2013-11-25,36,7600,GGally
2013-11-26,33,7633,GGally
2013-11-27,28,7661,GGally
2013-11-28,24,7685,GGally
2013-11-29,22,7707,GGally
2013-11-30,18,7725,GGally
2013-12-01,22,7747,GGally
2013-12-02,48,7795,GGally
2013-12-03,39,7834,GGally
2013-12-04,61,7895,GGally
2013-12-05,24,7919,GGally
2013-12-06,22,7941,GGally
2013-12-07,23,7964,GGally
2013-12-08,20,7984,GGally
2013-12-09,35,8019,GGally
2013-12-10,40,8059,GGally
2013-12-11,49,8108,GGally
2013-12-12,29,8137,GGally
2013-12-13,44,8181,GGally
2013-12-14,20,8201,GGally
2013-12-15,19,8220,GGally
2013-12-16,14,8234,GGally
2013-12-17,31,8265,GGally
2013-12-18,27,8292,GGally
2013-12-19,27,8319,GGally
2013-12-20,25,8344,GGally
2013-12-21,12,8356,GGally
2013-12-22,23,8379,GGally
2013-12-23,30,8409,GGally
2013-12-24,12,8421,GGally
2013-12-25,3,8424,GGally
2013-12-26,16,8440,GGally
2013-12-27,15,8455,GGally
2013-12-28,20,8475,GGally
2013-12-29,12,8487,GGally
2013-12-30,17,8504,GGally
2013-12-31,21,8525,GGally
2014-01-01,10,8535,GGally
2014-01-02,21,8556,GGally
2014-01-03,21,8577,GGally
2014-01-04,42,8619,GGally
2014-01-05,53,8672,GGally
2014-01-06,65,8737,GGally
2014-01-07,95,8832,GGally
2014-01-08,64,8896,GGally
2014-01-09,86,8982,GGally
2014-01-10,52,9034,GGally
2014-01-11,29,9063,GGally
2014-01-12,35,9098,GGally
2014-01-13,51,9149,GGally
2014-01-14,99,9248,GGally
2014-01-15,69,9317,GGally
2014-01-16,66,9383,GGally
2014-01-17,44,9427,GGally
2014-01-18,35,9462,GGally
2014-01-19,33,9495,GGally
2014-01-20,51,9546,GGally
2014-01-21,67,9613,GGally
2014-01-22,54,9667,GGally
2014-01-23,52,9719,GGally
2014-01-24,40,9759,GGally
2014-01-25,44,9803,GGally
2014-01-26,46,9849,GGally
2014-01-27,66,9915,GGally
2014-01-28,67,9982,GGally
2014-01-29,69,10051,GGally
2014-01-30,113,10164,GGally
2014-01-31,43,10207,GGally
2014-02-01,22,10229,GGally
2014-02-02,30,10259,GGally
2014-02-03,68,10327,GGally
2014-02-04,86,10413,GGally
2014-02-05,68,10481,GGally
2014-02-06,73,10554,GGally
2014-02-07,40,10594,GGally
2014-02-08,39,10633,GGally
2014-02-09,47,10680,GGally
2014-02-10,45,10725,GGally
2014-02-11,69,10794,GGally
2014-02-12,55,10849,GGally
2014-02-13,110,10959,GGally
2014-02-14,78,11037,GGally
2014-02-15,28,11065,GGally
2014-02-16,29,11094,GGally
2014-02-17,55,11149,GGally
2014-02-18,52,11201,GGally
2014-02-19,64,11265,GGally
2014-02-20,59,11324,GGally
2014-02-21,58,11382,GGally
2014-02-22,33,11415,GGally
2014-02-23,51,11466,GGally
2014-02-24,53,11519,GGally
2014-02-25,59,11578,GGally
2014-02-26,114,11692,GGally
2014-02-27,115,11807,GGally
2014-02-28,56,11863,GGally
2014-03-01,27,11890,GGally
2014-03-02,28,11918,GGally
2014-03-03,99,12017,GGally
2014-03-04,105,12122,GGally
2014-03-05,71,12193,GGally
2014-03-06,69,12262,GGally
2014-03-07,67,12329,GGally
2014-03-08,36,12365,GGally
2014-03-09,21,12386,GGally
2014-03-10,78,12464,GGally
2014-03-11,58,12522,GGally
2014-03-12,57,12579,GGally
2014-03-13,46,12625,GGally
2014-03-14,41,12666,GGally
2014-03-15,21,12687,GGally
2014-03-16,17,12704,GGally
2014-03-17,91,12795,GGally
2014-03-18,49,12844,GGally
2014-03-19,58,12902,GGally
2014-03-20,48,12950,GGally
2014-03-21,80,13030,GGally
2014-03-22,34,13064,GGally
2014-03-23,35,13099,GGally
2014-03-24,57,13156,GGally
2014-03-25,82,13238,GGally
2014-03-26,47,13285,GGally
2014-03-27,70,13355,GGally
2014-03-28,71,13426,GGally
2014-03-29,33,13459,GGally
2014-03-30,46,13505,GGally
2014-03-31,58,13563,GGally
2014-04-01,51,13614,GGally
2014-04-02,55,13669,GGally
2014-04-03,62,13731,GGally
2014-04-04,48,13779,GGally
2014-04-05,29,13808,GGally
2014-04-06,48,13856,GGally
2014-04-07,63,13919,GGally
2014-04-08,66,13985,GGally
2014-04-09,94,14079,GGally
2014-04-10,72,14151,GGally
2014-04-11,63,14214,GGally
2014-04-12,58,14272,GGally
2014-04-13,48,14320,GGally
2014-04-14,114,14434,GGally
2014-04-15,105,14539,GGally
2014-04-16,68,14607,GGally
2014-04-17,54,14661,GGally
2014-04-18,71,14732,GGally
2014-04-19,46,14778,GGally
2014-04-20,38,14816,GGally
2014-04-21,68,14884,GGally
2014-04-22,107,14991,GGally
2014-04-23,74,15065,GGally
2014-04-24,70,15135,GGally
2014-04-25,58,15193,GGally
2014-04-26,39,15232,GGally
2014-04-27,50,15282,GGally
2014-04-28,65,15347,GGally
2014-04-29,66,15413,GGally
2014-04-30,54,15467,GGally
2014-05-01,89,15556,GGally
2014-05-02,68,15624,GGally
2014-05-03,48,15672,GGally
2014-05-04,29,15701,GGally
2014-05-05,57,15758,GGally
2014-05-06,70,15828,GGally
2014-05-07,59,15887,GGally
2014-05-08,67,15954,GGally
2014-05-09,56,16010,GGally
2014-05-10,34,16044,GGally
2014-05-11,42,16086,GGally
2014-05-12,66,16152,GGally
2014-05-13,61,16213,GGally
2014-05-14,59,16272,GGally
2014-05-15,61,16333,GGally
2014-05-16,4,16337,GGally
2014-05-17,10,16347,GGally
2014-05-18,32,16379,GGally
2014-05-19,58,16437,GGally
2014-05-20,118,16555,GGally
2014-05-21,35,16590,GGally
2014-05-22,177,16767,GGally
2014-05-23,134,16901,GGally
2014-05-24,54,16955,GGally
2014-05-25,50,17005,GGally
2014-05-26,91,17096,GGally
2014-05-27,167,17263,GGally
2014-05-28,123,17386,GGally
2014-05-29,161,17547,GGally
2014-05-30,75,17622,GGally
2014-05-31,63,17685,GGally
2014-06-01,47,17732,GGally
2014-06-02,97,17829,GGally
2014-06-03,91,17920,GGally
2014-06-04,113,18033,GGally
2014-06-05,120,18153,GGally
2014-06-06,88,18241,GGally
2014-06-07,35,18276,GGally
2014-06-08,46,18322,GGally
2014-06-09,94,18416,GGally
2014-06-10,76,18492,GGally
2014-06-11,103,18595,GGally
2014-06-12,93,18688,GGally
2014-06-13,72,18760,GGally
2014-06-14,37,18797,GGally
2014-06-15,43,18840,GGally
2014-06-16,66,18906,GGally
2014-06-17,83,18989,GGally
2014-06-18,83,19072,GGally
2014-06-19,69,19141,GGally
2014-06-20,76,19217,GGally
2014-06-21,36,19253,GGally
2014-06-22,51,19304,GGally
2014-06-23,116,19420,GGally
2014-06-24,126,19546,GGally
2014-06-25,91,19637,GGally
2014-06-26,62,19699,GGally
2014-06-27,72,19771,GGally
2014-06-28,31,19802,GGally
2014-06-29,33,19835,GGally
2014-06-30,87,19922,GGally
2014-07-01,61,19983,GGally
2014-07-02,67,20050,GGally
2014-07-03,66,20116,GGally
2014-07-04,39,20155,GGally
2014-07-05,28,20183,GGally
2014-07-06,26,20209,GGally
2014-07-07,71,20280,GGally
2014-07-08,115,20395,GGally
2014-07-09,65,20460,GGally
2014-07-10,55,20515,GGally
2014-07-11,134,20649,GGally
2014-07-12,52,20701,GGally
2014-07-13,40,20741,GGally
2014-07-14,58,20799,GGally
2014-07-15,84,20883,GGally
2014-07-16,138,21021,GGally
2014-07-17,152,21173,GGally
2014-07-18,99,21272,GGally
2014-07-19,57,21329,GGally
2014-07-20,54,21383,GGally
2014-07-21,123,21506,GGally
2014-07-22,96,21602,GGally
2014-07-23,111,21713,GGally
2014-07-24,87,21800,GGally
2014-07-25,100,21900,GGally
2014-07-26,44,21944,GGally
2014-07-27,54,21998,GGally
2014-07-28,79,22077,GGally
2014-07-29,70,22147,GGally
2014-07-30,116,22263,GGally
2014-07-31,64,22327,GGally
2014-08-01,127,22454,GGally
2014-08-02,27,22481,GGally
2014-08-03,44,22525,GGally
2014-08-04,99,22624,GGally
2014-08-05,94,22718,GGally
2014-08-06,103,22821,GGally
2014-08-07,92,22913,GGally
2014-08-08,61,22974,GGally
2014-08-09,47,23021,GGally
2014-08-10,53,23074,GGally
2014-08-11,72,23146,GGally
2014-08-12,77,23223,GGally
2014-08-13,81,23304,GGally
2014-08-14,107,23411,GGally
2014-08-15,61,23472,GGally
2014-08-16,41,23513,GGally
2014-08-17,45,23558,GGally
2014-08-18,99,23657,GGally
2014-08-19,166,23823,GGally
2014-08-20,154,23977,GGally
2014-08-21,153,24130,GGally
2014-08-22,103,24233,GGally
2014-08-23,57,24290,GGally
2014-08-24,62,24352,GGally
2014-08-25,129,24481,GGally
2014-08-26,148,24629,GGally
2014-08-27,245,24874,GGally
2014-08-28,210,25084,GGally
2014-08-29,168,25252,GGally
2014-08-30,99,25351,GGally
2014-08-31,74,25425,GGally
2014-09-01,149,25574,GGally
2014-09-02,154,25728,GGally
2014-09-03,172,25900,GGally
2014-09-04,121,26021,GGally
2014-09-05,119,26140,GGally
2014-09-06,94,26234,GGally
2014-09-07,107,26341,GGally
2014-09-08,169,26510,GGally
2014-09-09,139,26649,GGally
2014-09-10,142,26791,GGally
2014-09-11,140,26931,GGally
2014-09-12,117,27048,GGally
2014-09-13,76,27124,GGally
2014-09-14,89,27213,GGally
2014-09-15,127,27340,GGally
2014-09-16,194,27534,GGally
2014-09-17,183,27717,GGally
2014-09-18,122,27839,GGally
2014-09-19,153,27992,GGally
2014-09-20,95,28087,GGally
2014-09-21,58,28145,GGally
2014-09-22,20,28165,GGally
2014-09-23,15,28180,GGally
2014-09-24,143,28323,GGally
2014-09-25,151,28474,GGally
2014-09-26,123,28597,GGally
2014-09-27,63,28660,GGally
2014-09-28,80,28740,GGally
2014-09-29,116,28856,GGally
2014-09-30,110,28966,GGally
2014-10-01,140,29106,GGally
2014-10-02,142,29248,GGally
2014-10-03,137,29385,GGally
2014-10-04,59,29444,GGally
2014-10-05,74,29518,GGally
2014-10-06,127,29645,GGally
2014-10-07,156,29801,GGally
2014-10-08,140,29941,GGally
2014-10-09,151,30092,GGally
2014-10-10,123,30215,GGally
2014-10-11,57,30272,GGally
2014-10-12,51,30323,GGally
2014-10-13,134,30457,GGally
2014-10-14,166,30623,GGally
2014-10-15,144,30767,GGally
2014-10-16,175,30942,GGally
2014-10-17,144,31086,GGally
2014-10-18,77,31163,GGally
2014-10-19,70,31233,GGally
2014-10-20,166,31399,GGally
2014-10-21,165,31564,GGally
2014-10-22,162,31726,GGally
2014-10-23,140,31866,GGally
2014-10-24,119,31985,GGally
2014-10-25,90,32075,GGally
2014-10-26,82,32157,GGally
2014-10-27,130,32287,GGally
2014-10-28,175,32462,GGally
2014-10-29,147,32609,GGally
2014-10-30,224,32833,GGally
2014-10-31,128,32961,GGally
2014-11-01,81,33042,GGally
2014-11-02,80,33122,GGally
2014-11-03,169,33291,GGally
2014-11-04,172,33463,GGally
2014-11-05,167,33630,GGally
2014-11-06,241,33871,GGally
2014-11-07,133,34004,GGally
2014-11-08,78,34082,GGally
2014-11-09,116,34198,GGally
2014-11-10,194,34392,GGally
2014-11-11,201,34593,GGally
2014-11-12,188,34781,GGally
2014-11-13,174,34955,GGally
2014-11-14,177,35132,GGally
2014-11-15,128,35260,GGally
2014-11-16,144,35404,GGally
2014-11-17,254,35658,GGally
2014-11-18,202,35860,GGally
2014-11-19,192,36052,GGally
2014-11-20,104,36156,GGally
2014-11-21,155,36311,GGally
2014-11-22,76,36387,GGally
2014-11-23,121,36508,GGally
2014-11-24,177,36685,GGally
2014-11-25,182,36867,GGally
2014-11-26,165,37032,GGally
2014-11-27,117,37149,GGally
2014-11-28,114,37263,GGally
2014-11-29,64,37327,GGally
2014-11-30,93,37420,GGally
2014-12-01,169,37589,GGally
2014-12-02,238,37827,GGally
2014-12-03,373,38200,GGally
2014-12-04,328,38528,GGally
2014-12-05,284,38812,GGally
2014-12-06,184,38996,GGally
2014-12-07,149,39145,GGally
2014-12-08,270,39415,GGally
2014-12-09,324,39739,GGally
2014-12-10,273,40012,GGally
2014-12-11,220,40232,GGally
2014-12-12,218,40450,GGally
2014-12-13,99,40549,GGally
2014-12-14,103,40652,GGally
2014-12-15,190,40842,GGally
2014-12-16,241,41083,GGally
2014-12-17,230,41313,GGally
2014-12-18,194,41507,GGally
2014-12-19,135,41642,GGally
2014-12-20,94,41736,GGally
2014-12-21,88,41824,GGally
2014-12-22,133,41957,GGally
2014-12-23,105,42062,GGally
2014-12-24,79,42141,GGally
2014-12-25,58,42199,GGally
2014-12-26,71,42270,GGally
2014-12-27,74,42344,GGally
2014-12-28,70,42414,GGally
2014-12-29,106,42520,GGally
2014-12-30,97,42617,GGally
2014-12-31,63,42680,GGally
2015-01-01,47,42727,GGally
2015-01-02,86,42813,GGally
2015-01-03,71,42884,GGally
2015-01-04,81,42965,GGally
2015-01-05,164,43129,GGally
2015-01-06,165,43294,GGally
2015-01-07,145,43439,GGally
2015-01-08,187,43626,GGally
2015-01-09,139,43765,GGally
2015-01-10,96,43861,GGally
2015-01-11,91,43952,GGally
2015-01-12,178,44130,GGally
2015-01-13,187,44317,GGally
2015-01-14,204,44521,GGally
2015-01-15,193,44714,GGally
2015-01-16,218,44932,GGally
2015-01-17,97,45029,GGally
2015-01-18,122,45151,GGally
2015-01-19,175,45326,GGally
2015-01-20,254,45580,GGally
2015-01-21,228,45808,GGally
2015-01-22,205,46013,GGally
2015-01-23,171,46184,GGally
2015-01-24,129,46313,GGally
2015-01-25,102,46415,GGally
2015-01-26,202,46617,GGally
2015-01-27,267,46884,GGally
2015-01-28,257,47141,GGally
2015-01-29,241,47382,GGally
2015-01-30,185,47567,GGally
2015-01-31,95,47662,GGally
2015-02-01,131,47793,GGally
2015-02-02,235,48028,GGally
2015-02-03,295,48323,GGally
2015-02-04,214,48537,GGally
2015-02-05,247,48784,GGally
2015-02-06,172,48956,GGally
2015-02-07,109,49065,GGally
2015-02-08,102,49167,GGally
2015-02-09,263,49430,GGally
2015-02-10,236,49666,GGally
2015-02-11,243,49909,GGally
2015-02-12,264,50173,GGally
2015-02-13,200,50373,GGally
2015-02-14,108,50481,GGally
2015-02-15,110,50591,GGally
2015-02-16,188,50779,GGally
2015-02-17,303,51082,GGally
2015-02-18,273,51355,GGally
2015-02-19,223,51578,GGally
2015-02-20,169,51747,GGally
2015-02-21,119,51866,GGally
2015-02-22,137,52003,GGally
2015-02-23,316,52319,GGally
2015-02-24,283,52602,GGally
2015-02-25,326,52928,GGally
2015-02-26,254,53182,GGally
2015-02-27,212,53394,GGally
2015-02-28,113,53507,GGally
2015-03-01,108,53615,GGally
2015-03-02,372,53987,GGally
2015-03-03,413,54400,GGally
2015-03-04,319,54719,GGally
2015-03-05,309,55028,GGally
2015-03-06,232,55260,GGally
2015-03-07,197,55457,GGally
2015-03-08,237,55694,GGally
2015-03-09,412,56106,GGally
2015-03-10,321,56427,GGally
2015-03-11,304,56731,GGally
2015-03-12,331,57062,GGally
2015-03-13,289,57351,GGally
2015-03-14,190,57541,GGally
2015-03-15,251,57792,GGally
2015-03-16,301,58093,GGally
2015-03-17,336,58429,GGally
2015-03-18,370,58799,GGally
2015-03-19,252,59051,GGally
2015-03-20,219,59270,GGally
2015-03-21,165,59435,GGally
2015-03-22,235,59670,GGally
2015-03-23,251,59921,GGally
2015-03-24,339,60260,GGally
2015-03-25,331,60591,GGally
2015-03-26,262,60853,GGally
2015-03-27,234,61087,GGally
2015-03-28,114,61201,GGally
2015-03-29,139,61340,GGally
2015-03-30,255,61595,GGally
2015-03-31,260,61855,GGally
2015-04-01,257,62112,GGally
2015-04-02,243,62355,GGally
2015-04-03,149,62504,GGally
2015-04-04,117,62621,GGally
2015-04-05,135,62756,GGally
2015-04-06,166,62922,GGally
2015-04-07,304,63226,GGally
2015-04-08,278,63504,GGally
2015-04-09,304,63808,GGally
2015-04-10,215,64023,GGally
2015-04-11,149,64172,GGally
2015-04-12,166,64338,GGally
2015-04-13,298,64636,GGally
2015-04-14,257,64893,GGally
2015-04-15,260,65153,GGally
2015-04-16,318,65471,GGally
2015-04-17,298,65769,GGally
2015-04-18,222,65991,GGally
2015-04-19,238,66229,GGally
2015-04-20,407,66636,GGally
2015-04-21,432,67068,GGally
2015-04-22,372,67440,GGally
2015-04-23,386,67826,GGally
2015-04-24,271,68097,GGally
2015-04-25,205,68302,GGally
2015-04-26,228,68530,GGally
2015-04-27,291,68821,GGally
2015-04-28,308,69129,GGally
2015-04-29,300,69429,GGally
2015-04-30,264,69693,GGally
2015-05-01,198,69891,GGally
2015-05-02,138,70029,GGally
2015-05-03,163,70192,GGally
2015-05-04,223,70415,GGally
2015-05-05,274,70689,GGally
2015-05-06,284,70973,GGally
2015-05-07,492,71465,GGally
2015-05-08,251,71716,GGally
2015-05-09,161,71877,GGally
2015-05-10,122,71999,GGally
2015-05-11,273,72272,GGally
2015-05-12,298,72570,GGally
2015-05-13,239,72809,GGally
2015-05-14,222,73031,GGally
2015-05-15,276,73307,GGally
2015-05-16,131,73438,GGally
2015-05-17,161,73599,GGally
2015-05-18,298,73897,GGally
2015-05-19,254,74151,GGally
2015-05-20,241,74392,GGally
2015-05-21,243,74635,GGally
2015-05-22,199,74834,GGally
2015-05-23,170,75004,GGally
2015-05-24,134,75138,GGally
2015-05-25,177,75315,GGally
2015-05-26,228,75543,GGally
2015-05-27,236,75779,GGally
2015-05-28,228,76007,GGally
2015-05-29,258,76265,GGally
2015-05-30,119,76384,GGally
2015-05-31,116,76500,GGally
2015-06-01,226,76726,GGally
2015-06-02,266,76992,GGally
2015-06-03,243,77235,GGally
2015-06-04,240,77475,GGally
2015-06-05,175,77650,GGally
2015-06-06,115,77765,GGally
2015-06-07,113,77878,GGally
2015-06-08,225,78103,GGally
2015-06-09,226,78329,GGally
2015-06-10,507,78836,GGally
2015-06-11,251,79087,GGally
2015-06-12,192,79279,GGally
2015-06-13,118,79397,GGally
2015-06-14,123,79520,GGally
2015-06-15,226,79746,GGally
2015-06-16,252,79998,GGally
2015-06-17,267,80265,GGally
2015-06-18,207,80472,GGally
2015-06-19,228,80700,GGally
2015-06-20,141,80841,GGally
2015-06-21,178,81019,GGally
2015-06-22,233,81252,GGally
2015-06-23,258,81510,GGally
2015-06-24,226,81736,GGally
2015-06-25,260,81996,GGally
2015-06-26,202,82198,GGally
2015-06-27,108,82306,GGally
2015-06-28,103,82409,GGally
2015-06-29,189,82598,GGally
2015-06-30,222,82820,GGally
2015-07-01,214,83034,GGally
2015-07-02,269,83303,GGally
2015-07-03,199,83502,GGally
2015-07-04,108,83610,GGally
2015-07-05,91,83701,GGally
2015-07-06,292,83993,GGally
2015-07-07,326,84319,GGally
2015-07-08,198,84517,GGally
2015-07-09,299,84816,GGally
2015-07-10,193,85009,GGally
2015-07-11,126,85135,GGally
2015-07-12,108,85243,GGally
2015-07-13,242,85485,GGally
2015-07-14,201,85686,GGally
2015-07-15,196,85882,GGally
2015-07-16,207,86089,GGally
2015-07-17,216,86305,GGally
2015-07-18,113,86418,GGally
2015-07-19,132,86550,GGally
2015-07-20,248,86798,GGally
2015-07-21,253,87051,GGally
2015-07-22,248,87299,GGally
2015-07-23,246,87545,GGally
2015-07-24,196,87741,GGally
2015-07-25,139,87880,GGally
2015-07-26,170,88050,GGally
2015-07-27,202,88252,GGally
2015-07-28,214,88466,GGally
2015-07-29,201,88667,GGally
2015-07-30,203,88870,GGally
2015-07-31,170,89040,GGally
2015-08-01,115,89155,GGally
2015-08-02,98,89253,GGally
2015-08-03,228,89481,GGally
2015-08-04,312,89793,GGally
2015-08-05,202,89995,GGally
2015-08-06,233,90228,GGally
2015-08-07,209,90437,GGally
2015-08-08,119,90556,GGally
2015-08-09,120,90676,GGally
2015-08-10,216,90892,GGally
2015-08-11,214,91106,GGally
2015-08-12,220,91326,GGally
2015-08-13,191,91517,GGally
2015-08-14,191,91708,GGally
2015-08-15,105,91813,GGally
2015-08-16,114,91927,GGally
2015-08-17,285,92212,GGally
2015-08-18,270,92482,GGally
2015-08-19,257,92739,GGally
2015-08-20,268,93007,GGally
2015-08-21,195,93202,GGally
2015-08-22,177,93379,GGally
2015-08-23,186,93565,GGally
2015-08-24,221,93786,GGally
2015-08-25,258,94044,GGally
2015-08-26,256,94300,GGally
2015-08-27,224,94524,GGally
2015-08-28,192,94716,GGally
2015-08-29,93,94809,GGally
2015-08-30,110,94919,GGally
2015-08-31,213,95132,GGally
2015-09-01,261,95393,GGally
2015-09-02,323,95716,GGally
2015-09-03,237,95953,GGally
2015-09-04,190,96143,GGally
2015-09-05,126,96269,GGally
2015-09-06,115,96384,GGally
2015-09-07,298,96682,GGally
2015-09-08,219,96901,GGally
2015-09-09,267,97168,GGally
2015-09-10,245,97413,GGally
2015-09-11,230,97643,GGally
2015-09-12,109,97752,GGally
2015-09-13,149,97901,GGally
2015-09-14,296,98197,GGally
2015-09-15,248,98445,GGally
2015-09-16,297,98742,GGally
2015-09-17,266,99008,GGally
2015-09-18,242,99250,GGally
2015-09-19,180,99430,GGally
2015-09-20,161,99591,GGally
2015-09-21,318,99909,GGally
2015-09-22,323,100232,GGally
2015-09-23,352,100584,GGally
2015-09-24,321,100905,GGally
2015-09-25,354,101259,GGally
2015-09-26,191,101450,GGally
2015-09-27,195,101645,GGally
2015-09-28,251,101896,GGally
2015-09-29,357,102253,GGally
2015-09-30,369,102622,GGally
2015-10-01,243,102865,GGally
2015-10-02,275,103140,GGally
2015-10-03,186,103326,GGally
2015-10-04,164,103490,GGally
2015-10-05,302,103792,GGally
2015-10-06,330,104122,GGally
2015-10-07,391,104513,GGally
2015-10-08,333,104846,GGally
2015-10-09,242,105088,GGally
2015-10-10,203,105291,GGally
2015-10-11,168,105459,GGally
2015-10-12,302,105761,GGally
2015-10-13,355,106116,GGally
2015-10-14,448,106564,GGally
2015-10-15,441,107005,GGally
2015-10-16,318,107323,GGally
2015-10-17,167,107490,GGally
2015-10-18,199,107689,GGally
2015-10-19,317,108006,GGally
2015-10-20,357,108363,GGally
2015-10-21,411,108774,GGally
2015-10-22,313,109087,GGally
2015-10-23,353,109440,GGally
2015-10-24,211,109651,GGally
2015-10-25,227,109878,GGally
2015-10-26,260,110138,GGally
2015-10-27,393,110531,GGally
2015-10-28,314,110845,GGally
2015-10-29,330,111175,GGally
2015-10-30,276,111451,GGally
2015-10-31,114,111565,GGally
2015-11-01,169,111734,GGally
2015-11-02,293,112027,GGally
2015-11-03,361,112388,GGally
2015-11-04,286,112674,GGally
2015-11-05,420,113094,GGally
2015-11-06,315,113409,GGally
2015-11-07,195,113604,GGally
2015-11-08,156,113760,GGally
2015-11-09,326,114086,GGally
2015-11-10,393,114479,GGally
2015-11-11,350,114829,GGally
2015-11-12,316,115145,GGally
2015-11-13,264,115409,GGally
2015-11-14,163,115572,GGally
2015-11-15,200,115772,GGally
2015-11-16,343,116115,GGally
2015-11-17,389,116504,GGally
2015-11-18,346,116850,GGally
2015-11-19,390,117240,GGally
2015-11-20,359,117599,GGally
2015-11-21,231,117830,GGally
2015-11-22,222,118052,GGally
2015-11-23,352,118404,GGally
2015-11-24,313,118717,GGally
2015-11-25,329,119046,GGally
2015-11-26,315,119361,GGally
2015-11-27,236,119597,GGally
2015-11-28,157,119754,GGally
2015-11-29,158,119912,GGally
2015-11-30,291,120203,GGally
2015-12-01,331,120534,GGally
2015-12-02,278,120812,GGally
2015-12-03,307,121119,GGally
2015-12-04,280,121399,GGally
2015-12-05,163,121562,GGally
2015-12-06,157,121719,GGally
2015-12-07,273,121992,GGally
2015-12-08,313,122305,GGally
2015-12-09,367,122672,GGally
2015-12-10,332,123004,GGally
2015-12-11,256,123260,GGally
2015-12-12,210,123470,GGally
2015-12-13,168,123638,GGally
2015-12-14,321,123959,GGally
2015-12-15,344,124303,GGally
2015-12-16,291,124594,GGally
2015-12-17,251,124845,GGally
2015-12-18,275,125120,GGally
2015-12-19,139,125259,GGally
2015-12-20,144,125403,GGally
2015-12-21,194,125597,GGally
2015-12-22,247,125844,GGally
2015-12-23,198,126042,GGally
2015-12-24,126,126168,GGally
2015-12-25,129,126297,GGally
2015-12-26,107,126404,GGally
2015-12-27,153,126557,GGally
2015-12-28,174,126731,GGally
2015-12-29,164,126895,GGally
2015-12-30,170,127065,GGally
2015-12-31,393,127458,GGally
2016-01-01,245,127703,GGally
2016-01-02,263,127966,GGally
2016-01-03,255,128221,GGally
2016-01-04,698,128919,GGally
2016-01-05,594,129513,GGally
2016-01-06,535,130048,GGally
2016-01-07,578,130626,GGally
2016-01-08,489,131115,GGally
2016-01-09,271,131386,GGally
2016-01-10,274,131660,GGally
2016-01-11,605,132265,GGally
2016-01-12,543,132808,GGally
2016-01-13,567,133375,GGally
2016-01-14,783,134158,GGally
2016-01-15,781,134939,GGally
2016-01-16,352,135291,GGally
2016-01-17,332,135623,GGally
2016-01-18,684,136307,GGally
2016-01-19,743,137050,GGally
2016-01-20,699,137749,GGally
2016-01-21,660,138409,GGally
2016-01-22,546,138955,GGally
2016-01-23,269,139224,GGally
2016-01-24,311,139535,GGally
2016-01-25,615,140150,GGally
2016-01-26,600,140750,GGally
2016-01-27,578,141328,GGally
2016-01-28,619,141947,GGally
2016-01-29,526,142473,GGally
2016-01-30,249,142722,GGally
2016-01-31,319,143041,GGally
2016-02-01,582,143623,GGally
2016-02-02,630,144253,GGally
2016-02-03,680,144933,GGally
2016-02-04,474,145407,GGally
2016-02-05,504,145911,GGally
2016-02-06,245,146156,GGally
2016-02-07,228,146384,GGally
2016-02-08,489,146873,GGally
2016-02-09,468,147341,GGally
2016-02-10,626,147967,GGally
2016-02-11,570,148537,GGally
2016-02-12,466,149003,GGally
2016-02-13,193,149196,GGally
2016-02-14,242,149438,GGally
2016-02-15,621,150059,GGally
2016-02-16,522,150581,GGally
2016-02-17,525,151106,GGally
2016-02-18,611,151717,GGally
2016-02-19,699,152416,GGally
2016-02-20,269,152685,GGally
2016-02-21,259,152944,GGally
2016-02-22,611,153555,GGally
2016-02-23,449,154004,GGally
2016-02-24,505,154509,GGally
2016-02-25,506,155015,GGally
2016-02-26,537,155552,GGally
2016-02-27,301,155853,GGally
2016-02-28,258,156111,GGally
2016-02-29,551,156662,GGally
2016-03-01,531,157193,GGally
2016-03-02,617,157810,GGally
2016-03-03,508,158318,GGally
2016-03-04,519,158837,GGally
2016-03-05,257,159094,GGally
2016-03-06,260,159354,GGally
2016-03-07,532,159886,GGally
2016-03-08,566,160452,GGally
2016-03-09,449,160901,GGally
2016-03-10,515,161416,GGally
2016-03-11,464,161880,GGally
2016-03-12,209,162089,GGally
2016-03-13,225,162314,GGally
2016-03-14,461,162775,GGally
2016-03-15,541,163316,GGally
2016-03-16,490,163806,GGally
2016-03-17,472,164278,GGally
2016-03-18,580,164858,GGally
2016-03-19,228,165086,GGally
2016-03-20,245,165331,GGally
2016-03-21,480,165811,GGally
2016-03-22,414,166225,GGally
2016-03-23,465,166690,GGally
2016-03-24,359,167049,GGally
2016-03-25,339,167388,GGally
2016-03-26,178,167566,GGally
2016-03-27,181,167747,GGally
2016-03-28,460,168207,GGally
2016-03-29,494,168701,GGally
2016-03-30,526,169227,GGally
2016-03-31,476,169703,GGally
2016-04-01,530,170233,GGally
2016-04-02,239,170472,GGally
2016-04-03,256,170728,GGally
2016-04-04,569,171297,GGally
2016-04-05,488,171785,GGally
2016-04-06,519,172304,GGally
2016-04-07,575,172879,GGally
2016-04-08,508,173387,GGally
2016-04-09,280,173667,GGally
2016-04-10,333,174000,GGally
2016-04-11,554,174554,GGally
2016-04-12,501,175055,GGally
2016-04-13,549,175604,GGally
2016-04-14,480,176084,GGally
2016-04-15,405,176489,GGally
2016-04-16,195,176684,GGally
2016-04-17,260,176944,GGally
2016-04-18,465,177409,GGally
2016-04-19,547,177956,GGally
2016-04-20,485,178441,GGally
2016-04-21,494,178935,GGally
2016-04-22,417,179352,GGally
2016-04-23,258,179610,GGally
2016-04-24,244,179854,GGally
2016-04-25,479,180333,GGally
2016-04-26,561,180894,GGally
2016-04-27,513,181407,GGally
2016-04-28,430,181837,GGally
2016-04-29,437,182274,GGally
2016-04-30,223,182497,GGally
2016-05-01,232,182729,GGally
2016-05-02,404,183133,GGally
2016-05-03,423,183556,GGally
2016-05-04,490,184046,GGally
2016-05-05,484,184530,GGally
2016-05-06,449,184979,GGally
2016-05-07,256,185235,GGally
2016-05-08,278,185513,GGally
2016-05-09,599,186112,GGally
2016-05-10,551,186663,GGally
2016-05-11,542,187205,GGally
2016-05-12,666,187871,GGally
2016-05-13,546,188417,GGally
2016-05-14,256,188673,GGally
2016-05-15,249,188922,GGally
2016-05-16,586,189508,GGally
2016-05-17,546,190054,GGally
2016-05-18,635,190689,GGally
2016-05-19,624,191313,GGally
2016-05-20,453,191766,GGally
2016-05-21,248,192014,GGally
2016-05-22,269,192283,GGally
2016-05-23,605,192888,GGally
2016-05-24,612,193500,GGally
2016-05-25,560,194060,GGally
2016-05-26,608,194668,GGally
2016-05-27,400,195068,GGally
2016-05-28,252,195320,GGally
2016-05-29,255,195575,GGally
2016-05-30,478,196053,GGally
2016-05-31,547,196600,GGally
2016-06-01,534,197134,GGally
2016-06-02,1441,198575,GGally
2016-06-03,1290,199865,GGally
2016-06-04,516,200381,GGally
2016-06-05,785,201166,GGally
2016-06-06,1442,202608,GGally
2016-06-07,1220,203828,GGally
2016-06-08,1221,205049,GGally
2016-06-09,994,206043,GGally
2016-06-10,926,206969,GGally
2016-06-11,492,207461,GGally
2016-06-12,514,207975,GGally
2016-06-13,1038,209013,GGally
2016-06-14,1209,210222,GGally
2016-06-15,1229,211451,GGally
2016-06-16,1067,212518,GGally
2016-06-17,960,213478,GGally
2016-06-18,403,213881,GGally
2016-06-19,401,214282,GGally
2016-06-20,1028,215310,GGally
2016-06-21,981,216291,GGally
2016-06-22,979,217270,GGally
2016-06-23,998,218268,GGally
2016-06-24,786,219054,GGally
2016-06-25,391,219445,GGally
2016-06-26,389,219834,GGally
2016-06-27,939,220773,GGally
2016-06-28,984,221757,GGally
2016-06-29,938,222695,GGally
2016-06-30,828,223523,GGally
2016-07-01,902,224425,GGally
2016-07-02,529,224954,GGally
2016-07-03,411,225365,GGally
2016-07-04,858,226223,GGally
2016-07-05,944,227167,GGally
2016-07-06,792,227959,GGally
2016-07-07,900,228859,GGally
2016-07-08,674,229533,GGally
2016-07-09,315,229848,GGally
2016-07-10,343,230191,GGally
2016-07-11,751,230942,GGally
2016-07-12,783,231725,GGally
2016-07-13,688,232413,GGally
2016-07-14,670,233083,GGally
2016-07-15,512,233595,GGally
2016-07-16,266,233861,GGally
2016-07-17,255,234116,GGally
2016-07-18,671,234787,GGally
2016-07-19,727,235514,GGally
2016-07-20,665,236179,GGally
2016-07-21,608,236787,GGally
2016-07-22,529,237316,GGally
2016-07-23,275,237591,GGally
2016-07-24,259,237850,GGally
2016-07-25,556,238406,GGally
2016-07-26,688,239094,GGally
2016-07-27,539,239633,GGally
2016-07-28,740,240373,GGally
2016-07-29,527,240900,GGally
2016-07-30,260,241160,GGally
2016-07-31,226,241386,GGally
2016-08-01,593,241979,GGally
2016-08-02,660,242639,GGally
2016-08-03,552,243191,GGally
2016-08-04,623,243814,GGally
2016-08-05,516,244330,GGally
2016-08-06,223,244553,GGally
2016-08-07,263,244816,GGally
2016-08-08,568,245384,GGally
2016-08-09,574,245958,GGally
2016-08-10,574,246532,GGally
2016-08-11,532,247064,GGally
2016-08-12,543,247607,GGally
2016-08-13,295,247902,GGally
2016-08-14,303,248205,GGally
2016-08-15,587,248792,GGally
2016-08-16,574,249366,GGally
2016-08-17,592,249958,GGally
2016-08-18,571,250529,GGally
2016-08-19,570,251099,GGally
2016-08-20,272,251371,GGally
2016-08-21,256,251627,GGally
2016-08-22,585,252212,GGally
2016-08-23,590,252802,GGally
2016-08-24,565,253367,GGally
2016-08-25,590,253957,GGally
2016-08-26,558,254515,GGally
2016-08-27,251,254766,GGally
2016-08-28,269,255035,GGally
2016-08-29,578,255613,GGally
2016-08-30,576,256189,GGally
2016-08-31,549,256738,GGally
2016-09-01,646,257384,GGally
2016-09-02,532,257916,GGally
2016-09-03,251,258167,GGally
2016-09-04,268,258435,GGally
2016-09-05,552,258987,GGally
2016-09-06,671,259658,GGally
2016-09-07,794,260452,GGally
2016-09-08,714,261166,GGally
2016-09-09,570,261736,GGally
2016-09-10,315,262051,GGally
2016-09-11,293,262344,GGally
2016-09-12,749,263093,GGally
2016-09-13,737,263830,GGally
2016-09-14,702,264532,GGally
2016-09-15,724,265256,GGally
2016-09-16,583,265839,GGally
2016-09-17,290,266129,GGally
2016-09-18,331,266460,GGally
2016-09-19,811,267271,GGally
2016-09-20,793,268064,GGally
2016-09-21,686,268750,GGally
2016-09-22,746,269496,GGally
2016-09-23,575,270071,GGally
2016-09-24,303,270374,GGally
2016-09-25,344,270718,GGally
2016-09-26,660,271378,GGally
2016-09-27,737,272115,GGally
2016-09-28,651,272766,GGally
2016-09-29,728,273494,GGally
2016-09-30,634,274128,GGally
2016-10-01,405,274533,GGally
2016-10-02,341,274874,GGally
2016-10-03,786,275660,GGally
2016-10-04,834,276494,GGally
2016-10-05,675,277169,GGally
2016-10-06,750,277919,GGally
2016-10-07,705,278624,GGally
2016-10-08,354,278978,GGally
2016-10-09,441,279419,GGally
2016-10-10,835,280254,GGally
2016-10-11,777,281031,GGally
2016-10-12,845,281876,GGally
2016-10-13,817,282693,GGally
2016-10-14,890,283583,GGally
2016-10-15,445,284028,GGally
2016-10-16,368,284396,GGally
2016-10-17,879,285275,GGally
2016-10-18,802,286077,GGally
2016-10-19,866,286943,GGally
2016-10-20,860,287803,GGally
2016-10-21,650,288453,GGally
2016-10-22,331,288784,GGally
2016-10-23,406,289190,GGally
2016-10-24,975,290165,GGally
2016-10-25,836,291001,GGally
2016-10-26,860,291861,GGally
2016-10-27,797,292658,GGally
2016-10-28,630,293288,GGally
2016-10-29,362,293650,GGally
2016-10-30,378,294028,GGally
2016-10-31,837,294865,GGally
2016-11-01,789,295654,GGally
2016-11-02,827,296481,GGally
2016-11-03,893,297374,GGally
2016-11-04,752,298126,GGally
2016-11-05,496,298622,GGally
2016-11-06,398,299020,GGally
2016-11-07,839,299859,GGally
2016-11-08,951,300810,GGally
2016-11-09,764,301574,GGally
2016-11-10,889,302463,GGally
2016-11-11,666,303129,GGally
2016-11-12,328,303457,GGally
2016-11-13,1281,304738,GGally
2016-11-14,2762,307500,GGally
2016-11-15,2037,309537,GGally
2016-11-16,1777,311314,GGally
2016-11-17,1639,312953,GGally
2016-11-18,1277,314230,GGally
2016-11-19,641,314871,GGally
2016-11-20,606,315477,GGally
2016-11-21,1344,316821,GGally
2016-11-22,1312,318133,GGally
2016-11-23,1082,319215,GGally
2016-11-24,1254,320469,GGally
2016-11-25,824,321293,GGally
2016-11-26,471,321764,GGally
2016-11-27,579,322343,GGally
2016-11-28,1154,323497,GGally
2016-11-29,1230,324727,GGally
2016-11-30,1272,325999,GGally
2016-12-01,1118,327117,GGally
2016-12-02,1080,328197,GGally
2016-12-03,499,328696,GGally
2016-12-04,591,329287,GGally
2016-12-05,1319,330606,GGally
2016-12-06,1238,331844,GGally
2016-12-07,1167,333011,GGally
2016-12-08,1067,334078,GGally
2016-12-09,765,334843,GGally
2016-12-10,459,335302,GGally
2016-12-11,483,335785,GGally
2016-12-12,909,336694,GGally
2016-12-13,951,337645,GGally
2016-12-14,1021,338666,GGally
2016-12-15,823,339489,GGally
2016-12-16,735,340224,GGally
2016-12-17,357,340581,GGally
2016-12-18,386,340967,GGally
2016-12-19,710,341677,GGally
2016-12-20,773,342450,GGally
2016-12-21,692,343142,GGally
2016-12-22,476,343618,GGally
2016-12-23,408,344026,GGally
2016-12-24,266,344292,GGally
2016-12-25,225,344517,GGally
2016-12-26,312,344829,GGally
2016-12-27,461,345290,GGally
2016-12-28,456,345746,GGally
2016-12-29,438,346184,GGally
2016-12-30,368,346552,GGally
2016-12-31,219,346771,GGally
2017-01-01,234,347005,GGally
2017-01-02,445,347450,GGally
2017-01-03,546,347996,GGally
2017-01-04,673,348669,GGally
2017-01-05,662,349331,GGally
2017-01-06,628,349959,GGally
2017-01-07,315,350274,GGally
2017-01-08,333,350607,GGally
2017-01-09,747,351354,GGally
2017-01-10,859,352213,GGally
2017-01-11,1015,353228,GGally
2017-01-12,870,354098,GGally
2017-01-13,765,354863,GGally
2017-01-14,346,355209,GGally
2017-01-15,442,355651,GGally
2017-01-16,731,356382,GGally
2017-01-17,866,357248,GGally
2017-01-18,812,358060,GGally
2017-01-19,823,358883,GGally
2017-01-20,681,359564,GGally
2017-01-21,413,359977,GGally
2017-01-22,456,360433,GGally
2017-01-23,809,361242,GGally
2017-01-24,923,362165,GGally
2017-01-25,899,363064,GGally
2017-01-26,818,363882,GGally
2017-01-27,909,364791,GGally
2017-01-28,360,365151,GGally
2017-01-29,453,365604,GGally
2017-01-30,771,366375,GGally
2017-01-31,894,367269,GGally
2017-02-01,920,368189,GGally
2017-02-02,972,369161,GGally
2017-02-03,947,370108,GGally
2017-02-04,518,370626,GGally
2017-02-05,482,371108,GGally
2017-02-06,860,371968,GGally
2017-02-07,929,372897,GGally
2017-02-08,1048,373945,GGally
2017-02-09,996,374941,GGally
2017-02-10,1089,376030,GGally
2017-02-11,448,376478,GGally
2017-02-12,424,376902,GGally
2017-02-13,1005,377907,GGally
2017-02-14,959,378866,GGally
2017-02-15,909,379775,GGally
2017-02-16,1107,380882,GGally
2017-02-17,840,381722,GGally
2017-02-18,442,382164,GGally
2017-02-19,553,382717,GGally
2017-02-20,879,383596,GGally
2017-02-21,1027,384623,GGally
2017-02-22,902,385525,GGally
2017-02-23,905,386430,GGally
2017-02-24,729,387159,GGally
2017-02-25,509,387668,GGally
2017-02-26,450,388118,GGally
2017-02-27,813,388931,GGally
2017-02-28,844,389775,GGally
2017-03-01,522,390297,GGally
2017-03-02,1055,391352,GGally
2017-03-03,1143,392495,GGally
2017-03-04,636,393131,GGally
2017-03-05,601,393732,GGally
2017-03-06,1043,394775,GGally
2017-03-07,946,395721,GGally
2017-03-08,1119,396840,GGally
2017-03-09,1010,397850,GGally
2017-03-10,885,398735,GGally
2017-03-11,539,399274,GGally
2017-03-12,497,399771,GGally
2017-03-13,945,400716,GGally
2017-03-14,964,401680,GGally
2017-03-15,899,402579,GGally
2017-03-16,1051,403630,GGally
2017-03-17,793,404423,GGally
2017-03-18,467,404890,GGally
2017-03-19,559,405449,GGally
2017-03-20,980,406429,GGally
2017-03-21,956,407385,GGally
2017-03-22,1114,408499,GGally
2017-03-23,1059,409558,GGally
2017-03-24,796,410354,GGally
2017-03-25,507,410861,GGally
2017-03-26,488,411349,GGally
2017-03-27,1121,412470,GGally
2017-03-28,1044,413514,GGally
2017-03-29,1009,414523,GGally
2017-03-30,1102,415625,GGally
2017-03-31,894,416519,GGally
2017-04-01,545,417064,GGally
2017-04-02,543,417607,GGally
2017-04-03,1026,418633,GGally
2017-04-04,997,419630,GGally
2017-04-05,987,420617,GGally
2017-04-06,1083,421700,GGally
2017-04-07,879,422579,GGally
2017-04-08,544,423123,GGally
2017-04-09,636,423759,GGally
2017-04-10,1069,424828,GGally
2017-04-11,950,425778,GGally
2017-04-12,1101,426879,GGally
2017-04-13,889,427768,GGally
2017-04-14,667,428435,GGally
2017-04-15,452,428887,GGally
2017-04-16,558,429445,GGally
2017-04-17,789,430234,GGally
2017-04-18,1093,431327,GGally
2017-04-19,988,432315,GGally
2017-04-20,969,433284,GGally
2017-04-21,807,434091,GGally
2017-04-22,503,434594,GGally
2017-04-23,583,435177,GGally
2017-04-24,1394,436571,GGally
2017-04-25,1340,437911,GGally
2017-04-26,1398,439309,GGally
2017-04-27,1256,440565,GGally
2017-04-28,1063,441628,GGally
2017-04-29,490,442118,GGally
2017-04-30,496,442614,GGally
2017-05-01,770,443384,GGally
2017-05-02,991,444375,GGally
2017-05-03,1065,445440,GGally
2017-05-04,941,446381,GGally
2017-05-05,1004,447385,GGally
2017-05-06,454,447839,GGally
2017-05-07,533,448372,GGally
2017-05-08,1150,449522,GGally
2017-05-09,1003,450525,GGally
2017-05-10,972,451497,GGally
2017-05-11,1096,452593,GGally
2017-05-12,781,453374,GGally
2017-05-13,433,453807,GGally
2017-05-14,439,454246,GGally
2017-05-15,895,455141,GGally
2017-05-16,1013,456154,GGally
2017-05-17,785,456939,GGally
2017-05-18,936,457875,GGally
2017-05-19,664,458539,GGally
2017-05-20,413,458952,GGally
2017-05-21,362,459314,GGally
2017-05-22,918,460232,GGally
2017-05-23,1080,461312,GGally
2017-05-24,812,462124,GGally
2017-05-25,800,462924,GGally
2017-05-26,674,463598,GGally
2017-05-27,332,463930,GGally
2017-05-28,345,464275,GGally
2017-05-29,654,464929,GGally
2017-05-30,804,465733,GGally
2017-05-31,750,466483,GGally
2017-06-01,676,467159,GGally
2017-06-02,836,467995,GGally
2017-06-03,330,468325,GGally
2017-06-04,337,468662,GGally
2017-06-05,671,469333,GGally
2017-06-06,786,470119,GGally
2017-06-07,797,470916,GGally
2017-06-08,3604,474520,GGally
2017-06-09,2716,477236,GGally
2017-06-10,591,477827,GGally
2017-06-11,625,478452,GGally
2017-06-12,1282,479734,GGally
2017-06-13,1433,481167,GGally
2017-06-14,1335,482502,GGally
2017-06-15,1144,483646,GGally
2017-06-16,977,484623,GGally
2017-06-17,460,485083,GGally
2017-06-18,510,485593,GGally
2017-06-19,1106,486699,GGally
2017-06-20,1100,487799,GGally
2017-06-21,1075,488874,GGally
2017-06-22,957,489831,GGally
2017-06-23,782,490613,GGally
2017-06-24,418,491031,GGally
2017-06-25,453,491484,GGally
2017-06-26,939,492423,GGally
2017-06-27,910,493333,GGally
2017-06-28,1061,494394,GGally
2017-06-29,883,495277,GGally
2017-06-30,775,496052,GGally
2017-07-01,415,496467,GGally
2017-07-02,384,496851,GGally
2017-07-03,785,497636,GGally
2017-07-04,713,498349,GGally
2017-07-05,940,499289,GGally
2017-07-06,885,500174,GGally
2017-07-07,814,500988,GGally
2017-07-08,437,501425,GGally
2017-07-09,443,501868,GGally
2017-07-10,958,502826,GGally
2017-07-11,910,503736,GGally
2017-07-12,1049,504785,GGally
2017-07-13,804,505589,GGally
2017-07-14,735,506324,GGally
2017-07-15,275,506599,GGally
2017-07-16,336,506935,GGally
2017-07-17,885,507820,GGally
2017-07-18,911,508731,GGally
2017-07-19,1048,509779,GGally
2017-07-20,922,510701,GGally
2017-07-21,739,511440,GGally
2017-07-22,418,511858,GGally
2017-07-23,399,512257,GGally
2017-07-24,1008,513265,GGally
2017-07-25,930,514195,GGally
2017-07-26,867,515062,GGally
2017-07-27,836,515898,GGally
2017-07-28,661,516559,GGally
2017-07-29,391,516950,GGally
2017-07-30,363,517313,GGally
2017-07-31,820,518133,GGally
2017-08-01,742,518875,GGally
2017-08-02,1623,520498,GGally
2017-08-03,2913,523411,GGally
2017-08-04,1065,524476,GGally
2017-08-05,568,525044,GGally
2017-08-06,523,525567,GGally
2017-08-07,1127,526694,GGally
2017-08-08,1197,527891,GGally
2017-08-09,1069,528960,GGally
2017-08-10,1070,530030,GGally
2017-08-11,877,530907,GGally
2017-08-12,383,531290,GGally
2017-08-13,509,531799,GGally
2017-08-14,1034,532833,GGally
2017-08-15,964,533797,GGally
2017-08-16,1148,534945,GGally
2017-08-17,1042,535987,GGally
2017-08-18,892,536879,GGally
2017-08-19,494,537373,GGally
2017-08-20,458,537831,GGally
2017-08-21,858,538689,GGally
2017-08-22,1066,539755,GGally
2017-08-23,886,540641,GGally
2017-08-24,877,541518,GGally
2017-08-25,736,542254,GGally
2017-08-26,461,542715,GGally
2017-08-27,439,543154,GGally
2017-08-28,758,543912,GGally
2017-08-29,906,544818,GGally
2017-08-30,888,545706,GGally
2017-08-31,1067,546773,GGally
2017-09-01,719,547492,GGally
2017-09-02,504,547996,GGally
2017-09-03,383,548379,GGally
2017-09-04,820,549199,GGally
2017-09-05,992,550191,GGally
2017-09-06,939,551130,GGally
2017-09-07,1028,552158,GGally
2017-09-08,847,553005,GGally
2017-09-09,433,553438,GGally
2017-09-10,548,553986,GGally
2017-09-11,1071,555057,GGally
2017-09-12,1286,556343,GGally
2017-09-13,1154,557497,GGally
2017-09-14,1268,558765,GGally
2017-09-15,1007,559772,GGally
2017-09-16,521,560293,GGally
2017-09-17,490,560783,GGally
2017-09-18,982,561765,GGally
2017-09-19,1255,563020,GGally
2017-09-20,1111,564131,GGally
2017-09-21,1116,565247,GGally
2017-09-22,992,566239,GGally
2017-09-23,520,566759,GGally
2017-09-24,651,567410,GGally
2017-09-25,1129,568539,GGally
2017-09-26,1043,569582,GGally
2017-09-27,926,570508,GGally
2017-09-28,1094,571602,GGally
2017-09-29,1007,572609,GGally
2017-09-30,615,573224,GGally
2017-10-01,453,573677,GGally
2017-10-02,990,574667,GGally
2017-10-03,1059,575726,GGally
2017-10-04,1168,576894,GGally
2017-10-05,1180,578074,GGally
2017-10-06,1040,579114,GGally
2017-10-07,530,579644,GGally
2017-10-08,563,580207,GGally
2017-10-09,1139,581346,GGally
2017-10-10,1343,582689,GGally
2017-10-11,1124,583813,GGally
2017-10-12,1077,584890,GGally
2017-10-13,1010,585900,GGally
2017-10-14,468,586368,GGally
2017-10-15,666,587034,GGally
2017-10-16,1245,588279,GGally
2017-10-17,1145,589424,GGally
2017-10-18,1013,590437,GGally
2017-10-19,1040,591477,GGally
2017-10-20,1053,592530,GGally
2017-10-21,485,593015,GGally
2017-10-22,477,593492,GGally
2017-10-23,1063,594555,GGally
2017-10-24,1257,595812,GGally
2017-10-25,1092,596904,GGally
2017-10-26,1213,598117,GGally
2017-10-27,1037,599154,GGally
2017-10-28,590,599744,GGally
2017-10-29,490,600234,GGally
2017-10-30,1020,601254,GGally
2017-10-31,1118,602372,GGally
2017-11-01,1016,603388,GGally
2017-11-02,1231,604619,GGally
2017-11-03,987,605606,GGally
2017-11-04,483,606089,GGally
2017-11-05,574,606663,GGally
2017-11-06,1251,607914,GGally
2017-11-07,1069,608983,GGally
2017-11-08,1165,610148,GGally
2017-11-09,1036,611184,GGally
2017-11-10,802,611986,GGally
2017-11-11,584,612570,GGally
2017-11-12,549,613119,GGally
2017-11-13,1147,614266,GGally
2017-11-14,1351,615617,GGally
2017-11-15,1277,616894,GGally
2017-11-16,1322,618216,GGally
2017-11-17,884,619100,GGally
2017-11-18,505,619605,GGally
2017-11-19,523,620128,GGally
2017-11-20,1080,621208,GGally
2017-11-21,1073,622281,GGally
2017-11-22,954,623235,GGally
2017-11-23,851,624086,GGally
2017-11-24,2149,626235,GGally
2017-11-25,536,626771,GGally
2017-11-26,555,627326,GGally
2017-11-27,1052,628378,GGally
2017-11-28,1234,629612,GGally
2017-11-29,1156,630768,GGally
2017-11-30,1227,631995,GGally
2017-12-01,1020,633015,GGally
2017-12-02,585,633600,GGally
2017-12-03,649,634249,GGally
2017-12-04,1272,635521,GGally
2017-12-05,1425,636946,GGally
2017-12-06,1476,638422,GGally
2017-12-07,1319,639741,GGally
2017-12-08,956,640697,GGally
2017-12-09,630,641327,GGally
2017-12-10,563,641890,GGally
2017-12-11,1138,643028,GGally
2017-12-12,1115,644143,GGally
2017-12-13,1054,645197,GGally
2017-12-14,948,646145,GGally
2017-12-15,830,646975,GGally
2017-12-16,473,647448,GGally
2017-12-17,424,647872,GGally
2017-12-18,815,648687,GGally
2017-12-19,792,649479,GGally
2017-12-20,831,650310,GGally
2017-12-21,642,650952,GGally
2017-12-22,450,651402,GGally
2017-12-23,332,651734,GGally
2017-12-24,294,652028,GGally
2017-12-25,252,652280,GGally
2017-12-26,347,652627,GGally
2017-12-27,446,653073,GGally
2017-12-28,451,653524,GGally
2017-12-29,411,653935,GGally
2017-12-30,280,654215,GGally
2017-12-31,201,654416,GGally
2018-01-01,242,654658,GGally
2018-01-02,622,655280,GGally
2018-01-03,695,655975,GGally
2018-01-04,804,656779,GGally
2018-01-05,686,657465,GGally
2018-01-06,360,657825,GGally
2018-01-07,421,658246,GGally
2018-01-08,777,659023,GGally
2018-01-09,957,659980,GGally
2018-01-10,840,660820,GGally
2018-01-11,895,661715,GGally
2018-01-12,916,662631,GGally
2018-01-13,434,663065,GGally
2018-01-14,431,663496,GGally
2018-01-15,751,664247,GGally
2018-01-16,916,665163,GGally
2018-01-17,1003,666166,GGally
2018-01-18,866,667032,GGally
2018-01-19,834,667866,GGally
2018-01-20,551,668417,GGally
2018-01-21,462,668879,GGally
2018-01-22,874,669753,GGally
2018-01-23,1045,670798,GGally
2018-01-24,928,671726,GGally
2018-01-25,944,672670,GGally
2018-01-26,808,673478,GGally
2018-01-27,507,673985,GGally
2018-01-28,523,674508,GGally
2018-01-29,968,675476,GGally
2018-01-30,1265,676741,GGally
2018-01-31,1040,677781,GGally
2018-02-01,1146,678927,GGally
2018-02-02,864,679791,GGally
2018-02-03,540,680331,GGally
2018-02-04,486,680817,GGally
2018-02-05,991,681808,GGally
2018-02-06,1071,682879,GGally
2018-02-07,1049,683928,GGally
2018-02-08,1215,685143,GGally
2018-02-09,932,686075,GGally
2018-02-10,515,686590,GGally
2018-02-11,582,687172,GGally
2018-02-12,1032,688204,GGally
2018-02-13,1173,689377,GGally
2018-02-14,1026,690403,GGally
2018-02-15,1001,691404,GGally
2018-02-16,919,692323,GGally
2018-02-17,465,692788,GGally
2018-02-18,458,693246,GGally
2018-02-19,888,694134,GGally
2018-02-20,1086,695220,GGally
2018-02-21,1008,696228,GGally
2018-02-22,1059,697287,GGally
2018-02-23,953,698240,GGally
2018-02-24,602,698842,GGally
2018-02-25,593,699435,GGally
2018-02-26,1008,700443,GGally
2018-02-27,1245,701688,GGally
2018-02-28,1207,702895,GGally
2018-03-01,1136,704031,GGally
2018-03-02,971,705002,GGally
2018-03-03,504,705506,GGally
2018-03-04,494,706000,GGally
2018-03-05,1198,707198,GGally
2018-03-06,1251,708449,GGally
2018-03-07,1112,709561,GGally
2018-03-08,1031,710592,GGally
2018-03-09,1124,711716,GGally
2018-03-10,692,712408,GGally
2018-03-11,664,713072,GGally
2018-03-12,1197,714269,GGally
2018-03-13,1064,715333,GGally
2018-03-14,1060,716393,GGally
2018-03-15,1097,717490,GGally
2018-03-16,1059,718549,GGally
2018-03-17,526,719075,GGally
2018-03-18,546,719621,GGally
2018-03-19,1102,720723,GGally
2018-03-20,1285,722008,GGally
2018-03-21,1277,723285,GGally
2018-03-22,1019,724304,GGally
2018-03-23,1029,725333,GGally
2018-03-24,621,725954,GGally
2018-03-25,626,726580,GGally
2018-03-26,1140,727720,GGally
2018-03-27,1399,729119,GGally
2018-03-28,1154,730273,GGally
2018-03-29,1110,731383,GGally
2018-03-30,719,732102,GGally
2018-03-31,520,732622,GGally
2018-04-01,486,733108,GGally
2018-04-02,825,733933,GGally
2018-04-03,1069,735002,GGally
2018-04-04,1161,736163,GGally
2018-04-05,1262,737425,GGally
2018-04-06,1006,738431,GGally
2018-04-07,590,739021,GGally
2018-04-08,589,739610,GGally
2018-04-09,1224,740834,GGally
2018-04-10,1144,741978,GGally
2018-04-11,1175,743153,GGally
2018-04-12,1110,744263,GGally
2018-04-13,901,745164,GGally
2018-04-14,579,745743,GGally
2018-04-15,574,746317,GGally
2018-04-16,1086,747403,GGally
2018-04-17,1200,748603,GGally
2018-04-18,1430,750033,GGally
2018-04-19,1078,751111,GGally
2018-04-20,959,752070,GGally
2018-04-21,551,752621,GGally
2018-04-22,583,753204,GGally
2018-04-23,1394,754598,GGally
2018-04-24,1692,756290,GGally
2018-04-25,1741,758031,GGally
2018-04-26,1697,759728,GGally
2018-04-27,1806,761534,GGally
2018-04-28,1919,763453,GGally
2018-04-29,2054,765507,GGally
2018-04-30,1924,767431,GGally
2018-05-01,1124,768555,GGally
2018-05-02,1483,770038,GGally
2018-05-03,1300,771338,GGally
2018-05-04,1055,772393,GGally
2018-05-05,691,773084,GGally
2018-05-06,696,773780,GGally
2018-05-07,1238,775018,GGally
2018-05-08,1232,776250,GGally
2018-05-09,1122,777372,GGally
2018-05-10,1097,778469,GGally
2018-05-11,982,779451,GGally
2018-05-12,664,780115,GGally
2018-05-13,603,780718,GGally
2018-05-14,1234,781952,GGally
2018-05-15,1248,783200,GGally
2018-05-16,1179,784379,GGally
2018-05-17,1228,785607,GGally
2018-05-18,1979,787586,GGally
2018-05-19,1015,788601,GGally
2018-05-20,944,789545,GGally
2018-05-21,1702,791247,GGally
2018-05-22,1942,793189,GGally
2018-05-23,1741,794930,GGally
2018-05-24,1743,796673,GGally
2018-05-25,1466,798139,GGally
2018-05-26,672,798811,GGally
2018-05-27,737,799548,GGally
2018-05-28,1384,800932,GGally
2018-05-29,1600,802532,GGally
2018-05-30,1528,804060,GGally
2018-05-31,1545,805605,GGally
2018-06-01,1205,806810,GGally
2018-06-02,756,807566,GGally
2018-06-03,727,808293,GGally
2018-06-04,1511,809804,GGally
2018-06-05,1588,811392,GGally
2018-06-06,1441,812833,GGally
2018-06-07,1494,814327,GGally
2018-06-08,1266,815593,GGally
2018-06-09,750,816343,GGally
2018-06-10,772,817115,GGally
2018-06-11,1499,818614,GGally
2018-06-12,1399,820013,GGally
2018-06-13,1331,821344,GGally
2018-06-14,1194,822538,GGally
2018-06-15,1097,823635,GGally
2018-06-16,681,824316,GGally
2018-06-17,550,824866,GGally
2018-06-18,1210,826076,GGally
2018-06-19,1173,827249,GGally
2018-06-20,1348,828597,GGally
2018-06-21,1170,829767,GGally
2018-06-22,1089,830856,GGally
2018-06-23,569,831425,GGally
2018-06-24,568,831993,GGally
2018-06-25,1108,833101,GGally
2018-06-26,1236,834337,GGally
2018-06-27,1167,835504,GGally
2018-06-28,1108,836612,GGally
2018-06-29,926,837538,GGally
2018-06-30,551,838089,GGally
2018-07-01,454,838543,GGally
2018-07-02,1163,839706,GGally
2018-07-03,1298,841004,GGally
2018-07-04,1139,842143,GGally
2018-07-05,1474,843617,GGally
2018-07-06,1228,844845,GGally
2018-07-07,844,845689,GGally
2018-07-08,783,846472,GGally
2018-07-09,1425,847897,GGally
2018-07-10,1261,849158,GGally
2018-07-11,1147,850305,GGally
2018-07-12,1109,851414,GGally
2018-07-13,924,852338,GGally
2018-07-14,597,852935,GGally
2018-07-15,588,853523,GGally
2018-07-16,996,854519,GGally
2018-07-17,1084,855603,GGally
2018-07-18,987,856590,GGally
2018-07-19,1037,857627,GGally
2018-07-20,868,858495,GGally
2018-07-21,424,858919,GGally
2018-07-22,442,859361,GGally
2018-07-23,979,860340,GGally
2018-07-24,1072,861412,GGally
2018-07-25,1042,862454,GGally
2018-07-26,1016,863470,GGally
2018-07-27,822,864292,GGally
2018-07-28,469,864761,GGally
2018-07-29,487,865248,GGally
2018-07-30,991,866239,GGally
2018-07-31,1076,867315,GGally
2018-08-01,914,868229,GGally
2018-08-02,883,869112,GGally
2018-08-03,901,870013,GGally
2018-08-04,411,870424,GGally
2018-08-05,419,870843,GGally
2018-08-06,984,871827,GGally
2018-08-07,938,872765,GGally
2018-08-08,1039,873804,GGally
2018-08-09,1003,874807,GGally
2018-08-10,805,875612,GGally
2018-08-11,442,876054,GGally
2018-08-12,478,876532,GGally
2018-08-13,896,877428,GGally
2018-08-14,985,878413,GGally
2018-08-15,860,879273,GGally
2018-08-16,930,880203,GGally
2018-08-17,697,880900,GGally
2018-08-18,426,881326,GGally
2018-08-19,416,881742,GGally
2018-08-20,839,882581,GGally
2018-08-21,1042,883623,GGally
2018-08-22,1071,884694,GGally
2018-08-23,957,885651,GGally
2018-08-24,864,886515,GGally
2018-08-25,511,887026,GGally
2018-08-26,547,887573,GGally
2018-08-27,1041,888614,GGally
2018-08-28,1328,889942,GGally
2018-08-29,1117,891059,GGally
2018-08-30,1152,892211,GGally
2018-08-31,929,893140,GGally
2018-09-01,540,893680,GGally
2018-09-02,438,894118,GGally
2018-09-03,946,895064,GGally
2018-09-04,1187,896251,GGally
2018-09-05,1196,897447,GGally
2018-09-06,1041,898488,GGally
2018-09-07,1078,899566,GGally
2018-09-08,491,900057,GGally
2018-09-09,591,900648,GGally
2018-09-10,1037,901685,GGally
2018-09-11,1263,902948,GGally
2018-09-12,1514,904462,GGally
2018-09-13,1555,906017,GGally
2018-09-14,1488,907505,GGally
2018-09-15,663,908168,GGally
2018-09-16,767,908935,GGally
2018-09-17,1930,910865,GGally
2018-09-18,1576,912441,GGally
2018-09-19,1903,914344,GGally
2018-09-20,1698,916042,GGally
2018-09-21,1365,917407,GGally
2018-09-22,671,918078,GGally
2018-09-23,760,918838,GGally
2018-09-24,1664,920502,GGally
2018-09-25,1758,922260,GGally
2018-09-26,1517,923777,GGally
2018-09-27,1605,925382,GGally
2018-09-28,1330,926712,GGally
2018-09-29,758,927470,GGally
2018-09-30,741,928211,GGally
2018-10-01,1641,929852,GGally
2018-10-02,1688,931540,GGally
2018-10-03,1780,933320,GGally
2018-10-04,1920,935240,GGally
2018-10-05,1602,936842,GGally
2018-10-06,696,937538,GGally
2018-10-07,745,938283,GGally
2018-10-08,1671,939954,GGally
2018-10-09,1788,941742,GGally
2018-10-10,1965,943707,GGally
2018-10-11,1748,945455,GGally
2018-10-12,1667,947122,GGally
2018-10-13,794,947916,GGally
2018-10-14,682,948598,GGally
2018-10-15,1787,950385,GGally
2018-10-16,1729,952114,GGally
2018-10-17,1709,953823,GGally
2018-10-18,1613,955436,GGally
2018-10-19,1455,956891,GGally
2018-10-20,752,957643,GGally
2018-10-21,717,958360,GGally
2018-10-22,1875,960235,GGally
2018-10-23,1699,961934,GGally
2018-10-24,1911,963845,GGally
2018-10-25,1727,965572,GGally
2018-10-26,1522,967094,GGally
2018-10-27,710,967804,GGally
2018-10-28,799,968603,GGally
2018-10-29,1861,970464,GGally
2018-10-30,1821,972285,GGally
2018-10-31,1915,974200,GGally
2018-11-01,1670,975870,GGally
2018-11-02,1314,977184,GGally
2018-11-03,711,977895,GGally
2018-11-04,853,978748,GGally
2018-11-05,1653,980401,GGally
2018-11-06,2003,982404,GGally
2018-11-07,1748,984152,GGally
2018-11-08,1729,985881,GGally
2018-11-09,1514,987395,GGally
2018-11-10,797,988192,GGally
2018-11-11,842,989034,GGally
2018-11-12,1693,990727,GGally
2018-11-13,1752,992479,GGally
2018-11-14,1785,994264,GGally
2018-11-15,1634,995898,GGally
2018-11-16,1424,997322,GGally
2018-11-17,806,998128,GGally
2018-11-18,863,998991,GGally
2018-11-19,1593,1000584,GGally
2018-11-20,1733,1002317,GGally
2018-11-21,1518,1003835,GGally
2018-11-22,1455,1005290,GGally
2018-11-23,1161,1006451,GGally
2018-11-24,762,1007213,GGally
2018-11-25,921,1008134,GGally
2018-11-26,1988,1010122,GGally
2018-11-27,2115,1012237,GGally
2018-11-28,2020,1014257,GGally
2018-11-29,1891,1016148,GGally
2018-11-30,1714,1017862,GGally
2018-12-01,869,1018731,GGally
2018-12-02,859,1019590,GGally
2018-12-03,1988,1021578,GGally
2018-12-04,2076,1023654,GGally
2018-12-05,1794,1025448,GGally
2018-12-06,1651,1027099,GGally
2018-12-07,1477,1028576,GGally
2018-12-08,941,1029517,GGally
2018-12-09,780,1030297,GGally
2018-12-10,1577,1031874,GGally
2018-12-11,1685,1033559,GGally
2018-12-12,1652,1035211,GGally
2018-12-13,1670,1036881,GGally
2018-12-14,1326,1038207,GGally
2018-12-15,671,1038878,GGally
2018-12-16,741,1039619,GGally
2018-12-17,1770,1041389,GGally
2018-12-18,1415,1042804,GGally
2018-12-19,1397,1044201,GGally
2018-12-20,1186,1045387,GGally
2018-12-21,1042,1046429,GGally
2018-12-22,439,1046868,GGally
2018-12-23,503,1047371,GGally
2018-12-24,462,1047833,GGally
2018-12-25,368,1048201,GGally
2018-12-26,720,1048921,GGally
2018-12-27,915,1049836,GGally
2018-12-28,710,1050546,GGally
2018-12-29,493,1051039,GGally
2018-12-30,427,1051466,GGally
2018-12-31,459,1051925,GGally
2019-01-01,391,1052316,GGally
2019-01-02,989,1053305,GGally
2019-01-03,1065,1054370,GGally
2019-01-04,1063,1055433,GGally
2019-01-05,622,1056055,GGally
2019-01-06,539,1056594,GGally
2019-01-07,1282,1057876,GGally
2019-01-08,1433,1059309,GGally
2019-01-09,1605,1060914,GGally
2019-01-10,1466,1062380,GGally
2019-01-11,1252,1063632,GGally
2019-01-12,654,1064286,GGally
2019-01-13,728,1065014,GGally
2019-01-14,1525,1066539,GGally
2019-01-15,1420,1067959,GGally
2019-01-16,1562,1069521,GGally
2019-01-17,1961,1071482,GGally
2019-01-18,1342,1072824,GGally
2019-01-19,732,1073556,GGally
2019-01-20,740,1074296,GGally
2019-01-21,1652,1075948,GGally
2019-01-22,1836,1077784,GGally
2019-01-23,2035,1079819,GGally
2019-01-24,1586,1081405,GGally
2019-01-25,1535,1082940,GGally
2019-01-26,681,1083621,GGally
2019-01-27,810,1084431,GGally
2019-01-28,1819,1086250,GGally
2019-01-29,1851,1088101,GGally
2019-01-30,1609,1089710,GGally
2019-01-31,1580,1091290,GGally
2019-02-01,1509,1092799,GGally
2019-02-02,702,1093501,GGally
2019-02-03,774,1094275,GGally
2019-02-04,1474,1095749,GGally
2019-02-05,1795,1097544,GGally
2019-02-06,1711,1099255,GGally
2019-02-07,1868,1101123,GGally
2019-02-08,1577,1102700,GGally
2019-02-09,722,1103422,GGally
2019-02-10,791,1104213,GGally
2019-02-11,1730,1105943,GGally
2019-02-12,1852,1107795,GGally
2019-02-13,1840,1109635,GGally
2019-02-14,1887,1111522,GGally
2019-02-15,1733,1113255,GGally
2019-02-16,769,1114024,GGally
2019-02-17,964,1114988,GGally
2019-02-18,1909,1116897,GGally
2019-02-19,2019,1118916,GGally
2019-02-20,2267,1121183,GGally
2019-02-21,2082,1123265,GGally
2019-02-22,1733,1124998,GGally
2019-02-23,1022,1126020,GGally
2019-02-24,1001,1127021,GGally
2019-02-25,2024,1129045,GGally
2019-02-26,1925,1130970,GGally
2019-02-27,1839,1132809,GGally
2019-02-28,2054,1134863,GGally
2019-03-01,1716,1136579,GGally
2019-03-02,901,1137480,GGally
2019-03-03,947,1138427,GGally
2019-03-04,1749,1140176,GGally
2019-03-05,1854,1142030,GGally
2019-03-06,1921,1143951,GGally
2019-03-07,2009,1145960,GGally
2019-03-08,1594,1147554,GGally
2019-03-09,889,1148443,GGally
2019-03-10,835,1149278,GGally
2019-03-11,1895,1151173,GGally
2019-03-12,2482,1153655,GGally
2019-03-13,1967,1155622,GGally
2019-03-14,2003,1157625,GGally
2019-03-15,1825,1159450,GGally
2019-03-16,1068,1160518,GGally
2019-03-17,1219,1161737,GGally
2019-03-18,2204,1163941,GGally
2019-03-19,1978,1165919,GGally
2019-03-20,2124,1168043,GGally
2019-03-21,2164,1170207,GGally
2019-03-22,1771,1171978,GGally
2019-03-23,1013,1172991,GGally
2019-03-24,1103,1174094,GGally
2019-03-25,2481,1176575,GGally
2019-03-26,2679,1179254,GGally
2019-03-27,2399,1181653,GGally
2019-03-28,2134,1183787,GGally
2019-03-29,1578,1185365,GGally
2019-03-30,996,1186361,GGally
2019-03-31,1079,1187440,GGally
2019-04-01,1957,1189397,GGally
2019-04-02,2217,1191614,GGally
2019-04-03,2135,1193749,GGally
2019-04-04,2083,1195832,GGally
2019-04-05,2100,1197932,GGally
2019-04-06,1451,1199383,GGally
2019-04-07,1485,1200868,GGally
2019-04-08,2309,1203177,GGally
2019-04-09,2473,1205650,GGally
2019-04-10,2613,1208263,GGally
2019-04-11,2310,1210573,GGally
2019-04-12,1931,1212504,GGally
2019-04-13,1066,1213570,GGally
2019-04-14,1154,1214724,GGally
2019-04-15,2234,1216958,GGally
2019-04-16,2025,1218983,GGally
2019-04-17,2425,1221408,GGally
2019-04-18,2016,1223424,GGally
2019-04-19,1707,1225131,GGally
2019-04-20,1011,1226142,GGally
2019-04-21,1033,1227175,GGally
2019-04-22,1666,1228841,GGally
2019-04-23,2008,1230849,GGally
2019-04-24,2157,1233006,GGally
2019-04-25,2086,1235092,GGally
2019-04-26,1723,1236815,GGally
2019-04-27,1221,1238036,GGally
2019-04-28,1319,1239355,GGally
2019-04-29,2221,1241576,GGally
2019-04-30,2289,1243865,GGally
2019-05-01,1957,1245822,GGally
2019-05-02,2434,1248256,GGally
2019-05-03,1898,1250154,GGally
2019-05-04,1195,1251349,GGally
2019-05-05,1216,1252565,GGally
2019-05-06,2374,1254939,GGally
2019-05-07,2189,1257128,GGally
2019-05-08,2481,1259609,GGally
2019-05-09,2165,1261774,GGally
2019-05-10,1791,1263565,GGally
2019-05-11,1261,1264826,GGally
2019-05-12,1211,1266037,GGally
2019-05-13,2092,1268129,GGally
2019-05-14,2309,1270438,GGally
2019-05-15,2287,1272725,GGally
2019-05-16,2310,1275035,GGally
2019-05-17,1824,1276859,GGally
2019-05-18,1268,1278127,GGally
2019-05-19,1248,1279375,GGally
2019-05-20,2029,1281404,GGally
2019-05-21,2429,1283833,GGally
2019-05-22,2323,1286156,GGally
2019-05-23,2272,1288428,GGally
2019-05-24,1917,1290345,GGally
2019-05-25,1175,1291520,GGally
2019-05-26,1058,1292578,GGally
2019-05-27,1855,1294433,GGally
2019-05-28,2005,1296438,GGally
2019-05-29,2094,1298532,GGally
2019-05-30,1963,1300495,GGally
2019-05-31,1671,1302166,GGally
2019-06-01,1146,1303312,GGally
2019-06-02,1178,1304490,GGally
2019-06-03,1755,1306245,GGally
2019-06-04,2139,1308384,GGally
2019-06-05,1970,1310354,GGally
2019-06-06,2391,1312745,GGally
2019-06-07,1991,1314736,GGally
2019-06-08,972,1315708,GGally
2019-06-09,1000,1316708,GGally
2019-06-10,2125,1318833,GGally
2019-06-11,2237,1321070,GGally
2019-06-12,2103,1323173,GGally
2019-06-13,2119,1325292,GGally
2019-06-14,1769,1327061,GGally
2019-06-15,1102,1328163,GGally
2019-06-16,995,1329158,GGally
2019-06-17,2091,1331249,GGally
2019-06-18,2131,1333380,GGally
2019-06-19,2169,1335549,GGally
2019-06-20,1881,1337430,GGally
2019-06-21,1595,1339025,GGally
2019-06-22,1077,1340102,GGally
2019-06-23,990,1341092,GGally
2019-06-24,1998,1343090,GGally
2019-06-25,2316,1345406,GGally
2019-06-26,1989,1347395,GGally
2019-06-27,1845,1349240,GGally
2019-06-28,1707,1350947,GGally
2019-06-29,982,1351929,GGally
2019-06-30,970,1352899,GGally
2019-07-01,1782,1354681,GGally
2019-07-02,2015,1356696,GGally
2019-07-03,1861,1358557,GGally
2019-07-04,1396,1359953,GGally
2019-07-05,1345,1361298,GGally
2019-07-06,890,1362188,GGally
2019-07-07,848,1363036,GGally
2019-07-08,1946,1364982,GGally
2019-07-09,1968,1366950,GGally
2019-07-10,1898,1368848,GGally
2019-07-11,1845,1370693,GGally
2019-07-12,1577,1372270,GGally
2019-07-13,844,1373114,GGally
2019-07-14,964,1374078,GGally
2019-07-15,1903,1375981,GGally
2019-07-16,1789,1377770,GGally
2019-07-17,1801,1379571,GGally
2019-07-18,1966,1381537,GGally
2019-07-19,1672,1383209,GGally
2019-07-20,857,1384066,GGally
2019-07-21,933,1384999,GGally
2019-07-22,1944,1386943,GGally
2019-07-23,2092,1389035,GGally
2019-07-24,2218,1391253,GGally
2019-07-25,2070,1393323,GGally
2019-07-26,1617,1394940,GGally
2019-07-27,1005,1395945,GGally
2019-07-28,846,1396791,GGally
2019-07-29,1989,1398780,GGally
2019-07-30,2127,1400907,GGally
2019-07-31,2058,1402965,GGally
2019-08-01,1932,1404897,GGally
2019-08-02,1707,1406604,GGally
2019-08-03,803,1407407,GGally
2019-08-04,894,1408301,GGally
2019-08-05,1794,1410095,GGally
2019-08-06,1729,1411824,GGally
2019-08-07,1867,1413691,GGally
2019-08-08,2068,1415759,GGally
2019-08-09,1596,1417355,GGally
2019-08-10,908,1418263,GGally
2019-08-11,1014,1419277,GGally
2019-08-12,1829,1421106,GGally
2019-08-13,2002,1423108,GGally
2019-08-14,2088,1425196,GGally
2019-08-15,1382,1426578,GGally
2019-08-16,1409,1427987,GGally
2019-08-17,1162,1429149,GGally
2019-08-18,923,1430072,GGally
2019-08-19,1901,1431973,GGally
2019-08-20,1843,1433816,GGally
2019-08-21,1906,1435722,GGally
2019-08-22,1850,1437572,GGally
2019-08-23,1594,1439166,GGally
2019-08-24,911,1440077,GGally
2019-08-25,1124,1441201,GGally
2019-08-26,1983,1443184,GGally
2019-08-27,2594,1445778,GGally
2019-08-28,2381,1448159,GGally
2019-08-29,2237,1450396,GGally
2019-08-30,1805,1452201,GGally
2019-08-31,1172,1453373,GGally
2019-09-01,990,1454363,GGally
2019-09-02,1538,1455901,GGally
2019-09-03,2255,1458156,GGally
2019-09-04,2174,1460330,GGally
2019-09-05,2160,1462490,GGally
2019-09-06,1689,1464179,GGally
2019-09-07,991,1465170,GGally
2019-09-08,1037,1466207,GGally
2019-09-09,2168,1468375,GGally
2019-09-10,2289,1470664,GGally
2019-09-11,2400,1473064,GGally
2019-09-12,2270,1475334,GGally
2019-09-13,2002,1477336,GGally
2019-09-14,1045,1478381,GGally
2019-09-15,1193,1479574,GGally
2019-09-16,2539,1482113,GGally
2019-09-17,2733,1484846,GGally
2019-09-18,2367,1487213,GGally
2019-09-19,2633,1489846,GGally
2019-09-20,1871,1491717,GGally
2019-09-21,1172,1492889,GGally
2019-09-22,1145,1494034,GGally
2019-09-23,2222,1496256,GGally
2019-09-24,2953,1499209,GGally
2019-09-25,2762,1501971,GGally
2019-09-26,2573,1504544,GGally
2019-09-27,2339,1506883,GGally
2019-09-28,1066,1507949,GGally
2019-09-29,1250,1509199,GGally
2019-09-30,2746,1511945,GGally
2019-10-01,2713,1514658,GGally
2019-10-02,2775,1517433,GGally
2019-10-03,2775,1520208,GGally
2019-10-04,2283,1522491,GGally
2019-10-05,1316,1523807,GGally
2019-10-06,1349,1525156,GGally
2019-10-07,2631,1527787,GGally
2019-10-08,2790,1530577,GGally
2019-10-09,2567,1533144,GGally
2019-10-10,2765,1535909,GGally
2019-10-11,2298,1538207,GGally
2019-10-12,1358,1539565,GGally
2019-10-13,1353,1540918,GGally
2019-10-14,2404,1543322,GGally
2019-10-15,2507,1545829,GGally
2019-10-16,2856,1548685,GGally
2019-10-17,2636,1551321,GGally
2019-10-18,2264,1553585,GGally
2019-10-19,1252,1554837,GGally
2019-10-20,1307,1556144,GGally
2019-10-21,2767,1558911,GGally
2019-10-22,2748,1561659,GGally
2019-10-23,3105,1564764,GGally
2019-10-24,2907,1567671,GGally
2019-10-25,2811,1570482,GGally
2019-10-26,1434,1571916,GGally
2019-10-27,1545,1573461,GGally
2019-10-28,2576,1576037,GGally
2019-10-29,3433,1579470,GGally
2019-10-30,3012,1582482,GGally
2019-10-31,3377,1585859,GGally
2019-11-01,1854,1587713,GGally
2019-11-02,1248,1588961,GGally
2019-11-03,1187,1590148,GGally
2019-11-04,2688,1592836,GGally
2019-11-05,3443,1596279,GGally
2019-11-06,2896,1599175,GGally
2019-11-07,2953,1602128,GGally
2019-11-08,2451,1604579,GGally
2019-11-09,1645,1606224,GGally
2019-11-10,1870,1608094,GGally
2019-11-11,2675,1610769,GGally
2019-11-12,3495,1614264,GGally
2019-11-13,2779,1617043,GGally
2019-11-14,2922,1619965,GGally
2019-11-15,2340,1622305,GGally
2019-11-16,1417,1623722,GGally
2019-11-17,1382,1625104,GGally
2019-11-18,2586,1627690,GGally
2019-11-19,3556,1631246,GGally
2019-11-20,2733,1633979,GGally
2019-11-21,2581,1636560,GGally
2019-11-22,2149,1638709,GGally
2019-11-23,1316,1640025,GGally
2019-11-24,1371,1641396,GGally
2019-11-25,2906,1644302,GGally
2019-11-26,2995,1647297,GGally
2019-11-27,2416,1649713,GGally
2019-11-28,2031,1651744,GGally
2019-11-29,1603,1653347,GGally
2019-11-30,1366,1654713,GGally
2019-12-01,1335,1656048,GGally
2019-12-02,2507,1658555,GGally
2019-12-03,3102,1661657,GGally
2019-12-04,2523,1664180,GGally
2019-12-05,2551,1666731,GGally
2019-12-06,2245,1668976,GGally
2019-12-07,1406,1670382,GGally
2019-12-08,1401,1671783,GGally
2019-12-09,2573,1674356,GGally
2019-12-10,3012,1677368,GGally
2019-12-11,2379,1679747,GGally
2019-12-12,2491,1682238,GGally
2019-12-13,1990,1684228,GGally
2019-12-14,1296,1685524,GGally
2019-12-15,1291,1686815,GGally
2019-12-16,2187,1689002,GGally
2019-12-17,2701,1691703,GGally
2019-12-18,2270,1693973,GGally
2019-12-19,2006,1695979,GGally
2019-12-20,1617,1697596,GGally
2019-12-21,844,1698440,GGally
2019-12-22,823,1699263,GGally
2019-12-23,1426,1700689,GGally
2019-12-24,1579,1702268,GGally
2019-12-25,751,1703019,GGally
2019-12-26,845,1703864,GGally
2019-12-27,875,1704739,GGally
2019-12-28,640,1705379,GGally
2019-12-29,693,1706072,GGally
2019-12-30,1011,1707083,GGally
2019-12-31,1330,1708413,GGally
2020-01-01,689,1709102,GGally
2020-01-02,1228,1710330,GGally
2020-01-03,1114,1711444,GGally
2020-01-04,861,1712305,GGally
2020-01-05,833,1713138,GGally
2020-01-06,1673,1714811,GGally
2020-01-07,2825,1717636,GGally
2020-01-08,2196,1719832,GGally
2020-01-09,2224,1722056,GGally
2020-01-10,2076,1724132,GGally
2020-01-11,1009,1725141,GGally
2020-01-12,911,1726052,GGally
2020-01-13,2046,1728098,GGally
2020-01-14,2654,1730752,GGally
2020-01-15,2325,1733077,GGally
2020-01-16,2413,1735490,GGally
2020-01-17,1884,1737374,GGally
2020-01-18,984,1738358,GGally
2020-01-19,1022,1739380,GGally
2020-01-20,1795,1741175,GGally
2020-01-21,3252,1744427,GGally
2020-01-22,2744,1747171,GGally
2020-01-23,2528,1749699,GGally
2020-01-24,2241,1751940,GGally
2020-01-25,1057,1752997,GGally
2020-01-26,1227,1754224,GGally
2020-01-27,3327,1757551,GGally
2020-01-28,3417,1760968,GGally
2020-01-29,2575,1763543,GGally
2020-01-30,3158,1766701,GGally
2020-01-31,2477,1769178,GGally
2020-02-01,1067,1770245,GGally
2020-02-02,1146,1771391,GGally
2020-02-03,2319,1773710,GGally
2020-02-04,3438,1777148,GGally
2020-02-05,2726,1779874,GGally
2020-02-06,2440,1782314,GGally
2020-02-07,2222,1784536,GGally
2020-02-08,1111,1785647,GGally
2020-02-09,1123,1786770,GGally
2020-02-10,2466,1789236,GGally
2020-02-11,2848,1792084,GGally
2020-02-12,2706,1794790,GGally
2020-02-13,2193,1796983,GGally
2020-02-14,2008,1798991,GGally
2020-02-15,1240,1800231,GGally
2020-02-16,1188,1801419,GGally
2020-02-17,2537,1803956,GGally
2020-02-18,2847,1806803,GGally
2020-02-19,2710,1809513,GGally
2020-02-20,2460,1811973,GGally
2020-02-21,2282,1814255,GGally
2020-02-22,1626,1815881,GGally
2020-02-23,1564,1817445,GGally
2020-02-24,2588,1820033,GGally
2020-02-25,2663,1822696,GGally
2020-02-26,2359,1825055,GGally
2020-02-27,2576,1827631,GGally
2020-02-28,2068,1829699,GGally
2020-02-29,368,1830067,GGally
2020-03-01,1270,1831337,GGally
2020-03-02,2519,1833856,GGally
2020-03-03,2669,1836525,GGally
2020-03-04,3049,1839574,GGally
2020-03-05,2809,1842383,GGally
2020-03-06,2817,1845200,GGally
2020-03-07,1413,1846613,GGally
2020-03-08,1309,1847922,GGally
2020-03-09,2661,1850583,GGally
2020-03-10,2566,1853149,GGally
2020-03-11,2679,1855828,GGally
2020-03-12,2310,1858138,GGally
2020-03-13,1989,1860127,GGally
2020-03-14,1217,1861344,GGally
2020-03-15,1315,1862659,GGally
2020-03-16,2244,1864903,GGally
2020-03-17,2802,1867705,GGally
2020-03-18,2570,1870275,GGally
2020-03-19,2028,1872303,GGally
2020-03-20,2190,1874493,GGally
2020-03-21,1628,1876121,GGally
2020-03-22,1582,1877703,GGally
2020-03-23,2590,1880293,GGally
2020-03-24,2669,1882962,GGally
2020-03-25,3348,1886310,GGally
2020-03-26,4501,1890811,GGally
2020-03-27,4113,1894924,GGally
2020-03-28,2334,1897258,GGally
2020-03-29,2475,1899733,GGally
2020-03-30,3801,1903534,GGally
2020-03-31,4119,1907653,GGally
2020-04-01,3729,1911382,GGally
2020-04-02,3532,1914914,GGally
2020-04-03,3195,1918109,GGally
2020-04-04,2145,1920254,GGally
2020-04-05,2183,1922437,GGally
2020-04-06,3442,1925879,GGally
2020-04-07,3468,1929347,GGally
2020-04-08,3601,1932948,GGally
2020-04-09,3364,1936312,GGally
2020-04-10,3141,1939453,GGally
2020-04-11,1757,1941210,GGally
2020-04-12,1756,1942966,GGally
2020-04-13,3170,1946136,GGally
2020-04-14,3398,1949534,GGally
2020-04-15,3261,1952795,GGally
2020-04-16,3153,1955948,GGally
2020-04-17,2910,1958858,GGally
2020-04-18,1983,1960841,GGally
2020-04-19,1974,1962815,GGally
2020-04-20,3082,1965897,GGally
2020-04-21,3381,1969278,GGally
2020-04-22,3406,1972684,GGally
2020-04-23,4331,1977015,GGally
2020-04-24,3460,1980475,GGally
2020-04-25,2518,1982993,GGally
2020-04-26,2539,1985532,GGally
2020-04-27,3904,1989436,GGally
2020-04-28,3883,1993319,GGally
2020-04-29,3792,1997111,GGally
2020-04-30,3332,2000443,GGally
2020-05-01,2945,2003388,GGally
2020-05-02,2242,2005630,GGally
2020-05-03,2294,2007924,GGally
2020-05-04,3490,2011414,GGally
2020-05-05,3513,2014927,GGally
2020-05-06,3868,2018795,GGally
2020-05-07,3395,2022190,GGally
2020-05-08,2847,2025037,GGally
2020-05-09,1986,2027023,GGally
2020-05-10,2032,2029055,GGally
2020-05-11,3135,2032190,GGally
2020-05-12,3312,2035502,GGally
2020-05-13,3289,2038791,GGally
2020-05-14,3082,2041873,GGally
2020-05-15,3069,2044942,GGally
2020-05-16,2123,2047065,GGally
2020-05-17,2164,2049229,GGally
2020-05-18,3066,2052295,GGally
2020-05-19,3190,2055485,GGally
2020-05-20,2960,2058445,GGally
2020-05-21,2742,2061187,GGally
2020-05-22,2686,2063873,GGally
2020-05-23,1916,2065789,GGally
2020-05-24,1974,2067763,GGally
2020-05-25,2777,2070540,GGally
2020-05-26,3178,2073718,GGally
2020-05-27,3083,2076801,GGally
2020-05-28,3049,2079850,GGally
2020-05-29,2659,2082509,GGally
2020-05-30,1864,2084373,GGally
2020-05-31,1927,2086300,GGally
2020-06-01,2730,2089030,GGally
2020-06-02,2876,2091906,GGally
2020-06-03,2871,2094777,GGally
2020-06-04,2849,2097626,GGally
2020-06-05,2703,2100329,GGally
2020-06-06,2858,2103187,GGally
2020-06-07,2994,2106181,GGally
2020-06-08,4418,2110599,GGally
2020-06-09,4254,2114853,GGally
2020-06-10,3773,2118626,GGally
2020-06-11,3161,2121787,GGally
2020-06-12,2852,2124639,GGally
2020-06-13,1978,2126617,GGally
2020-06-14,2072,2128689,GGally
2020-06-15,3202,2131891,GGally
2020-06-16,3456,2135347,GGally
2020-06-17,3349,2138696,GGally
2020-06-18,2907,2141603,GGally
2020-06-19,2499,2144102,GGally
2020-06-20,1575,2145677,GGally
2020-06-21,1647,2147324,GGally
2020-06-22,3057,2150381,GGally
2020-06-23,3130,2153511,GGally
2020-06-24,2815,2156326,GGally
2020-06-25,2758,2159084,GGally
2020-06-26,2716,2161800,GGally
2020-06-27,1489,2163289,GGally
2020-06-28,1629,2164918,GGally
2020-06-29,2800,2167718,GGally
2020-06-30,2907,2170625,GGally
2020-07-01,2557,2173182,GGally
2020-07-02,2965,2176147,GGally
2020-07-03,2707,2178854,GGally
2020-07-04,1362,2180216,GGally
2020-07-05,1506,2181722,GGally
2020-07-06,2690,2184412,GGally
2020-07-07,2764,2187176,GGally
2020-07-08,2881,2190057,GGally
2020-07-09,2955,2193012,GGally
2020-07-10,4107,2197119,GGally
2020-07-11,1472,2198591,GGally
2020-07-12,1439,2200030,GGally
2020-07-13,2765,2202795,GGally
2020-07-14,2724,2205519,GGally
2020-07-15,2562,2208081,GGally
2020-07-16,2416,2210497,GGally
2020-07-17,2647,2213144,GGally
2020-07-18,1373,2214517,GGally
2020-07-19,1416,2215933,GGally
2020-07-20,2436,2218369,GGally
2020-07-21,2641,2221010,GGally
2020-07-22,2785,2223795,GGally
2020-07-23,2468,2226263,GGally
2020-07-24,2048,2228311,GGally
2020-07-25,1294,2229605,GGally
2020-07-26,1343,2230948,GGally
2020-07-27,2670,2233618,GGally
2020-07-28,2795,2236413,GGally
2020-07-29,2610,2239023,GGally
2020-07-30,2961,2241984,GGally
2020-07-31,2353,2244337,GGally
2020-08-01,1518,2245855,GGally
2020-08-02,1669,2247524,GGally
2020-08-03,2597,2250121,GGally
2020-08-04,2621,2252742,GGally
2020-08-05,2666,2255408,GGally
2020-08-06,2612,2258020,GGally
2020-08-07,2251,2260271,GGally
2020-08-08,1292,2261563,GGally
2020-08-09,1427,2262990,GGally
2020-08-10,2418,2265408,GGally
2020-08-11,2653,2268061,GGally
2020-08-12,2485,2270546,GGally
2020-08-13,2753,2273299,GGally
2020-08-14,2240,2275539,GGally
2020-08-15,1694,2277233,GGally
2020-08-16,1697,2278930,GGally
2020-08-17,2610,2281540,GGally
2020-08-18,2611,2284151,GGally
2020-08-19,2760,2286911,GGally
2020-08-20,2539,2289450,GGally
2020-08-21,2203,2291653,GGally
2020-08-22,1640,2293293,GGally
2020-08-23,1919,2295212,GGally
2020-08-24,2594,2297806,GGally
2020-08-25,2850,2300656,GGally
2020-08-26,3176,2303832,GGally
2020-08-27,2695,2306527,GGally
2020-08-28,2329,2308856,GGally
2020-08-29,1677,2310533,GGally
2020-08-30,1786,2312319,GGally
2020-08-31,2832,2315151,GGally
2020-09-01,3206,2318357,GGally
2020-09-02,3023,2321380,GGally
2020-09-03,3268,2324648,GGally
2020-09-04,2386,2327034,GGally
2020-09-05,1729,2328763,GGally
2020-09-06,1620,2330383,GGally
2020-09-07,2714,2333097,GGally
2020-09-08,3182,2336279,GGally
2020-09-09,3346,2339625,GGally
2020-09-10,3295,2342920,GGally
2020-09-11,3083,2346003,GGally
2020-09-12,1820,2347823,GGally
2020-09-13,1795,2349618,GGally
2020-09-14,3006,2352624,GGally
2020-09-15,3316,2355940,GGally
2020-09-16,3274,2359214,GGally
2020-09-17,4898,2364112,GGally
2020-09-18,6641,2370753,GGally
2020-09-19,2201,2372954,GGally
2020-09-20,1943,2374897,GGally
2020-09-21,3088,2377985,GGally
2020-09-22,3721,2381706,GGally
2020-09-23,3800,2385506,GGally
2020-09-24,3442,2388948,GGally
2020-09-25,3363,2392311,GGally
2020-09-26,2067,2394378,GGally
2020-09-27,2169,2396547,GGally
2020-09-28,3046,2399593,GGally
2020-09-29,3572,2403165,GGally
2020-09-30,3818,2406983,GGally
2020-10-01,3496,2410479,GGally
2020-10-02,3307,2413786,GGally
2020-10-03,1925,2415711,GGally
2020-10-04,1734,2417445,GGally
2020-10-05,2997,2420442,GGally
2020-10-06,3581,2424023,GGally
2020-10-07,2952,2426975,GGally
2020-10-08,3015,2429990,GGally
2020-10-09,2218,2432208,GGally
2020-10-10,1428,2433636,GGally
2020-10-11,1494,2435130,GGally
2020-10-12,2733,2437863,GGally
2020-10-13,2842,2440705,GGally
2020-10-14,3103,2443808,GGally
2020-10-15,2813,2446621,GGally
2020-10-16,2289,2448910,GGally
2020-10-17,1568,2450478,GGally
2020-10-18,1733,2452211,GGally
2020-10-19,2877,2455088,GGally
2020-10-20,3265,2458353,GGally
2020-10-21,2939,2461292,GGally
2020-10-22,2839,2464131,GGally
2020-10-23,2353,2466484,GGally
2020-10-24,1495,2467979,GGally
2020-10-25,1470,2469449,GGally
2020-10-26,2417,2471866,GGally
2020-10-27,3044,2474910,GGally
2020-10-28,2580,2477490,GGally
2020-10-29,2602,2480092,GGally
2020-10-30,2221,2482313,GGally
2020-10-31,1431,2483744,GGally
2020-11-01,1508,2485252,GGally
2020-11-02,2607,2487859,GGally
2020-11-03,3079,2490938,GGally
2020-11-04,2878,2493816,GGally
2020-11-05,2902,2496718,GGally
2020-11-06,2458,2499176,GGally
2020-11-07,1705,2500881,GGally
2020-11-08,1789,2502670,GGally
2020-11-09,3403,2506073,GGally
2020-11-10,3148,2509221,GGally
2020-11-11,3148,2512369,GGally
2020-11-12,2830,2515199,GGally
2020-11-13,2376,2517575,GGally
2020-11-14,1445,2519020,GGally
2020-11-15,1694,2520714,GGally
2020-11-16,2875,2523589,GGally
2020-11-17,2993,2526582,GGally
2020-11-18,3060,2529642,GGally
2020-11-19,2848,2532490,GGally
2020-11-20,2352,2534842,GGally
2020-11-21,1591,2536433,GGally
2020-11-22,1697,2538130,GGally
2020-11-23,2641,2540771,GGally
2020-11-24,2899,2543670,GGally
2020-11-25,2410,2546080,GGally
2020-11-26,2463,2548543,GGally
2020-11-27,2229,2550772,GGally
2020-11-28,1422,2552194,GGally
2020-11-29,1690,2553884,GGally
2020-11-30,2883,2556767,GGally
2020-12-01,2689,2559456,GGally
2020-12-02,2706,2562162,GGally
2020-12-03,2865,2565027,GGally
2020-12-04,2879,2567906,GGally
2020-12-05,1687,2569593,GGally
2020-12-06,1618,2571211,GGally
2020-12-07,2649,2573860,GGally
2020-12-08,2601,2576461,GGally
2020-12-09,2629,2579090,GGally
2020-12-10,2419,2581509,GGally
2020-12-11,2231,2583740,GGally
2020-12-12,1486,2585226,GGally
2020-12-13,1463,2586689,GGally
2020-12-14,2351,2589040,GGally
2020-12-15,2859,2591899,GGally
2020-12-16,2414,2594313,GGally
2020-12-17,2346,2596659,GGally
2020-12-18,2034,2598693,GGally
2020-12-19,1143,2599836,GGally
2020-12-20,1210,2601046,GGally
2020-12-21,1772,2602818,GGally
2020-12-22,1670,2604488,GGally
2020-12-23,1412,2605900,GGally
2020-12-24,824,2606724,GGally
2020-12-25,693,2607417,GGally
2020-12-26,776,2608193,GGally
2020-12-27,904,2609097,GGally
2020-12-28,1269,2610366,GGally
2020-12-29,1288,2611654,GGally
2020-12-30,1341,2612995,GGally
2020-12-31,880,2613875,GGally
2021-01-01,767,2614642,GGally
2021-01-02,973,2615615,GGally
2021-01-03,1149,2616764,GGally
2021-01-04,2063,2618827,GGally
2021-01-05,2045,2620872,GGally
2021-01-06,3712,2624584,GGally
2021-01-07,3299,2627883,GGally
2021-01-08,2905,2630788,GGally
2021-01-09,1805,2632593,GGally
2021-01-10,2053,2634646,GGally
2021-01-11,3064,2637710,GGally
2021-01-12,2822,2640532,GGally
2021-01-13,3141,2643673,GGally
2021-01-14,2935,2646608,GGally
2021-01-15,2634,2649242,GGally
2021-01-16,1680,2650922,GGally
2021-01-17,1941,2652863,GGally
2021-01-18,3016,2655879,GGally
2021-01-19,3115,2658994,GGally
2021-01-20,3241,2662235,GGally
2021-01-21,2996,2665231,GGally
2021-01-22,2647,2667878,GGally
2021-01-23,1651,2669529,GGally
2021-01-24,1912,2671441,GGally
2021-01-25,2955,2674396,GGally
2021-01-26,3048,2677444,GGally
2021-01-27,2973,2680417,GGally
2021-01-28,2777,2683194,GGally
2021-01-29,2459,2685653,GGally
2021-01-30,1590,2687243,GGally
2021-01-31,1619,2688862,GGally
2021-02-01,3035,2691897,GGally
2021-02-02,2928,2694825,GGally
2021-02-03,3213,2698038,GGally
2021-02-04,2839,2700877,GGally
2021-02-05,2482,2703359,GGally
2021-02-06,1532,2704891,GGally
2021-02-07,1578,2706469,GGally
2021-02-08,2651,2709120,GGally
2021-02-09,2985,2712105,GGally
2021-02-10,2910,2715015,GGally
2021-02-11,2458,2717473,GGally
2021-02-12,2139,2719612,GGally
2021-02-13,1378,2720990,GGally
2021-02-14,1346,2722336,GGally
2021-02-15,2389,2724725,GGally
2021-02-16,2743,2727468,GGally
2021-02-17,2936,2730404,GGally
2021-02-18,2894,2733298,GGally
2021-02-19,2558,2735856,GGally
2021-02-20,1332,2737188,GGally
2021-02-21,1476,2738664,GGally
2021-02-22,2860,2741524,GGally
2021-02-23,2919,2744443,GGally
2021-02-24,3256,2747699,GGally
2021-02-25,2896,2750595,GGally
2021-02-26,2493,2753088,GGally
2021-02-27,1591,2754679,GGally
2021-02-28,1567,2756246,GGally
2021-03-01,3043,2759289,GGally
2021-03-02,2855,2762144,GGally
2021-03-03,3284,2765428,GGally
2021-03-04,3042,2768470,GGally
2021-03-05,2850,2771320,GGally
2021-03-06,1423,2772743,GGally
2021-03-07,1738,2774481,GGally
2021-03-08,4959,2779440,GGally
2021-03-09,4786,2784226,GGally
2021-03-10,4389,2788615,GGally
2021-03-11,4108,2792723,GGally
2021-03-12,3464,2796187,GGally
2021-03-13,2360,2798547,GGally
2021-03-14,2376,2800923,GGally
2021-03-15,3695,2804618,GGally
2021-03-16,3455,2808073,GGally
2021-03-17,3499,2811572,GGally
2021-03-18,3418,2814990,GGally
2021-03-19,2924,2817914,GGally
2021-03-20,1945,2819859,GGally
2021-03-21,1989,2821848,GGally
2021-03-22,3518,2825366,GGally
2021-03-23,3384,2828750,GGally
2021-03-24,3117,2831867,GGally
2021-03-25,3279,2835146,GGally
2021-03-26,2849,2837995,GGally
2021-03-27,1650,2839645,GGally
2021-03-28,1742,2841387,GGally
2021-03-29,3274,2844661,GGally
2021-03-30,3037,2847698,GGally
2021-03-31,3229,2850927,GGally
2021-04-01,2701,2853628,GGally
2021-04-02,2194,2855822,GGally
2021-04-03,1653,2857475,GGally
2021-04-04,1667,2859142,GGally
2021-04-05,2471,2861613,GGally
2021-04-06,3097,2864710,GGally
2021-04-07,3093,2867803,GGally
2021-04-08,3167,2870970,GGally
2021-04-09,2606,2873576,GGally
2021-04-10,1824,2875400,GGally
2021-04-11,1850,2877250,GGally
2021-04-12,3265,2880515,GGally
2021-04-13,3194,2883709,GGally
2021-04-14,3227,2886936,GGally
2021-04-15,2974,2889910,GGally
2021-04-16,2882,2892792,GGally
2021-04-17,1756,2894548,GGally
2021-04-18,1784,2896332,GGally
2021-04-19,3196,2899528,GGally
2021-04-20,3187,2902715,GGally
2021-04-21,3127,2905842,GGally
2021-04-22,3015,2908857,GGally
2021-04-23,2808,2911665,GGally
2021-04-24,1660,2913325,GGally
2021-04-25,1616,2914941,GGally
2021-04-26,2864,2917805,GGally
2021-04-27,2962,2920767,GGally
2021-04-28,3202,2923969,GGally
2021-04-29,2792,2926761,GGally
2021-04-30,2288,2929049,GGally
2021-05-01,1449,2930498,GGally
2021-05-02,1583,2932081,GGally
2021-05-03,2475,2934556,GGally
2021-05-04,2992,2937548,GGally
2021-05-05,2556,2940104,GGally
2021-05-06,2763,2942867,GGally
2021-05-07,2418,2945285,GGally
2021-05-08,1521,2946806,GGally
2021-05-09,1535,2948341,GGally
2021-05-10,2595,2950936,GGally
2021-05-11,2866,2953802,GGally
2021-05-12,2832,2956634,GGally
2021-05-13,2430,2959064,GGally
2021-05-14,2137,2961201,GGally
2021-05-15,1387,2962588,GGally
2021-05-16,1562,2964150,GGally
2021-05-17,2734,2966884,GGally
2021-05-18,3074,2969958,GGally
2021-05-19,3110,2973068,GGally
2021-05-20,3035,2976103,GGally
2021-05-21,2443,2978546,GGally
2021-05-22,1668,2980214,GGally
2021-05-23,1590,2981804,GGally
2021-05-24,2759,2984563,GGally
2021-05-25,2818,2987381,GGally
2021-05-26,2953,2990334,GGally
2021-05-27,2914,2993248,GGally
2021-05-28,2283,2995531,GGally
2021-05-29,1406,2996937,GGally
2021-05-30,1608,2998545,GGally
2021-05-31,2386,3000931,GGally
2021-06-01,2843,3003774,GGally
2021-06-02,2615,3006389,GGally
2021-06-03,2780,3009169,GGally
2021-06-04,2198,3011367,GGally
2021-06-05,1444,3012811,GGally
2021-06-06,1532,3014343,GGally
2021-06-07,2320,3016663,GGally
2021-06-08,2841,3019504,GGally
2021-06-09,2731,3022235,GGally
2021-06-10,2482,3024717,GGally
2021-06-11,2170,3026887,GGally
2021-06-12,1337,3028224,GGally
2021-06-13,1302,3029526,GGally
2021-06-14,2592,3032118,GGally
2021-06-15,2639,3034757,GGally
2021-06-16,2562,3037319,GGally
2021-06-17,2491,3039810,GGally
2021-06-18,2273,3042083,GGally
2021-06-19,1167,3043250,GGally
2021-06-20,1346,3044596,GGally
2021-06-21,3939,3048535,GGally
2021-06-22,4225,3052760,GGally
2021-06-23,3402,3056162,GGally
2021-06-24,3145,3059307,GGally
2021-06-25,2584,3061891,GGally
2021-06-26,1625,3063516,GGally
2021-06-27,1561,3065077,GGally
2021-06-28,2929,3068006,GGally
2021-06-29,2862,3070868,GGally
2021-06-30,2857,3073725,GGally
2021-07-01,2816,3076541,GGally
2021-07-02,2310,3078851,GGally
2021-07-03,1298,3080149,GGally
2021-07-04,1324,3081473,GGally
2021-07-05,2322,3083795,GGally
2021-07-06,2665,3086460,GGally
2021-07-07,2774,3089234,GGally
2021-07-08,2809,3092043,GGally
2021-07-09,2244,3094287,GGally
2021-07-10,1245,3095532,GGally
2021-07-11,1129,3096661,GGally
2021-07-12,2540,3099201,GGally
2021-07-13,2604,3101805,GGally
2021-07-14,2527,3104332,GGally
2021-07-15,2336,3106668,GGally
2021-07-16,2024,3108692,GGally
2021-07-17,1117,3109809,GGally
2021-07-18,1335,3111144,GGally
2021-07-19,2590,3113734,GGally
2021-07-20,2658,3116392,GGally
2021-07-21,2383,3118775,GGally
2021-07-22,2272,3121047,GGally
2021-07-23,1902,3122949,GGally
2021-07-24,1121,3124070,GGally
2021-07-25,1149,3125219,GGally
2021-07-26,2181,3127400,GGally
2021-07-27,2947,3130347,GGally
2021-07-28,2454,3132801,GGally
2021-07-29,1993,3134794,GGally
2021-07-30,1885,3136679,GGally
2021-07-31,1144,3137823,GGally
2021-08-01,1159,3138982,GGally
2021-08-02,2061,3141043,GGally
2021-08-03,2216,3143259,GGally
2021-08-04,2315,3145574,GGally
2021-08-05,2261,3147835,GGally
2021-08-06,1950,3149785,GGally
2021-08-07,1071,3150856,GGally
2021-08-08,1211,3152067,GGally
2021-08-09,2184,3154251,GGally
2021-08-10,2277,3156528,GGally
2021-08-11,2513,3159041,GGally
2021-08-12,2130,3161171,GGally
2021-08-13,2087,3163258,GGally
2021-08-14,1029,3164287,GGally
2021-08-15,1158,3165445,GGally
2021-08-16,2184,3167629,GGally
2021-08-17,2317,3169946,GGally
2021-08-18,2435,3172381,GGally
2021-08-19,2305,3174686,GGally
2021-08-20,1938,3176624,GGally
2021-08-21,991,3177615,GGally
2021-08-22,1128,3178743,GGally
2021-08-23,2738,3181481,GGally
2021-08-24,2515,3183996,GGally
2021-08-25,2560,3186556,GGally
2021-08-26,2347,3188903,GGally
2021-08-27,2129,3191032,GGally
2021-08-28,1051,3192083,GGally
2021-08-29,1141,3193224,GGally
2021-08-30,2469,3195693,GGally
2021-08-31,2570,3198263,GGally
2021-09-01,2634,3200897,GGally
2021-09-02,2586,3203483,GGally
2021-09-03,2146,3205629,GGally
2021-09-04,1134,3206763,GGally
2021-09-05,1173,3207936,GGally
2021-09-06,2282,3210218,GGally
2021-09-07,2699,3212917,GGally
2021-09-08,2886,3215803,GGally
2021-09-09,2686,3218489,GGally
2021-09-10,2293,3220782,GGally
2021-09-11,1220,3222002,GGally
2021-09-12,1316,3223318,GGally
2021-09-13,2802,3226120,GGally
2021-09-14,3225,3229345,GGally
2021-09-15,3021,3232366,GGally
2021-09-16,2986,3235352,GGally
2021-09-17,2557,3237909,GGally
2021-09-18,1314,3239223,GGally
2021-09-19,1293,3240516,GGally
2021-09-20,2716,3243232,GGally
2021-09-21,2769,3246001,GGally
2021-09-22,2825,3248826,GGally
2021-09-23,2844,3251670,GGally
2021-09-24,2585,3254255,GGally
2021-09-25,1171,3255426,GGally
2021-09-26,1416,3256842,GGally
2021-09-27,3130,3259972,GGally
2021-09-28,3427,3263399,GGally
2021-09-29,3171,3266570,GGally
2021-09-30,3202,3269772,GGally
2021-10-01,2507,3272279,GGally
2021-10-02,1359,3273638,GGally
2021-10-03,1352,3274990,GGally
2021-10-04,3045,3278035,GGally
2021-10-05,3429,3281464,GGally
2021-10-06,3462,3284926,GGally
2021-10-07,3523,3288449,GGally
2021-10-08,2757,3291206,GGally
2021-10-09,1416,3292622,GGally
2021-10-10,1467,3294089,GGally
2021-10-11,3032,3297121,GGally
2021-10-12,3463,3300584,GGally
2021-10-13,3319,3303903,GGally
2021-10-14,3243,3307146,GGally
2021-10-15,2709,3309855,GGally
2021-10-16,1466,3311321,GGally
2021-10-17,1695,3313016,GGally
2021-10-18,3217,3316233,GGally
2021-10-19,3313,3319546,GGally
2021-10-20,3408,3322954,GGally
2021-10-21,3431,3326385,GGally
2021-10-22,3149,3329534,GGally
2021-10-23,1679,3331213,GGally
2021-10-24,1646,3332859,GGally
2021-10-25,3241,3336100,GGally
2021-10-26,3643,3339743,GGally
2021-10-27,3412,3343155,GGally
2021-10-28,3477,3346632,GGally
2021-10-29,3148,3349780,GGally
2021-10-30,1547,3351327,GGally
2021-10-31,1582,3352909,GGally
2021-11-01,3059,3355968,GGally
2021-11-02,3274,3359242,GGally
2021-11-03,3144,3362386,GGally
2021-11-04,3206,3365592,GGally
2021-11-05,2682,3368274,GGally
2021-11-06,1454,3369728,GGally
2021-11-07,1628,3371356,GGally
2021-11-08,3389,3374745,GGally
2021-11-09,3561,3378306,GGally
2021-11-10,3374,3381680,GGally
2021-11-11,3282,3384962,GGally
2021-11-12,3085,3388047,GGally
2021-11-13,1716,3389763,GGally
2021-11-14,1741,3391504,GGally
2021-11-15,3200,3394704,GGally
2021-11-16,3676,3398380,GGally
2021-11-17,4066,3402446,GGally
2021-11-18,3264,3405710,GGally
2021-11-19,3111,3408821,GGally
2021-11-20,1477,3410298,GGally
2021-11-21,1655,3411953,GGally
2021-11-22,2912,3414865,GGally
2021-11-23,2878,3417743,GGally
2021-11-24,3009,3420752,GGally
2021-11-25,2728,3423480,GGally
2021-11-26,2268,3425748,GGally
2021-11-27,1406,3427154,GGally
2021-11-28,1502,3428656,GGally
2021-11-29,3097,3431753,GGally
2021-11-30,3229,3434982,GGally
2021-12-01,3134,3438116,GGally
2021-12-02,3061,3441177,GGally
2021-12-03,2894,3444071,GGally
2021-12-04,1701,3445772,GGally
2021-12-05,1848,3447620,GGally
2021-12-06,3062,3450682,GGally
2021-12-07,3304,3453986,GGally
2021-12-08,3136,3457122,GGally
2021-12-09,3190,3460312,GGally
2021-12-10,2715,3463027,GGally
2021-12-11,1820,3464847,GGally
2021-12-12,1589,3466436,GGally
2021-12-13,2792,3469228,GGally
2021-12-14,2612,3471840,GGally
2021-12-15,2616,3474456,GGally
2021-12-16,2575,3477031,GGally
2021-12-17,2294,3479325,GGally
2021-12-18,1223,3480548,GGally
2021-12-19,1349,3481897,GGally
2021-12-20,2022,3483919,GGally
2021-12-21,2271,3486190,GGally
2021-12-22,2375,3488565,GGally
2021-12-23,1636,3490201,GGally
2021-12-24,1201,3491402,GGally
2021-12-25,627,3492029,GGally
2021-12-26,798,3492827,GGally
2021-12-27,1229,3494056,GGally
2021-12-28,1528,3495584,GGally
2021-12-29,1600,3497184,GGally
2021-12-30,1403,3498587,GGally
2021-12-31,989,3499576,GGally
2022-01-01,594,3500170,GGally
2022-01-02,894,3501064,GGally
2022-01-03,1961,3503025,GGally
2022-01-04,2347,3505372,GGally
2022-01-05,2412,3507784,GGally
2022-01-06,2210,3509994,GGally
2022-01-07,1946,3511940,GGally
2022-01-08,1184,3513124,GGally
2022-01-09,1252,3514376,GGally
2022-01-10,2484,3516860,GGally
2022-01-11,2666,3519526,GGally
2022-01-12,2806,3522332,GGally
2022-01-13,2761,3525093,GGally
2022-01-14,2306,3527399,GGally
2022-01-15,1317,3528716,GGally
2022-01-16,1487,3530203,GGally
2022-01-17,2466,3532669,GGally
2022-01-18,2906,3535575,GGally
2022-01-19,2925,3538500,GGally
2022-01-20,2626,3541126,GGally
2022-01-21,2266,3543392,GGally
2022-01-22,1525,3544917,GGally
2022-01-23,1332,3546249,GGally
2022-01-24,2977,3549226,GGally
2022-01-25,2925,3552151,GGally
2022-01-26,2974,3555125,GGally
2022-01-27,2958,3558083,GGally
2022-01-28,2483,3560566,GGally
2022-01-29,1310,3561876,GGally
2022-01-30,1440,3563316,GGally
2022-01-31,2767,3566083,GGally
2022-02-01,3002,3569085,GGally
2022-02-02,2931,3572016,GGally
2022-02-03,2688,3574704,GGally
2022-02-04,2590,3577294,GGally
2022-02-05,1317,3578611,GGally
2022-02-06,1339,3579950,GGally
2022-02-07,2883,3582833,GGally
2022-02-08,3180,3586013,GGally
2022-02-09,3149,3589162,GGally
2022-02-10,2840,3592002,GGally
2022-02-11,2524,3594526,GGally
2022-02-12,1386,3595912,GGally
2022-02-13,1353,3597265,GGally
2022-02-14,2796,3600061,GGally
2022-02-15,3080,3603141,GGally
2022-02-16,3345,3606486,GGally
2022-02-17,3172,3609658,GGally
2022-02-18,2825,3612483,GGally
2022-02-19,1364,3613847,GGally
2022-02-20,1378,3615225,GGally
2022-02-21,2863,3618088,GGally
2022-02-22,3160,3621248,GGally
2022-02-23,3493,3624741,GGally
2022-02-24,2947,3627688,GGally
2022-02-25,2328,3630016,GGally
2022-02-26,1263,3631279,GGally
2022-02-27,1440,3632719,GGally
2022-02-28,2671,3635390,GGally
2022-03-01,3396,3638786,GGally
2022-03-02,3356,3642142,GGally
2022-03-03,3268,3645410,GGally
2022-03-04,3100,3648510,GGally
2022-03-05,1527,3650037,GGally
2022-03-06,1576,3651613,GGally
2022-03-07,3211,3654824,GGally
2022-03-08,3014,3657838,GGally
2022-03-09,3273,3661111,GGally
2022-03-10,3109,3664220,GGally
2022-03-11,2747,3666967,GGally
2022-03-12,1423,3668390,GGally
2022-03-13,1460,3669850,GGally
2022-03-14,2835,3672685,GGally
2022-03-15,3313,3675998,GGally
2022-03-16,3205,3679203,GGally
2022-03-17,3248,3682451,GGally
2022-03-18,2827,3685278,GGally
2022-03-19,1723,3687001,GGally
2022-03-20,1417,3688418,GGally
2022-03-21,3044,3691462,GGally
2022-03-22,3382,3694844,GGally
2022-03-23,3324,3698168,GGally
2022-03-24,3099,3701267,GGally
2022-03-25,2810,3704077,GGally
2022-03-26,1488,3705565,GGally
2022-03-27,1580,3707145,GGally
2022-03-28,3060,3710205,GGally
2022-03-29,3128,3713333,GGally
2022-03-30,3236,3716569,GGally
2022-03-31,2832,3719401,GGally
2022-04-01,2671,3722072,GGally
2022-04-02,1542,3723614,GGally
2022-04-03,1498,3725112,GGally
2022-04-04,3018,3728130,GGally
2022-04-05,2937,3731067,GGally
2022-04-06,3175,3734242,GGally
2022-04-07,2976,3737218,GGally
2022-04-08,2722,3739940,GGally
2022-04-09,1461,3741401,GGally
2022-04-10,1636,3743037,GGally
2022-04-11,2792,3745829,GGally
2022-04-12,3029,3748858,GGally
2022-04-13,2913,3751771,GGally
2022-04-14,2831,3754602,GGally
2022-04-15,2040,3756642,GGally
2022-04-16,1334,3757976,GGally
2022-04-17,1409,3759385,GGally
2022-04-18,2640,3762025,GGally
2022-04-19,3179,3765204,GGally
2022-04-20,3199,3768403,GGally
2022-04-21,3171,3771574,GGally
2022-04-22,2967,3774541,GGally
2022-04-23,1847,3776388,GGally
2022-04-24,1826,3778214,GGally
2022-04-25,3353,3781567,GGally
2022-04-26,3415,3784982,GGally
2022-04-27,3419,3788401,GGally
2022-04-28,3546,3791947,GGally
2022-04-29,2875,3794822,GGally
2022-04-30,1656,3796478,GGally
2022-05-01,1685,3798163,GGally
2022-05-02,3063,3801226,GGally
2022-05-03,3194,3804420,GGally
2022-05-04,3272,3807692,GGally
2022-05-05,3265,3810957,GGally
2022-05-06,2910,3813867,GGally
2022-05-07,1687,3815554,GGally
2022-05-08,1534,3817088,GGally
2022-05-09,3165,3820253,GGally
2022-05-10,3505,3823758,GGally
2022-05-11,3141,3826899,GGally
2022-05-12,3742,3830641,GGally
2022-05-13,3067,3833708,GGally
2022-05-14,1515,3835223,GGally
2022-05-15,1487,3836710,GGally
2022-05-16,3210,3839920,GGally
2022-05-17,3387,3843307,GGally
2022-05-18,3416,3846723,GGally
2022-05-19,3244,3849967,GGally
2022-05-20,2783,3852750,GGally
2022-05-21,1458,3854208,GGally
2022-05-22,1717,3855925,GGally
2022-05-23,3258,3859183,GGally
2022-05-24,3638,3862821,GGally
2022-05-25,3298,3866119,GGally
2022-05-26,3104,3869223,GGally
2022-05-27,2672,3871895,GGally
2022-05-28,1405,3873300,GGally
2022-05-29,1510,3874810,GGally
2022-05-30,2864,3877674,GGally
2022-05-31,3028,3880702,GGally
2022-06-01,2858,3883560,GGally
2022-06-02,2691,3886251,GGally
2022-06-03,2421,3888672,GGally
2022-06-04,1780,3890452,GGally
2022-06-05,1542,3891994,GGally
2022-06-06,2918,3894912,GGally
2022-06-07,3443,3898355,GGally
2022-06-08,3460,3901815,GGally
2022-06-09,3099,3904914,GGally
2022-06-10,3187,3908101,GGally
2022-06-11,1692,3909793,GGally
2022-06-12,1493,3911286,GGally
2022-06-13,3107,3914393,GGally
2022-06-14,3579,3917972,GGally
2022-06-15,2900,3920872,GGally
2022-06-16,2908,3923780,GGally
2022-06-17,2451,3926231,GGally
2022-06-18,1433,3927664,GGally
2022-06-19,1441,3929105,GGally
2022-06-20,2709,3931814,GGally
2022-06-21,2984,3934798,GGally
2022-06-22,2868,3937666,GGally
2022-06-23,3019,3940685,GGally
2022-06-24,2569,3943254,GGally
2022-06-25,1411,3944665,GGally
2022-06-26,1545,3946210,GGally
2022-06-27,2739,3948949,GGally
2022-06-28,3311,3952260,GGally
2022-06-29,3095,3955355,GGally
2022-06-30,2946,3958301,GGally
2022-07-01,2535,3960836,GGally
2022-07-02,1281,3962117,GGally
2022-07-03,1752,3963869,GGally
2022-07-04,2345,3966214,GGally
2022-07-05,3122,3969336,GGally
2022-07-06,3196,3972532,GGally
2022-07-07,2852,3975384,GGally
2022-07-08,2377,3977761,GGally
2022-07-09,1153,3978914,GGally
2022-07-10,1150,3980064,GGally
2022-07-11,2782,3982846,GGally
2022-07-12,2741,3985587,GGally
2022-07-13,2550,3988137,GGally
2022-07-14,2589,3990726,GGally
2022-07-15,2254,3992980,GGally
2022-07-16,1135,3994115,GGally
2022-07-17,1168,3995283,GGally
2022-07-18,2989,3998272,GGally
2022-07-19,3154,4001426,GGally
2022-07-20,3238,4004664,GGally
2022-07-21,2672,4007336,GGally
2022-07-22,2652,4009988,GGally
2022-07-23,1113,4011101,GGally
2022-07-24,1403,4012504,GGally
2022-07-25,2821,4015325,GGally
2022-07-26,2609,4017934,GGally
2022-07-27,2502,4020436,GGally
2022-07-28,2742,4023178,GGally
2022-07-29,2325,4025503,GGally
2022-07-30,1277,4026780,GGally
2022-07-31,1301,4028081,GGally
2022-08-01,2518,4030599,GGally
2022-08-02,2826,4033425,GGally
2022-08-03,3386,4036811,GGally
2022-08-04,3427,4040238,GGally
2022-08-05,1887,4042125,GGally
2022-08-06,1074,4043199,GGally
2022-08-07,1110,4044309,GGally
2022-08-08,3740,4048049,GGally
2022-08-09,4693,4052742,GGally
2022-08-10,2638,4055380,GGally
2022-08-11,2324,4057704,GGally
2022-08-12,2052,4059756,GGally
2022-08-13,1100,4060856,GGally
2022-08-14,1224,4062080,GGally
2022-08-15,2317,4064397,GGally
2022-08-16,2440,4066837,GGally
2022-08-17,2408,4069245,GGally
2022-08-18,2388,4071633,GGally
2022-08-19,2070,4073703,GGally
2022-08-20,1238,4074941,GGally
2022-08-21,1233,4076174,GGally
2022-08-22,3230,4079404,GGally
2022-08-23,2880,4082284,GGally
2022-08-24,2657,4084941,GGally
2022-08-25,2850,4087791,GGally
2022-08-26,2377,4090168,GGally
2022-08-27,1161,4091329,GGally
2022-08-28,1285,4092614,GGally
2022-08-29,3194,4095808,GGally
2022-08-30,2913,4098721,GGally
2022-08-31,3290,4102011,GGally
2022-09-01,3447,4105458,GGally
2022-09-02,3245,4108703,GGally
2022-09-03,1831,4110534,GGally
2022-09-04,1738,4112272,GGally
2022-09-05,2926,4115198,GGally
2022-09-06,3766,4118964,GGally
2022-09-07,3339,4122303,GGally
2022-09-08,3248,4125551,GGally
2022-09-09,2706,4128257,GGally
2022-09-10,1579,4129836,GGally
2022-09-11,1902,4131738,GGally
2022-09-12,3444,4135182,GGally
2022-09-13,3615,4138797,GGally
2022-09-14,3890,4142687,GGally
2022-09-15,3964,4146651,GGally
2022-09-16,2969,4149620,GGally
2022-09-17,2022,4151642,GGally
2022-09-18,1881,4153523,GGally
2022-09-19,3521,4157044,GGally
2022-09-20,4125,4161169,GGally
2022-09-21,4204,4165373,GGally
2022-09-22,4109,4169482,GGally
2022-09-23,3239,4172721,GGally
2022-09-24,1541,4174262,GGally
2022-09-25,1574,4175836,GGally
2022-09-26,3460,4179296,GGally
2022-09-27,3635,4182931,GGally
2022-09-28,2868,4185799,GGally
2022-09-29,3646,4189445,GGally
2022-09-30,2834,4192279,GGally
2022-10-01,1408,4193687,GGally
2022-10-02,1410,4195097,GGally
2022-10-03,3217,4198314,GGally
2022-10-04,3879,4202193,GGally
2022-10-05,3237,4205430,GGally
2022-10-06,3287,4208717,GGally
2022-10-07,2727,4211444,GGally
2022-10-08,1566,4213010,GGally
2022-10-09,1613,4214623,GGally
2022-10-10,3339,4217962,GGally
2022-10-11,3280,4221242,GGally
2022-10-12,3574,4224816,GGally
2022-10-13,3396,4228212,GGally
2022-10-14,2697,4230909,GGally
2022-10-15,1577,4232486,GGally
2022-10-16,1603,4234089,GGally
2022-10-17,3430,4237519,GGally
2022-10-18,3845,4241364,GGally
2022-10-19,3238,4244602,GGally
2022-10-20,3529,4248131,GGally
2022-10-21,3038,4251169,GGally
2022-10-22,1713,4252882,GGally
2022-10-23,1779,4254661,GGally
2022-10-24,3496,4258157,GGally
2022-10-25,3445,4261602,GGally
2022-10-26,3554,4265156,GGally
2022-10-27,3236,4268392,GGally
2022-10-28,2743,4271135,GGally
2022-10-29,1502,4272637,GGally
2022-10-30,1727,4274364,GGally
2022-10-31,2811,4277175,GGally
2022-11-01,2645,4279820,GGally
2022-11-02,3499,4283319,GGally
2022-11-03,3160,4286479,GGally
2022-11-04,2926,4289405,GGally
2022-11-05,1614,4291019,GGally
2022-11-06,1676,4292695,GGally
2022-11-07,3265,4295960,GGally
2022-11-08,3697,4299657,GGally
2022-11-09,3572,4303229,GGally
2022-11-10,3566,4306795,GGally
2022-11-11,2704,4309499,GGally
2022-11-12,1742,4311241,GGally
2022-11-13,1741,4312982,GGally
2022-11-14,3398,4316380,GGally
2022-11-15,3629,4320009,GGally
2022-11-16,4007,4324016,GGally
2022-11-17,3439,4327455,GGally
2022-11-18,3284,4330739,GGally
2022-11-19,1629,4332368,GGally
2022-11-20,3570,4335938,GGally
2022-11-21,3249,4339187,GGally
2022-11-22,3475,4342662,GGally
2022-11-23,3749,4346411,GGally
2022-11-24,3429,4349840,GGally
2022-11-25,2555,4352395,GGally
2022-11-26,1636,4354031,GGally
2022-11-27,1898,4355929,GGally
2022-11-28,3212,4359141,GGally
2022-11-29,3594,4362735,GGally
2022-11-30,3283,4366018,GGally
2022-12-01,3387,4369405,GGally
2022-12-02,3098,4372503,GGally
2022-12-03,1865,4374368,GGally
2022-12-04,1896,4376264,GGally
2022-12-05,3088,4379352,GGally
2022-12-06,3345,4382697,GGally
2022-12-07,3041,4385738,GGally
2022-12-08,2812,4388550,GGally
2022-12-09,2548,4391098,GGally
2022-12-10,1665,4392763,GGally
2022-12-11,1657,4394420,GGally
2022-12-12,2914,4397334,GGally
2022-12-13,2820,4400154,GGally
2022-12-14,2583,4402737,GGally
2022-12-15,2752,4405489,GGally
2022-12-16,2269,4407758,GGally
2022-12-17,1309,4409067,GGally
2022-12-18,1151,4410218,GGally
2022-12-19,2104,4412322,GGally
2022-12-20,2109,4414431,GGally
2022-12-21,1868,4416299,GGally
2022-12-22,1682,4417981,GGally
2022-12-23,1445,4419426,GGally
2022-12-24,790,4420216,GGally
2022-12-25,658,4420874,GGally
2022-12-26,1244,4422118,GGally
2022-12-27,1209,4423327,GGally
2022-12-28,1239,4424566,GGally
2022-12-29,1391,4425957,GGally
2022-12-30,1055,4427012,GGally
2022-12-31,640,4427652,GGally
2023-01-01,618,4428270,GGally
2023-01-02,1397,4429667,GGally
2023-01-03,1909,4431576,GGally
2023-01-04,2028,4433604,GGally
2023-01-05,1880,4435484,GGally
2023-01-06,1826,4437310,GGally
2023-01-07,1158,4438468,GGally
2023-01-08,1168,4439636,GGally
2023-01-09,2217,4441853,GGally
2023-01-10,2581,4444434,GGally
2023-01-11,2545,4446979,GGally
2023-01-12,2503,4449482,GGally
2023-01-13,2105,4451587,GGally
2023-01-14,1099,4452686,GGally
2023-01-15,1345,4454031,GGally
2023-01-16,2417,4456448,GGally
2023-01-17,2841,4459289,GGally
2023-01-18,2867,4462156,GGally
2023-01-19,2912,4465068,GGally
2023-01-20,2254,4467322,GGally
2023-01-21,1109,4468431,GGally
2023-01-22,1190,4469621,GGally
2023-01-23,2635,4472256,GGally
2023-01-24,2992,4475248,GGally
2023-01-25,2766,4478014,GGally
2023-01-26,2954,4480968,GGally
2023-01-27,3143,4484111,GGally
2023-01-28,1286,4485397,GGally
2023-01-29,1460,4486857,GGally
2023-01-30,2941,4489798,GGally
2023-01-31,3672,4493470,GGally
2023-02-01,4054,4497524,GGally
2023-02-02,3263,4500787,GGally
2023-02-03,2380,4503167,GGally
2023-02-04,1262,4504429,GGally
2023-02-05,1312,4505741,GGally
2023-02-06,2933,4508674,GGally
2023-02-07,3047,4511721,GGally
2023-02-08,3159,4514880,GGally
2023-02-09,3106,4517986,GGally
2023-02-10,2361,4520347,GGally
2023-02-11,1424,4521771,GGally
2023-02-12,1417,4523188,GGally
2023-02-13,2652,4525840,GGally
2023-02-14,2884,4528724,GGally
2023-02-15,2838,4531562,GGally
2023-02-16,2803,4534365,GGally
2023-02-17,2411,4536776,GGally
2023-02-18,1323,4538099,GGally
2023-02-19,1402,4539501,GGally
2023-02-20,2449,4541950,GGally
2023-02-21,3102,4545052,GGally
2023-02-22,3086,4548138,GGally
2023-02-23,3180,4551318,GGally
2023-02-24,2737,4554055,GGally
2023-02-25,1324,4555379,GGally
2023-02-26,1486,4556865,GGally
2023-02-27,3024,4559889,GGally
2023-02-28,3161,4563050,GGally
2023-03-01,3072,4566122,GGally
2023-03-02,3246,4569368,GGally
2023-03-03,3226,4572594,GGally
2023-03-04,1444,4574038,GGally
2023-03-05,1459,4575497,GGally
2023-03-06,3210,4578707,GGally
2023-03-07,3265,4581972,GGally
2023-03-08,3458,4585430,GGally
2023-03-09,3126,4588556,GGally
2023-03-10,2671,4591227,GGally
2023-03-11,1360,4592587,GGally
2023-03-12,1475,4594062,GGally
2023-03-13,2807,4596869,GGally
2023-03-14,3183,4600052,GGally
2023-03-15,3226,4603278,GGally
2023-03-16,2948,4606226,GGally
2023-03-17,2873,4609099,GGally
2023-03-18,1431,4610530,GGally
2023-03-19,1410,4611940,GGally
2023-03-20,3009,4614949,GGally
2023-03-21,3607,4618556,GGally
2023-03-22,3304,4621860,GGally
2023-03-23,3416,4625276,GGally
2023-03-24,3122,4628398,GGally
2023-03-25,1564,4629962,GGally
2023-03-26,1588,4631550,GGally
2023-03-27,3380,4634930,GGally
2023-03-28,3226,4638156,GGally
2023-03-29,3326,4641482,GGally
2023-03-30,3297,4644779,GGally
2023-03-31,2633,4647412,GGally
2023-04-01,1436,4648848,GGally
2023-04-02,1944,4650792,GGally
2023-04-03,2983,4653775,GGally
2023-04-04,2959,4656734,GGally
2023-04-05,3104,4659838,GGally
2023-04-06,3172,4663010,GGally
2023-04-07,1958,4664968,GGally
2023-04-08,1534,4666502,GGally
2023-04-09,1433,4667935,GGally
2023-04-10,2434,4670369,GGally
2023-04-11,3247,4673616,GGally
2023-04-12,3425,4677041,GGally
2023-04-13,3269,4680310,GGally
2023-04-14,2752,4683062,GGally
2023-04-15,1635,4684697,GGally
2023-04-16,1675,4686372,GGally
2023-04-17,3089,4689461,GGally
2023-04-18,3607,4693068,GGally
2023-04-19,3480,4696548,GGally
2023-04-20,3541,4700089,GGally
2023-04-21,2749,4702838,GGally
2023-04-22,1881,4704719,GGally
2023-04-23,1902,4706621,GGally
2023-04-24,3526,4710147,GGally
2023-04-25,3822,4713969,GGally
2023-04-26,3925,4717894,GGally
2023-04-27,3685,4721579,GGally
2023-04-28,2793,4724372,GGally
2023-04-29,1508,4725880,GGally
2023-04-30,1511,4727391,GGally
2023-05-01,2352,4729743,GGally
2023-05-02,3028,4732771,GGally
2023-05-03,3171,4735942,GGally
2023-05-04,2959,4738901,GGally
2023-05-05,2697,4741598,GGally
2023-05-06,1715,4743313,GGally
2023-05-07,1590,4744903,GGally
2023-05-08,2768,4747671,GGally
2023-05-09,3115,4750786,GGally
2023-05-10,3169,4753955,GGally
2023-05-11,2877,4756832,GGally
2023-05-12,2871,4759703,GGally
2023-05-13,1657,4761360,GGally
2023-05-14,1516,4762876,GGally
2023-05-15,3054,4765930,GGally
2023-05-16,3263,4769193,GGally
2023-05-17,3046,4772239,GGally
2023-05-18,2537,4774776,GGally
2023-05-19,2562,4777338,GGally
2023-05-20,1622,4778960,GGally
2023-05-21,1512,4780472,GGally
2023-05-22,2880,4783352,GGally
2023-05-23,3190,4786542,GGally
2023-05-24,3176,4789718,GGally
2023-05-25,2921,4792639,GGally
2023-05-26,2522,4795161,GGally
2023-05-27,1296,4796457,GGally
2023-05-28,1379,4797836,GGally
2023-05-29,2121,4799957,GGally
2023-05-30,2778,4802735,GGally
2023-05-31,2821,4805556,GGally
2023-06-01,2975,4808531,GGally
2023-06-02,2325,4810856,GGally
2023-06-03,1514,4812370,GGally
2023-06-04,1388,4813758,GGally
2023-06-05,2670,4816428,GGally
2023-06-06,2782,4819210,GGally
2023-06-07,2674,4821884,GGally
2023-06-08,2528,4824412,GGally
2023-06-09,2209,4826621,GGally
2023-06-10,1388,4828009,GGally
2023-06-11,1223,4829232,GGally
2023-06-12,2470,4831702,GGally
2023-06-13,2834,4834536,GGally
2023-06-14,2711,4837247,GGally
2023-06-15,2855,4840102,GGally
2023-06-16,2235,4842337,GGally
2023-06-17,1258,4843595,GGally
2023-06-18,1351,4844946,GGally
2023-06-19,2558,4847504,GGally
2023-06-20,2527,4850031,GGally
2023-06-21,2507,4852538,GGally
2023-06-22,2373,4854911,GGally
2023-06-23,1838,4856749,GGally
2023-06-24,1085,4857834,GGally
2023-06-25,1184,4859018,GGally
2023-06-26,2517,4861535,GGally
2023-06-27,2322,4863857,GGally
2023-06-28,2296,4866153,GGally
2023-06-29,2183,4868336,GGally
2023-06-30,1878,4870214,GGally
2023-07-01,971,4871185,GGally
2023-07-02,1047,4872232,GGally
2023-07-03,1923,4874155,GGally
2023-07-04,1832,4875987,GGally
2023-07-05,2193,4878180,GGally
2023-07-06,2163,4880343,GGally
2023-07-07,2144,4882487,GGally
2023-07-08,1049,4883536,GGally
2023-07-09,1023,4884559,GGally
2023-07-10,2247,4886806,GGally
2023-07-11,2326,4889132,GGally
2023-07-12,2152,4891284,GGally
2023-07-13,1890,4893174,GGally
2023-07-14,1691,4894865,GGally
2023-07-15,888,4895753,GGally
2023-07-16,1009,4896762,GGally
2023-07-17,1923,4898685,GGally
2023-07-18,2169,4900854,GGally
2023-07-19,2114,4902968,GGally
2023-07-20,2201,4905169,GGally
2023-07-21,2001,4907170,GGally
2023-07-22,975,4908145,GGally
2023-07-23,1000,4909145,GGally
2023-07-24,1988,4911133,GGally
2023-07-25,2508,4913641,GGally
2023-07-26,2139,4915780,GGally
2023-07-27,1924,4917704,GGally
2023-07-28,1645,4919349,GGally
2023-07-29,1059,4920408,GGally
2023-07-30,984,4921392,GGally
2023-07-31,2033,4923425,GGally
2023-08-01,2012,4925437,GGally
2023-08-02,2037,4927474,GGally
2023-08-03,2257,4929731,GGally
2023-08-04,1829,4931560,GGally
2023-08-05,1063,4932623,GGally
2023-08-06,1031,4933654,GGally
2023-08-07,1775,4935429,GGally
2023-08-08,1985,4937414,GGally
2023-08-09,1982,4939396,GGally
2023-08-10,1919,4941315,GGally
2023-08-11,1623,4942938,GGally
2023-08-12,945,4943883,GGally
2023-08-13,885,4944768,GGally
2023-08-14,1861,4946629,GGally
2023-08-15,1976,4948605,GGally
2023-08-16,2253,4950858,GGally
2023-08-17,2164,4953022,GGally
2023-08-18,2212,4955234,GGally
2023-08-19,984,4956218,GGally
2023-08-20,1025,4957243,GGally
2023-08-21,2260,4959503,GGally
2023-08-22,2173,4961676,GGally
2023-08-23,2435,4964111,GGally
2023-08-24,2536,4966647,GGally
2023-08-25,2724,4969371,GGally
2023-08-26,1334,4970705,GGally
2023-08-27,1467,4972172,GGally
2023-08-28,2817,4974989,GGally
2023-08-29,2583,4977572,GGally
2023-08-30,2704,4980276,GGally
2023-08-31,2873,4983149,GGally
2023-09-01,2211,4985360,GGally
2023-09-02,1257,4986617,GGally
2023-09-03,1417,4988034,GGally
2023-09-04,2252,4990286,GGally
2023-09-05,3252,4993538,GGally
2023-09-06,3092,4996630,GGally
2023-09-07,2781,4999411,GGally
2023-09-08,2764,5002175,GGally
2023-09-09,1460,5003635,GGally
2023-09-10,1676,5005311,GGally
2023-09-11,2911,5008222,GGally
2023-09-12,3082,5011304,GGally
2023-09-13,3289,5014593,GGally
2023-09-14,3399,5017992,GGally
2023-09-15,2596,5020588,GGally
2023-09-16,1565,5022153,GGally
2023-09-17,1601,5023754,GGally
2023-09-18,3076,5026830,GGally
2023-09-19,3016,5029846,GGally
2023-09-20,3156,5033002,GGally
2023-09-21,2848,5035850,GGally
2023-09-22,2930,5038780,GGally
2023-09-23,1595,5040375,GGally
2023-09-24,1580,5041955,GGally
2023-09-25,2920,5044875,GGally
2023-09-26,3277,5048152,GGally
2023-09-27,3197,5051349,GGally
2023-09-28,2878,5054227,GGally
2023-09-29,2306,5056533,GGally
2023-09-30,1413,5057946,GGally
2023-10-01,1323,5059269,GGally
2023-10-02,2595,5061864,GGally
2023-10-03,2987,5064851,GGally
2023-10-04,3069,5067920,GGally
2023-10-05,2903,5070823,GGally
2023-10-06,2422,5073245,GGally
2023-10-07,1692,5074937,GGally
2023-10-08,1506,5076443,GGally
2023-10-09,2929,5079372,GGally
2023-10-10,3431,5082803,GGally
2023-10-11,3477,5086280,GGally
2023-10-12,3754,5090034,GGally
2023-10-13,2720,5092754,GGally
2023-10-14,1519,5094273,GGally
2023-10-15,1597,5095870,GGally
2023-10-16,3693,5099563,GGally
2023-10-17,3641,5103204,GGally
2023-10-18,3679,5106883,GGally
2023-10-19,3284,5110167,GGally
2023-10-20,2907,5113074,GGally
2023-10-21,1641,5114715,GGally
2023-10-22,1884,5116599,GGally
2023-10-23,3289,5119888,GGally
2023-10-24,3404,5123292,GGally
2023-10-25,3181,5126473,GGally
2023-10-26,3385,5129858,GGally
2023-10-27,2594,5132452,GGally
2023-10-28,1346,5133798,GGally
2023-10-29,1370,5135168,GGally
2023-10-30,3241,5138409,GGally
2023-10-31,3428,5141837,GGally
2023-11-01,2954,5144791,GGally
2023-11-02,3653,5148444,GGally
2023-11-03,2995,5151439,GGally
2023-11-04,1658,5153097,GGally
2023-11-05,1575,5154672,GGally
2023-11-06,3328,5158000,GGally
2023-11-07,3595,5161595,GGally
2023-11-08,3606,5165201,GGally
2023-11-09,3429,5168630,GGally
2023-11-10,2756,5171386,GGally
2023-11-11,1834,5173220,GGally
2023-11-12,1645,5174865,GGally
2023-11-13,3532,5178397,GGally
2023-11-14,3738,5182135,GGally
2023-11-15,4245,5186380,GGally
2023-11-16,3970,5190350,GGally
2023-11-17,2985,5193335,GGally
2023-11-18,1648,5194983,GGally
2023-11-19,1703,5196686,GGally
2023-11-20,3504,5200190,GGally
2023-11-21,3589,5203779,GGally
2023-11-22,5022,5208801,GGally
2023-11-23,4664,5213465,GGally
2023-11-24,3875,5217340,GGally
2023-11-25,2347,5219687,GGally
2023-11-26,2756,5222443,GGally
2023-11-27,5687,5228130,GGally
2023-11-28,5956,5234086,GGally
2023-11-29,5306,5239392,GGally
2023-11-30,5576,5244968,GGally
2023-12-01,4737,5249705,GGally
2023-12-02,2925,5252630,GGally
2023-12-03,3294,5255924,GGally
2023-12-04,5229,5261153,GGally
2023-12-05,5361,5266514,GGally
2023-12-06,5433,5271947,GGally
2023-12-07,4849,5276796,GGally
2023-12-08,4136,5280932,GGally
2023-12-09,2738,5283670,GGally
2023-12-10,3080,5286750,GGally
2023-12-11,4771,5291521,GGally
2023-12-12,4434,5295955,GGally
2023-12-13,4398,5300353,GGally
2023-12-14,4017,5304370,GGally
2023-12-15,3327,5307697,GGally
2023-12-16,2472,5310169,GGally
2023-12-17,2536,5312705,GGally
2023-12-18,3629,5316334,GGally
2023-12-19,3793,5320127,GGally
2023-12-20,3583,5323710,GGally
2023-12-21,3113,5326823,GGally
2023-12-22,2774,5329597,GGally
2023-12-23,1926,5331523,GGally
2023-12-24,1879,5333402,GGally
2023-12-25,1893,5335295,GGally
2023-12-26,2194,5337489,GGally
2023-12-27,2416,5339905,GGally
2023-12-28,2286,5342191,GGally
2023-12-29,2108,5344299,GGally
2023-12-30,1783,5346082,GGally
2023-12-31,1507,5347589,GGally
2024-01-01,1619,5349208,GGally
2024-01-02,2594,5351802,GGally
2024-01-03,3081,5354883,GGally
2024-01-04,3118,5358001,GGally
2024-01-05,2934,5360935,GGally
2024-01-06,2148,5363083,GGally
2024-01-07,2210,5365293,GGally
2024-01-08,3378,5368671,GGally
2024-01-09,3524,5372195,GGally
2024-01-10,3619,5375814,GGally
2024-01-11,3746,5379560,GGally
2024-01-12,3292,5382852,GGally
2024-01-13,2210,5385062,GGally
2024-01-14,2362,5387424,GGally
2024-01-15,3571,5390995,GGally
2024-01-16,4153,5395148,GGally
2024-01-17,4065,5399213,GGally
2024-01-18,3736,5402949,GGally
2024-01-19,4550,5407499,GGally
2024-01-20,2487,5409986,GGally
2024-01-21,3911,5413897,GGally
2024-01-22,3762,5417659,GGally
2024-01-23,4233,5421892,GGally
2024-01-24,4276,5426168,GGally
2024-01-25,4269,5430437,GGally
2024-01-26,3055,5433492,GGally
2024-01-27,2016,5435508,GGally
2024-01-28,2219,5437727,GGally
2024-01-29,3981,5441708,GGally
2024-01-30,4155,5445863,GGally
2024-01-31,3892,5449755,GGally
2024-02-01,3921,5453676,GGally
2024-02-02,3579,5457255,GGally
2024-02-03,2245,5459500,GGally
2024-02-04,2421,5461921,GGally
2024-02-05,3948,5465869,GGally
2024-02-06,3230,5469099,GGally
2024-02-07,3584,5472683,GGally
2024-02-08,3980,5476663,GGally
2024-02-09,3514,5480177,GGally
2024-02-10,2237,5482414,GGally
2024-02-11,2250,5484664,GGally
2024-02-12,3525,5488189,GGally
2024-02-13,3819,5492008,GGally
2024-02-14,5699,5497707,GGally
2024-02-15,5611,5503318,GGally
2024-02-16,4908,5508226,GGally
2024-02-17,2803,5511029,GGally
2024-02-18,2426,5513455,GGally
2024-02-19,4707,5518162,GGally
2024-02-20,4876,5523038,GGally
2024-02-21,5104,5528142,GGally
2024-02-22,4540,5532682,GGally
2024-02-23,3887,5536569,GGally
2024-02-24,2485,5539054,GGally
2024-02-25,2836,5541890,GGally
2024-02-26,5044,5546934,GGally
2024-02-27,4824,5551758,GGally
2024-02-28,5121,5556879,GGally
2024-02-29,4435,5561314,GGally
2024-03-01,4273,5565587,GGally
2024-03-02,2708,5568295,GGally
2024-03-03,2610,5570905,GGally
2024-03-04,4685,5575590,GGally
2024-03-05,4523,5580113,GGally
2024-03-06,4997,5585110,GGally
2024-03-07,4519,5589629,GGally
2024-03-08,4159,5593788,GGally
2024-03-09,2500,5596288,GGally
2024-03-10,2542,5598830,GGally
2024-03-11,4343,5603173,GGally
2024-03-12,4659,5607832,GGally
2024-03-13,4633,5612465,GGally
2024-03-14,4438,5616903,GGally
2024-03-15,3916,5620819,GGally
2024-03-16,2325,5623144,GGally
2024-03-17,2558,5625702,GGally
2024-03-18,4256,5629958,GGally
2024-03-19,4895,5634853,GGally
2024-03-20,4197,5639050,GGally
2024-03-21,4694,5643744,GGally
2024-03-22,4022,5647766,GGally
2024-03-23,2711,5650477,GGally
2024-03-24,2628,5653105,GGally
2024-03-25,4415,5657520,GGally
2024-03-26,4790,5662310,GGally
2024-03-27,4085,5666395,GGally
2024-03-28,3828,5670223,GGally
2024-03-29,2881,5673104,GGally
2024-03-30,1583,5674687,GGally
2024-03-31,2027,5676714,GGally
2024-04-01,3412,5680126,GGally
2024-04-02,4778,5684904,GGally
2024-04-03,3953,5688857,GGally
2024-04-04,4079,5692936,GGally
2024-04-05,3530,5696466,GGally
2024-04-06,2685,5699151,GGally
2024-04-07,2787,5701938,GGally
2024-04-08,4581,5706519,GGally
2024-04-09,4613,5711132,GGally
2024-04-10,4694,5715826,GGally
2024-04-11,4561,5720387,GGally
2024-04-12,3595,5723982,GGally
2024-04-13,2492,5726474,GGally
2024-04-14,2492,5728966,GGally
2024-04-15,4414,5733380,GGally
2024-04-16,4528,5737908,GGally
2024-04-17,4569,5742477,GGally
2024-04-18,4310,5746787,GGally
2024-04-19,3509,5750296,GGally
2024-04-20,2536,5752832,GGally
2024-04-21,2642,5755474,GGally
2024-04-22,4423,5759897,GGally
2024-04-23,4662,5764559,GGally
2024-04-24,4177,5768736,GGally
2024-04-25,4632,5773368,GGally
2024-04-26,3901,5777269,GGally
2024-04-27,2765,5780034,GGally
2024-04-28,2765,5782799,GGally
2024-04-29,3846,5786645,GGally
2024-04-30,4350,5790995,GGally
2024-05-01,4291,5795286,GGally
2024-05-02,4945,5800231,GGally
2024-05-03,3730,5803961,GGally
2024-05-04,1977,5805938,GGally
2024-05-05,1892,5807830,GGally
2024-05-06,3368,5811198,GGally
2024-05-07,3943,5815141,GGally
2024-05-08,3622,5818763,GGally
2024-05-09,3079,5821842,GGally
2024-05-10,2960,5824802,GGally
2024-05-11,1689,5826491,GGally
2024-05-12,1505,5827996,GGally
2024-05-13,3344,5831340,GGally
2024-05-14,3503,5834843,GGally
2024-05-15,3850,5838693,GGally
2024-05-16,3282,5841975,GGally
2024-05-17,3233,5845208,GGally
2024-05-18,1861,5847069,GGally
2024-05-19,1702,5848771,GGally
2024-05-20,2919,5851690,GGally
2024-05-21,3467,5855157,GGally
2024-05-22,3580,5858737,GGally
2024-05-23,3296,5862033,GGally
2024-05-24,2835,5864868,GGally
2024-05-25,1710,5866578,GGally
2024-05-26,1691,5868269,GGally
2024-05-27,3090,5871359,GGally
2024-05-28,3124,5874483,GGally
2024-05-29,3365,5877848,GGally
2024-05-30,3221,5881069,GGally
2024-05-31,2965,5884034,GGally
2024-06-01,1837,5885871,GGally
2024-06-02,1990,5887861,GGally
2024-06-03,3495,5891356,GGally
2024-06-04,3606,5894962,GGally
2024-06-05,3351,5898313,GGally
2024-06-06,3041,5901354,GGally
2024-06-07,2726,5904080,GGally
2024-06-08,1566,5905646,GGally
2024-06-09,1743,5907389,GGally
2024-06-10,2814,5910203,GGally
2024-06-11,3236,5913439,GGally
2024-06-12,3229,5916668,GGally
2024-06-13,2908,5919576,GGally
2024-06-14,2678,5922254,GGally
2024-06-15,1596,5923850,GGally
2024-06-16,1610,5925460,GGally
2024-06-17,2889,5928349,GGally
2024-06-18,3005,5931354,GGally
2024-06-19,2964,5934318,GGally
2024-06-20,2793,5937111,GGally
2024-06-21,2542,5939653,GGally
2024-06-22,1422,5941075,GGally
2024-06-23,1430,5942505,GGally
2024-06-24,3279,5945784,GGally
2024-06-25,2852,5948636,GGally
2024-06-26,2927,5951563,GGally
2024-06-27,2858,5954421,GGally
2024-06-28,2333,5956754,GGally
2024-06-29,1278,5958032,GGally
2024-06-30,1401,5959433,GGally
2024-07-01,2543,5961976,GGally
2024-07-02,2511,5964487,GGally
2024-07-03,2873,5967360,GGally
2024-07-04,2415,5969775,GGally
2024-07-05,2097,5971872,GGally
2024-07-06,1223,5973095,GGally
2024-07-07,1434,5974529,GGally
2024-07-08,2641,5977170,GGally
2024-07-09,2984,5980154,GGally
2024-07-10,2523,5982677,GGally
2024-07-11,2442,5985119,GGally
2024-07-12,2342,5987461,GGally
2024-07-13,1319,5988780,GGally
2024-07-14,1408,5990188,GGally
2024-07-15,2390,5992578,GGally
2024-07-16,2704,5995282,GGally
2024-07-17,2307,5997589,GGally
2024-07-18,2406,5999995,GGally
2024-07-19,2136,6002131,GGally
2024-07-20,1367,6003498,GGally
2024-07-21,1439,6004937,GGally
2024-07-22,2519,6007456,GGally
2024-07-23,2502,6009958,GGally
2024-07-24,2823,6012781,GGally
2024-07-25,6858,6019639,GGally
2024-07-26,10576,6030215,GGally
2024-07-27,5715,6035930,GGally
2024-07-28,1470,6037400,GGally
2024-07-29,2372,6039772,GGally
2024-07-30,2516,6042288,GGally
2024-07-31,2640,6044928,GGally
2024-08-01,2944,6047872,GGally
2024-08-02,2364,6050236,GGally
2024-08-03,1529,6051765,GGally
2024-08-04,1445,6053210,GGally
2024-08-05,2363,6055573,GGally
2024-08-06,2710,6058283,GGally
2024-08-07,2686,6060969,GGally
2024-08-08,2573,6063542,GGally
2024-08-09,2127,6065669,GGally
2024-08-10,1625,6067294,GGally
2024-08-11,1359,6068653,GGally
2024-08-12,2418,6071071,GGally
2024-08-13,2523,6073594,GGally
2024-08-14,2455,6076049,GGally
2024-08-15,2490,6078539,GGally
2024-08-16,2295,6080834,GGally
2024-08-17,1221,6082055,GGally
2024-08-18,1392,6083447,GGally
2024-08-19,2629,6086076,GGally
2024-08-20,2815,6088891,GGally
2024-08-21,3195,6092086,GGally
2024-08-22,2976,6095062,GGally
2024-08-23,2230,6097292,GGally
2024-08-24,1384,6098676,GGally
2024-08-25,1531,6100207,GGally
2024-08-26,2975,6103182,GGally
2024-08-27,3082,6106264,GGally
2024-08-28,2997,6109261,GGally
2024-08-29,3041,6112302,GGally
2024-08-30,2536,6114838,GGally
2024-08-31,1340,6116178,GGally
2024-09-01,1373,6117551,GGally
2024-09-02,2585,6120136,GGally
2024-09-03,3140,6123276,GGally
2024-09-04,3425,6126701,GGally
2024-09-05,3439,6130140,GGally
2024-09-06,2972,6133112,GGally
2024-09-07,1553,6134665,GGally
2024-09-08,1999,6136664,GGally
2024-09-09,3830,6140494,GGally
2024-09-10,4269,6144763,GGally
2024-09-11,3935,6148698,GGally
2024-09-12,3612,6152310,GGally
2024-09-13,3004,6155314,GGally
2024-09-14,1857,6157171,GGally
2024-09-15,1592,6158763,GGally
2024-09-16,3158,6161921,GGally
2024-09-17,3336,6165257,GGally
2024-09-18,3751,6169008,GGally
2024-09-19,3992,6173000,GGally
2024-09-20,3123,6176123,GGally
2024-09-21,1846,6177969,GGally
2024-09-22,1732,6179701,GGally
2024-09-23,3214,6182915,GGally
2024-09-24,3600,6186515,GGally
2024-09-25,3493,6190008,GGally
2024-09-26,3382,6193390,GGally
2024-09-27,3124,6196514,GGally
2024-09-28,1908,6198422,GGally
2024-09-29,1812,6200234,GGally
2024-09-30,3555,6203789,GGally
2024-10-01,3711,6207500,GGally
2024-10-02,3914,6211414,GGally
2024-10-03,3880,6215294,GGally
2024-10-04,3014,6218308,GGally
2024-10-05,1851,6220159,GGally
2024-10-06,1935,6222094,GGally
2024-10-07,3828,6225922,GGally
2024-10-08,3855,6229777,GGally
2024-10-09,3659,6233436,GGally
2024-10-10,3606,6237042,GGally
2024-10-11,3034,6240076,GGally
2024-10-12,1875,6241951,GGally
2024-10-13,1795,6243746,GGally
2024-10-14,3529,6247275,GGally
2024-10-15,3701,6250976,GGally
2024-10-16,4086,6255062,GGally
2024-10-17,3870,6258932,GGally
2024-10-18,3378,6262310,GGally
2024-10-19,1945,6264255,GGally
2024-10-20,1846,6266101,GGally
2024-10-21,3712,6269813,GGally
2024-10-22,4096,6273909,GGally
2024-10-23,4506,6278415,GGally
2024-10-24,3858,6282273,GGally
2024-10-25,3188,6285461,GGally
2024-10-26,1768,6287229,GGally
2024-10-27,1970,6289199,GGally
2024-10-28,3496,6292695,GGally
2024-10-29,4354,6297049,GGally
2024-10-30,3877,6300926,GGally
2024-10-31,3629,6304555,GGally
2024-11-01,2736,6307291,GGally
2024-11-02,1532,6308823,GGally
2024-11-03,3298,6312121,GGally
2024-11-04,3972,6316093,GGally
2024-11-05,3837,6319930,GGally
2024-11-06,4391,6324321,GGally
2024-11-07,4062,6328383,GGally
2024-11-08,3197,6331580,GGally
2024-11-09,1936,6333516,GGally
2024-11-10,1955,6335471,GGally
2024-11-11,3791,6339262,GGally
2024-11-12,4153,6343415,GGally
2024-11-13,4182,6347597,GGally
2024-11-14,4327,6351924,GGally
2024-11-15,3530,6355454,GGally
2024-11-16,2041,6357495,GGally
2024-11-17,2206,6359701,GGally
2024-11-18,3932,6363633,GGally
2024-11-19,4483,6368116,GGally
2024-11-20,4251,6372367,GGally
2024-11-21,4859,6377226,GGally
2024-11-22,3931,6381157,GGally
2024-11-23,2227,6383384,GGally
2024-11-24,2076,6385460,GGally
2024-11-25,3464,6388924,GGally
2024-11-26,3868,6392792,GGally
2024-11-27,3928,6396720,GGally
2024-11-28,3231,6399951,GGally
2024-11-29,3117,6403068,GGally
2024-11-30,1732,6404800,GGally
2024-12-01,2084,6406884,GGally
2024-12-02,3954,6410838,GGally
2024-12-03,3775,6414613,GGally
2024-12-04,3860,6418473,GGally
2024-12-05,3669,6422142,GGally
2024-12-06,3170,6425312,GGally
2024-12-07,1988,6427300,GGally
2024-12-08,2012,6429312,GGally
2024-12-09,3426,6432738,GGally
2024-12-10,3478,6436216,GGally
2024-12-11,3288,6439504,GGally
2024-12-12,2932,6442436,GGally
2024-12-13,2741,6445177,GGally
2024-12-14,1444,6446621,GGally
2024-12-15,1533,6448154,GGally
2024-12-16,2443,6450597,GGally
2024-12-17,2576,6453173,GGally
2024-12-18,2717,6455890,GGally
2024-12-19,2426,6458316,GGally
2024-12-20,1808,6460124,GGally
2024-12-21,1157,6461281,GGally
2024-12-22,1269,6462550,GGally
2024-12-23,1586,6464136,GGally
2024-12-24,1167,6465303,GGally
2024-12-25,1043,6466346,GGally
2024-12-26,1248,6467594,GGally
2024-12-27,1231,6468825,GGally
2024-12-28,983,6469808,GGally
2024-12-29,1060,6470868,GGally
2024-12-30,1506,6472374,GGally
2024-12-31,1298,6473672,GGally
2025-01-01,1002,6474674,GGally
2025-01-02,1519,6476193,GGally
2025-01-03,1787,6477980,GGally
2025-01-04,1137,6479117,GGally
2025-01-05,1106,6480223,GGally
2025-01-06,1924,6482147,GGally
2025-01-07,2126,6484273,GGally
2025-01-08,2337,6486610,GGally
2025-01-09,2382,6488992,GGally
2025-01-10,2074,6491066,GGally
2025-01-11,1233,6492299,GGally
2025-01-12,1302,6493601,GGally
2025-01-13,2773,6496374,GGally
2025-01-14,2663,6499037,GGally
2025-01-15,2474,6501511,GGally
2025-01-16,2622,6504133,GGally
2025-01-17,2502,6506635,GGally
2025-01-18,1293,6507928,GGally
2025-01-19,1487,6509415,GGally
2025-01-20,2549,6511964,GGally
2025-01-21,2785,6514749,GGally
2025-01-22,2941,6517690,GGally
2025-01-23,2808,6520498,GGally
2025-01-24,2384,6522882,GGally
2025-01-25,1368,6524250,GGally
2025-01-26,1306,6525556,GGally
2025-01-27,2542,6528098,GGally
2025-01-28,2731,6530829,GGally
2025-01-29,2989,6533818,GGally
2025-01-30,3137,6536955,GGally
2025-01-31,2455,6539410,GGally
2025-02-01,1371,6540781,GGally
2025-02-02,1486,6542267,GGally
2025-02-03,2769,6545036,GGally
2025-02-04,3307,6548343,GGally
2025-02-05,3614,6551957,GGally
2025-02-06,3478,6555435,GGally
2025-02-07,3182,6558617,GGally
2025-02-08,1578,6560195,GGally
2025-02-09,1557,6561752,GGally
2025-02-10,3101,6564853,GGally
2025-02-11,3569,6568422,GGally
2025-02-12,3262,6571684,GGally
2025-02-13,3593,6575277,GGally
2025-02-14,2798,6578075,GGally
2025-02-15,1570,6579645,GGally
2025-02-16,1815,6581460,GGally
2025-02-17,3036,6584496,GGally
2025-02-18,4001,6588497,GGally
2025-02-19,3697,6592194,GGally
2025-02-20,3600,6595794,GGally
2025-02-21,2984,6598778,GGally
2025-02-22,1682,6600460,GGally
2025-02-23,1816,6602276,GGally
2025-02-24,3620,6605896,GGally
2025-02-25,3809,6609705,GGally
2025-02-26,3748,6613453,GGally
2025-02-27,3814,6617267,GGally
2025-02-28,2965,6620232,GGally
2025-03-01,1603,6621835,GGally
2025-03-02,2114,6623949,GGally
2025-03-03,3729,6627678,GGally
2025-03-04,4242,6631920,GGally
2025-03-05,3676,6635596,GGally
2025-03-06,4256,6639852,GGally
2025-03-07,3202,6643054,GGally
2025-03-08,1734,6644788,GGally
2025-03-09,1696,6646484,GGally
2025-03-10,3502,6649986,GGally
2025-03-11,3937,6653923,GGally
2025-03-12,4115,6658038,GGally
2025-03-13,4034,6662072,GGally
2025-03-14,3292,6665364,GGally
2025-03-15,1840,6667204,GGally
2025-03-16,1960,6669164,GGally
2025-03-17,3289,6672453,GGally
2025-03-18,3932,6676385,GGally
2025-03-19,4204,6680589,GGally
2025-03-20,3828,6684417,GGally
2025-03-21,3450,6687867,GGally
2025-03-22,2032,6689899,GGally
2025-03-23,1885,6691784,GGally
2025-03-24,3737,6695521,GGally
2025-03-25,4684,6700205,GGally
2025-03-26,4329,6704534,GGally
2025-03-27,4055,6708589,GGally
2025-03-28,3271,6711860,GGally
2025-03-29,1650,6713510,GGally
2025-03-30,1643,6715153,GGally
2012-10-01,0,0,GGally
2012-10-02,0,0,GGally
2012-10-03,0,0,GGally
2012-10-04,0,0,GGally
2012-10-05,9,9,GGally
2012-10-06,9,18,GGally
2012-10-07,0,18,GGally
2012-10-08,0,18,GGally
2012-10-09,0,18,GGally
2012-10-10,1,19,GGally
2012-10-11,0,19,GGally
2012-10-12,0,19,GGally
2012-10-13,0,19,GGally
2012-10-14,0,19,GGally
2012-10-15,0,19,GGally
2012-10-16,0,19,GGally
2012-10-17,4,23,GGally
2012-10-18,6,29,GGally
2012-10-19,0,29,GGally
2012-10-20,0,29,GGally
2012-10-21,0,29,GGally
2012-10-22,0,29,GGally
2012-10-23,0,29,GGally
2012-10-24,0,29,GGally
2012-10-25,0,29,GGally
2012-10-26,0,29,GGally
2012-10-27,0,29,GGally
2012-10-28,0,29,GGally
2012-10-29,9,38,GGally
2012-10-30,0,38,GGally
2012-10-31,1,39,GGally
2012-11-01,4,43,GGally
2012-11-02,1,44,GGally
2012-11-03,3,47,GGally
2012-11-04,5,52,GGally
2012-11-05,6,58,GGally
2012-11-06,2,60,GGally
2012-11-07,1,61,GGally
2012-11-08,2,63,GGally
2012-11-09,3,66,GGally
2012-11-10,2,68,GGally
2012-11-11,1,69,GGally
2012-11-12,4,73,GGally
2012-11-13,3,76,GGally
2012-11-14,3,79,GGally
2012-11-15,8,87,GGally
2012-11-16,2,89,GGally
2012-11-17,0,89,GGally
2012-11-18,1,90,GGally
2012-11-19,5,95,GGally
2012-11-20,5,100,GGally
2012-11-21,10,110,GGally
2012-11-22,5,115,GGally
2012-11-23,6,121,GGally
2012-11-24,2,123,GGally
2012-11-25,3,126,GGally
2012-11-26,2,128,GGally
2012-11-27,3,131,GGally
2012-11-28,3,134,GGally
2012-11-29,6,140,GGally
2012-11-30,3,143,GGally
2012-12-01,5,148,GGally
2012-12-02,5,153,GGally
2012-12-03,5,158,GGally
2012-12-04,8,166,GGally
2012-12-05,7,173,GGally
2012-12-06,3,176,GGally
2012-12-07,5,181,GGally
2012-12-08,6,187,GGally
2012-12-09,5,192,GGally
2012-12-10,8,200,GGally
2012-12-11,9,209,GGally
2012-12-12,18,227,GGally
2012-12-13,15,242,GGally
2012-12-14,10,252,GGally
2012-12-15,2,254,GGally
2012-12-16,4,258,GGally
2012-12-17,6,264,GGally
2012-12-18,3,267,GGally
2012-12-19,6,273,GGally
2012-12-20,13,286,GGally
2012-12-21,15,301,GGally
2012-12-22,3,304,GGally
2012-12-23,2,306,GGally
2012-12-24,2,308,GGally
2012-12-25,3,311,GGally
2012-12-26,19,330,GGally
2012-12-27,5,335,GGally
2012-12-28,2,337,GGally
2012-12-29,0,337,GGally
2012-12-30,0,337,GGally
2012-12-31,0,337,GGally
2013-01-01,2,339,GGally
2013-01-02,9,348,GGally
2013-01-03,8,356,GGally
2013-01-04,4,360,GGally
2013-01-05,8,368,GGally
2013-01-06,2,370,GGally
2013-01-07,10,380,GGally
2013-01-08,7,387,GGally
2013-01-09,15,402,GGally
2013-01-10,11,413,GGally
2013-01-11,16,429,GGally
2013-01-12,6,435,GGally
2013-01-13,5,440,GGally
2013-01-14,5,445,GGally
2013-01-15,10,455,GGally
2013-01-16,11,466,GGally
2013-01-17,8,474,GGally
2013-01-18,10,484,GGally
2013-01-19,9,493,GGally
2013-01-20,9,502,GGally
2013-01-21,11,513,GGally
2013-01-22,13,526,GGally
2013-01-23,15,541,GGally
2013-01-24,16,557,GGally
2013-01-25,22,579,GGally
2013-01-26,10,589,GGally
2013-01-27,7,596,GGally
2013-01-28,14,610,GGally
2013-01-29,18,628,GGally
2013-01-30,10,638,GGally
2013-01-31,19,657,GGally
2013-02-01,17,674,GGally
2013-02-02,8,682,GGally
2013-02-03,9,691,GGally
2013-02-04,15,706,GGally
2013-02-05,23,729,GGally
2013-02-06,8,737,GGally
2013-02-07,23,760,GGally
2013-02-08,10,770,GGally
2013-02-09,10,780,GGally
2013-02-10,15,795,GGally
2013-02-11,24,819,GGally
2013-02-12,18,837,GGally
2013-02-13,19,856,GGally
2013-02-14,18,874,GGally
2013-02-15,24,898,GGally
2013-02-16,12,910,GGally
2013-02-17,15,925,GGally
2013-02-18,13,938,GGally
2013-02-19,24,962,GGally
2013-02-20,16,978,GGally
2013-02-21,18,996,GGally
2013-02-22,19,1015,GGally
2013-02-23,18,1033,GGally
2013-02-24,11,1044,GGally
2013-02-25,26,1070,GGally
2013-02-26,62,1132,GGally
2013-02-27,23,1155,GGally
2013-02-28,20,1175,GGally
2013-03-01,13,1188,GGally
2013-03-02,15,1203,GGally
2013-03-03,9,1212,GGally
2013-03-04,23,1235,GGally
2013-03-05,14,1249,GGally
2013-03-06,24,1273,GGally
2013-03-07,13,1286,GGally
2013-03-08,15,1301,GGally
2013-03-09,9,1310,GGally
2013-03-10,6,1316,GGally
2013-03-11,34,1350,GGally
2013-03-12,35,1385,GGally
2013-03-13,14,1399,GGally
2013-03-14,14,1413,GGally
2013-03-15,25,1438,GGally
2013-03-16,9,1447,GGally
2013-03-17,17,1464,GGally
2013-03-18,16,1480,GGally
2013-03-19,22,1502,GGally
2013-03-20,17,1519,GGally
2013-03-21,15,1534,GGally
2013-03-22,11,1545,GGally
2013-03-23,8,1553,GGally
2013-03-24,9,1562,GGally
2013-03-25,7,1569,GGally
2013-03-26,22,1591,GGally
2013-03-27,23,1614,GGally
2013-03-28,23,1637,GGally
2013-03-29,19,1656,GGally
2013-03-30,6,1662,GGally
2013-03-31,5,1667,GGally
2013-04-01,13,1680,GGally
2013-04-02,38,1718,GGally
2013-04-03,22,1740,GGally
2013-04-04,33,1773,GGally
2013-04-05,20,1793,GGally
2013-04-06,20,1813,GGally
2013-04-07,14,1827,GGally
2013-04-08,13,1840,GGally
2013-04-09,19,1859,GGally
2013-04-10,19,1878,GGally
2013-04-11,25,1903,GGally
2013-04-12,27,1930,GGally
2013-04-13,16,1946,GGally
2013-04-14,15,1961,GGally
2013-04-15,52,2013,GGally
2013-04-16,22,2035,GGally
2013-04-17,26,2061,GGally
2013-04-18,20,2081,GGally
2013-04-19,22,2103,GGally
2013-04-20,13,2116,GGally
2013-04-21,10,2126,GGally
2013-04-22,22,2148,GGally
2013-04-23,19,2167,GGally
2013-04-24,22,2189,GGally
2013-04-25,30,2219,GGally
2013-04-26,14,2233,GGally
2013-04-27,9,2242,GGally
2013-04-28,12,2254,GGally
2013-04-29,15,2269,GGally
2013-04-30,17,2286,GGally
2013-05-01,14,2300,GGally
2013-05-02,22,2322,GGally
2013-05-03,18,2340,GGally
2013-05-04,19,2359,GGally
2013-05-05,10,2369,GGally
2013-05-06,19,2388,GGally
2013-05-07,20,2408,GGally
2013-05-08,15,2423,GGally
2013-05-09,12,2435,GGally
2013-05-10,18,2453,GGally
2013-05-11,5,2458,GGally
2013-05-12,9,2467,GGally
2013-05-13,28,2495,GGally
2013-05-14,41,2536,GGally
2013-05-15,25,2561,GGally
2013-05-16,18,2579,GGally
2013-05-17,14,2593,GGally
2013-05-18,5,2598,GGally
2013-05-19,11,2609,GGally
2013-05-20,17,2626,GGally
2013-05-21,28,2654,GGally
2013-05-22,16,2670,GGally
2013-05-23,37,2707,GGally
2013-05-24,20,2727,GGally
2013-05-25,9,2736,GGally
2013-05-26,5,2741,GGally
2013-05-27,16,2757,GGally
2013-05-28,21,2778,GGally
2013-05-29,30,2808,GGally
2013-05-30,30,2838,GGally
2013-05-31,12,2850,GGally
2013-06-01,4,2854,GGally
2013-06-02,9,2863,GGally
2013-06-03,19,2882,GGally
2013-06-04,16,2898,GGally
2013-06-05,19,2917,GGally
2013-06-06,11,2928,GGally
2013-06-07,24,2952,GGally
2013-06-08,13,2965,GGally
2013-06-09,10,2975,GGally
2013-06-10,25,3000,GGally
2013-06-11,12,3012,GGally
2013-06-12,14,3026,GGally
2013-06-13,22,3048,GGally
2013-06-14,16,3064,GGally
2013-06-15,9,3073,GGally
2013-06-16,4,3077,GGally
2013-06-17,20,3097,GGally
2013-06-18,21,3118,GGally
2013-06-19,15,3133,GGally
2013-06-20,25,3158,GGally
2013-06-21,22,3180,GGally
2013-06-22,8,3188,GGally
2013-06-23,9,3197,GGally
2013-06-24,29,3226,GGally
2013-06-25,26,3252,GGally
2013-06-26,17,3269,GGally
2013-06-27,21,3290,GGally
2013-06-28,27,3317,GGally
2013-06-29,13,3330,GGally
2013-06-30,11,3341,GGally
2013-07-01,18,3359,GGally
2013-07-02,27,3386,GGally
2013-07-03,13,3399,GGally
2013-07-04,10,3409,GGally
2013-07-05,16,3425,GGally
2013-07-06,9,3434,GGally
2013-07-07,11,3445,GGally
2013-07-08,18,3463,GGally
2013-07-09,27,3490,GGally
2013-07-10,32,3522,GGally
2013-07-11,18,3540,GGally
2013-07-12,19,3559,GGally
2013-07-13,9,3568,GGally
2013-07-14,10,3578,GGally
2013-07-15,10,3588,GGally
2013-07-16,47,3635,GGally
2013-07-17,20,3655,GGally
2013-07-18,29,3684,GGally
2013-07-19,28,3712,GGally
2013-07-20,29,3741,GGally
2013-07-21,17,3758,GGally
2013-07-22,37,3795,GGally
2013-07-23,53,3848,GGally
2013-07-24,27,3875,GGally
2013-07-25,37,3912,GGally
2013-07-26,23,3935,GGally
2013-07-27,20,3955,GGally
2013-07-28,14,3969,GGally
2013-07-29,29,3998,GGally
2013-07-30,45,4043,GGally
2013-07-31,38,4081,GGally
2013-08-01,17,4098,GGally
2013-08-02,26,4124,GGally
2013-08-03,8,4132,GGally
2013-08-04,15,4147,GGally
2013-08-05,29,4176,GGally
2013-08-06,29,4205,GGally
2013-08-07,33,4238,GGally
2013-08-08,39,4277,GGally
2013-08-09,23,4300,GGally
2013-08-10,8,4308,GGally
2013-08-11,6,4314,GGally
2013-08-12,39,4353,GGally
2013-08-13,58,4411,GGally
2013-08-14,35,4446,GGally
2013-08-15,18,4464,GGally
2013-08-16,36,4500,GGally
2013-08-17,10,4510,GGally
2013-08-18,14,4524,GGally
2013-08-19,20,4544,GGally
2013-08-20,31,4575,GGally
2013-08-21,17,4592,GGally
2013-08-22,23,4615,GGally
2013-08-23,21,4636,GGally
2013-08-24,11,4647,GGally
2013-08-25,15,4662,GGally
2013-08-26,29,4691,GGally
2013-08-27,35,4726,GGally
2013-08-28,31,4757,GGally
2013-08-29,33,4790,GGally
2013-08-30,19,4809,GGally
2013-08-31,7,4816,GGally
2013-09-01,21,4837,GGally
2013-09-02,40,4877,GGally
2013-09-03,27,4904,GGally
2013-09-04,30,4934,GGally
2013-09-05,27,4961,GGally
2013-09-06,20,4981,GGally
2013-09-07,14,4995,GGally
2013-09-08,13,5008,GGally
2013-09-09,32,5040,GGally
2013-09-10,39,5079,GGally
2013-09-11,46,5125,GGally
2013-09-12,27,5152,GGally
2013-09-13,30,5182,GGally
2013-09-14,12,5194,GGally
2013-09-15,13,5207,GGally
2013-09-16,31,5238,GGally
2013-09-17,30,5268,GGally
2013-09-18,20,5288,GGally
2013-09-19,19,5307,GGally
2013-09-20,29,5336,GGally
2013-09-21,21,5357,GGally
2013-09-22,14,5371,GGally
2013-09-23,43,5414,GGally
2013-09-24,91,5505,GGally
2013-09-25,27,5532,GGally
2013-09-26,30,5562,GGally
2013-09-27,39,5601,GGally
2013-09-28,18,5619,GGally
2013-09-29,16,5635,GGally
2013-09-30,36,5671,GGally
2013-10-01,34,5705,GGally
2013-10-02,21,5726,GGally
2013-10-03,39,5765,GGally
2013-10-04,29,5794,GGally
2013-10-05,20,5814,GGally
2013-10-06,11,5825,GGally
2013-10-07,31,5856,GGally
2013-10-08,33,5889,GGally
2013-10-09,28,5917,GGally
2013-10-10,32,5949,GGally
2013-10-11,65,6014,GGally
2013-10-12,17,6031,GGally
2013-10-13,24,6055,GGally
2013-10-14,27,6082,GGally
2013-10-15,48,6130,GGally
2013-10-16,43,6173,GGally
2013-10-17,46,6219,GGally
2013-10-18,37,6256,GGally
2013-10-19,19,6275,GGally
2013-10-20,22,6297,GGally
2013-10-21,42,6339,GGally
2013-10-22,52,6391,GGally
2013-10-23,49,6440,GGally
2013-10-24,62,6502,GGally
2013-10-25,36,6538,GGally
2013-10-26,19,6557,GGally
2013-10-27,18,6575,GGally
2013-10-28,28,6603,GGally
2013-10-29,50,6653,GGally
2013-10-30,25,6678,GGally
2013-10-31,45,6723,GGally
2013-11-01,22,6745,GGally
2013-11-02,18,6763,GGally
2013-11-03,23,6786,GGally
2013-11-04,24,6810,GGally
2013-11-05,37,6847,GGally
2013-11-06,36,6883,GGally
2013-11-07,64,6947,GGally
2013-11-08,33,6980,GGally
2013-11-09,17,6997,GGally
2013-11-10,32,7029,GGally
2013-11-11,29,7058,GGally
2013-11-12,38,7096,GGally
2013-11-13,33,7129,GGally
2013-11-14,59,7188,GGally
2013-11-15,75,7263,GGally
2013-11-16,20,7283,GGally
2013-11-17,18,7301,GGally
2013-11-18,47,7348,GGally
2013-11-19,53,7401,GGally
2013-11-20,32,7433,GGally
2013-11-21,34,7467,GGally
2013-11-22,60,7527,GGally
2013-11-23,19,7546,GGally
2013-11-24,18,7564,GGally
2013-11-25,36,7600,GGally
2013-11-26,33,7633,GGally
2013-11-27,28,7661,GGally
2013-11-28,24,7685,GGally
2013-11-29,22,7707,GGally
2013-11-30,18,7725,GGally
2013-12-01,22,7747,GGally
2013-12-02,48,7795,GGally
2013-12-03,39,7834,GGally
2013-12-04,61,7895,GGally
2013-12-05,24,7919,GGally
2013-12-06,22,7941,GGally
2013-12-07,23,7964,GGally
2013-12-08,20,7984,GGally
2013-12-09,35,8019,GGally
2013-12-10,40,8059,GGally
2013-12-11,49,8108,GGally
2013-12-12,29,8137,GGally
2013-12-13,44,8181,GGally
2013-12-14,20,8201,GGally
2013-12-15,19,8220,GGally
2013-12-16,14,8234,GGally
2013-12-17,31,8265,GGally
2013-12-18,27,8292,GGally
2013-12-19,27,8319,GGally
2013-12-20,25,8344,GGally
2013-12-21,12,8356,GGally
2013-12-22,23,8379,GGally
2013-12-23,30,8409,GGally
2013-12-24,12,8421,GGally
2013-12-25,3,8424,GGally
2013-12-26,16,8440,GGally
2013-12-27,15,8455,GGally
2013-12-28,20,8475,GGally
2013-12-29,12,8487,GGally
2013-12-30,17,8504,GGally
2013-12-31,21,8525,GGally
2014-01-01,10,8535,GGally
2014-01-02,21,8556,GGally
2014-01-03,21,8577,GGally
2014-01-04,42,8619,GGally
2014-01-05,53,8672,GGally
2014-01-06,65,8737,GGally
2014-01-07,95,8832,GGally
2014-01-08,64,8896,GGally
2014-01-09,86,8982,GGally
2014-01-10,52,9034,GGally
2014-01-11,29,9063,GGally
2014-01-12,35,9098,GGally
2014-01-13,51,9149,GGally
2014-01-14,99,9248,GGally
2014-01-15,69,9317,GGally
2014-01-16,66,9383,GGally
2014-01-17,44,9427,GGally
2014-01-18,35,9462,GGally
2014-01-19,33,9495,GGally
2014-01-20,51,9546,GGally
2014-01-21,67,9613,GGally
2014-01-22,54,9667,GGally
2014-01-23,52,9719,GGally
2014-01-24,40,9759,GGally
2014-01-25,44,9803,GGally
2014-01-26,46,9849,GGally
2014-01-27,66,9915,GGally
2014-01-28,67,9982,GGally
2014-01-29,69,10051,GGally
2014-01-30,113,10164,GGally
2014-01-31,43,10207,GGally
2014-02-01,22,10229,GGally
2014-02-02,30,10259,GGally
2014-02-03,68,10327,GGally
2014-02-04,86,10413,GGally
2014-02-05,68,10481,GGally
2014-02-06,73,10554,GGally
2014-02-07,40,10594,GGally
2014-02-08,39,10633,GGally
2014-02-09,47,10680,GGally
2014-02-10,45,10725,GGally
2014-02-11,69,10794,GGally
2014-02-12,55,10849,GGally
2014-02-13,110,10959,GGally
2014-02-14,78,11037,GGally
2014-02-15,28,11065,GGally
2014-02-16,29,11094,GGally
2014-02-17,55,11149,GGally
2014-02-18,52,11201,GGally
2014-02-19,64,11265,GGally
2014-02-20,59,11324,GGally
2014-02-21,58,11382,GGally
2014-02-22,33,11415,GGally
2014-02-23,51,11466,GGally
2014-02-24,53,11519,GGally
2014-02-25,59,11578,GGally
2014-02-26,114,11692,GGally
2014-02-27,115,11807,GGally
2014-02-28,56,11863,GGally
2014-03-01,27,11890,GGally
2014-03-02,28,11918,GGally
2014-03-03,99,12017,GGally
2014-03-04,105,12122,GGally
2014-03-05,71,12193,GGally
2014-03-06,69,12262,GGally
2014-03-07,67,12329,GGally
2014-03-08,36,12365,GGally
2014-03-09,21,12386,GGally
2014-03-10,78,12464,GGally
2014-03-11,58,12522,GGally
2014-03-12,57,12579,GGally
2014-03-13,46,12625,GGally
2014-03-14,41,12666,GGally
2014-03-15,21,12687,GGally
2014-03-16,17,12704,GGally
2014-03-17,91,12795,GGally
2014-03-18,49,12844,GGally
2014-03-19,58,12902,GGally
2014-03-20,48,12950,GGally
2014-03-21,80,13030,GGally
2014-03-22,34,13064,GGally
2014-03-23,35,13099,GGally
2014-03-24,57,13156,GGally
2014-03-25,82,13238,GGally
2014-03-26,47,13285,GGally
2014-03-27,70,13355,GGally
2014-03-28,71,13426,GGally
2014-03-29,33,13459,GGally
2014-03-30,46,13505,GGally
2014-03-31,58,13563,GGally
2014-04-01,51,13614,GGally
2014-04-02,55,13669,GGally
2014-04-03,62,13731,GGally
2014-04-04,48,13779,GGally
2014-04-05,29,13808,GGally
2014-04-06,48,13856,GGally
2014-04-07,63,13919,GGally
2014-04-08,66,13985,GGally
2014-04-09,94,14079,GGally
2014-04-10,72,14151,GGally
2014-04-11,63,14214,GGally
2014-04-12,58,14272,GGally
2014-04-13,48,14320,GGally
2014-04-14,114,14434,GGally
2014-04-15,105,14539,GGally
2014-04-16,68,14607,GGally
2014-04-17,54,14661,GGally
2014-04-18,71,14732,GGally
2014-04-19,46,14778,GGally
2014-04-20,38,14816,GGally
2014-04-21,68,14884,GGally
2014-04-22,107,14991,GGally
2014-04-23,74,15065,GGally
2014-04-24,70,15135,GGally
2014-04-25,58,15193,GGally
2014-04-26,39,15232,GGally
2014-04-27,50,15282,GGally
2014-04-28,65,15347,GGally
2014-04-29,66,15413,GGally
2014-04-30,54,15467,GGally
2014-05-01,89,15556,GGally
2014-05-02,68,15624,GGally
2014-05-03,48,15672,GGally
2014-05-04,29,15701,GGally
2014-05-05,57,15758,GGally
2014-05-06,70,15828,GGally
2014-05-07,59,15887,GGally
2014-05-08,67,15954,GGally
2014-05-09,56,16010,GGally
2014-05-10,34,16044,GGally
2014-05-11,42,16086,GGally
2014-05-12,66,16152,GGally
2014-05-13,61,16213,GGally
2014-05-14,59,16272,GGally
2014-05-15,61,16333,GGally
2014-05-16,4,16337,GGally
2014-05-17,10,16347,GGally
2014-05-18,32,16379,GGally
2014-05-19,58,16437,GGally
2014-05-20,118,16555,GGally
2014-05-21,35,16590,GGally
2014-05-22,177,16767,GGally
2014-05-23,134,16901,GGally
2014-05-24,54,16955,GGally
2014-05-25,50,17005,GGally
2014-05-26,91,17096,GGally
2014-05-27,167,17263,GGally
2014-05-28,123,17386,GGally
2014-05-29,161,17547,GGally
2014-05-30,75,17622,GGally
2014-05-31,63,17685,GGally
2014-06-01,47,17732,GGally
2014-06-02,97,17829,GGally
2014-06-03,91,17920,GGally
2014-06-04,113,18033,GGally
2014-06-05,120,18153,GGally
2014-06-06,88,18241,GGally
2014-06-07,35,18276,GGally
2014-06-08,46,18322,GGally
2014-06-09,94,18416,GGally
2014-06-10,76,18492,GGally
2014-06-11,103,18595,GGally
2014-06-12,93,18688,GGally
2014-06-13,72,18760,GGally
2014-06-14,37,18797,GGally
2014-06-15,43,18840,GGally
2014-06-16,66,18906,GGally
2014-06-17,83,18989,GGally
2014-06-18,83,19072,GGally
2014-06-19,69,19141,GGally
2014-06-20,76,19217,GGally
2014-06-21,36,19253,GGally
2014-06-22,51,19304,GGally
2014-06-23,116,19420,GGally
2014-06-24,126,19546,GGally
2014-06-25,91,19637,GGally
2014-06-26,62,19699,GGally
2014-06-27,72,19771,GGally
2014-06-28,31,19802,GGally
2014-06-29,33,19835,GGally
2014-06-30,87,19922,GGally
2014-07-01,61,19983,GGally
2014-07-02,67,20050,GGally
2014-07-03,66,20116,GGally
2014-07-04,39,20155,GGally
2014-07-05,28,20183,GGally
2014-07-06,26,20209,GGally
2014-07-07,71,20280,GGally
2014-07-08,115,20395,GGally
2014-07-09,65,20460,GGally
2014-07-10,55,20515,GGally
2014-07-11,134,20649,GGally
2014-07-12,52,20701,GGally
2014-07-13,40,20741,GGally
2014-07-14,58,20799,GGally
2014-07-15,84,20883,GGally
2014-07-16,138,21021,GGally
2014-07-17,152,21173,GGally
2014-07-18,99,21272,GGally
2014-07-19,57,21329,GGally
2014-07-20,54,21383,GGally
2014-07-21,123,21506,GGally
2014-07-22,96,21602,GGally
2014-07-23,111,21713,GGally
2014-07-24,87,21800,GGally
2014-07-25,100,21900,GGally
2014-07-26,44,21944,GGally
2014-07-27,54,21998,GGally
2014-07-28,79,22077,GGally
2014-07-29,70,22147,GGally
2014-07-30,116,22263,GGally
2014-07-31,64,22327,GGally
2014-08-01,127,22454,GGally
2014-08-02,27,22481,GGally
2014-08-03,44,22525,GGally
2014-08-04,99,22624,GGally
2014-08-05,94,22718,GGally
2014-08-06,103,22821,GGally
2014-08-07,92,22913,GGally
2014-08-08,61,22974,GGally
2014-08-09,47,23021,GGally
2014-08-10,53,23074,GGally
2014-08-11,72,23146,GGally
2014-08-12,77,23223,GGally
2014-08-13,81,23304,GGally
2014-08-14,107,23411,GGally
2014-08-15,61,23472,GGally
2014-08-16,41,23513,GGally
2014-08-17,45,23558,GGally
2014-08-18,99,23657,GGally
2014-08-19,166,23823,GGally
2014-08-20,154,23977,GGally
2014-08-21,153,24130,GGally
2014-08-22,103,24233,GGally
2014-08-23,57,24290,GGally
2014-08-24,62,24352,GGally
2014-08-25,129,24481,GGally
2014-08-26,148,24629,GGally
2014-08-27,245,24874,GGally
2014-08-28,210,25084,GGally
2014-08-29,168,25252,GGally
2014-08-30,99,25351,GGally
2014-08-31,74,25425,GGally
2014-09-01,149,25574,GGally
2014-09-02,154,25728,GGally
2014-09-03,172,25900,GGally
2014-09-04,121,26021,GGally
2014-09-05,119,26140,GGally
2014-09-06,94,26234,GGally
2014-09-07,107,26341,GGally
2014-09-08,169,26510,GGally
2014-09-09,139,26649,GGally
2014-09-10,142,26791,GGally
2014-09-11,140,26931,GGally
2014-09-12,117,27048,GGally
2014-09-13,76,27124,GGally
2014-09-14,89,27213,GGally
2014-09-15,127,27340,GGally
2014-09-16,194,27534,GGally
2014-09-17,183,27717,GGally
2014-09-18,122,27839,GGally
2014-09-19,153,27992,GGally
2014-09-20,95,28087,GGally
2014-09-21,58,28145,GGally
2014-09-22,20,28165,GGally
2014-09-23,15,28180,GGally
2014-09-24,143,28323,GGally
2014-09-25,151,28474,GGally
2014-09-26,123,28597,GGally
2014-09-27,63,28660,GGally
2014-09-28,80,28740,GGally
2014-09-29,116,28856,GGally
2014-09-30,110,28966,GGally
2014-10-01,140,29106,GGally
2014-10-02,142,29248,GGally
2014-10-03,137,29385,GGally
2014-10-04,59,29444,GGally
2014-10-05,74,29518,GGally
2014-10-06,127,29645,GGally
2014-10-07,156,29801,GGally
2014-10-08,140,29941,GGally
2014-10-09,151,30092,GGally
2014-10-10,123,30215,GGally
2014-10-11,57,30272,GGally
2014-10-12,51,30323,GGally
2014-10-13,134,30457,GGally
2014-10-14,166,30623,GGally
2014-10-15,144,30767,GGally
2014-10-16,175,30942,GGally
2014-10-17,144,31086,GGally
2014-10-18,77,31163,GGally
2014-10-19,70,31233,GGally
2014-10-20,166,31399,GGally
2014-10-21,165,31564,GGally
2014-10-22,162,31726,GGally
2014-10-23,140,31866,GGally
2014-10-24,119,31985,GGally
2014-10-25,90,32075,GGally
2014-10-26,82,32157,GGally
2014-10-27,130,32287,GGally
2014-10-28,175,32462,GGally
2014-10-29,147,32609,GGally
2014-10-30,224,32833,GGally
2014-10-31,128,32961,GGally
2014-11-01,81,33042,GGally
2014-11-02,80,33122,GGally
2014-11-03,169,33291,GGally
2014-11-04,172,33463,GGally
2014-11-05,167,33630,GGally
2014-11-06,241,33871,GGally
2014-11-07,133,34004,GGally
2014-11-08,78,34082,GGally
2014-11-09,116,34198,GGally
2014-11-10,194,34392,GGally
2014-11-11,201,34593,GGally
2014-11-12,188,34781,GGally
2014-11-13,174,34955,GGally
2014-11-14,177,35132,GGally
2014-11-15,128,35260,GGally
2014-11-16,144,35404,GGally
2014-11-17,254,35658,GGally
2014-11-18,202,35860,GGally
2014-11-19,192,36052,GGally
2014-11-20,104,36156,GGally
2014-11-21,155,36311,GGally
2014-11-22,76,36387,GGally
2014-11-23,121,36508,GGally
2014-11-24,177,36685,GGally
2014-11-25,182,36867,GGally
2014-11-26,165,37032,GGally
2014-11-27,117,37149,GGally
2014-11-28,114,37263,GGally
2014-11-29,64,37327,GGally
2014-11-30,93,37420,GGally
2014-12-01,169,37589,GGally
2014-12-02,238,37827,GGally
2014-12-03,373,38200,GGally
2014-12-04,328,38528,GGally
2014-12-05,284,38812,GGally
2014-12-06,184,38996,GGally
2014-12-07,149,39145,GGally
2014-12-08,270,39415,GGally
2014-12-09,324,39739,GGally
2014-12-10,273,40012,GGally
2014-12-11,220,40232,GGally
2014-12-12,218,40450,GGally
2014-12-13,99,40549,GGally
2014-12-14,103,40652,GGally
2014-12-15,190,40842,GGally
2014-12-16,241,41083,GGally
2014-12-17,230,41313,GGally
2014-12-18,194,41507,GGally
2014-12-19,135,41642,GGally
2014-12-20,94,41736,GGally
2014-12-21,88,41824,GGally
2014-12-22,133,41957,GGally
2014-12-23,105,42062,GGally
2014-12-24,79,42141,GGally
2014-12-25,58,42199,GGally
2014-12-26,71,42270,GGally
2014-12-27,74,42344,GGally
2014-12-28,70,42414,GGally
2014-12-29,106,42520,GGally
2014-12-30,97,42617,GGally
2014-12-31,63,42680,GGally
2015-01-01,47,42727,GGally
2015-01-02,86,42813,GGally
2015-01-03,71,42884,GGally
2015-01-04,81,42965,GGally
2015-01-05,164,43129,GGally
2015-01-06,165,43294,GGally
2015-01-07,145,43439,GGally
2015-01-08,187,43626,GGally
2015-01-09,139,43765,GGally
2015-01-10,96,43861,GGally
2015-01-11,91,43952,GGally
2015-01-12,178,44130,GGally
2015-01-13,187,44317,GGally
2015-01-14,204,44521,GGally
2015-01-15,193,44714,GGally
2015-01-16,218,44932,GGally
2015-01-17,97,45029,GGally
2015-01-18,122,45151,GGally
2015-01-19,175,45326,GGally
2015-01-20,254,45580,GGally
2015-01-21,228,45808,GGally
2015-01-22,205,46013,GGally
2015-01-23,171,46184,GGally
2015-01-24,129,46313,GGally
2015-01-25,102,46415,GGally
2015-01-26,202,46617,GGally
2015-01-27,267,46884,GGally
2015-01-28,257,47141,GGally
2015-01-29,241,47382,GGally
2015-01-30,185,47567,GGally
2015-01-31,95,47662,GGally
2015-02-01,131,47793,GGally
2015-02-02,235,48028,GGally
2015-02-03,295,48323,GGally
2015-02-04,214,48537,GGally
2015-02-05,247,48784,GGally
2015-02-06,172,48956,GGally
2015-02-07,109,49065,GGally
2015-02-08,102,49167,GGally
2015-02-09,263,49430,GGally
2015-02-10,236,49666,GGally
2015-02-11,243,49909,GGally
2015-02-12,264,50173,GGally
2015-02-13,200,50373,GGally
2015-02-14,108,50481,GGally
2015-02-15,110,50591,GGally
2015-02-16,188,50779,GGally
2015-02-17,303,51082,GGally
2015-02-18,273,51355,GGally
2015-02-19,223,51578,GGally
2015-02-20,169,51747,GGally
2015-02-21,119,51866,GGally
2015-02-22,137,52003,GGally
2015-02-23,316,52319,GGally
2015-02-24,283,52602,GGally
2015-02-25,326,52928,GGally
2015-02-26,254,53182,GGally
2015-02-27,212,53394,GGally
2015-02-28,113,53507,GGally
2015-03-01,108,53615,GGally
2015-03-02,372,53987,GGally
2015-03-03,413,54400,GGally
2015-03-04,319,54719,GGally
2015-03-05,309,55028,GGally
2015-03-06,232,55260,GGally
2015-03-07,197,55457,GGally
2015-03-08,237,55694,GGally
2015-03-09,412,56106,GGally
2015-03-10,321,56427,GGally
2015-03-11,304,56731,GGally
2015-03-12,331,57062,GGally
2015-03-13,289,57351,GGally
2015-03-14,190,57541,GGally
2015-03-15,251,57792,GGally
2015-03-16,301,58093,GGally
2015-03-17,336,58429,GGally
2015-03-18,370,58799,GGally
2015-03-19,252,59051,GGally
2015-03-20,219,59270,GGally
2015-03-21,165,59435,GGally
2015-03-22,235,59670,GGally
2015-03-23,251,59921,GGally
2015-03-24,339,60260,GGally
2015-03-25,331,60591,GGally
2015-03-26,262,60853,GGally
2015-03-27,234,61087,GGally
2015-03-28,114,61201,GGally
2015-03-29,139,61340,GGally
2015-03-30,255,61595,GGally
2015-03-31,260,61855,GGally
2015-04-01,257,62112,GGally
2015-04-02,243,62355,GGally
2015-04-03,149,62504,GGally
2015-04-04,117,62621,GGally
2015-04-05,135,62756,GGally
2015-04-06,166,62922,GGally
2015-04-07,304,63226,GGally
2015-04-08,278,63504,GGally
2015-04-09,304,63808,GGally
2015-04-10,215,64023,GGally
2015-04-11,149,64172,GGally
2015-04-12,166,64338,GGally
2015-04-13,298,64636,GGally
2015-04-14,257,64893,GGally
2015-04-15,260,65153,GGally
2015-04-16,318,65471,GGally
2015-04-17,298,65769,GGally
2015-04-18,222,65991,GGally
2015-04-19,238,66229,GGally
2015-04-20,407,66636,GGally
2015-04-21,432,67068,GGally
2015-04-22,372,67440,GGally
2015-04-23,386,67826,GGally
2015-04-24,271,68097,GGally
2015-04-25,205,68302,GGally
2015-04-26,228,68530,GGally
2015-04-27,291,68821,GGally
2015-04-28,308,69129,GGally
2015-04-29,300,69429,GGally
2015-04-30,264,69693,GGally
2015-05-01,198,69891,GGally
2015-05-02,138,70029,GGally
2015-05-03,163,70192,GGally
2015-05-04,223,70415,GGally
2015-05-05,274,70689,GGally
2015-05-06,284,70973,GGally
2015-05-07,492,71465,GGally
2015-05-08,251,71716,GGally
2015-05-09,161,71877,GGally
2015-05-10,122,71999,GGally
2015-05-11,273,72272,GGally
2015-05-12,298,72570,GGally
2015-05-13,239,72809,GGally
2015-05-14,222,73031,GGally
2015-05-15,276,73307,GGally
2015-05-16,131,73438,GGally
2015-05-17,161,73599,GGally
2015-05-18,298,73897,GGally
2015-05-19,254,74151,GGally
2015-05-20,241,74392,GGally
2015-05-21,243,74635,GGally
2015-05-22,199,74834,GGally
2015-05-23,170,75004,GGally
2015-05-24,134,75138,GGally
2015-05-25,177,75315,GGally
2015-05-26,228,75543,GGally
2015-05-27,236,75779,GGally
2015-05-28,228,76007,GGally
2015-05-29,258,76265,GGally
2015-05-30,119,76384,GGally
2015-05-31,116,76500,GGally
2015-06-01,226,76726,GGally
2015-06-02,266,76992,GGally
2015-06-03,243,77235,GGally
2015-06-04,240,77475,GGally
2015-06-05,175,77650,GGally
2015-06-06,115,77765,GGally
2015-06-07,113,77878,GGally
2015-06-08,225,78103,GGally
2015-06-09,226,78329,GGally
2015-06-10,507,78836,GGally
2015-06-11,251,79087,GGally
2015-06-12,192,79279,GGally
2015-06-13,118,79397,GGally
2015-06-14,123,79520,GGally
2015-06-15,226,79746,GGally
2015-06-16,252,79998,GGally
2015-06-17,267,80265,GGally
2015-06-18,207,80472,GGally
2015-06-19,228,80700,GGally
2015-06-20,141,80841,GGally
2015-06-21,178,81019,GGally
2015-06-22,233,81252,GGally
2015-06-23,258,81510,GGally
2015-06-24,226,81736,GGally
2015-06-25,260,81996,GGally
2015-06-26,202,82198,GGally
2015-06-27,108,82306,GGally
2015-06-28,103,82409,GGally
2015-06-29,189,82598,GGally
2015-06-30,222,82820,GGally
2015-07-01,214,83034,GGally
2015-07-02,269,83303,GGally
2015-07-03,199,83502,GGally
2015-07-04,108,83610,GGally
2015-07-05,91,83701,GGally
2015-07-06,292,83993,GGally
2015-07-07,326,84319,GGally
2015-07-08,198,84517,GGally
2015-07-09,299,84816,GGally
2015-07-10,193,85009,GGally
2015-07-11,126,85135,GGally
2015-07-12,108,85243,GGally
2015-07-13,242,85485,GGally
2015-07-14,201,85686,GGally
2015-07-15,196,85882,GGally
2015-07-16,207,86089,GGally
2015-07-17,216,86305,GGally
2015-07-18,113,86418,GGally
2015-07-19,132,86550,GGally
2015-07-20,248,86798,GGally
2015-07-21,253,87051,GGally
2015-07-22,248,87299,GGally
2015-07-23,246,87545,GGally
2015-07-24,196,87741,GGally
2015-07-25,139,87880,GGally
2015-07-26,170,88050,GGally
2015-07-27,202,88252,GGally
2015-07-28,214,88466,GGally
2015-07-29,201,88667,GGally
2015-07-30,203,88870,GGally
2015-07-31,170,89040,GGally
2015-08-01,115,89155,GGally
2015-08-02,98,89253,GGally
2015-08-03,228,89481,GGally
2015-08-04,312,89793,GGally
2015-08-05,202,89995,GGally
2015-08-06,233,90228,GGally
2015-08-07,209,90437,GGally
2015-08-08,119,90556,GGally
2015-08-09,120,90676,GGally
2015-08-10,216,90892,GGally
2015-08-11,214,91106,GGally
2015-08-12,220,91326,GGally
2015-08-13,191,91517,GGally
2015-08-14,191,91708,GGally
2015-08-15,105,91813,GGally
2015-08-16,114,91927,GGally
2015-08-17,285,92212,GGally
2015-08-18,270,92482,GGally
2015-08-19,257,92739,GGally
2015-08-20,268,93007,GGally
2015-08-21,195,93202,GGally
2015-08-22,177,93379,GGally
2015-08-23,186,93565,GGally
2015-08-24,221,93786,GGally
2015-08-25,258,94044,GGally
2015-08-26,256,94300,GGally
2015-08-27,224,94524,GGally
2015-08-28,192,94716,GGally
2015-08-29,93,94809,GGally
2015-08-30,110,94919,GGally
2015-08-31,213,95132,GGally
2015-09-01,261,95393,GGally
2015-09-02,323,95716,GGally
2015-09-03,237,95953,GGally
2015-09-04,190,96143,GGally
2015-09-05,126,96269,GGally
2015-09-06,115,96384,GGally
2015-09-07,298,96682,GGally
2015-09-08,219,96901,GGally
2015-09-09,267,97168,GGally
2015-09-10,245,97413,GGally
2015-09-11,230,97643,GGally
2015-09-12,109,97752,GGally
2015-09-13,149,97901,GGally
2015-09-14,296,98197,GGally
2015-09-15,248,98445,GGally
2015-09-16,297,98742,GGally
2015-09-17,266,99008,GGally
2015-09-18,242,99250,GGally
2015-09-19,180,99430,GGally
2015-09-20,161,99591,GGally
2015-09-21,318,99909,GGally
2015-09-22,323,100232,GGally
2015-09-23,352,100584,GGally
2015-09-24,321,100905,GGally
2015-09-25,354,101259,GGally
2015-09-26,191,101450,GGally
2015-09-27,195,101645,GGally
2015-09-28,251,101896,GGally
2015-09-29,357,102253,GGally
2015-09-30,369,102622,GGally
2015-10-01,243,102865,GGally
2015-10-02,275,103140,GGally
2015-10-03,186,103326,GGally
2015-10-04,164,103490,GGally
2015-10-05,302,103792,GGally
2015-10-06,330,104122,GGally
2015-10-07,391,104513,GGally
2015-10-08,333,104846,GGally
2015-10-09,242,105088,GGally
2015-10-10,203,105291,GGally
2015-10-11,168,105459,GGally
2015-10-12,302,105761,GGally
2015-10-13,355,106116,GGally
2015-10-14,448,106564,GGally
2015-10-15,441,107005,GGally
2015-10-16,318,107323,GGally
2015-10-17,167,107490,GGally
2015-10-18,199,107689,GGally
2015-10-19,317,108006,GGally
2015-10-20,357,108363,GGally
2015-10-21,411,108774,GGally
2015-10-22,313,109087,GGally
2015-10-23,353,109440,GGally
2015-10-24,211,109651,GGally
2015-10-25,227,109878,GGally
2015-10-26,260,110138,GGally
2015-10-27,393,110531,GGally
2015-10-28,314,110845,GGally
2015-10-29,330,111175,GGally
2015-10-30,276,111451,GGally
2015-10-31,114,111565,GGally
2015-11-01,169,111734,GGally
2015-11-02,293,112027,GGally
2015-11-03,361,112388,GGally
2015-11-04,286,112674,GGally
2015-11-05,420,113094,GGally
2015-11-06,315,113409,GGally
2015-11-07,195,113604,GGally
2015-11-08,156,113760,GGally
2015-11-09,326,114086,GGally
2015-11-10,393,114479,GGally
2015-11-11,350,114829,GGally
2015-11-12,316,115145,GGally
2015-11-13,264,115409,GGally
2015-11-14,163,115572,GGally
2015-11-15,200,115772,GGally
2015-11-16,343,116115,GGally
2015-11-17,389,116504,GGally
2015-11-18,346,116850,GGally
2015-11-19,390,117240,GGally
2015-11-20,359,117599,GGally
2015-11-21,231,117830,GGally
2015-11-22,222,118052,GGally
2015-11-23,352,118404,GGally
2015-11-24,313,118717,GGally
2015-11-25,329,119046,GGally
2015-11-26,315,119361,GGally
2015-11-27,236,119597,GGally
2015-11-28,157,119754,GGally
2015-11-29,158,119912,GGally
2015-11-30,291,120203,GGally
2015-12-01,331,120534,GGally
2015-12-02,278,120812,GGally
2015-12-03,307,121119,GGally
2015-12-04,280,121399,GGally
2015-12-05,163,121562,GGally
2015-12-06,157,121719,GGally
2015-12-07,273,121992,GGally
2015-12-08,313,122305,GGally
2015-12-09,367,122672,GGally
2015-12-10,332,123004,GGally
2015-12-11,256,123260,GGally
2015-12-12,210,123470,GGally
2015-12-13,168,123638,GGally
2015-12-14,321,123959,GGally
2015-12-15,344,124303,GGally
2015-12-16,291,124594,GGally
2015-12-17,251,124845,GGally
2015-12-18,275,125120,GGally
2015-12-19,139,125259,GGally
2015-12-20,144,125403,GGally
2015-12-21,194,125597,GGally
2015-12-22,247,125844,GGally
2015-12-23,198,126042,GGally
2015-12-24,126,126168,GGally
2015-12-25,129,126297,GGally
2015-12-26,107,126404,GGally
2015-12-27,153,126557,GGally
2015-12-28,174,126731,GGally
2015-12-29,164,126895,GGally
2015-12-30,170,127065,GGally
2015-12-31,393,127458,GGally
2016-01-01,245,127703,GGally
2016-01-02,263,127966,GGally
2016-01-03,255,128221,GGally
2016-01-04,698,128919,GGally
2016-01-05,594,129513,GGally
2016-01-06,535,130048,GGally
2016-01-07,578,130626,GGally
2016-01-08,489,131115,GGally
2016-01-09,271,131386,GGally
2016-01-10,274,131660,GGally
2016-01-11,605,132265,GGally
2016-01-12,543,132808,GGally
2016-01-13,567,133375,GGally
2016-01-14,783,134158,GGally
2016-01-15,781,134939,GGally
2016-01-16,352,135291,GGally
2016-01-17,332,135623,GGally
2016-01-18,684,136307,GGally
2016-01-19,743,137050,GGally
2016-01-20,699,137749,GGally
2016-01-21,660,138409,GGally
2016-01-22,546,138955,GGally
2016-01-23,269,139224,GGally
2016-01-24,311,139535,GGally
2016-01-25,615,140150,GGally
2016-01-26,600,140750,GGally
2016-01-27,578,141328,GGally
2016-01-28,619,141947,GGally
2016-01-29,526,142473,GGally
2016-01-30,249,142722,GGally
2016-01-31,319,143041,GGally
2016-02-01,582,143623,GGally
2016-02-02,630,144253,GGally
2016-02-03,680,144933,GGally
2016-02-04,474,145407,GGally
2016-02-05,504,145911,GGally
2016-02-06,245,146156,GGally
2016-02-07,228,146384,GGally
2016-02-08,489,146873,GGally
2016-02-09,468,147341,GGally
2016-02-10,626,147967,GGally
2016-02-11,570,148537,GGally
2016-02-12,466,149003,GGally
2016-02-13,193,149196,GGally
2016-02-14,242,149438,GGally
2016-02-15,621,150059,GGally
2016-02-16,522,150581,GGally
2016-02-17,525,151106,GGally
2016-02-18,611,151717,GGally
2016-02-19,699,152416,GGally
2016-02-20,269,152685,GGally
2016-02-21,259,152944,GGally
2016-02-22,611,153555,GGally
2016-02-23,449,154004,GGally
2016-02-24,505,154509,GGally
2016-02-25,506,155015,GGally
2016-02-26,537,155552,GGally
2016-02-27,301,155853,GGally
2016-02-28,258,156111,GGally
2016-02-29,551,156662,GGally
2016-03-01,531,157193,GGally
2016-03-02,617,157810,GGally
2016-03-03,508,158318,GGally
2016-03-04,519,158837,GGally
2016-03-05,257,159094,GGally
2016-03-06,260,159354,GGally
2016-03-07,532,159886,GGally
2016-03-08,566,160452,GGally
2016-03-09,449,160901,GGally
2016-03-10,515,161416,GGally
2016-03-11,464,161880,GGally
2016-03-12,209,162089,GGally
2016-03-13,225,162314,GGally
2016-03-14,461,162775,GGally
2016-03-15,541,163316,GGally
2016-03-16,490,163806,GGally
2016-03-17,472,164278,GGally
2016-03-18,580,164858,GGally
2016-03-19,228,165086,GGally
2016-03-20,245,165331,GGally
2016-03-21,480,165811,GGally
2016-03-22,414,166225,GGally
2016-03-23,465,166690,GGally
2016-03-24,359,167049,GGally
2016-03-25,339,167388,GGally
2016-03-26,178,167566,GGally
2016-03-27,181,167747,GGally
2016-03-28,460,168207,GGally
2016-03-29,494,168701,GGally
2016-03-30,526,169227,GGally
2016-03-31,476,169703,GGally
2016-04-01,530,170233,GGally
2016-04-02,239,170472,GGally
2016-04-03,256,170728,GGally
2016-04-04,569,171297,GGally
2016-04-05,488,171785,GGally
2016-04-06,519,172304,GGally
2016-04-07,575,172879,GGally
2016-04-08,508,173387,GGally
2016-04-09,280,173667,GGally
2016-04-10,333,174000,GGally
2016-04-11,554,174554,GGally
2016-04-12,501,175055,GGally
2016-04-13,549,175604,GGally
2016-04-14,480,176084,GGally
2016-04-15,405,176489,GGally
2016-04-16,195,176684,GGally
2016-04-17,260,176944,GGally
2016-04-18,465,177409,GGally
2016-04-19,547,177956,GGally
2016-04-20,485,178441,GGally
2016-04-21,494,178935,GGally
2016-04-22,417,179352,GGally
2016-04-23,258,179610,GGally
2016-04-24,244,179854,GGally
2016-04-25,479,180333,GGally
2016-04-26,561,180894,GGally
2016-04-27,513,181407,GGally
2016-04-28,430,181837,GGally
2016-04-29,437,182274,GGally
2016-04-30,223,182497,GGally
2016-05-01,232,182729,GGally
2016-05-02,404,183133,GGally
2016-05-03,423,183556,GGally
2016-05-04,490,184046,GGally
2016-05-05,484,184530,GGally
2016-05-06,449,184979,GGally
2016-05-07,256,185235,GGally
2016-05-08,278,185513,GGally
2016-05-09,599,186112,GGally
2016-05-10,551,186663,GGally
2016-05-11,542,187205,GGally
2016-05-12,666,187871,GGally
2016-05-13,546,188417,GGally
2016-05-14,256,188673,GGally
2016-05-15,249,188922,GGally
2016-05-16,586,189508,GGally
2016-05-17,546,190054,GGally
2016-05-18,635,190689,GGally
2016-05-19,624,191313,GGally
2016-05-20,453,191766,GGally
2016-05-21,248,192014,GGally
2016-05-22,269,192283,GGally
2016-05-23,605,192888,GGally
2016-05-24,612,193500,GGally
2016-05-25,560,194060,GGally
2016-05-26,608,194668,GGally
2016-05-27,400,195068,GGally
2016-05-28,252,195320,GGally
2016-05-29,255,195575,GGally
2016-05-30,478,196053,GGally
2016-05-31,547,196600,GGally
2016-06-01,534,197134,GGally
2016-06-02,1441,198575,GGally
2016-06-03,1290,199865,GGally
2016-06-04,516,200381,GGally
2016-06-05,785,201166,GGally
2016-06-06,1442,202608,GGally
2016-06-07,1220,203828,GGally
2016-06-08,1221,205049,GGally
2016-06-09,994,206043,GGally
2016-06-10,926,206969,GGally
2016-06-11,492,207461,GGally
2016-06-12,514,207975,GGally
2016-06-13,1038,209013,GGally
2016-06-14,1209,210222,GGally
2016-06-15,1229,211451,GGally
2016-06-16,1067,212518,GGally
2016-06-17,960,213478,GGally
2016-06-18,403,213881,GGally
2016-06-19,401,214282,GGally
2016-06-20,1028,215310,GGally
2016-06-21,981,216291,GGally
2016-06-22,979,217270,GGally
2016-06-23,998,218268,GGally
2016-06-24,786,219054,GGally
2016-06-25,391,219445,GGally
2016-06-26,389,219834,GGally
2016-06-27,939,220773,GGally
2016-06-28,984,221757,GGally
2016-06-29,938,222695,GGally
2016-06-30,828,223523,GGally
2016-07-01,902,224425,GGally
2016-07-02,529,224954,GGally
2016-07-03,411,225365,GGally
2016-07-04,858,226223,GGally
2016-07-05,944,227167,GGally
2016-07-06,792,227959,GGally
2016-07-07,900,228859,GGally
2016-07-08,674,229533,GGally
2016-07-09,315,229848,GGally
2016-07-10,343,230191,GGally
2016-07-11,751,230942,GGally
2016-07-12,783,231725,GGally
2016-07-13,688,232413,GGally
2016-07-14,670,233083,GGally
2016-07-15,512,233595,GGally
2016-07-16,266,233861,GGally
2016-07-17,255,234116,GGally
2016-07-18,671,234787,GGally
2016-07-19,727,235514,GGally
2016-07-20,665,236179,GGally
2016-07-21,608,236787,GGally
2016-07-22,529,237316,GGally
2016-07-23,275,237591,GGally
2016-07-24,259,237850,GGally
2016-07-25,556,238406,GGally
2016-07-26,688,239094,GGally
2016-07-27,539,239633,GGally
2016-07-28,740,240373,GGally
2016-07-29,527,240900,GGally
2016-07-30,260,241160,GGally
2016-07-31,226,241386,GGally
2016-08-01,593,241979,GGally
2016-08-02,660,242639,GGally
2016-08-03,552,243191,GGally
2016-08-04,623,243814,GGally
2016-08-05,516,244330,GGally
2016-08-06,223,244553,GGally
2016-08-07,263,244816,GGally
2016-08-08,568,245384,GGally
2016-08-09,574,245958,GGally
2016-08-10,574,246532,GGally
2016-08-11,532,247064,GGally
2016-08-12,543,247607,GGally
2016-08-13,295,247902,GGally
2016-08-14,303,248205,GGally
2016-08-15,587,248792,GGally
2016-08-16,574,249366,GGally
2016-08-17,592,249958,GGally
2016-08-18,571,250529,GGally
2016-08-19,570,251099,GGally
2016-08-20,272,251371,GGally
2016-08-21,256,251627,GGally
2016-08-22,585,252212,GGally
2016-08-23,590,252802,GGally
2016-08-24,565,253367,GGally
2016-08-25,590,253957,GGally
2016-08-26,558,254515,GGally
2016-08-27,251,254766,GGally
2016-08-28,269,255035,GGally
2016-08-29,578,255613,GGally
2016-08-30,576,256189,GGally
2016-08-31,549,256738,GGally
2016-09-01,646,257384,GGally
2016-09-02,532,257916,GGally
2016-09-03,251,258167,GGally
2016-09-04,268,258435,GGally
2016-09-05,552,258987,GGally
2016-09-06,671,259658,GGally
2016-09-07,794,260452,GGally
2016-09-08,714,261166,GGally
2016-09-09,570,261736,GGally
2016-09-10,315,262051,GGally
2016-09-11,293,262344,GGally
2016-09-12,749,263093,GGally
2016-09-13,737,263830,GGally
2016-09-14,702,264532,GGally
2016-09-15,724,265256,GGally
2016-09-16,583,265839,GGally
2016-09-17,290,266129,GGally
2016-09-18,331,266460,GGally
2016-09-19,811,267271,GGally
2016-09-20,793,268064,GGally
2016-09-21,686,268750,GGally
2016-09-22,746,269496,GGally
2016-09-23,575,270071,GGally
2016-09-24,303,270374,GGally
2016-09-25,344,270718,GGally
2016-09-26,660,271378,GGally
2016-09-27,737,272115,GGally
2016-09-28,651,272766,GGally
2016-09-29,728,273494,GGally
2016-09-30,634,274128,GGally
2016-10-01,405,274533,GGally
2016-10-02,341,274874,GGally
2016-10-03,786,275660,GGally
2016-10-04,834,276494,GGally
2016-10-05,675,277169,GGally
2016-10-06,750,277919,GGally
2016-10-07,705,278624,GGally
2016-10-08,354,278978,GGally
2016-10-09,441,279419,GGally
2016-10-10,835,280254,GGally
2016-10-11,777,281031,GGally
2016-10-12,845,281876,GGally
2016-10-13,817,282693,GGally
2016-10-14,890,283583,GGally
2016-10-15,445,284028,GGally
2016-10-16,368,284396,GGally
2016-10-17,879,285275,GGally
2016-10-18,802,286077,GGally
2016-10-19,866,286943,GGally
2016-10-20,860,287803,GGally
2016-10-21,650,288453,GGally
2016-10-22,331,288784,GGally
2016-10-23,406,289190,GGally
2016-10-24,975,290165,GGally
2016-10-25,836,291001,GGally
2016-10-26,860,291861,GGally
2016-10-27,797,292658,GGally
2016-10-28,630,293288,GGally
2016-10-29,362,293650,GGally
2016-10-30,378,294028,GGally
2016-10-31,837,294865,GGally
2016-11-01,789,295654,GGally
2016-11-02,827,296481,GGally
2016-11-03,893,297374,GGally
2016-11-04,752,298126,GGally
2016-11-05,496,298622,GGally
2016-11-06,398,299020,GGally
2016-11-07,839,299859,GGally
2016-11-08,951,300810,GGally
2016-11-09,764,301574,GGally
2016-11-10,889,302463,GGally
2016-11-11,666,303129,GGally
2016-11-12,328,303457,GGally
2016-11-13,1281,304738,GGally
2016-11-14,2762,307500,GGally
2016-11-15,2037,309537,GGally
2016-11-16,1777,311314,GGally
2016-11-17,1639,312953,GGally
2016-11-18,1277,314230,GGally
2016-11-19,641,314871,GGally
2016-11-20,606,315477,GGally
2016-11-21,1344,316821,GGally
2016-11-22,1312,318133,GGally
2016-11-23,1082,319215,GGally
2016-11-24,1254,320469,GGally
2016-11-25,824,321293,GGally
2016-11-26,471,321764,GGally
2016-11-27,579,322343,GGally
2016-11-28,1154,323497,GGally
2016-11-29,1230,324727,GGally
2016-11-30,1272,325999,GGally
2016-12-01,1118,327117,GGally
2016-12-02,1080,328197,GGally
2016-12-03,499,328696,GGally
2016-12-04,591,329287,GGally
2016-12-05,1319,330606,GGally
2016-12-06,1238,331844,GGally
2016-12-07,1167,333011,GGally
2016-12-08,1067,334078,GGally
2016-12-09,765,334843,GGally
2016-12-10,459,335302,GGally
2016-12-11,483,335785,GGally
2016-12-12,909,336694,GGally
2016-12-13,951,337645,GGally
2016-12-14,1021,338666,GGally
2016-12-15,823,339489,GGally
2016-12-16,735,340224,GGally
2016-12-17,357,340581,GGally
2016-12-18,386,340967,GGally
2016-12-19,710,341677,GGally
2016-12-20,773,342450,GGally
2016-12-21,692,343142,GGally
2016-12-22,476,343618,GGally
2016-12-23,408,344026,GGally
2016-12-24,266,344292,GGally
2016-12-25,225,344517,GGally
2016-12-26,312,344829,GGally
2016-12-27,461,345290,GGally
2016-12-28,456,345746,GGally
2016-12-29,438,346184,GGally
2016-12-30,368,346552,GGally
2016-12-31,219,346771,GGally
2017-01-01,234,347005,GGally
2017-01-02,445,347450,GGally
2017-01-03,546,347996,GGally
2017-01-04,673,348669,GGally
2017-01-05,662,349331,GGally
2017-01-06,628,349959,GGally
2017-01-07,315,350274,GGally
2017-01-08,333,350607,GGally
2017-01-09,747,351354,GGally
2017-01-10,859,352213,GGally
2017-01-11,1015,353228,GGally
2017-01-12,870,354098,GGally
2017-01-13,765,354863,GGally
2017-01-14,346,355209,GGally
2017-01-15,442,355651,GGally
2017-01-16,731,356382,GGally
2017-01-17,866,357248,GGally
2017-01-18,812,358060,GGally
2017-01-19,823,358883,GGally
2017-01-20,681,359564,GGally
2017-01-21,413,359977,GGally
2017-01-22,456,360433,GGally
2017-01-23,809,361242,GGally
2017-01-24,923,362165,GGally
2017-01-25,899,363064,GGally
2017-01-26,818,363882,GGally
2017-01-27,909,364791,GGally
2017-01-28,360,365151,GGally
2017-01-29,453,365604,GGally
2017-01-30,771,366375,GGally
2017-01-31,894,367269,GGally
2017-02-01,920,368189,GGally
2017-02-02,972,369161,GGally
2017-02-03,947,370108,GGally
2017-02-04,518,370626,GGally
2017-02-05,482,371108,GGally
2017-02-06,860,371968,GGally
2017-02-07,929,372897,GGally
2017-02-08,1048,373945,GGally
2017-02-09,996,374941,GGally
2017-02-10,1089,376030,GGally
2017-02-11,448,376478,GGally
2017-02-12,424,376902,GGally
2017-02-13,1005,377907,GGally
2017-02-14,959,378866,GGally
2017-02-15,909,379775,GGally
2017-02-16,1107,380882,GGally
2017-02-17,840,381722,GGally
2017-02-18,442,382164,GGally
2017-02-19,553,382717,GGally
2017-02-20,879,383596,GGally
2017-02-21,1027,384623,GGally
2017-02-22,902,385525,GGally
2017-02-23,905,386430,GGally
2017-02-24,729,387159,GGally
2017-02-25,509,387668,GGally
2017-02-26,450,388118,GGally
2017-02-27,813,388931,GGally
2017-02-28,844,389775,GGally
2017-03-01,522,390297,GGally
2017-03-02,1055,391352,GGally
2017-03-03,1143,392495,GGally
2017-03-04,636,393131,GGally
2017-03-05,601,393732,GGally
2017-03-06,1043,394775,GGally
2017-03-07,946,395721,GGally
2017-03-08,1119,396840,GGally
2017-03-09,1010,397850,GGally
2017-03-10,885,398735,GGally
2017-03-11,539,399274,GGally
2017-03-12,497,399771,GGally
2017-03-13,945,400716,GGally
2017-03-14,964,401680,GGally
2017-03-15,899,402579,GGally
2017-03-16,1051,403630,GGally
2017-03-17,793,404423,GGally
2017-03-18,467,404890,GGally
2017-03-19,559,405449,GGally
2017-03-20,980,406429,GGally
2017-03-21,956,407385,GGally
2017-03-22,1114,408499,GGally
2017-03-23,1059,409558,GGally
2017-03-24,796,410354,GGally
2017-03-25,507,410861,GGally
2017-03-26,488,411349,GGally
2017-03-27,1121,412470,GGally
2017-03-28,1044,413514,GGally
2017-03-29,1009,414523,GGally
2017-03-30,1102,415625,GGally
2017-03-31,894,416519,GGally
2017-04-01,545,417064,GGally
2017-04-02,543,417607,GGally
2017-04-03,1026,418633,GGally
2017-04-04,997,419630,GGally
2017-04-05,987,420617,GGally
2017-04-06,1083,421700,GGally
2017-04-07,879,422579,GGally
2017-04-08,544,423123,GGally
2017-04-09,636,423759,GGally
2017-04-10,1069,424828,GGally
2017-04-11,950,425778,GGally
2017-04-12,1101,426879,GGally
2017-04-13,889,427768,GGally
2017-04-14,667,428435,GGally
2017-04-15,452,428887,GGally
2017-04-16,558,429445,GGally
2017-04-17,789,430234,GGally
2017-04-18,1093,431327,GGally
2017-04-19,988,432315,GGally
2017-04-20,969,433284,GGally
2017-04-21,807,434091,GGally
2017-04-22,503,434594,GGally
2017-04-23,583,435177,GGally
2017-04-24,1394,436571,GGally
2017-04-25,1340,437911,GGally
2017-04-26,1398,439309,GGally
2017-04-27,1256,440565,GGally
2017-04-28,1063,441628,GGally
2017-04-29,490,442118,GGally
2017-04-30,496,442614,GGally
2017-05-01,770,443384,GGally
2017-05-02,991,444375,GGally
2017-05-03,1065,445440,GGally
2017-05-04,941,446381,GGally
2017-05-05,1004,447385,GGally
2017-05-06,454,447839,GGally
2017-05-07,533,448372,GGally
2017-05-08,1150,449522,GGally
2017-05-09,1003,450525,GGally
2017-05-10,972,451497,GGally
2017-05-11,1096,452593,GGally
2017-05-12,781,453374,GGally
2017-05-13,433,453807,GGally
2017-05-14,439,454246,GGally
2017-05-15,895,455141,GGally
2017-05-16,1013,456154,GGally
2017-05-17,785,456939,GGally
2017-05-18,936,457875,GGally
2017-05-19,664,458539,GGally
2017-05-20,413,458952,GGally
2017-05-21,362,459314,GGally
2017-05-22,918,460232,GGally
2017-05-23,1080,461312,GGally
2017-05-24,812,462124,GGally
2017-05-25,800,462924,GGally
2017-05-26,674,463598,GGally
2017-05-27,332,463930,GGally
2017-05-28,345,464275,GGally
2017-05-29,654,464929,GGally
2017-05-30,804,465733,GGally
2017-05-31,750,466483,GGally
2017-06-01,676,467159,GGally
2017-06-02,836,467995,GGally
2017-06-03,330,468325,GGally
2017-06-04,337,468662,GGally
2017-06-05,671,469333,GGally
2017-06-06,786,470119,GGally
2017-06-07,797,470916,GGally
2017-06-08,3604,474520,GGally
2017-06-09,2716,477236,GGally
2017-06-10,591,477827,GGally
2017-06-11,625,478452,GGally
2017-06-12,1282,479734,GGally
2017-06-13,1433,481167,GGally
2017-06-14,1335,482502,GGally
2017-06-15,1144,483646,GGally
2017-06-16,977,484623,GGally
2017-06-17,460,485083,GGally
2017-06-18,510,485593,GGally
2017-06-19,1106,486699,GGally
2017-06-20,1100,487799,GGally
2017-06-21,1075,488874,GGally
2017-06-22,957,489831,GGally
2017-06-23,782,490613,GGally
2017-06-24,418,491031,GGally
2017-06-25,453,491484,GGally
2017-06-26,939,492423,GGally
2017-06-27,910,493333,GGally
2017-06-28,1061,494394,GGally
2017-06-29,883,495277,GGally
2017-06-30,775,496052,GGally
2017-07-01,415,496467,GGally
2017-07-02,384,496851,GGally
2017-07-03,785,497636,GGally
2017-07-04,713,498349,GGally
2017-07-05,940,499289,GGally
2017-07-06,885,500174,GGally
2017-07-07,814,500988,GGally
2017-07-08,437,501425,GGally
2017-07-09,443,501868,GGally
2017-07-10,958,502826,GGally
2017-07-11,910,503736,GGally
2017-07-12,1049,504785,GGally
2017-07-13,804,505589,GGally
2017-07-14,735,506324,GGally
2017-07-15,275,506599,GGally
2017-07-16,336,506935,GGally
2017-07-17,885,507820,GGally
2017-07-18,911,508731,GGally
2017-07-19,1048,509779,GGally
2017-07-20,922,510701,GGally
2017-07-21,739,511440,GGally
2017-07-22,418,511858,GGally
2017-07-23,399,512257,GGally
2017-07-24,1008,513265,GGally
2017-07-25,930,514195,GGally
2017-07-26,867,515062,GGally
2017-07-27,836,515898,GGally
2017-07-28,661,516559,GGally
2017-07-29,391,516950,GGally
2017-07-30,363,517313,GGally
2017-07-31,820,518133,GGally
2017-08-01,742,518875,GGally
2017-08-02,1623,520498,GGally
2017-08-03,2913,523411,GGally
2017-08-04,1065,524476,GGally
2017-08-05,568,525044,GGally
2017-08-06,523,525567,GGally
2017-08-07,1127,526694,GGally
2017-08-08,1197,527891,GGally
2017-08-09,1069,528960,GGally
2017-08-10,1070,530030,GGally
2017-08-11,877,530907,GGally
2017-08-12,383,531290,GGally
2017-08-13,509,531799,GGally
2017-08-14,1034,532833,GGally
2017-08-15,964,533797,GGally
2017-08-16,1148,534945,GGally
2017-08-17,1042,535987,GGally
2017-08-18,892,536879,GGally
2017-08-19,494,537373,GGally
2017-08-20,458,537831,GGally
2017-08-21,858,538689,GGally
2017-08-22,1066,539755,GGally
2017-08-23,886,540641,GGally
2017-08-24,877,541518,GGally
2017-08-25,736,542254,GGally
2017-08-26,461,542715,GGally
2017-08-27,439,543154,GGally
2017-08-28,758,543912,GGally
2017-08-29,906,544818,GGally
2017-08-30,888,545706,GGally
2017-08-31,1067,546773,GGally
2017-09-01,719,547492,GGally
2017-09-02,504,547996,GGally
2017-09-03,383,548379,GGally
2017-09-04,820,549199,GGally
2017-09-05,992,550191,GGally
2017-09-06,939,551130,GGally
2017-09-07,1028,552158,GGally
2017-09-08,847,553005,GGally
2017-09-09,433,553438,GGally
2017-09-10,548,553986,GGally
2017-09-11,1071,555057,GGally
2017-09-12,1286,556343,GGally
2017-09-13,1154,557497,GGally
2017-09-14,1268,558765,GGally
2017-09-15,1007,559772,GGally
2017-09-16,521,560293,GGally
2017-09-17,490,560783,GGally
2017-09-18,982,561765,GGally
2017-09-19,1255,563020,GGally
2017-09-20,1111,564131,GGally
2017-09-21,1116,565247,GGally
2017-09-22,992,566239,GGally
2017-09-23,520,566759,GGally
2017-09-24,651,567410,GGally
2017-09-25,1129,568539,GGally
2017-09-26,1043,569582,GGally
2017-09-27,926,570508,GGally
2017-09-28,1094,571602,GGally
2017-09-29,1007,572609,GGally
2017-09-30,615,573224,GGally
2017-10-01,453,573677,GGally
2017-10-02,990,574667,GGally
2017-10-03,1059,575726,GGally
2017-10-04,1168,576894,GGally
2017-10-05,1180,578074,GGally
2017-10-06,1040,579114,GGally
2017-10-07,530,579644,GGally
2017-10-08,563,580207,GGally
2017-10-09,1139,581346,GGally
2017-10-10,1343,582689,GGally
2017-10-11,1124,583813,GGally
2017-10-12,1077,584890,GGally
2017-10-13,1010,585900,GGally
2017-10-14,468,586368,GGally
2017-10-15,666,587034,GGally
2017-10-16,1245,588279,GGally
2017-10-17,1145,589424,GGally
2017-10-18,1013,590437,GGally
2017-10-19,1040,591477,GGally
2017-10-20,1053,592530,GGally
2017-10-21,485,593015,GGally
2017-10-22,477,593492,GGally
2017-10-23,1063,594555,GGally
2017-10-24,1257,595812,GGally
2017-10-25,1092,596904,GGally
2017-10-26,1213,598117,GGally
2017-10-27,1037,599154,GGally
2017-10-28,590,599744,GGally
2017-10-29,490,600234,GGally
2017-10-30,1020,601254,GGally
2017-10-31,1118,602372,GGally
2017-11-01,1016,603388,GGally
2017-11-02,1231,604619,GGally
2017-11-03,987,605606,GGally
2017-11-04,483,606089,GGally
2017-11-05,574,606663,GGally
2017-11-06,1251,607914,GGally
2017-11-07,1069,608983,GGally
2017-11-08,1165,610148,GGally
2017-11-09,1036,611184,GGally
2017-11-10,802,611986,GGally
2017-11-11,584,612570,GGally
2017-11-12,549,613119,GGally
2017-11-13,1147,614266,GGally
2017-11-14,1351,615617,GGally
2017-11-15,1277,616894,GGally
2017-11-16,1322,618216,GGally
2017-11-17,884,619100,GGally
2017-11-18,505,619605,GGally
2017-11-19,523,620128,GGally
2017-11-20,1080,621208,GGally
2017-11-21,1073,622281,GGally
2017-11-22,954,623235,GGally
2017-11-23,851,624086,GGally
2017-11-24,2149,626235,GGally
2017-11-25,536,626771,GGally
2017-11-26,555,627326,GGally
2017-11-27,1052,628378,GGally
2017-11-28,1234,629612,GGally
2017-11-29,1156,630768,GGally
2017-11-30,1227,631995,GGally
2017-12-01,1020,633015,GGally
2017-12-02,585,633600,GGally
2017-12-03,649,634249,GGally
2017-12-04,1272,635521,GGally
2017-12-05,1425,636946,GGally
2017-12-06,1476,638422,GGally
2017-12-07,1319,639741,GGally
2017-12-08,956,640697,GGally
2017-12-09,630,641327,GGally
2017-12-10,563,641890,GGally
2017-12-11,1138,643028,GGally
2017-12-12,1115,644143,GGally
2017-12-13,1054,645197,GGally
2017-12-14,948,646145,GGally
2017-12-15,830,646975,GGally
2017-12-16,473,647448,GGally
2017-12-17,424,647872,GGally
2017-12-18,815,648687,GGally
2017-12-19,792,649479,GGally
2017-12-20,831,650310,GGally
2017-12-21,642,650952,GGally
2017-12-22,450,651402,GGally
2017-12-23,332,651734,GGally
2017-12-24,294,652028,GGally
2017-12-25,252,652280,GGally
2017-12-26,347,652627,GGally
2017-12-27,446,653073,GGally
2017-12-28,451,653524,GGally
2017-12-29,411,653935,GGally
2017-12-30,280,654215,GGally
2017-12-31,201,654416,GGally
2018-01-01,242,654658,GGally
2018-01-02,622,655280,GGally
2018-01-03,695,655975,GGally
2018-01-04,804,656779,GGally
2018-01-05,686,657465,GGally
2018-01-06,360,657825,GGally
2018-01-07,421,658246,GGally
2018-01-08,777,659023,GGally
2018-01-09,957,659980,GGally
2018-01-10,840,660820,GGally
2018-01-11,895,661715,GGally
2018-01-12,916,662631,GGally
2018-01-13,434,663065,GGally
2018-01-14,431,663496,GGally
2018-01-15,751,664247,GGally
2018-01-16,916,665163,GGally
2018-01-17,1003,666166,GGally
2018-01-18,866,667032,GGally
2018-01-19,834,667866,GGally
2018-01-20,551,668417,GGally
2018-01-21,462,668879,GGally
2018-01-22,874,669753,GGally
2018-01-23,1045,670798,GGally
2018-01-24,928,671726,GGally
2018-01-25,944,672670,GGally
2018-01-26,808,673478,GGally
2018-01-27,507,673985,GGally
2018-01-28,523,674508,GGally
2018-01-29,968,675476,GGally
2018-01-30,1265,676741,GGally
2018-01-31,1040,677781,GGally
2018-02-01,1146,678927,GGally
2018-02-02,864,679791,GGally
2018-02-03,540,680331,GGally
2018-02-04,486,680817,GGally
2018-02-05,991,681808,GGally
2018-02-06,1071,682879,GGally
2018-02-07,1049,683928,GGally
2018-02-08,1215,685143,GGally
2018-02-09,932,686075,GGally
2018-02-10,515,686590,GGally
2018-02-11,582,687172,GGally
2018-02-12,1032,688204,GGally
2018-02-13,1173,689377,GGally
2018-02-14,1026,690403,GGally
2018-02-15,1001,691404,GGally
2018-02-16,919,692323,GGally
2018-02-17,465,692788,GGally
2018-02-18,458,693246,GGally
2018-02-19,888,694134,GGally
2018-02-20,1086,695220,GGally
2018-02-21,1008,696228,GGally
2018-02-22,1059,697287,GGally
2018-02-23,953,698240,GGally
2018-02-24,602,698842,GGally
2018-02-25,593,699435,GGally
2018-02-26,1008,700443,GGally
2018-02-27,1245,701688,GGally
2018-02-28,1207,702895,GGally
2018-03-01,1136,704031,GGally
2018-03-02,971,705002,GGally
2018-03-03,504,705506,GGally
2018-03-04,494,706000,GGally
2018-03-05,1198,707198,GGally
2018-03-06,1251,708449,GGally
2018-03-07,1112,709561,GGally
2018-03-08,1031,710592,GGally
2018-03-09,1124,711716,GGally
2018-03-10,692,712408,GGally
2018-03-11,664,713072,GGally
2018-03-12,1197,714269,GGally
2018-03-13,1064,715333,GGally
2018-03-14,1060,716393,GGally
2018-03-15,1097,717490,GGally
2018-03-16,1059,718549,GGally
2018-03-17,526,719075,GGally
2018-03-18,546,719621,GGally
2018-03-19,1102,720723,GGally
2018-03-20,1285,722008,GGally
2018-03-21,1277,723285,GGally
2018-03-22,1019,724304,GGally
2018-03-23,1029,725333,GGally
2018-03-24,621,725954,GGally
2018-03-25,626,726580,GGally
2018-03-26,1140,727720,GGally
2018-03-27,1399,729119,GGally
2018-03-28,1154,730273,GGally
2018-03-29,1110,731383,GGally
2018-03-30,719,732102,GGally
2018-03-31,520,732622,GGally
2018-04-01,486,733108,GGally
2018-04-02,825,733933,GGally
2018-04-03,1069,735002,GGally
2018-04-04,1161,736163,GGally
2018-04-05,1262,737425,GGally
2018-04-06,1006,738431,GGally
2018-04-07,590,739021,GGally
2018-04-08,589,739610,GGally
2018-04-09,1224,740834,GGally
2018-04-10,1144,741978,GGally
2018-04-11,1175,743153,GGally
2018-04-12,1110,744263,GGally
2018-04-13,901,745164,GGally
2018-04-14,579,745743,GGally
2018-04-15,574,746317,GGally
2018-04-16,1086,747403,GGally
2018-04-17,1200,748603,GGally
2018-04-18,1430,750033,GGally
2018-04-19,1078,751111,GGally
2018-04-20,959,752070,GGally
2018-04-21,551,752621,GGally
2018-04-22,583,753204,GGally
2018-04-23,1394,754598,GGally
2018-04-24,1692,756290,GGally
2018-04-25,1741,758031,GGally
2018-04-26,1697,759728,GGally
2018-04-27,1806,761534,GGally
2018-04-28,1919,763453,GGally
2018-04-29,2054,765507,GGally
2018-04-30,1924,767431,GGally
2018-05-01,1124,768555,GGally
2018-05-02,1483,770038,GGally
2018-05-03,1300,771338,GGally
2018-05-04,1055,772393,GGally
2018-05-05,691,773084,GGally
2018-05-06,696,773780,GGally
2018-05-07,1238,775018,GGally
2018-05-08,1232,776250,GGally
2018-05-09,1122,777372,GGally
2018-05-10,1097,778469,GGally
2018-05-11,982,779451,GGally
2018-05-12,664,780115,GGally
2018-05-13,603,780718,GGally
2018-05-14,1234,781952,GGally
2018-05-15,1248,783200,GGally
2018-05-16,1179,784379,GGally
2018-05-17,1228,785607,GGally
2018-05-18,1979,787586,GGally
2018-05-19,1015,788601,GGally
2018-05-20,944,789545,GGally
2018-05-21,1702,791247,GGally
2018-05-22,1942,793189,GGally
2018-05-23,1741,794930,GGally
2018-05-24,1743,796673,GGally
2018-05-25,1466,798139,GGally
2018-05-26,672,798811,GGally
2018-05-27,737,799548,GGally
2018-05-28,1384,800932,GGally
2018-05-29,1600,802532,GGally
2018-05-30,1528,804060,GGally
2018-05-31,1545,805605,GGally
2018-06-01,1205,806810,GGally
2018-06-02,756,807566,GGally
2018-06-03,727,808293,GGally
2018-06-04,1511,809804,GGally
2018-06-05,1588,811392,GGally
2018-06-06,1441,812833,GGally
2018-06-07,1494,814327,GGally
2018-06-08,1266,815593,GGally
2018-06-09,750,816343,GGally
2018-06-10,772,817115,GGally
2018-06-11,1499,818614,GGally
2018-06-12,1399,820013,GGally
2018-06-13,1331,821344,GGally
2018-06-14,1194,822538,GGally
2018-06-15,1097,823635,GGally
2018-06-16,681,824316,GGally
2018-06-17,550,824866,GGally
2018-06-18,1210,826076,GGally
2018-06-19,1173,827249,GGally
2018-06-20,1348,828597,GGally
2018-06-21,1170,829767,GGally
2018-06-22,1089,830856,GGally
2018-06-23,569,831425,GGally
2018-06-24,568,831993,GGally
2018-06-25,1108,833101,GGally
2018-06-26,1236,834337,GGally
2018-06-27,1167,835504,GGally
2018-06-28,1108,836612,GGally
2018-06-29,926,837538,GGally
2018-06-30,551,838089,GGally
2018-07-01,454,838543,GGally
2018-07-02,1163,839706,GGally
2018-07-03,1298,841004,GGally
2018-07-04,1139,842143,GGally
2018-07-05,1474,843617,GGally
2018-07-06,1228,844845,GGally
2018-07-07,844,845689,GGally
2018-07-08,783,846472,GGally
2018-07-09,1425,847897,GGally
2018-07-10,1261,849158,GGally
2018-07-11,1147,850305,GGally
2018-07-12,1109,851414,GGally
2018-07-13,924,852338,GGally
2018-07-14,597,852935,GGally
2018-07-15,588,853523,GGally
2018-07-16,996,854519,GGally
2018-07-17,1084,855603,GGally
2018-07-18,987,856590,GGally
2018-07-19,1037,857627,GGally
2018-07-20,868,858495,GGally
2018-07-21,424,858919,GGally
2018-07-22,442,859361,GGally
2018-07-23,979,860340,GGally
2018-07-24,1072,861412,GGally
2018-07-25,1042,862454,GGally
2018-07-26,1016,863470,GGally
2018-07-27,822,864292,GGally
2018-07-28,469,864761,GGally
2018-07-29,487,865248,GGally
2018-07-30,991,866239,GGally
2018-07-31,1076,867315,GGally
2018-08-01,914,868229,GGally
2018-08-02,883,869112,GGally
2018-08-03,901,870013,GGally
2018-08-04,411,870424,GGally
2018-08-05,419,870843,GGally
2018-08-06,984,871827,GGally
2018-08-07,938,872765,GGally
2018-08-08,1039,873804,GGally
2018-08-09,1003,874807,GGally
2018-08-10,805,875612,GGally
2018-08-11,442,876054,GGally
2018-08-12,478,876532,GGally
2018-08-13,896,877428,GGally
2018-08-14,985,878413,GGally
2018-08-15,860,879273,GGally
2018-08-16,930,880203,GGally
2018-08-17,697,880900,GGally
2018-08-18,426,881326,GGally
2018-08-19,416,881742,GGally
2018-08-20,839,882581,GGally
2018-08-21,1042,883623,GGally
2018-08-22,1071,884694,GGally
2018-08-23,957,885651,GGally
2018-08-24,864,886515,GGally
2018-08-25,511,887026,GGally
2018-08-26,547,887573,GGally
2018-08-27,1041,888614,GGally
2018-08-28,1328,889942,GGally
2018-08-29,1117,891059,GGally
2018-08-30,1152,892211,GGally
2018-08-31,929,893140,GGally
2018-09-01,540,893680,GGally
2018-09-02,438,894118,GGally
2018-09-03,946,895064,GGally
2018-09-04,1187,896251,GGally
2018-09-05,1196,897447,GGally
2018-09-06,1041,898488,GGally
2018-09-07,1078,899566,GGally
2018-09-08,491,900057,GGally
2018-09-09,591,900648,GGally
2018-09-10,1037,901685,GGally
2018-09-11,1263,902948,GGally
2018-09-12,1514,904462,GGally
2018-09-13,1555,906017,GGally
2018-09-14,1488,907505,GGally
2018-09-15,663,908168,GGally
2018-09-16,767,908935,GGally
2018-09-17,1930,910865,GGally
2018-09-18,1576,912441,GGally
2018-09-19,1903,914344,GGally
2018-09-20,1698,916042,GGally
2018-09-21,1365,917407,GGally
2018-09-22,671,918078,GGally
2018-09-23,760,918838,GGally
2018-09-24,1664,920502,GGally
2018-09-25,1758,922260,GGally
2018-09-26,1517,923777,GGally
2018-09-27,1605,925382,GGally
2018-09-28,1330,926712,GGally
2018-09-29,758,927470,GGally
2018-09-30,741,928211,GGally
2018-10-01,1641,929852,GGally
2018-10-02,1688,931540,GGally
2018-10-03,1780,933320,GGally
2018-10-04,1920,935240,GGally
2018-10-05,1602,936842,GGally
2018-10-06,696,937538,GGally
2018-10-07,745,938283,GGally
2018-10-08,1671,939954,GGally
2018-10-09,1788,941742,GGally
2018-10-10,1965,943707,GGally
2018-10-11,1748,945455,GGally
2018-10-12,1667,947122,GGally
2018-10-13,794,947916,GGally
2018-10-14,682,948598,GGally
2018-10-15,1787,950385,GGally
2018-10-16,1729,952114,GGally
2018-10-17,1709,953823,GGally
2018-10-18,1613,955436,GGally
2018-10-19,1455,956891,GGally
2018-10-20,752,957643,GGally
2018-10-21,717,958360,GGally
2018-10-22,1875,960235,GGally
2018-10-23,1699,961934,GGally
2018-10-24,1911,963845,GGally
2018-10-25,1727,965572,GGally
2018-10-26,1522,967094,GGally
2018-10-27,710,967804,GGally
2018-10-28,799,968603,GGally
2018-10-29,1861,970464,GGally
2018-10-30,1821,972285,GGally
2018-10-31,1915,974200,GGally
2018-11-01,1670,975870,GGally
2018-11-02,1314,977184,GGally
2018-11-03,711,977895,GGally
2018-11-04,853,978748,GGally
2018-11-05,1653,980401,GGally
2018-11-06,2003,982404,GGally
2018-11-07,1748,984152,GGally
2018-11-08,1729,985881,GGally
2018-11-09,1514,987395,GGally
2018-11-10,797,988192,GGally
2018-11-11,842,989034,GGally
2018-11-12,1693,990727,GGally
2018-11-13,1752,992479,GGally
2018-11-14,1785,994264,GGally
2018-11-15,1634,995898,GGally
2018-11-16,1424,997322,GGally
2018-11-17,806,998128,GGally
2018-11-18,863,998991,GGally
2018-11-19,1593,1000584,GGally
2018-11-20,1733,1002317,GGally
2018-11-21,1518,1003835,GGally
2018-11-22,1455,1005290,GGally
2018-11-23,1161,1006451,GGally
2018-11-24,762,1007213,GGally
2018-11-25,921,1008134,GGally
2018-11-26,1988,1010122,GGally
2018-11-27,2115,1012237,GGally
2018-11-28,2020,1014257,GGally
2018-11-29,1891,1016148,GGally
2018-11-30,1714,1017862,GGally
2018-12-01,869,1018731,GGally
2018-12-02,859,1019590,GGally
2018-12-03,1988,1021578,GGally
2018-12-04,2076,1023654,GGally
2018-12-05,1794,1025448,GGally
2018-12-06,1651,1027099,GGally
2018-12-07,1477,1028576,GGally
2018-12-08,941,1029517,GGally
2018-12-09,780,1030297,GGally
2018-12-10,1577,1031874,GGally
2018-12-11,1685,1033559,GGally
2018-12-12,1652,1035211,GGally
2018-12-13,1670,1036881,GGally
2018-12-14,1326,1038207,GGally
2018-12-15,671,1038878,GGally
2018-12-16,741,1039619,GGally
2018-12-17,1770,1041389,GGally
2018-12-18,1415,1042804,GGally
2018-12-19,1397,1044201,GGally
2018-12-20,1186,1045387,GGally
2018-12-21,1042,1046429,GGally
2018-12-22,439,1046868,GGally
2018-12-23,503,1047371,GGally
2018-12-24,462,1047833,GGally
2018-12-25,368,1048201,GGally
2018-12-26,720,1048921,GGally
2018-12-27,915,1049836,GGally
2018-12-28,710,1050546,GGally
2018-12-29,493,1051039,GGally
2018-12-30,427,1051466,GGally
2018-12-31,459,1051925,GGally
2019-01-01,391,1052316,GGally
2019-01-02,989,1053305,GGally
2019-01-03,1065,1054370,GGally
2019-01-04,1063,1055433,GGally
2019-01-05,622,1056055,GGally
2019-01-06,539,1056594,GGally
2019-01-07,1282,1057876,GGally
2019-01-08,1433,1059309,GGally
2019-01-09,1605,1060914,GGally
2019-01-10,1466,1062380,GGally
2019-01-11,1252,1063632,GGally
2019-01-12,654,1064286,GGally
2019-01-13,728,1065014,GGally
2019-01-14,1525,1066539,GGally
2019-01-15,1420,1067959,GGally
2019-01-16,1562,1069521,GGally
2019-01-17,1961,1071482,GGally
2019-01-18,1342,1072824,GGally
2019-01-19,732,1073556,GGally
2019-01-20,740,1074296,GGally
2019-01-21,1652,1075948,GGally
2019-01-22,1836,1077784,GGally
2019-01-23,2035,1079819,GGally
2019-01-24,1586,1081405,GGally
2019-01-25,1535,1082940,GGally
2019-01-26,681,1083621,GGally
2019-01-27,810,1084431,GGally
2019-01-28,1819,1086250,GGally
2019-01-29,1851,1088101,GGally
2019-01-30,1609,1089710,GGally
2019-01-31,1580,1091290,GGally
2019-02-01,1509,1092799,GGally
2019-02-02,702,1093501,GGally
2019-02-03,774,1094275,GGally
2019-02-04,1474,1095749,GGally
2019-02-05,1795,1097544,GGally
2019-02-06,1711,1099255,GGally
2019-02-07,1868,1101123,GGally
2019-02-08,1577,1102700,GGally
2019-02-09,722,1103422,GGally
2019-02-10,791,1104213,GGally
2019-02-11,1730,1105943,GGally
2019-02-12,1852,1107795,GGally
2019-02-13,1840,1109635,GGally
2019-02-14,1887,1111522,GGally
2019-02-15,1733,1113255,GGally
2019-02-16,769,1114024,GGally
2019-02-17,964,1114988,GGally
2019-02-18,1909,1116897,GGally
2019-02-19,2019,1118916,GGally
2019-02-20,2267,1121183,GGally
2019-02-21,2082,1123265,GGally
2019-02-22,1733,1124998,GGally
2019-02-23,1022,1126020,GGally
2019-02-24,1001,1127021,GGally
2019-02-25,2024,1129045,GGally
2019-02-26,1925,1130970,GGally
2019-02-27,1839,1132809,GGally
2019-02-28,2054,1134863,GGally
2019-03-01,1716,1136579,GGally
2019-03-02,901,1137480,GGally
2019-03-03,947,1138427,GGally
2019-03-04,1749,1140176,GGally
2019-03-05,1854,1142030,GGally
2019-03-06,1921,1143951,GGally
2019-03-07,2009,1145960,GGally
2019-03-08,1594,1147554,GGally
2019-03-09,889,1148443,GGally
2019-03-10,835,1149278,GGally
2019-03-11,1895,1151173,GGally
2019-03-12,2482,1153655,GGally
2019-03-13,1967,1155622,GGally
2019-03-14,2003,1157625,GGally
2019-03-15,1825,1159450,GGally
2019-03-16,1068,1160518,GGally
2019-03-17,1219,1161737,GGally
2019-03-18,2204,1163941,GGally
2019-03-19,1978,1165919,GGally
2019-03-20,2124,1168043,GGally
2019-03-21,2164,1170207,GGally
2019-03-22,1771,1171978,GGally
2019-03-23,1013,1172991,GGally
2019-03-24,1103,1174094,GGally
2019-03-25,2481,1176575,GGally
2019-03-26,2679,1179254,GGally
2019-03-27,2399,1181653,GGally
2019-03-28,2134,1183787,GGally
2019-03-29,1578,1185365,GGally
2019-03-30,996,1186361,GGally
2019-03-31,1079,1187440,GGally
2019-04-01,1957,1189397,GGally
2019-04-02,2217,1191614,GGally
2019-04-03,2135,1193749,GGally
2019-04-04,2083,1195832,GGally
2019-04-05,2100,1197932,GGally
2019-04-06,1451,1199383,GGally
2019-04-07,1485,1200868,GGally
2019-04-08,2309,1203177,GGally
2019-04-09,2473,1205650,GGally
2019-04-10,2613,1208263,GGally
2019-04-11,2310,1210573,GGally
2019-04-12,1931,1212504,GGally
2019-04-13,1066,1213570,GGally
2019-04-14,1154,1214724,GGally
2019-04-15,2234,1216958,GGally
2019-04-16,2025,1218983,GGally
2019-04-17,2425,1221408,GGally
2019-04-18,2016,1223424,GGally
2019-04-19,1707,1225131,GGally
2019-04-20,1011,1226142,GGally
2019-04-21,1033,1227175,GGally
2019-04-22,1666,1228841,GGally
2019-04-23,2008,1230849,GGally
2019-04-24,2157,1233006,GGally
2019-04-25,2086,1235092,GGally
2019-04-26,1723,1236815,GGally
2019-04-27,1221,1238036,GGally
2019-04-28,1319,1239355,GGally
2019-04-29,2221,1241576,GGally
2019-04-30,2289,1243865,GGally
2019-05-01,1957,1245822,GGally
2019-05-02,2434,1248256,GGally
2019-05-03,1898,1250154,GGally
2019-05-04,1195,1251349,GGally
2019-05-05,1216,1252565,GGally
2019-05-06,2374,1254939,GGally
2019-05-07,2189,1257128,GGally
2019-05-08,2481,1259609,GGally
2019-05-09,2165,1261774,GGally
2019-05-10,1791,1263565,GGally
2019-05-11,1261,1264826,GGally
2019-05-12,1211,1266037,GGally
2019-05-13,2092,1268129,GGally
2019-05-14,2309,1270438,GGally
2019-05-15,2287,1272725,GGally
2019-05-16,2310,1275035,GGally
2019-05-17,1824,1276859,GGally
2019-05-18,1268,1278127,GGally
2019-05-19,1248,1279375,GGally
2019-05-20,2029,1281404,GGally
2019-05-21,2429,1283833,GGally
2019-05-22,2323,1286156,GGally
2019-05-23,2272,1288428,GGally
2019-05-24,1917,1290345,GGally
2019-05-25,1175,1291520,GGally
2019-05-26,1058,1292578,GGally
2019-05-27,1855,1294433,GGally
2019-05-28,2005,1296438,GGally
2019-05-29,2094,1298532,GGally
2019-05-30,1963,1300495,GGally
2019-05-31,1671,1302166,GGally
2019-06-01,1146,1303312,GGally
2019-06-02,1178,1304490,GGally
2019-06-03,1755,1306245,GGally
2019-06-04,2139,1308384,GGally
2019-06-05,1970,1310354,GGally
2019-06-06,2391,1312745,GGally
2019-06-07,1991,1314736,GGally
2019-06-08,972,1315708,GGally
2019-06-09,1000,1316708,GGally
2019-06-10,2125,1318833,GGally
2019-06-11,2237,1321070,GGally
2019-06-12,2103,1323173,GGally
2019-06-13,2119,1325292,GGally
2019-06-14,1769,1327061,GGally
2019-06-15,1102,1328163,GGally
2019-06-16,995,1329158,GGally
2019-06-17,2091,1331249,GGally
2019-06-18,2131,1333380,GGally
2019-06-19,2169,1335549,GGally
2019-06-20,1881,1337430,GGally
2019-06-21,1595,1339025,GGally
2019-06-22,1077,1340102,GGally
2019-06-23,990,1341092,GGally
2019-06-24,1998,1343090,GGally
2019-06-25,2316,1345406,GGally
2019-06-26,1989,1347395,GGally
2019-06-27,1845,1349240,GGally
2019-06-28,1707,1350947,GGally
2019-06-29,982,1351929,GGally
2019-06-30,970,1352899,GGally
2019-07-01,1782,1354681,GGally
2019-07-02,2015,1356696,GGally
2019-07-03,1861,1358557,GGally
2019-07-04,1396,1359953,GGally
2019-07-05,1345,1361298,GGally
2019-07-06,890,1362188,GGally
2019-07-07,848,1363036,GGally
2019-07-08,1946,1364982,GGally
2019-07-09,1968,1366950,GGally
2019-07-10,1898,1368848,GGally
2019-07-11,1845,1370693,GGally
2019-07-12,1577,1372270,GGally
2019-07-13,844,1373114,GGally
2019-07-14,964,1374078,GGally
2019-07-15,1903,1375981,GGally
2019-07-16,1789,1377770,GGally
2019-07-17,1801,1379571,GGally
2019-07-18,1966,1381537,GGally
2019-07-19,1672,1383209,GGally
2019-07-20,857,1384066,GGally
2019-07-21,933,1384999,GGally
2019-07-22,1944,1386943,GGally
2019-07-23,2092,1389035,GGally
2019-07-24,2218,1391253,GGally
2019-07-25,2070,1393323,GGally
2019-07-26,1617,1394940,GGally
2019-07-27,1005,1395945,GGally
2019-07-28,846,1396791,GGally
2019-07-29,1989,1398780,GGally
2019-07-30,2127,1400907,GGally
2019-07-31,2058,1402965,GGally
2019-08-01,1932,1404897,GGally
2019-08-02,1707,1406604,GGally
2019-08-03,803,1407407,GGally
2019-08-04,894,1408301,GGally
2019-08-05,1794,1410095,GGally
2019-08-06,1729,1411824,GGally
2019-08-07,1867,1413691,GGally
2019-08-08,2068,1415759,GGally
2019-08-09,1596,1417355,GGally
2019-08-10,908,1418263,GGally
2019-08-11,1014,1419277,GGally
2019-08-12,1829,1421106,GGally
2019-08-13,2002,1423108,GGally
2019-08-14,2088,1425196,GGally
2019-08-15,1382,1426578,GGally
2019-08-16,1409,1427987,GGally
2019-08-17,1162,1429149,GGally
2019-08-18,923,1430072,GGally
2019-08-19,1901,1431973,GGally
2019-08-20,1843,1433816,GGally
2019-08-21,1906,1435722,GGally
2019-08-22,1850,1437572,GGally
2019-08-23,1594,1439166,GGally
2019-08-24,911,1440077,GGally
2019-08-25,1124,1441201,GGally
2019-08-26,1983,1443184,GGally
2019-08-27,2594,1445778,GGally
2019-08-28,2381,1448159,GGally
2019-08-29,2237,1450396,GGally
2019-08-30,1805,1452201,GGally
2019-08-31,1172,1453373,GGally
2019-09-01,990,1454363,GGally
2019-09-02,1538,1455901,GGally
2019-09-03,2255,1458156,GGally
2019-09-04,2174,1460330,GGally
2019-09-05,2160,1462490,GGally
2019-09-06,1689,1464179,GGally
2019-09-07,991,1465170,GGally
2019-09-08,1037,1466207,GGally
2019-09-09,2168,1468375,GGally
2019-09-10,2289,1470664,GGally
2019-09-11,2400,1473064,GGally
2019-09-12,2270,1475334,GGally
2019-09-13,2002,1477336,GGally
2019-09-14,1045,1478381,GGally
2019-09-15,1193,1479574,GGally
2019-09-16,2539,1482113,GGally
2019-09-17,2733,1484846,GGally
2019-09-18,2367,1487213,GGally
2019-09-19,2633,1489846,GGally
2019-09-20,1871,1491717,GGally
2019-09-21,1172,1492889,GGally
2019-09-22,1145,1494034,GGally
2019-09-23,2222,1496256,GGally
2019-09-24,2953,1499209,GGally
2019-09-25,2762,1501971,GGally
2019-09-26,2573,1504544,GGally
2019-09-27,2339,1506883,GGally
2019-09-28,1066,1507949,GGally
2019-09-29,1250,1509199,GGally
2019-09-30,2746,1511945,GGally
2019-10-01,2713,1514658,GGally
2019-10-02,2775,1517433,GGally
2019-10-03,2775,1520208,GGally
2019-10-04,2283,1522491,GGally
2019-10-05,1316,1523807,GGally
2019-10-06,1349,1525156,GGally
2019-10-07,2631,1527787,GGally
2019-10-08,2790,1530577,GGally
2019-10-09,2567,1533144,GGally
2019-10-10,2765,1535909,GGally
2019-10-11,2298,1538207,GGally
2019-10-12,1358,1539565,GGally
2019-10-13,1353,1540918,GGally
2019-10-14,2404,1543322,GGally
2019-10-15,2507,1545829,GGally
2019-10-16,2856,1548685,GGally
2019-10-17,2636,1551321,GGally
2019-10-18,2264,1553585,GGally
2019-10-19,1252,1554837,GGally
2019-10-20,1307,1556144,GGally
2019-10-21,2767,1558911,GGally
2019-10-22,2748,1561659,GGally
2019-10-23,3105,1564764,GGally
2019-10-24,2907,1567671,GGally
2019-10-25,2811,1570482,GGally
2019-10-26,1434,1571916,GGally
2019-10-27,1545,1573461,GGally
2019-10-28,2576,1576037,GGally
2019-10-29,3433,1579470,GGally
2019-10-30,3012,1582482,GGally
2019-10-31,3377,1585859,GGally
2019-11-01,1854,1587713,GGally
2019-11-02,1248,1588961,GGally
2019-11-03,1187,1590148,GGally
2019-11-04,2688,1592836,GGally
2019-11-05,3443,1596279,GGally
2019-11-06,2896,1599175,GGally
2019-11-07,2953,1602128,GGally
2019-11-08,2451,1604579,GGally
2019-11-09,1645,1606224,GGally
2019-11-10,1870,1608094,GGally
2019-11-11,2675,1610769,GGally
2019-11-12,3495,1614264,GGally
2019-11-13,2779,1617043,GGally
2019-11-14,2922,1619965,GGally
2019-11-15,2340,1622305,GGally
2019-11-16,1417,1623722,GGally
2019-11-17,1382,1625104,GGally
2019-11-18,2586,1627690,GGally
2019-11-19,3556,1631246,GGally
2019-11-20,2733,1633979,GGally
2019-11-21,2581,1636560,GGally
2019-11-22,2149,1638709,GGally
2019-11-23,1316,1640025,GGally
2019-11-24,1371,1641396,GGally
2019-11-25,2906,1644302,GGally
2019-11-26,2995,1647297,GGally
2019-11-27,2416,1649713,GGally
2019-11-28,2031,1651744,GGally
2019-11-29,1603,1653347,GGally
2019-11-30,1366,1654713,GGally
2019-12-01,1335,1656048,GGally
2019-12-02,2507,1658555,GGally
2019-12-03,3102,1661657,GGally
2019-12-04,2523,1664180,GGally
2019-12-05,2551,1666731,GGally
2019-12-06,2245,1668976,GGally
2019-12-07,1406,1670382,GGally
2019-12-08,1401,1671783,GGally
2019-12-09,2573,1674356,GGally
2019-12-10,3012,1677368,GGally
2019-12-11,2379,1679747,GGally
2019-12-12,2491,1682238,GGally
2019-12-13,1990,1684228,GGally
2019-12-14,1296,1685524,GGally
2019-12-15,1291,1686815,GGally
2019-12-16,2187,1689002,GGally
2019-12-17,2701,1691703,GGally
2019-12-18,2270,1693973,GGally
2019-12-19,2006,1695979,GGally
2019-12-20,1617,1697596,GGally
2019-12-21,844,1698440,GGally
2019-12-22,823,1699263,GGally
2019-12-23,1426,1700689,GGally
2019-12-24,1579,1702268,GGally
2019-12-25,751,1703019,GGally
2019-12-26,845,1703864,GGally
2019-12-27,875,1704739,GGally
2019-12-28,640,1705379,GGally
2019-12-29,693,1706072,GGally
2019-12-30,1011,1707083,GGally
2019-12-31,1330,1708413,GGally
2020-01-01,689,1709102,GGally
2020-01-02,1228,1710330,GGally
2020-01-03,1114,1711444,GGally
2020-01-04,861,1712305,GGally
2020-01-05,833,1713138,GGally
2020-01-06,1673,1714811,GGally
2020-01-07,2825,1717636,GGally
2020-01-08,2196,1719832,GGally
2020-01-09,2224,1722056,GGally
2020-01-10,2076,1724132,GGally
2020-01-11,1009,1725141,GGally
2020-01-12,911,1726052,GGally
2020-01-13,2046,1728098,GGally
2020-01-14,2654,1730752,GGally
2020-01-15,2325,1733077,GGally
2020-01-16,2413,1735490,GGally
2020-01-17,1884,1737374,GGally
2020-01-18,984,1738358,GGally
2020-01-19,1022,1739380,GGally
2020-01-20,1795,1741175,GGally
2020-01-21,3252,1744427,GGally
2020-01-22,2744,1747171,GGally
2020-01-23,2528,1749699,GGally
2020-01-24,2241,1751940,GGally
2020-01-25,1057,1752997,GGally
2020-01-26,1227,1754224,GGally
2020-01-27,3327,1757551,GGally
2020-01-28,3417,1760968,GGally
2020-01-29,2575,1763543,GGally
2020-01-30,3158,1766701,GGally
2020-01-31,2477,1769178,GGally
2020-02-01,1067,1770245,GGally
2020-02-02,1146,1771391,GGally
2020-02-03,2319,1773710,GGally
2020-02-04,3438,1777148,GGally
2020-02-05,2726,1779874,GGally
2020-02-06,2440,1782314,GGally
2020-02-07,2222,1784536,GGally
2020-02-08,1111,1785647,GGally
2020-02-09,1123,1786770,GGally
2020-02-10,2466,1789236,GGally
2020-02-11,2848,1792084,GGally
2020-02-12,2706,1794790,GGally
2020-02-13,2193,1796983,GGally
2020-02-14,2008,1798991,GGally
2020-02-15,1240,1800231,GGally
2020-02-16,1188,1801419,GGally
2020-02-17,2537,1803956,GGally
2020-02-18,2847,1806803,GGally
2020-02-19,2710,1809513,GGally
2020-02-20,2460,1811973,GGally
2020-02-21,2282,1814255,GGally
2020-02-22,1626,1815881,GGally
2020-02-23,1564,1817445,GGally
2020-02-24,2588,1820033,GGally
2020-02-25,2663,1822696,GGally
2020-02-26,2359,1825055,GGally
2020-02-27,2576,1827631,GGally
2020-02-28,2068,1829699,GGally
2020-02-29,368,1830067,GGally
2020-03-01,1270,1831337,GGally
2020-03-02,2519,1833856,GGally
2020-03-03,2669,1836525,GGally
2020-03-04,3049,1839574,GGally
2020-03-05,2809,1842383,GGally
2020-03-06,2817,1845200,GGally
2020-03-07,1413,1846613,GGally
2020-03-08,1309,1847922,GGally
2020-03-09,2661,1850583,GGally
2020-03-10,2566,1853149,GGally
2020-03-11,2679,1855828,GGally
2020-03-12,2310,1858138,GGally
2020-03-13,1989,1860127,GGally
2020-03-14,1217,1861344,GGally
2020-03-15,1315,1862659,GGally
2020-03-16,2244,1864903,GGally
2020-03-17,2802,1867705,GGally
2020-03-18,2570,1870275,GGally
2020-03-19,2028,1872303,GGally
2020-03-20,2190,1874493,GGally
2020-03-21,1628,1876121,GGally
2020-03-22,1582,1877703,GGally
2020-03-23,2590,1880293,GGally
2020-03-24,2669,1882962,GGally
2020-03-25,3348,1886310,GGally
2020-03-26,4501,1890811,GGally
2020-03-27,4113,1894924,GGally
2020-03-28,2334,1897258,GGally
2020-03-29,2475,1899733,GGally
2020-03-30,3801,1903534,GGally
2020-03-31,4119,1907653,GGally
2020-04-01,3729,1911382,GGally
2020-04-02,3532,1914914,GGally
2020-04-03,3195,1918109,GGally
2020-04-04,2145,1920254,GGally
2020-04-05,2183,1922437,GGally
2020-04-06,3442,1925879,GGally
2020-04-07,3468,1929347,GGally
2020-04-08,3601,1932948,GGally
2020-04-09,3364,1936312,GGally
2020-04-10,3141,1939453,GGally
2020-04-11,1757,1941210,GGally
2020-04-12,1756,1942966,GGally
2020-04-13,3170,1946136,GGally
2020-04-14,3398,1949534,GGally
2020-04-15,3261,1952795,GGally
2020-04-16,3153,1955948,GGally
2020-04-17,2910,1958858,GGally
2020-04-18,1983,1960841,GGally
2020-04-19,1974,1962815,GGally
2020-04-20,3082,1965897,GGally
2020-04-21,3381,1969278,GGally
2020-04-22,3406,1972684,GGally
2020-04-23,4331,1977015,GGally
2020-04-24,3460,1980475,GGally
2020-04-25,2518,1982993,GGally
2020-04-26,2539,1985532,GGally
2020-04-27,3904,1989436,GGally
2020-04-28,3883,1993319,GGally
2020-04-29,3792,1997111,GGally
2020-04-30,3332,2000443,GGally
2020-05-01,2945,2003388,GGally
2020-05-02,2242,2005630,GGally
2020-05-03,2294,2007924,GGally
2020-05-04,3490,2011414,GGally
2020-05-05,3513,2014927,GGally
2020-05-06,3868,2018795,GGally
2020-05-07,3395,2022190,GGally
2020-05-08,2847,2025037,GGally
2020-05-09,1986,2027023,GGally
2020-05-10,2032,2029055,GGally
2020-05-11,3135,2032190,GGally
2020-05-12,3312,2035502,GGally
2020-05-13,3289,2038791,GGally
2020-05-14,3082,2041873,GGally
2020-05-15,3069,2044942,GGally
2020-05-16,2123,2047065,GGally
2020-05-17,2164,2049229,GGally
2020-05-18,3066,2052295,GGally
2020-05-19,3190,2055485,GGally
2020-05-20,2960,2058445,GGally
2020-05-21,2742,2061187,GGally
2020-05-22,2686,2063873,GGally
2020-05-23,1916,2065789,GGally
2020-05-24,1974,2067763,GGally
2020-05-25,2777,2070540,GGally
2020-05-26,3178,2073718,GGally
2020-05-27,3083,2076801,GGally
2020-05-28,3049,2079850,GGally
2020-05-29,2659,2082509,GGally
2020-05-30,1864,2084373,GGally
2020-05-31,1927,2086300,GGally
2020-06-01,2730,2089030,GGally
2020-06-02,2876,2091906,GGally
2020-06-03,2871,2094777,GGally
2020-06-04,2849,2097626,GGally
2020-06-05,2703,2100329,GGally
2020-06-06,2858,2103187,GGally
2020-06-07,2994,2106181,GGally
2020-06-08,4418,2110599,GGally
2020-06-09,4254,2114853,GGally
2020-06-10,3773,2118626,GGally
2020-06-11,3161,2121787,GGally
2020-06-12,2852,2124639,GGally
2020-06-13,1978,2126617,GGally
2020-06-14,2072,2128689,GGally
2020-06-15,3202,2131891,GGally
2020-06-16,3456,2135347,GGally
2020-06-17,3349,2138696,GGally
2020-06-18,2907,2141603,GGally
2020-06-19,2499,2144102,GGally
2020-06-20,1575,2145677,GGally
2020-06-21,1647,2147324,GGally
2020-06-22,3057,2150381,GGally
2020-06-23,3130,2153511,GGally
2020-06-24,2815,2156326,GGally
2020-06-25,2758,2159084,GGally
2020-06-26,2716,2161800,GGally
2020-06-27,1489,2163289,GGally
2020-06-28,1629,2164918,GGally
2020-06-29,2800,2167718,GGally
2020-06-30,2907,2170625,GGally
2020-07-01,2557,2173182,GGally
2020-07-02,2965,2176147,GGally
2020-07-03,2707,2178854,GGally
2020-07-04,1362,2180216,GGally
2020-07-05,1506,2181722,GGally
2020-07-06,2690,2184412,GGally
2020-07-07,2764,2187176,GGally
2020-07-08,2881,2190057,GGally
2020-07-09,2955,2193012,GGally
2020-07-10,4107,2197119,GGally
2020-07-11,1472,2198591,GGally
2020-07-12,1439,2200030,GGally
2020-07-13,2765,2202795,GGally
2020-07-14,2724,2205519,GGally
2020-07-15,2562,2208081,GGally
2020-07-16,2416,2210497,GGally
2020-07-17,2647,2213144,GGally
2020-07-18,1373,2214517,GGally
2020-07-19,1416,2215933,GGally
2020-07-20,2436,2218369,GGally
2020-07-21,2641,2221010,GGally
2020-07-22,2785,2223795,GGally
2020-07-23,2468,2226263,GGally
2020-07-24,2048,2228311,GGally
2020-07-25,1294,2229605,GGally
2020-07-26,1343,2230948,GGally
2020-07-27,2670,2233618,GGally
2020-07-28,2795,2236413,GGally
2020-07-29,2610,2239023,GGally
2020-07-30,2961,2241984,GGally
2020-07-31,2353,2244337,GGally
2020-08-01,1518,2245855,GGally
2020-08-02,1669,2247524,GGally
2020-08-03,2597,2250121,GGally
2020-08-04,2621,2252742,GGally
2020-08-05,2666,2255408,GGally
2020-08-06,2612,2258020,GGally
2020-08-07,2251,2260271,GGally
2020-08-08,1292,2261563,GGally
2020-08-09,1427,2262990,GGally
2020-08-10,2418,2265408,GGally
2020-08-11,2653,2268061,GGally
2020-08-12,2485,2270546,GGally
2020-08-13,2753,2273299,GGally
2020-08-14,2240,2275539,GGally
2020-08-15,1694,2277233,GGally
2020-08-16,1697,2278930,GGally
2020-08-17,2610,2281540,GGally
2020-08-18,2611,2284151,GGally
2020-08-19,2760,2286911,GGally
2020-08-20,2539,2289450,GGally
2020-08-21,2203,2291653,GGally
2020-08-22,1640,2293293,GGally
2020-08-23,1919,2295212,GGally
2020-08-24,2594,2297806,GGally
2020-08-25,2850,2300656,GGally
2020-08-26,3176,2303832,GGally
2020-08-27,2695,2306527,GGally
2020-08-28,2329,2308856,GGally
2020-08-29,1677,2310533,GGally
2020-08-30,1786,2312319,GGally
2020-08-31,2832,2315151,GGally
2020-09-01,3206,2318357,GGally
2020-09-02,3023,2321380,GGally
2020-09-03,3268,2324648,GGally
2020-09-04,2386,2327034,GGally
2020-09-05,1729,2328763,GGally
2020-09-06,1620,2330383,GGally
2020-09-07,2714,2333097,GGally
2020-09-08,3182,2336279,GGally
2020-09-09,3346,2339625,GGally
2020-09-10,3295,2342920,GGally
2020-09-11,3083,2346003,GGally
2020-09-12,1820,2347823,GGally
2020-09-13,1795,2349618,GGally
2020-09-14,3006,2352624,GGally
2020-09-15,3316,2355940,GGally
2020-09-16,3274,2359214,GGally
2020-09-17,4898,2364112,GGally
2020-09-18,6641,2370753,GGally
2020-09-19,2201,2372954,GGally
2020-09-20,1943,2374897,GGally
2020-09-21,3088,2377985,GGally
2020-09-22,3721,2381706,GGally
2020-09-23,3800,2385506,GGally
2020-09-24,3442,2388948,GGally
2020-09-25,3363,2392311,GGally
2020-09-26,2067,2394378,GGally
2020-09-27,2169,2396547,GGally
2020-09-28,3046,2399593,GGally
2020-09-29,3572,2403165,GGally
2020-09-30,3818,2406983,GGally
2020-10-01,3496,2410479,GGally
2020-10-02,3307,2413786,GGally
2020-10-03,1925,2415711,GGally
2020-10-04,1734,2417445,GGally
2020-10-05,2997,2420442,GGally
2020-10-06,3581,2424023,GGally
2020-10-07,2952,2426975,GGally
2020-10-08,3015,2429990,GGally
2020-10-09,2218,2432208,GGally
2020-10-10,1428,2433636,GGally
2020-10-11,1494,2435130,GGally
2020-10-12,2733,2437863,GGally
2020-10-13,2842,2440705,GGally
2020-10-14,3103,2443808,GGally
2020-10-15,2813,2446621,GGally
2020-10-16,2289,2448910,GGally
2020-10-17,1568,2450478,GGally
2020-10-18,1733,2452211,GGally
2020-10-19,2877,2455088,GGally
2020-10-20,3265,2458353,GGally
2020-10-21,2939,2461292,GGally
2020-10-22,2839,2464131,GGally
2020-10-23,2353,2466484,GGally
2020-10-24,1495,2467979,GGally
2020-10-25,1470,2469449,GGally
2020-10-26,2417,2471866,GGally
2020-10-27,3044,2474910,GGally
2020-10-28,2580,2477490,GGally
2020-10-29,2602,2480092,GGally
2020-10-30,2221,2482313,GGally
2020-10-31,1431,2483744,GGally
2020-11-01,1508,2485252,GGally
2020-11-02,2607,2487859,GGally
2020-11-03,3079,2490938,GGally
2020-11-04,2878,2493816,GGally
2020-11-05,2902,2496718,GGally
2020-11-06,2458,2499176,GGally
2020-11-07,1705,2500881,GGally
2020-11-08,1789,2502670,GGally
2020-11-09,3403,2506073,GGally
2020-11-10,3148,2509221,GGally
2020-11-11,3148,2512369,GGally
2020-11-12,2830,2515199,GGally
2020-11-13,2376,2517575,GGally
2020-11-14,1445,2519020,GGally
2020-11-15,1694,2520714,GGally
2020-11-16,2875,2523589,GGally
2020-11-17,2993,2526582,GGally
2020-11-18,3060,2529642,GGally
2020-11-19,2848,2532490,GGally
2020-11-20,2352,2534842,GGally
2020-11-21,1591,2536433,GGally
2020-11-22,1697,2538130,GGally
2020-11-23,2641,2540771,GGally
2020-11-24,2899,2543670,GGally
2020-11-25,2410,2546080,GGally
2020-11-26,2463,2548543,GGally
2020-11-27,2229,2550772,GGally
2020-11-28,1422,2552194,GGally
2020-11-29,1690,2553884,GGally
2020-11-30,2883,2556767,GGally
2020-12-01,2689,2559456,GGally
2020-12-02,2706,2562162,GGally
2020-12-03,2865,2565027,GGally
2020-12-04,2879,2567906,GGally
2020-12-05,1687,2569593,GGally
2020-12-06,1618,2571211,GGally
2020-12-07,2649,2573860,GGally
2020-12-08,2601,2576461,GGally
2020-12-09,2629,2579090,GGally
2020-12-10,2419,2581509,GGally
2020-12-11,2231,2583740,GGally
2020-12-12,1486,2585226,GGally
2020-12-13,1463,2586689,GGally
2020-12-14,2351,2589040,GGally
2020-12-15,2859,2591899,GGally
2020-12-16,2414,2594313,GGally
2020-12-17,2346,2596659,GGally
2020-12-18,2034,2598693,GGally
2020-12-19,1143,2599836,GGally
2020-12-20,1210,2601046,GGally
2020-12-21,1772,2602818,GGally
2020-12-22,1670,2604488,GGally
2020-12-23,1412,2605900,GGally
2020-12-24,824,2606724,GGally
2020-12-25,693,2607417,GGally
2020-12-26,776,2608193,GGally
2020-12-27,904,2609097,GGally
2020-12-28,1269,2610366,GGally
2020-12-29,1288,2611654,GGally
2020-12-30,1341,2612995,GGally
2020-12-31,880,2613875,GGally
2021-01-01,767,2614642,GGally
2021-01-02,973,2615615,GGally
2021-01-03,1149,2616764,GGally
2021-01-04,2063,2618827,GGally
2021-01-05,2045,2620872,GGally
2021-01-06,3712,2624584,GGally
2021-01-07,3299,2627883,GGally
2021-01-08,2905,2630788,GGally
2021-01-09,1805,2632593,GGally
2021-01-10,2053,2634646,GGally
2021-01-11,3064,2637710,GGally
2021-01-12,2822,2640532,GGally
2021-01-13,3141,2643673,GGally
2021-01-14,2935,2646608,GGally
2021-01-15,2634,2649242,GGally
2021-01-16,1680,2650922,GGally
2021-01-17,1941,2652863,GGally
2021-01-18,3016,2655879,GGally
2021-01-19,3115,2658994,GGally
2021-01-20,3241,2662235,GGally
2021-01-21,2996,2665231,GGally
2021-01-22,2647,2667878,GGally
2021-01-23,1651,2669529,GGally
2021-01-24,1912,2671441,GGally
2021-01-25,2955,2674396,GGally
2021-01-26,3048,2677444,GGally
2021-01-27,2973,2680417,GGally
2021-01-28,2777,2683194,GGally
2021-01-29,2459,2685653,GGally
2021-01-30,1590,2687243,GGally
2021-01-31,1619,2688862,GGally
2021-02-01,3035,2691897,GGally
2021-02-02,2928,2694825,GGally
2021-02-03,3213,2698038,GGally
2021-02-04,2839,2700877,GGally
2021-02-05,2482,2703359,GGally
2021-02-06,1532,2704891,GGally
2021-02-07,1578,2706469,GGally
2021-02-08,2651,2709120,GGally
2021-02-09,2985,2712105,GGally
2021-02-10,2910,2715015,GGally
2021-02-11,2458,2717473,GGally
2021-02-12,2139,2719612,GGally
2021-02-13,1378,2720990,GGally
2021-02-14,1346,2722336,GGally
2021-02-15,2389,2724725,GGally
2021-02-16,2743,2727468,GGally
2021-02-17,2936,2730404,GGally
2021-02-18,2894,2733298,GGally
2021-02-19,2558,2735856,GGally
2021-02-20,1332,2737188,GGally
2021-02-21,1476,2738664,GGally
2021-02-22,2860,2741524,GGally
2021-02-23,2919,2744443,GGally
2021-02-24,3256,2747699,GGally
2021-02-25,2896,2750595,GGally
2021-02-26,2493,2753088,GGally
2021-02-27,1591,2754679,GGally
2021-02-28,1567,2756246,GGally
2021-03-01,3043,2759289,GGally
2021-03-02,2855,2762144,GGally
2021-03-03,3284,2765428,GGally
2021-03-04,3042,2768470,GGally
2021-03-05,2850,2771320,GGally
2021-03-06,1423,2772743,GGally
2021-03-07,1738,2774481,GGally
2021-03-08,4959,2779440,GGally
2021-03-09,4786,2784226,GGally
2021-03-10,4389,2788615,GGally
2021-03-11,4108,2792723,GGally
2021-03-12,3464,2796187,GGally
2021-03-13,2360,2798547,GGally
2021-03-14,2376,2800923,GGally
2021-03-15,3695,2804618,GGally
2021-03-16,3455,2808073,GGally
2021-03-17,3499,2811572,GGally
2021-03-18,3418,2814990,GGally
2021-03-19,2924,2817914,GGally
2021-03-20,1945,2819859,GGally
2021-03-21,1989,2821848,GGally
2021-03-22,3518,2825366,GGally
2021-03-23,3384,2828750,GGally
2021-03-24,3117,2831867,GGally
2021-03-25,3279,2835146,GGally
2021-03-26,2849,2837995,GGally
2021-03-27,1650,2839645,GGally
2021-03-28,1742,2841387,GGally
2021-03-29,3274,2844661,GGally
2021-03-30,3037,2847698,GGally
2021-03-31,3229,2850927,GGally
2021-04-01,2701,2853628,GGally
2021-04-02,2194,2855822,GGally
2021-04-03,1653,2857475,GGally
2021-04-04,1667,2859142,GGally
2021-04-05,2471,2861613,GGally
2021-04-06,3097,2864710,GGally
2021-04-07,3093,2867803,GGally
2021-04-08,3167,2870970,GGally
2021-04-09,2606,2873576,GGally
2021-04-10,1824,2875400,GGally
2021-04-11,1850,2877250,GGally
2021-04-12,3265,2880515,GGally
2021-04-13,3194,2883709,GGally
2021-04-14,3227,2886936,GGally
2021-04-15,2974,2889910,GGally
2021-04-16,2882,2892792,GGally
2021-04-17,1756,2894548,GGally
2021-04-18,1784,2896332,GGally
2021-04-19,3196,2899528,GGally
2021-04-20,3187,2902715,GGally
2021-04-21,3127,2905842,GGally
2021-04-22,3015,2908857,GGally
2021-04-23,2808,2911665,GGally
2021-04-24,1660,2913325,GGally
2021-04-25,1616,2914941,GGally
2021-04-26,2864,2917805,GGally
2021-04-27,2962,2920767,GGally
2021-04-28,3202,2923969,GGally
2021-04-29,2792,2926761,GGally
2021-04-30,2288,2929049,GGally
2021-05-01,1449,2930498,GGally
2021-05-02,1583,2932081,GGally
2021-05-03,2475,2934556,GGally
2021-05-04,2992,2937548,GGally
2021-05-05,2556,2940104,GGally
2021-05-06,2763,2942867,GGally
2021-05-07,2418,2945285,GGally
2021-05-08,1521,2946806,GGally
2021-05-09,1535,2948341,GGally
2021-05-10,2595,2950936,GGally
2021-05-11,2866,2953802,GGally
2021-05-12,2832,2956634,GGally
2021-05-13,2430,2959064,GGally
2021-05-14,2137,2961201,GGally
2021-05-15,1387,2962588,GGally
2021-05-16,1562,2964150,GGally
2021-05-17,2734,2966884,GGally
2021-05-18,3074,2969958,GGally
2021-05-19,3110,2973068,GGally
2021-05-20,3035,2976103,GGally
2021-05-21,2443,2978546,GGally
2021-05-22,1668,2980214,GGally
2021-05-23,1590,2981804,GGally
2021-05-24,2759,2984563,GGally
2021-05-25,2818,2987381,GGally
2021-05-26,2953,2990334,GGally
2021-05-27,2914,2993248,GGally
2021-05-28,2283,2995531,GGally
2021-05-29,1406,2996937,GGally
2021-05-30,1608,2998545,GGally
2021-05-31,2386,3000931,GGally
2021-06-01,2843,3003774,GGally
2021-06-02,2615,3006389,GGally
2021-06-03,2780,3009169,GGally
2021-06-04,2198,3011367,GGally
2021-06-05,1444,3012811,GGally
2021-06-06,1532,3014343,GGally
2021-06-07,2320,3016663,GGally
2021-06-08,2841,3019504,GGally
2021-06-09,2731,3022235,GGally
2021-06-10,2482,3024717,GGally
2021-06-11,2170,3026887,GGally
2021-06-12,1337,3028224,GGally
2021-06-13,1302,3029526,GGally
2021-06-14,2592,3032118,GGally
2021-06-15,2639,3034757,GGally
2021-06-16,2562,3037319,GGally
2021-06-17,2491,3039810,GGally
2021-06-18,2273,3042083,GGally
2021-06-19,1167,3043250,GGally
2021-06-20,1346,3044596,GGally
2021-06-21,3939,3048535,GGally
2021-06-22,4225,3052760,GGally
2021-06-23,3402,3056162,GGally
2021-06-24,3145,3059307,GGally
2021-06-25,2584,3061891,GGally
2021-06-26,1625,3063516,GGally
2021-06-27,1561,3065077,GGally
2021-06-28,2929,3068006,GGally
2021-06-29,2862,3070868,GGally
2021-06-30,2857,3073725,GGally
2021-07-01,2816,3076541,GGally
2021-07-02,2310,3078851,GGally
2021-07-03,1298,3080149,GGally
2021-07-04,1324,3081473,GGally
2021-07-05,2322,3083795,GGally
2021-07-06,2665,3086460,GGally
2021-07-07,2774,3089234,GGally
2021-07-08,2809,3092043,GGally
2021-07-09,2244,3094287,GGally
2021-07-10,1245,3095532,GGally
2021-07-11,1129,3096661,GGally
2021-07-12,2540,3099201,GGally
2021-07-13,2604,3101805,GGally
2021-07-14,2527,3104332,GGally
2021-07-15,2336,3106668,GGally
2021-07-16,2024,3108692,GGally
2021-07-17,1117,3109809,GGally
2021-07-18,1335,3111144,GGally
2021-07-19,2590,3113734,GGally
2021-07-20,2658,3116392,GGally
2021-07-21,2383,3118775,GGally
2021-07-22,2272,3121047,GGally
2021-07-23,1902,3122949,GGally
2021-07-24,1121,3124070,GGally
2021-07-25,1149,3125219,GGally
2021-07-26,2181,3127400,GGally
2021-07-27,2947,3130347,GGally
2021-07-28,2454,3132801,GGally
2021-07-29,1993,3134794,GGally
2021-07-30,1885,3136679,GGally
2021-07-31,1144,3137823,GGally
2021-08-01,1159,3138982,GGally
2021-08-02,2061,3141043,GGally
2021-08-03,2216,3143259,GGally
2021-08-04,2315,3145574,GGally
2021-08-05,2261,3147835,GGally
2021-08-06,1950,3149785,GGally
2021-08-07,1071,3150856,GGally
2021-08-08,1211,3152067,GGally
2021-08-09,2184,3154251,GGally
2021-08-10,2277,3156528,GGally
2021-08-11,2513,3159041,GGally
2021-08-12,2130,3161171,GGally
2021-08-13,2087,3163258,GGally
2021-08-14,1029,3164287,GGally
2021-08-15,1158,3165445,GGally
2021-08-16,2184,3167629,GGally
2021-08-17,2317,3169946,GGally
2021-08-18,2435,3172381,GGally
2021-08-19,2305,3174686,GGally
2021-08-20,1938,3176624,GGally
2021-08-21,991,3177615,GGally
2021-08-22,1128,3178743,GGally
2021-08-23,2738,3181481,GGally
2021-08-24,2515,3183996,GGally
2021-08-25,2560,3186556,GGally
2021-08-26,2347,3188903,GGally
2021-08-27,2129,3191032,GGally
2021-08-28,1051,3192083,GGally
2021-08-29,1141,3193224,GGally
2021-08-30,2469,3195693,GGally
2021-08-31,2570,3198263,GGally
2021-09-01,2634,3200897,GGally
2021-09-02,2586,3203483,GGally
2021-09-03,2146,3205629,GGally
2021-09-04,1134,3206763,GGally
2021-09-05,1173,3207936,GGally
2021-09-06,2282,3210218,GGally
2021-09-07,2699,3212917,GGally
2021-09-08,2886,3215803,GGally
2021-09-09,2686,3218489,GGally
2021-09-10,2293,3220782,GGally
2021-09-11,1220,3222002,GGally
2021-09-12,1316,3223318,GGally
2021-09-13,2802,3226120,GGally
2021-09-14,3225,3229345,GGally
2021-09-15,3021,3232366,GGally
2021-09-16,2986,3235352,GGally
2021-09-17,2557,3237909,GGally
2021-09-18,1314,3239223,GGally
2021-09-19,1293,3240516,GGally
2021-09-20,2716,3243232,GGally
2021-09-21,2769,3246001,GGally
2021-09-22,2825,3248826,GGally
2021-09-23,2844,3251670,GGally
2021-09-24,2585,3254255,GGally
2021-09-25,1171,3255426,GGally
2021-09-26,1416,3256842,GGally
2021-09-27,3130,3259972,GGally
2021-09-28,3427,3263399,GGally
2021-09-29,3171,3266570,GGally
2021-09-30,3202,3269772,GGally
2021-10-01,2507,3272279,GGally
2021-10-02,1359,3273638,GGally
2021-10-03,1352,3274990,GGally
2021-10-04,3045,3278035,GGally
2021-10-05,3429,3281464,GGally
2021-10-06,3462,3284926,GGally
2021-10-07,3523,3288449,GGally
2021-10-08,2757,3291206,GGally
2021-10-09,1416,3292622,GGally
2021-10-10,1467,3294089,GGally
2021-10-11,3032,3297121,GGally
2021-10-12,3463,3300584,GGally
2021-10-13,3319,3303903,GGally
2021-10-14,3243,3307146,GGally
2021-10-15,2709,3309855,GGally
2021-10-16,1466,3311321,GGally
2021-10-17,1695,3313016,GGally
2021-10-18,3217,3316233,GGally
2021-10-19,3313,3319546,GGally
2021-10-20,3408,3322954,GGally
2021-10-21,3431,3326385,GGally
2021-10-22,3149,3329534,GGally
2021-10-23,1679,3331213,GGally
2021-10-24,1646,3332859,GGally
2021-10-25,3241,3336100,GGally
2021-10-26,3643,3339743,GGally
2021-10-27,3412,3343155,GGally
2021-10-28,3477,3346632,GGally
2021-10-29,3148,3349780,GGally
2021-10-30,1547,3351327,GGally
2021-10-31,1582,3352909,GGally
2021-11-01,3059,3355968,GGally
2021-11-02,3274,3359242,GGally
2021-11-03,3144,3362386,GGally
2021-11-04,3206,3365592,GGally
2021-11-05,2682,3368274,GGally
2021-11-06,1454,3369728,GGally
2021-11-07,1628,3371356,GGally
2021-11-08,3389,3374745,GGally
2021-11-09,3561,3378306,GGally
2021-11-10,3374,3381680,GGally
2021-11-11,3282,3384962,GGally
2021-11-12,3085,3388047,GGally
2021-11-13,1716,3389763,GGally
2021-11-14,1741,3391504,GGally
2021-11-15,3200,3394704,GGally
2021-11-16,3676,3398380,GGally
2021-11-17,4066,3402446,GGally
2021-11-18,3264,3405710,GGally
2021-11-19,3111,3408821,GGally
2021-11-20,1477,3410298,GGally
2021-11-21,1655,3411953,GGally
2021-11-22,2912,3414865,GGally
2021-11-23,2878,3417743,GGally
2021-11-24,3009,3420752,GGally
2021-11-25,2728,3423480,GGally
2021-11-26,2268,3425748,GGally
2021-11-27,1406,3427154,GGally
2021-11-28,1502,3428656,GGally
2021-11-29,3097,3431753,GGally
2021-11-30,3229,3434982,GGally
2021-12-01,3134,3438116,GGally
2021-12-02,3061,3441177,GGally
2021-12-03,2894,3444071,GGally
2021-12-04,1701,3445772,GGally
2021-12-05,1848,3447620,GGally
2021-12-06,3062,3450682,GGally
2021-12-07,3304,3453986,GGally
2021-12-08,3136,3457122,GGally
2021-12-09,3190,3460312,GGally
2021-12-10,2715,3463027,GGally
2021-12-11,1820,3464847,GGally
2021-12-12,1589,3466436,GGally
2021-12-13,2792,3469228,GGally
2021-12-14,2612,3471840,GGally
2021-12-15,2616,3474456,GGally
2021-12-16,2575,3477031,GGally
2021-12-17,2294,3479325,GGally
2021-12-18,1223,3480548,GGally
2021-12-19,1349,3481897,GGally
2021-12-20,2022,3483919,GGally
2021-12-21,2271,3486190,GGally
2021-12-22,2375,3488565,GGally
2021-12-23,1636,3490201,GGally
2021-12-24,1201,3491402,GGally
2021-12-25,627,3492029,GGally
2021-12-26,798,3492827,GGally
2021-12-27,1229,3494056,GGally
2021-12-28,1528,3495584,GGally
2021-12-29,1600,3497184,GGally
2021-12-30,1403,3498587,GGally
2021-12-31,989,3499576,GGally
2022-01-01,594,3500170,GGally
2022-01-02,894,3501064,GGally
2022-01-03,1961,3503025,GGally
2022-01-04,2347,3505372,GGally
2022-01-05,2412,3507784,GGally
2022-01-06,2210,3509994,GGally
2022-01-07,1946,3511940,GGally
2022-01-08,1184,3513124,GGally
2022-01-09,1252,3514376,GGally
2022-01-10,2484,3516860,GGally
2022-01-11,2666,3519526,GGally
2022-01-12,2806,3522332,GGally
2022-01-13,2761,3525093,GGally
2022-01-14,2306,3527399,GGally
2022-01-15,1317,3528716,GGally
2022-01-16,1487,3530203,GGally
2022-01-17,2466,3532669,GGally
2022-01-18,2906,3535575,GGally
2022-01-19,2925,3538500,GGally
2022-01-20,2626,3541126,GGally
2022-01-21,2266,3543392,GGally
2022-01-22,1525,3544917,GGally
2022-01-23,1332,3546249,GGally
2022-01-24,2977,3549226,GGally
2022-01-25,2925,3552151,GGally
2022-01-26,2974,3555125,GGally
2022-01-27,2958,3558083,GGally
2022-01-28,2483,3560566,GGally
2022-01-29,1310,3561876,GGally
2022-01-30,1440,3563316,GGally
2022-01-31,2767,3566083,GGally
2022-02-01,3002,3569085,GGally
2022-02-02,2931,3572016,GGally
2022-02-03,2688,3574704,GGally
2022-02-04,2590,3577294,GGally
2022-02-05,1317,3578611,GGally
2022-02-06,1339,3579950,GGally
2022-02-07,2883,3582833,GGally
2022-02-08,3180,3586013,GGally
2022-02-09,3149,3589162,GGally
2022-02-10,2840,3592002,GGally
2022-02-11,2524,3594526,GGally
2022-02-12,1386,3595912,GGally
2022-02-13,1353,3597265,GGally
2022-02-14,2796,3600061,GGally
2022-02-15,3080,3603141,GGally
2022-02-16,3345,3606486,GGally
2022-02-17,3172,3609658,GGally
2022-02-18,2825,3612483,GGally
2022-02-19,1364,3613847,GGally
2022-02-20,1378,3615225,GGally
2022-02-21,2863,3618088,GGally
2022-02-22,3160,3621248,GGally
2022-02-23,3493,3624741,GGally
2022-02-24,2947,3627688,GGally
2022-02-25,2328,3630016,GGally
2022-02-26,1263,3631279,GGally
2022-02-27,1440,3632719,GGally
2022-02-28,2671,3635390,GGally
2022-03-01,3396,3638786,GGally
2022-03-02,3356,3642142,GGally
2022-03-03,3268,3645410,GGally
2022-03-04,3100,3648510,GGally
2022-03-05,1527,3650037,GGally
2022-03-06,1576,3651613,GGally
2022-03-07,3211,3654824,GGally
2022-03-08,3014,3657838,GGally
2022-03-09,3273,3661111,GGally
2022-03-10,3109,3664220,GGally
2022-03-11,2747,3666967,GGally
2022-03-12,1423,3668390,GGally
2022-03-13,1460,3669850,GGally
2022-03-14,2835,3672685,GGally
2022-03-15,3313,3675998,GGally
2022-03-16,3205,3679203,GGally
2022-03-17,3248,3682451,GGally
2022-03-18,2827,3685278,GGally
2022-03-19,1723,3687001,GGally
2022-03-20,1417,3688418,GGally
2022-03-21,3044,3691462,GGally
2022-03-22,3382,3694844,GGally
2022-03-23,3324,3698168,GGally
2022-03-24,3099,3701267,GGally
2022-03-25,2810,3704077,GGally
2022-03-26,1488,3705565,GGally
2022-03-27,1580,3707145,GGally
2022-03-28,3060,3710205,GGally
2022-03-29,3128,3713333,GGally
2022-03-30,3236,3716569,GGally
2022-03-31,2832,3719401,GGally
2022-04-01,2671,3722072,GGally
2022-04-02,1542,3723614,GGally
2022-04-03,1498,3725112,GGally
2022-04-04,3018,3728130,GGally
2022-04-05,2937,3731067,GGally
2022-04-06,3175,3734242,GGally
2022-04-07,2976,3737218,GGally
2022-04-08,2722,3739940,GGally
2022-04-09,1461,3741401,GGally
2022-04-10,1636,3743037,GGally
2022-04-11,2792,3745829,GGally
2022-04-12,3029,3748858,GGally
2022-04-13,2913,3751771,GGally
2022-04-14,2831,3754602,GGally
2022-04-15,2040,3756642,GGally
2022-04-16,1334,3757976,GGally
2022-04-17,1409,3759385,GGally
2022-04-18,2640,3762025,GGally
2022-04-19,3179,3765204,GGally
2022-04-20,3199,3768403,GGally
2022-04-21,3171,3771574,GGally
2022-04-22,2967,3774541,GGally
2022-04-23,1847,3776388,GGally
2022-04-24,1826,3778214,GGally
2022-04-25,3353,3781567,GGally
2022-04-26,3415,3784982,GGally
2022-04-27,3419,3788401,GGally
2022-04-28,3546,3791947,GGally
2022-04-29,2875,3794822,GGally
2022-04-30,1656,3796478,GGally
2022-05-01,1685,3798163,GGally
2022-05-02,3063,3801226,GGally
2022-05-03,3194,3804420,GGally
2022-05-04,3272,3807692,GGally
2022-05-05,3265,3810957,GGally
2022-05-06,2910,3813867,GGally
2022-05-07,1687,3815554,GGally
2022-05-08,1534,3817088,GGally
2022-05-09,3165,3820253,GGally
2022-05-10,3505,3823758,GGally
2022-05-11,3141,3826899,GGally
2022-05-12,3742,3830641,GGally
2022-05-13,3067,3833708,GGally
2022-05-14,1515,3835223,GGally
2022-05-15,1487,3836710,GGally
2022-05-16,3210,3839920,GGally
2022-05-17,3387,3843307,GGally
2022-05-18,3416,3846723,GGally
2022-05-19,3244,3849967,GGally
2022-05-20,2783,3852750,GGally
2022-05-21,1458,3854208,GGally
2022-05-22,1717,3855925,GGally
2022-05-23,3258,3859183,GGally
2022-05-24,3638,3862821,GGally
2022-05-25,3298,3866119,GGally
2022-05-26,3104,3869223,GGally
2022-05-27,2672,3871895,GGally
2022-05-28,1405,3873300,GGally
2022-05-29,1510,3874810,GGally
2022-05-30,2864,3877674,GGally
2022-05-31,3028,3880702,GGally
2022-06-01,2858,3883560,GGally
2022-06-02,2691,3886251,GGally
2022-06-03,2421,3888672,GGally
2022-06-04,1780,3890452,GGally
2022-06-05,1542,3891994,GGally
2022-06-06,2918,3894912,GGally
2022-06-07,3443,3898355,GGally
2022-06-08,3460,3901815,GGally
2022-06-09,3099,3904914,GGally
2022-06-10,3187,3908101,GGally
2022-06-11,1692,3909793,GGally
2022-06-12,1493,3911286,GGally
2022-06-13,3107,3914393,GGally
2022-06-14,3579,3917972,GGally
2022-06-15,2900,3920872,GGally
2022-06-16,2908,3923780,GGally
2022-06-17,2451,3926231,GGally
2022-06-18,1433,3927664,GGally
2022-06-19,1441,3929105,GGally
2022-06-20,2709,3931814,GGally
2022-06-21,2984,3934798,GGally
2022-06-22,2868,3937666,GGally
2022-06-23,3019,3940685,GGally
2022-06-24,2569,3943254,GGally
2022-06-25,1411,3944665,GGally
2022-06-26,1545,3946210,GGally
2022-06-27,2739,3948949,GGally
2022-06-28,3311,3952260,GGally
2022-06-29,3095,3955355,GGally
2022-06-30,2946,3958301,GGally
2022-07-01,2535,3960836,GGally
2022-07-02,1281,3962117,GGally
2022-07-03,1752,3963869,GGally
2022-07-04,2345,3966214,GGally
2022-07-05,3122,3969336,GGally
2022-07-06,3196,3972532,GGally
2022-07-07,2852,3975384,GGally
2022-07-08,2377,3977761,GGally
2022-07-09,1153,3978914,GGally
2022-07-10,1150,3980064,GGally
2022-07-11,2782,3982846,GGally
2022-07-12,2741,3985587,GGally
2022-07-13,2550,3988137,GGally
2022-07-14,2589,3990726,GGally
2022-07-15,2254,3992980,GGally
2022-07-16,1135,3994115,GGally
2022-07-17,1168,3995283,GGally
2022-07-18,2989,3998272,GGally
2022-07-19,3154,4001426,GGally
2022-07-20,3238,4004664,GGally
2022-07-21,2672,4007336,GGally
2022-07-22,2652,4009988,GGally
2022-07-23,1113,4011101,GGally
2022-07-24,1403,4012504,GGally
2022-07-25,2821,4015325,GGally
2022-07-26,2609,4017934,GGally
2022-07-27,2502,4020436,GGally
2022-07-28,2742,4023178,GGally
2022-07-29,2325,4025503,GGally
2022-07-30,1277,4026780,GGally
2022-07-31,1301,4028081,GGally
2022-08-01,2518,4030599,GGally
2022-08-02,2826,4033425,GGally
2022-08-03,3386,4036811,GGally
2022-08-04,3427,4040238,GGally
2022-08-05,1887,4042125,GGally
2022-08-06,1074,4043199,GGally
2022-08-07,1110,4044309,GGally
2022-08-08,3740,4048049,GGally
2022-08-09,4693,4052742,GGally
2022-08-10,2638,4055380,GGally
2022-08-11,2324,4057704,GGally
2022-08-12,2052,4059756,GGally
2022-08-13,1100,4060856,GGally
2022-08-14,1224,4062080,GGally
2022-08-15,2317,4064397,GGally
2022-08-16,2440,4066837,GGally
2022-08-17,2408,4069245,GGally
2022-08-18,2388,4071633,GGally
2022-08-19,2070,4073703,GGally
2022-08-20,1238,4074941,GGally
2022-08-21,1233,4076174,GGally
2022-08-22,3230,4079404,GGally
2022-08-23,2880,4082284,GGally
2022-08-24,2657,4084941,GGally
2022-08-25,2850,4087791,GGally
2022-08-26,2377,4090168,GGally
2022-08-27,1161,4091329,GGally
2022-08-28,1285,4092614,GGally
2022-08-29,3194,4095808,GGally
2022-08-30,2913,4098721,GGally
2022-08-31,3290,4102011,GGally
2022-09-01,3447,4105458,GGally
2022-09-02,3245,4108703,GGally
2022-09-03,1831,4110534,GGally
2022-09-04,1738,4112272,GGally
2022-09-05,2926,4115198,GGally
2022-09-06,3766,4118964,GGally
2022-09-07,3339,4122303,GGally
2022-09-08,3248,4125551,GGally
2022-09-09,2706,4128257,GGally
2022-09-10,1579,4129836,GGally
2022-09-11,1902,4131738,GGally
2022-09-12,3444,4135182,GGally
2022-09-13,3615,4138797,GGally
2022-09-14,3890,4142687,GGally
2022-09-15,3964,4146651,GGally
2022-09-16,2969,4149620,GGally
2022-09-17,2022,4151642,GGally
2022-09-18,1881,4153523,GGally
2022-09-19,3521,4157044,GGally
2022-09-20,4125,4161169,GGally
2022-09-21,4204,4165373,GGally
2022-09-22,4109,4169482,GGally
2022-09-23,3239,4172721,GGally
2022-09-24,1541,4174262,GGally
2022-09-25,1574,4175836,GGally
2022-09-26,3460,4179296,GGally
2022-09-27,3635,4182931,GGally
2022-09-28,2868,4185799,GGally
2022-09-29,3646,4189445,GGally
2022-09-30,2834,4192279,GGally
2022-10-01,1408,4193687,GGally
2022-10-02,1410,4195097,GGally
2022-10-03,3217,4198314,GGally
2022-10-04,3879,4202193,GGally
2022-10-05,3237,4205430,GGally
2022-10-06,3287,4208717,GGally
2022-10-07,2727,4211444,GGally
2022-10-08,1566,4213010,GGally
2022-10-09,1613,4214623,GGally
2022-10-10,3339,4217962,GGally
2022-10-11,3280,4221242,GGally
2022-10-12,3574,4224816,GGally
2022-10-13,3396,4228212,GGally
2022-10-14,2697,4230909,GGally
2022-10-15,1577,4232486,GGally
2022-10-16,1603,4234089,GGally
2022-10-17,3430,4237519,GGally
2022-10-18,3845,4241364,GGally
2022-10-19,3238,4244602,GGally
2022-10-20,3529,4248131,GGally
2022-10-21,3038,4251169,GGally
2022-10-22,1713,4252882,GGally
2022-10-23,1779,4254661,GGally
2022-10-24,3496,4258157,GGally
2022-10-25,3445,4261602,GGally
2022-10-26,3554,4265156,GGally
2022-10-27,3236,4268392,GGally
2022-10-28,2743,4271135,GGally
2022-10-29,1502,4272637,GGally
2022-10-30,1727,4274364,GGally
2022-10-31,2811,4277175,GGally
2022-11-01,2645,4279820,GGally
2022-11-02,3499,4283319,GGally
2022-11-03,3160,4286479,GGally
2022-11-04,2926,4289405,GGally
2022-11-05,1614,4291019,GGally
2022-11-06,1676,4292695,GGally
2022-11-07,3265,4295960,GGally
2022-11-08,3697,4299657,GGally
2022-11-09,3572,4303229,GGally
2022-11-10,3566,4306795,GGally
2022-11-11,2704,4309499,GGally
2022-11-12,1742,4311241,GGally
2022-11-13,1741,4312982,GGally
2022-11-14,3398,4316380,GGally
2022-11-15,3629,4320009,GGally
2022-11-16,4007,4324016,GGally
2022-11-17,3439,4327455,GGally
2022-11-18,3284,4330739,GGally
2022-11-19,1629,4332368,GGally
2022-11-20,3570,4335938,GGally
2022-11-21,3249,4339187,GGally
2022-11-22,3475,4342662,GGally
2022-11-23,3749,4346411,GGally
2022-11-24,3429,4349840,GGally
2022-11-25,2555,4352395,GGally
2022-11-26,1636,4354031,GGally
2022-11-27,1898,4355929,GGally
2022-11-28,3212,4359141,GGally
2022-11-29,3594,4362735,GGally
2022-11-30,3283,4366018,GGally
2022-12-01,3387,4369405,GGally
2022-12-02,3098,4372503,GGally
2022-12-03,1865,4374368,GGally
2022-12-04,1896,4376264,GGally
2022-12-05,3088,4379352,GGally
2022-12-06,3345,4382697,GGally
2022-12-07,3041,4385738,GGally
2022-12-08,2812,4388550,GGally
2022-12-09,2548,4391098,GGally
2022-12-10,1665,4392763,GGally
2022-12-11,1657,4394420,GGally
2022-12-12,2914,4397334,GGally
2022-12-13,2820,4400154,GGally
2022-12-14,2583,4402737,GGally
2022-12-15,2752,4405489,GGally
2022-12-16,2269,4407758,GGally
2022-12-17,1309,4409067,GGally
2022-12-18,1151,4410218,GGally
2022-12-19,2104,4412322,GGally
2022-12-20,2109,4414431,GGally
2022-12-21,1868,4416299,GGally
2022-12-22,1682,4417981,GGally
2022-12-23,1445,4419426,GGally
2022-12-24,790,4420216,GGally
2022-12-25,658,4420874,GGally
2022-12-26,1244,4422118,GGally
2022-12-27,1209,4423327,GGally
2022-12-28,1239,4424566,GGally
2022-12-29,1391,4425957,GGally
2022-12-30,1055,4427012,GGally
2022-12-31,640,4427652,GGally
2023-01-01,618,4428270,GGally
2023-01-02,1397,4429667,GGally
2023-01-03,1909,4431576,GGally
2023-01-04,2028,4433604,GGally
2023-01-05,1880,4435484,GGally
2023-01-06,1826,4437310,GGally
2023-01-07,1158,4438468,GGally
2023-01-08,1168,4439636,GGally
2023-01-09,2217,4441853,GGally
2023-01-10,2581,4444434,GGally
2023-01-11,2545,4446979,GGally
2023-01-12,2503,4449482,GGally
2023-01-13,2105,4451587,GGally
2023-01-14,1099,4452686,GGally
2023-01-15,1345,4454031,GGally
2023-01-16,2417,4456448,GGally
2023-01-17,2841,4459289,GGally
2023-01-18,2867,4462156,GGally
2023-01-19,2912,4465068,GGally
2023-01-20,2254,4467322,GGally
2023-01-21,1109,4468431,GGally
2023-01-22,1190,4469621,GGally
2023-01-23,2635,4472256,GGally
2023-01-24,2992,4475248,GGally
2023-01-25,2766,4478014,GGally
2023-01-26,2954,4480968,GGally
2023-01-27,3143,4484111,GGally
2023-01-28,1286,4485397,GGally
2023-01-29,1460,4486857,GGally
2023-01-30,2941,4489798,GGally
2023-01-31,3672,4493470,GGally
2023-02-01,4054,4497524,GGally
2023-02-02,3263,4500787,GGally
2023-02-03,2380,4503167,GGally
2023-02-04,1262,4504429,GGally
2023-02-05,1312,4505741,GGally
2023-02-06,2933,4508674,GGally
2023-02-07,3047,4511721,GGally
2023-02-08,3159,4514880,GGally
2023-02-09,3106,4517986,GGally
2023-02-10,2361,4520347,GGally
2023-02-11,1424,4521771,GGally
2023-02-12,1417,4523188,GGally
2023-02-13,2652,4525840,GGally
2023-02-14,2884,4528724,GGally
2023-02-15,2838,4531562,GGally
2023-02-16,2803,4534365,GGally
2023-02-17,2411,4536776,GGally
2023-02-18,1323,4538099,GGally
2023-02-19,1402,4539501,GGally
2023-02-20,2449,4541950,GGally
2023-02-21,3102,4545052,GGally
2023-02-22,3086,4548138,GGally
2023-02-23,3180,4551318,GGally
2023-02-24,2737,4554055,GGally
2023-02-25,1324,4555379,GGally
2023-02-26,1486,4556865,GGally
2023-02-27,3024,4559889,GGally
2023-02-28,3161,4563050,GGally
2023-03-01,3072,4566122,GGally
2023-03-02,3246,4569368,GGally
2023-03-03,3226,4572594,GGally
2023-03-04,1444,4574038,GGally
2023-03-05,1459,4575497,GGally
2023-03-06,3210,4578707,GGally
2023-03-07,3265,4581972,GGally
2023-03-08,3458,4585430,GGally
2023-03-09,3126,4588556,GGally
2023-03-10,2671,4591227,GGally
2023-03-11,1360,4592587,GGally
2023-03-12,1475,4594062,GGally
2023-03-13,2807,4596869,GGally
2023-03-14,3183,4600052,GGally
2023-03-15,3226,4603278,GGally
2023-03-16,2948,4606226,GGally
2023-03-17,2873,4609099,GGally
2023-03-18,1431,4610530,GGally
2023-03-19,1410,4611940,GGally
2023-03-20,3009,4614949,GGally
2023-03-21,3607,4618556,GGally
2023-03-22,3304,4621860,GGally
2023-03-23,3416,4625276,GGally
2023-03-24,3122,4628398,GGally
2023-03-25,1564,4629962,GGally
2023-03-26,1588,4631550,GGally
2023-03-27,3380,4634930,GGally
2023-03-28,3226,4638156,GGally
2023-03-29,3326,4641482,GGally
2023-03-30,3297,4644779,GGally
2023-03-31,2633,4647412,GGally
2023-04-01,1436,4648848,GGally
2023-04-02,1944,4650792,GGally
2023-04-03,2983,4653775,GGally
2023-04-04,2959,4656734,GGally
2023-04-05,3104,4659838,GGally
2023-04-06,3172,4663010,GGally
2023-04-07,1958,4664968,GGally
2023-04-08,1534,4666502,GGally
2023-04-09,1433,4667935,GGally
2023-04-10,2434,4670369,GGally
2023-04-11,3247,4673616,GGally
2023-04-12,3425,4677041,GGally
2023-04-13,3269,4680310,GGally
2023-04-14,2752,4683062,GGally
2023-04-15,1635,4684697,GGally
2023-04-16,1675,4686372,GGally
2023-04-17,3089,4689461,GGally
2023-04-18,3607,4693068,GGally
2023-04-19,3480,4696548,GGally
2023-04-20,3541,4700089,GGally
2023-04-21,2749,4702838,GGally
2023-04-22,1881,4704719,GGally
2023-04-23,1902,4706621,GGally
2023-04-24,3526,4710147,GGally
2023-04-25,3822,4713969,GGally
2023-04-26,3925,4717894,GGally
2023-04-27,3685,4721579,GGally
2023-04-28,2793,4724372,GGally
2023-04-29,1508,4725880,GGally
2023-04-30,1511,4727391,GGally
2023-05-01,2352,4729743,GGally
2023-05-02,3028,4732771,GGally
2023-05-03,3171,4735942,GGally
2023-05-04,2959,4738901,GGally
2023-05-05,2697,4741598,GGally
2023-05-06,1715,4743313,GGally
2023-05-07,1590,4744903,GGally
2023-05-08,2768,4747671,GGally
2023-05-09,3115,4750786,GGally
2023-05-10,3169,4753955,GGally
2023-05-11,2877,4756832,GGally
2023-05-12,2871,4759703,GGally
2023-05-13,1657,4761360,GGally
2023-05-14,1516,4762876,GGally
2023-05-15,3054,4765930,GGally
2023-05-16,3263,4769193,GGally
2023-05-17,3046,4772239,GGally
2023-05-18,2537,4774776,GGally
2023-05-19,2562,4777338,GGally
2023-05-20,1622,4778960,GGally
2023-05-21,1512,4780472,GGally
2023-05-22,2880,4783352,GGally
2023-05-23,3190,4786542,GGally
2023-05-24,3176,4789718,GGally
2023-05-25,2921,4792639,GGally
2023-05-26,2522,4795161,GGally
2023-05-27,1296,4796457,GGally
2023-05-28,1379,4797836,GGally
2023-05-29,2121,4799957,GGally
2023-05-30,2778,4802735,GGally
2023-05-31,2821,4805556,GGally
2023-06-01,2975,4808531,GGally
2023-06-02,2325,4810856,GGally
2023-06-03,1514,4812370,GGally
2023-06-04,1388,4813758,GGally
2023-06-05,2670,4816428,GGally
2023-06-06,2782,4819210,GGally
2023-06-07,2674,4821884,GGally
2023-06-08,2528,4824412,GGally
2023-06-09,2209,4826621,GGally
2023-06-10,1388,4828009,GGally
2023-06-11,1223,4829232,GGally
2023-06-12,2470,4831702,GGally
2023-06-13,2834,4834536,GGally
2023-06-14,2711,4837247,GGally
2023-06-15,2855,4840102,GGally
2023-06-16,2235,4842337,GGally
2023-06-17,1258,4843595,GGally
2023-06-18,1351,4844946,GGally
2023-06-19,2558,4847504,GGally
2023-06-20,2527,4850031,GGally
2023-06-21,2507,4852538,GGally
2023-06-22,2373,4854911,GGally
2023-06-23,1838,4856749,GGally
2023-06-24,1085,4857834,GGally
2023-06-25,1184,4859018,GGally
2023-06-26,2517,4861535,GGally
2023-06-27,2322,4863857,GGally
2023-06-28,2296,4866153,GGally
2023-06-29,2183,4868336,GGally
2023-06-30,1878,4870214,GGally
2023-07-01,971,4871185,GGally
2023-07-02,1047,4872232,GGally
2023-07-03,1923,4874155,GGally
2023-07-04,1832,4875987,GGally
2023-07-05,2193,4878180,GGally
2023-07-06,2163,4880343,GGally
2023-07-07,2144,4882487,GGally
2023-07-08,1049,4883536,GGally
2023-07-09,1023,4884559,GGally
2023-07-10,2247,4886806,GGally
2023-07-11,2326,4889132,GGally
2023-07-12,2152,4891284,GGally
2023-07-13,1890,4893174,GGally
2023-07-14,1691,4894865,GGally
2023-07-15,888,4895753,GGally
2023-07-16,1009,4896762,GGally
2023-07-17,1923,4898685,GGally
2023-07-18,2169,4900854,GGally
2023-07-19,2114,4902968,GGally
2023-07-20,2201,4905169,GGally
2023-07-21,2001,4907170,GGally
2023-07-22,975,4908145,GGally
2023-07-23,1000,4909145,GGally
2023-07-24,1988,4911133,GGally
2023-07-25,2508,4913641,GGally
2023-07-26,2139,4915780,GGally
2023-07-27,1924,4917704,GGally
2023-07-28,1645,4919349,GGally
2023-07-29,1059,4920408,GGally
2023-07-30,984,4921392,GGally
2023-07-31,2033,4923425,GGally
2023-08-01,2012,4925437,GGally
2023-08-02,2037,4927474,GGally
2023-08-03,2257,4929731,GGally
2023-08-04,1829,4931560,GGally
2023-08-05,1063,4932623,GGally
2023-08-06,1031,4933654,GGally
2023-08-07,1775,4935429,GGally
2023-08-08,1985,4937414,GGally
2023-08-09,1982,4939396,GGally
2023-08-10,1919,4941315,GGally
2023-08-11,1623,4942938,GGally
2023-08-12,945,4943883,GGally
2023-08-13,885,4944768,GGally
2023-08-14,1861,4946629,GGally
2023-08-15,1976,4948605,GGally
2023-08-16,2253,4950858,GGally
2023-08-17,2164,4953022,GGally
2023-08-18,2212,4955234,GGally
2023-08-19,984,4956218,GGally
2023-08-20,1025,4957243,GGally
2023-08-21,2260,4959503,GGally
2023-08-22,2173,4961676,GGally
2023-08-23,2435,4964111,GGally
2023-08-24,2536,4966647,GGally
2023-08-25,2724,4969371,GGally
2023-08-26,1334,4970705,GGally
2023-08-27,1467,4972172,GGally
2023-08-28,2817,4974989,GGally
2023-08-29,2583,4977572,GGally
2023-08-30,2704,4980276,GGally
2023-08-31,2873,4983149,GGally
2023-09-01,2211,4985360,GGally
2023-09-02,1257,4986617,GGally
2023-09-03,1417,4988034,GGally
2023-09-04,2252,4990286,GGally
2023-09-05,3252,4993538,GGally
2023-09-06,3092,4996630,GGally
2023-09-07,2781,4999411,GGally
2023-09-08,2764,5002175,GGally
2023-09-09,1460,5003635,GGally
2023-09-10,1676,5005311,GGally
2023-09-11,2911,5008222,GGally
2023-09-12,3082,5011304,GGally
2023-09-13,3289,5014593,GGally
2023-09-14,3399,5017992,GGally
2023-09-15,2596,5020588,GGally
2023-09-16,1565,5022153,GGally
2023-09-17,1601,5023754,GGally
2023-09-18,3076,5026830,GGally
2023-09-19,3016,5029846,GGally
2023-09-20,3156,5033002,GGally
2023-09-21,2848,5035850,GGally
2023-09-22,2930,5038780,GGally
2023-09-23,1595,5040375,GGally
2023-09-24,1580,5041955,GGally
2023-09-25,2920,5044875,GGally
2023-09-26,3277,5048152,GGally
2023-09-27,3197,5051349,GGally
2023-09-28,2878,5054227,GGally
2023-09-29,2306,5056533,GGally
2023-09-30,1413,5057946,GGally
2023-10-01,1323,5059269,GGally
2023-10-02,2595,5061864,GGally
2023-10-03,2987,5064851,GGally
2023-10-04,3069,5067920,GGally
2023-10-05,2903,5070823,GGally
2023-10-06,2422,5073245,GGally
2023-10-07,1692,5074937,GGally
2023-10-08,1506,5076443,GGally
2023-10-09,2929,5079372,GGally
2023-10-10,3431,5082803,GGally
2023-10-11,3477,5086280,GGally
2023-10-12,3754,5090034,GGally
2023-10-13,2720,5092754,GGally
2023-10-14,1519,5094273,GGally
2023-10-15,1597,5095870,GGally
2023-10-16,3693,5099563,GGally
2023-10-17,3641,5103204,GGally
2023-10-18,3679,5106883,GGally
2023-10-19,3284,5110167,GGally
2023-10-20,2907,5113074,GGally
2023-10-21,1641,5114715,GGally
2023-10-22,1884,5116599,GGally
2023-10-23,3289,5119888,GGally
2023-10-24,3404,5123292,GGally
2023-10-25,3181,5126473,GGally
2023-10-26,3385,5129858,GGally
2023-10-27,2594,5132452,GGally
2023-10-28,1346,5133798,GGally
2023-10-29,1370,5135168,GGally
2023-10-30,3241,5138409,GGally
2023-10-31,3428,5141837,GGally
2023-11-01,2954,5144791,GGally
2023-11-02,3653,5148444,GGally
2023-11-03,2995,5151439,GGally
2023-11-04,1658,5153097,GGally
2023-11-05,1575,5154672,GGally
2023-11-06,3328,5158000,GGally
2023-11-07,3595,5161595,GGally
2023-11-08,3606,5165201,GGally
2023-11-09,3429,5168630,GGally
2023-11-10,2756,5171386,GGally
2023-11-11,1834,5173220,GGally
2023-11-12,1645,5174865,GGally
2023-11-13,3532,5178397,GGally
2023-11-14,3738,5182135,GGally
2023-11-15,4245,5186380,GGally
2023-11-16,3970,5190350,GGally
2023-11-17,2985,5193335,GGally
2023-11-18,1648,5194983,GGally
2023-11-19,1703,5196686,GGally
2023-11-20,3504,5200190,GGally
2023-11-21,3589,5203779,GGally
2023-11-22,5022,5208801,GGally
2023-11-23,4664,5213465,GGally
2023-11-24,3875,5217340,GGally
2023-11-25,2347,5219687,GGally
2023-11-26,2756,5222443,GGally
2023-11-27,5687,5228130,GGally
2023-11-28,5956,5234086,GGally
2023-11-29,5306,5239392,GGally
2023-11-30,5576,5244968,GGally
2023-12-01,4737,5249705,GGally
2023-12-02,2925,5252630,GGally
2023-12-03,3294,5255924,GGally
2023-12-04,5229,5261153,GGally
2023-12-05,5361,5266514,GGally
2023-12-06,5433,5271947,GGally
2023-12-07,4849,5276796,GGally
2023-12-08,4136,5280932,GGally
2023-12-09,2738,5283670,GGally
2023-12-10,3080,5286750,GGally
2023-12-11,4771,5291521,GGally
2023-12-12,4434,5295955,GGally
2023-12-13,4398,5300353,GGally
2023-12-14,4017,5304370,GGally
2023-12-15,3327,5307697,GGally
2023-12-16,2472,5310169,GGally
2023-12-17,2536,5312705,GGally
2023-12-18,3629,5316334,GGally
2023-12-19,3793,5320127,GGally
2023-12-20,3583,5323710,GGally
2023-12-21,3113,5326823,GGally
2023-12-22,2774,5329597,GGally
2023-12-23,1926,5331523,GGally
2023-12-24,1879,5333402,GGally
2023-12-25,1893,5335295,GGally
2023-12-26,2194,5337489,GGally
2023-12-27,2416,5339905,GGally
2023-12-28,2286,5342191,GGally
2023-12-29,2108,5344299,GGally
2023-12-30,1783,5346082,GGally
2023-12-31,1507,5347589,GGally
2024-01-01,1619,5349208,GGally
2024-01-02,2594,5351802,GGally
2024-01-03,3081,5354883,GGally
2024-01-04,3118,5358001,GGally
2024-01-05,2934,5360935,GGally
2024-01-06,2148,5363083,GGally
2024-01-07,2210,5365293,GGally
2024-01-08,3378,5368671,GGally
2024-01-09,3524,5372195,GGally
2024-01-10,3619,5375814,GGally
2024-01-11,3746,5379560,GGally
2024-01-12,3292,5382852,GGally
2024-01-13,2210,5385062,GGally
2024-01-14,2362,5387424,GGally
2024-01-15,3571,5390995,GGally
2024-01-16,4153,5395148,GGally
2024-01-17,4065,5399213,GGally
2024-01-18,3736,5402949,GGally
2024-01-19,4550,5407499,GGally
2024-01-20,2487,5409986,GGally
2024-01-21,3911,5413897,GGally
2024-01-22,3762,5417659,GGally
2024-01-23,4233,5421892,GGally
2024-01-24,4276,5426168,GGally
2024-01-25,4269,5430437,GGally
2024-01-26,3055,5433492,GGally
2024-01-27,2016,5435508,GGally
2024-01-28,2219,5437727,GGally
2024-01-29,3981,5441708,GGally
2024-01-30,4155,5445863,GGally
2024-01-31,3892,5449755,GGally
2024-02-01,3921,5453676,GGally
2024-02-02,3579,5457255,GGally
2024-02-03,2245,5459500,GGally
2024-02-04,2421,5461921,GGally
2024-02-05,3948,5465869,GGally
2024-02-06,3230,5469099,GGally
2024-02-07,3584,5472683,GGally
2024-02-08,3980,5476663,GGally
2024-02-09,3514,5480177,GGally
2024-02-10,2237,5482414,GGally
2024-02-11,2250,5484664,GGally
2024-02-12,3525,5488189,GGally
2024-02-13,3819,5492008,GGally
2024-02-14,5699,5497707,GGally
2024-02-15,5611,5503318,GGally
2024-02-16,4908,5508226,GGally
2024-02-17,2803,5511029,GGally
2024-02-18,2426,5513455,GGally
2024-02-19,4707,5518162,GGally
2024-02-20,4876,5523038,GGally
2024-02-21,5104,5528142,GGally
2024-02-22,4540,5532682,GGally
2024-02-23,3887,5536569,GGally
2024-02-24,2485,5539054,GGally
2024-02-25,2836,5541890,GGally
2024-02-26,5044,5546934,GGally
2024-02-27,4824,5551758,GGally
2024-02-28,5121,5556879,GGally
2024-02-29,4435,5561314,GGally
2024-03-01,4273,5565587,GGally
2024-03-02,2708,5568295,GGally
2024-03-03,2610,5570905,GGally
2024-03-04,4685,5575590,GGally
2024-03-05,4523,5580113,GGally
2024-03-06,4997,5585110,GGally
2024-03-07,4519,5589629,GGally
2024-03-08,4159,5593788,GGally
2024-03-09,2500,5596288,GGally
2024-03-10,2542,5598830,GGally
2024-03-11,4343,5603173,GGally
2024-03-12,4659,5607832,GGally
2024-03-13,4633,5612465,GGally
2024-03-14,4438,5616903,GGally
2024-03-15,3916,5620819,GGally
2024-03-16,2325,5623144,GGally
2024-03-17,2558,5625702,GGally
2024-03-18,4256,5629958,GGally
2024-03-19,4895,5634853,GGally
2024-03-20,4197,5639050,GGally
2024-03-21,4694,5643744,GGally
2024-03-22,4022,5647766,GGally
2024-03-23,2711,5650477,GGally
2024-03-24,2628,5653105,GGally
2024-03-25,4415,5657520,GGally
2024-03-26,4790,5662310,GGally
2024-03-27,4085,5666395,GGally
2024-03-28,3828,5670223,GGally
2024-03-29,2881,5673104,GGally
2024-03-30,1583,5674687,GGally
2024-03-31,2027,5676714,GGally
2024-04-01,3412,5680126,GGally
2024-04-02,4778,5684904,GGally
2024-04-03,3953,5688857,GGally
2024-04-04,4079,5692936,GGally
2024-04-05,3530,5696466,GGally
2024-04-06,2685,5699151,GGally
2024-04-07,2787,5701938,GGally
2024-04-08,4581,5706519,GGally
2024-04-09,4613,5711132,GGally
2024-04-10,4694,5715826,GGally
2024-04-11,4561,5720387,GGally
2024-04-12,3595,5723982,GGally
2024-04-13,2492,5726474,GGally
2024-04-14,2492,5728966,GGally
2024-04-15,4414,5733380,GGally
2024-04-16,4528,5737908,GGally
2024-04-17,4569,5742477,GGally
2024-04-18,4310,5746787,GGally
2024-04-19,3509,5750296,GGally
2024-04-20,2536,5752832,GGally
2024-04-21,2642,5755474,GGally
2024-04-22,4423,5759897,GGally
2024-04-23,4662,5764559,GGally
2024-04-24,4177,5768736,GGally
2024-04-25,4632,5773368,GGally
2024-04-26,3901,5777269,GGally
2024-04-27,2765,5780034,GGally
2024-04-28,2765,5782799,GGally
2024-04-29,3846,5786645,GGally
2024-04-30,4350,5790995,GGally
2024-05-01,4291,5795286,GGally
2024-05-02,4945,5800231,GGally
2024-05-03,3730,5803961,GGally
2024-05-04,1977,5805938,GGally
2024-05-05,1892,5807830,GGally
2024-05-06,3368,5811198,GGally
2024-05-07,3943,5815141,GGally
2024-05-08,3622,5818763,GGally
2024-05-09,3079,5821842,GGally
2024-05-10,2960,5824802,GGally
2024-05-11,1689,5826491,GGally
2024-05-12,1505,5827996,GGally
2024-05-13,3344,5831340,GGally
2024-05-14,3503,5834843,GGally
2024-05-15,3850,5838693,GGally
2024-05-16,3282,5841975,GGally
2024-05-17,3233,5845208,GGally
2024-05-18,1861,5847069,GGally
2024-05-19,1702,5848771,GGally
2024-05-20,2919,5851690,GGally
2024-05-21,3467,5855157,GGally
2024-05-22,3580,5858737,GGally
2024-05-23,3296,5862033,GGally
2024-05-24,2835,5864868,GGally
2024-05-25,1710,5866578,GGally
2024-05-26,1691,5868269,GGally
2024-05-27,3090,5871359,GGally
2024-05-28,3124,5874483,GGally
2024-05-29,3365,5877848,GGally
2024-05-30,3221,5881069,GGally
2024-05-31,2965,5884034,GGally
2024-06-01,1837,5885871,GGally
2024-06-02,1990,5887861,GGally
2024-06-03,3495,5891356,GGally
2024-06-04,3606,5894962,GGally
2024-06-05,3351,5898313,GGally
2024-06-06,3041,5901354,GGally
2024-06-07,2726,5904080,GGally
2024-06-08,1566,5905646,GGally
2024-06-09,1743,5907389,GGally
2024-06-10,2814,5910203,GGally
2024-06-11,3236,5913439,GGally
2024-06-12,3229,5916668,GGally
2024-06-13,2908,5919576,GGally
2024-06-14,2678,5922254,GGally
2024-06-15,1596,5923850,GGally
2024-06-16,1610,5925460,GGally
2024-06-17,2889,5928349,GGally
2024-06-18,3005,5931354,GGally
2024-06-19,2964,5934318,GGally
2024-06-20,2793,5937111,GGally
2024-06-21,2542,5939653,GGally
2024-06-22,1422,5941075,GGally
2024-06-23,1430,5942505,GGally
2024-06-24,3279,5945784,GGally
2024-06-25,2852,5948636,GGally
2024-06-26,2927,5951563,GGally
2024-06-27,2858,5954421,GGally
2024-06-28,2333,5956754,GGally
2024-06-29,1278,5958032,GGally
2024-06-30,1401,5959433,GGally
2024-07-01,2543,5961976,GGally
2024-07-02,2511,5964487,GGally
2024-07-03,2873,5967360,GGally
2024-07-04,2415,5969775,GGally
2024-07-05,2097,5971872,GGally
2024-07-06,1223,5973095,GGally
2024-07-07,1434,5974529,GGally
2024-07-08,2641,5977170,GGally
2024-07-09,2984,5980154,GGally
2024-07-10,2523,5982677,GGally
2024-07-11,2442,5985119,GGally
2024-07-12,2342,5987461,GGally
2024-07-13,1319,5988780,GGally
2024-07-14,1408,5990188,GGally
2024-07-15,2390,5992578,GGally
2024-07-16,2704,5995282,GGally
2024-07-17,2307,5997589,GGally
2024-07-18,2406,5999995,GGally
2024-07-19,2136,6002131,GGally
2024-07-20,1367,6003498,GGally
2024-07-21,1439,6004937,GGally
2024-07-22,2519,6007456,GGally
2024-07-23,2502,6009958,GGally
2024-07-24,2823,6012781,GGally
2024-07-25,6858,6019639,GGally
2024-07-26,10576,6030215,GGally
2024-07-27,5715,6035930,GGally
2024-07-28,1470,6037400,GGally
2024-07-29,2372,6039772,GGally
2024-07-30,2516,6042288,GGally
2024-07-31,2640,6044928,GGally
2024-08-01,2944,6047872,GGally
2024-08-02,2364,6050236,GGally
2024-08-03,1529,6051765,GGally
2024-08-04,1445,6053210,GGally
2024-08-05,2363,6055573,GGally
2024-08-06,2710,6058283,GGally
2024-08-07,2686,6060969,GGally
2024-08-08,2573,6063542,GGally
2024-08-09,2127,6065669,GGally
2024-08-10,1625,6067294,GGally
2024-08-11,1359,6068653,GGally
2024-08-12,2418,6071071,GGally
2024-08-13,2523,6073594,GGally
2024-08-14,2455,6076049,GGally
2024-08-15,2490,6078539,GGally
2024-08-16,2295,6080834,GGally
2024-08-17,1221,6082055,GGally
2024-08-18,1392,6083447,GGally
2024-08-19,2629,6086076,GGally
2024-08-20,2815,6088891,GGally
2024-08-21,3195,6092086,GGally
2024-08-22,2976,6095062,GGally
2024-08-23,2230,6097292,GGally
2024-08-24,1384,6098676,GGally
2024-08-25,1531,6100207,GGally
2024-08-26,2975,6103182,GGally
2024-08-27,3082,6106264,GGally
2024-08-28,2997,6109261,GGally
2024-08-29,3041,6112302,GGally
2024-08-30,2536,6114838,GGally
2024-08-31,1340,6116178,GGally
2024-09-01,1373,6117551,GGally
2024-09-02,2585,6120136,GGally
2024-09-03,3140,6123276,GGally
2024-09-04,3425,6126701,GGally
2024-09-05,3439,6130140,GGally
2024-09-06,2972,6133112,GGally
2024-09-07,1553,6134665,GGally
2024-09-08,1999,6136664,GGally
2024-09-09,3830,6140494,GGally
2024-09-10,4269,6144763,GGally
2024-09-11,3935,6148698,GGally
2024-09-12,3612,6152310,GGally
2024-09-13,3004,6155314,GGally
2024-09-14,1857,6157171,GGally
2024-09-15,1592,6158763,GGally
2024-09-16,3158,6161921,GGally
2024-09-17,3336,6165257,GGally
2024-09-18,3751,6169008,GGally
2024-09-19,3992,6173000,GGally
2024-09-20,3123,6176123,GGally
2024-09-21,1846,6177969,GGally
2024-09-22,1732,6179701,GGally
2024-09-23,3214,6182915,GGally
2024-09-24,3600,6186515,GGally
2024-09-25,3493,6190008,GGally
2024-09-26,3382,6193390,GGally
2024-09-27,3124,6196514,GGally
2024-09-28,1908,6198422,GGally
2024-09-29,1812,6200234,GGally
2024-09-30,3555,6203789,GGally
2024-10-01,3711,6207500,GGally
2024-10-02,3914,6211414,GGally
2024-10-03,3880,6215294,GGally
2024-10-04,3014,6218308,GGally
2024-10-05,1851,6220159,GGally
2024-10-06,1935,6222094,GGally
2024-10-07,3828,6225922,GGally
2024-10-08,3855,6229777,GGally
2024-10-09,3659,6233436,GGally
2024-10-10,3606,6237042,GGally
2024-10-11,3034,6240076,GGally
2024-10-12,1875,6241951,GGally
2024-10-13,1795,6243746,GGally
2024-10-14,3529,6247275,GGally
2024-10-15,3701,6250976,GGally
2024-10-16,4086,6255062,GGally
2024-10-17,3870,6258932,GGally
2024-10-18,3378,6262310,GGally
2024-10-19,1945,6264255,GGally
2024-10-20,1846,6266101,GGally
2024-10-21,3712,6269813,GGally
2024-10-22,4096,6273909,GGally
2024-10-23,4506,6278415,GGally
2024-10-24,3858,6282273,GGally
2024-10-25,3188,6285461,GGally
2024-10-26,1768,6287229,GGally
2024-10-27,1970,6289199,GGally
2024-10-28,3496,6292695,GGally
2024-10-29,4354,6297049,GGally
2024-10-30,3877,6300926,GGally
2024-10-31,3629,6304555,GGally
2024-11-01,2736,6307291,GGally
2024-11-02,1532,6308823,GGally
2024-11-03,3298,6312121,GGally
2024-11-04,3972,6316093,GGally
2024-11-05,3837,6319930,GGally
2024-11-06,4391,6324321,GGally
2024-11-07,4062,6328383,GGally
2024-11-08,3197,6331580,GGally
2024-11-09,1936,6333516,GGally
2024-11-10,1955,6335471,GGally
2024-11-11,3791,6339262,GGally
2024-11-12,4153,6343415,GGally
2024-11-13,4182,6347597,GGally
2024-11-14,4327,6351924,GGally
2024-11-15,3530,6355454,GGally
2024-11-16,2041,6357495,GGally
2024-11-17,2206,6359701,GGally
2024-11-18,3932,6363633,GGally
2024-11-19,4483,6368116,GGally
2024-11-20,4251,6372367,GGally
2024-11-21,4859,6377226,GGally
2024-11-22,3931,6381157,GGally
2024-11-23,2227,6383384,GGally
2024-11-24,2076,6385460,GGally
2024-11-25,3464,6388924,GGally
2024-11-26,3868,6392792,GGally
2024-11-27,3928,6396720,GGally
2024-11-28,3231,6399951,GGally
2024-11-29,3117,6403068,GGally
2024-11-30,1732,6404800,GGally
2024-12-01,2084,6406884,GGally
2024-12-02,3954,6410838,GGally
2024-12-03,3775,6414613,GGally
2024-12-04,3860,6418473,GGally
2024-12-05,3669,6422142,GGally
2024-12-06,3170,6425312,GGally
2024-12-07,1988,6427300,GGally
2024-12-08,2012,6429312,GGally
2024-12-09,3426,6432738,GGally
2024-12-10,3478,6436216,GGally
2024-12-11,3288,6439504,GGally
2024-12-12,2932,6442436,GGally
2024-12-13,2741,6445177,GGally
2024-12-14,1444,6446621,GGally
2024-12-15,1533,6448154,GGally
2024-12-16,2443,6450597,GGally
2024-12-17,2576,6453173,GGally
2024-12-18,2717,6455890,GGally
2024-12-19,2426,6458316,GGally
2024-12-20,1808,6460124,GGally
2024-12-21,1157,6461281,GGally
2024-12-22,1269,6462550,GGally
2024-12-23,1586,6464136,GGally
2024-12-24,1167,6465303,GGally
2024-12-25,1043,6466346,GGally
2024-12-26,1248,6467594,GGally
2024-12-27,1231,6468825,GGally
2024-12-28,983,6469808,GGally
2024-12-29,1060,6470868,GGally
2024-12-30,1506,6472374,GGally
2024-12-31,1298,6473672,GGally
2025-01-01,1002,6474674,GGally
2025-01-02,1519,6476193,GGally
2025-01-03,1787,6477980,GGally
2025-01-04,1137,6479117,GGally
2025-01-05,1106,6480223,GGally
2025-01-06,1924,6482147,GGally
2025-01-07,2126,6484273,GGally
2025-01-08,2337,6486610,GGally
2025-01-09,2382,6488992,GGally
2025-01-10,2074,6491066,GGally
2025-01-11,1233,6492299,GGally
2025-01-12,1302,6493601,GGally
2025-01-13,2773,6496374,GGally
2025-01-14,2663,6499037,GGally
2025-01-15,2474,6501511,GGally
2025-01-16,2622,6504133,GGally
2025-01-17,2502,6506635,GGally
2025-01-18,1293,6507928,GGally
2025-01-19,1487,6509415,GGally
2025-01-20,2549,6511964,GGally
2025-01-21,2785,6514749,GGally
2025-01-22,2941,6517690,GGally
2025-01-23,2808,6520498,GGally
2025-01-24,2384,6522882,GGally
2025-01-25,1368,6524250,GGally
2025-01-26,1306,6525556,GGally
2025-01-27,2542,6528098,GGally
2025-01-28,2731,6530829,GGally
2025-01-29,2989,6533818,GGally
2025-01-30,3137,6536955,GGally
2025-01-31,2455,6539410,GGally
2025-02-01,1371,6540781,GGally
2025-02-02,1486,6542267,GGally
2025-02-03,2769,6545036,GGally
2025-02-04,3307,6548343,GGally
2025-02-05,3614,6551957,GGally
2025-02-06,3478,6555435,GGally
2025-02-07,3182,6558617,GGally
2025-02-08,1578,6560195,GGally
2025-02-09,1557,6561752,GGally
2025-02-10,3101,6564853,GGally
2025-02-11,3569,6568422,GGally
2025-02-12,3262,6571684,GGally
2025-02-13,3593,6575277,GGally
2025-02-14,2798,6578075,GGally
2025-02-15,1570,6579645,GGally
2025-02-16,1815,6581460,GGally
2025-02-17,3036,6584496,GGally
2025-02-18,4001,6588497,GGally
2025-02-19,3697,6592194,GGally
2025-02-20,3600,6595794,GGally
2025-02-21,2984,6598778,GGally
2025-02-22,1682,6600460,GGally
2025-02-23,1816,6602276,GGally
2025-02-24,3620,6605896,GGally
2025-02-25,3809,6609705,GGally
2025-02-26,3748,6613453,GGally
2025-02-27,3814,6617267,GGally
2025-02-28,2965,6620232,GGally
2025-03-01,1603,6621835,GGally
2025-03-02,2114,6623949,GGally
2025-03-03,3729,6627678,GGally
2025-03-04,4242,6631920,GGally
2025-03-05,3676,6635596,GGally
2025-03-06,4256,6639852,GGally
2025-03-07,3202,6643054,GGally
2025-03-08,1734,6644788,GGally
2025-03-09,1696,6646484,GGally
2025-03-10,3502,6649986,GGally
2025-03-11,3937,6653923,GGally
2025-03-12,4115,6658038,GGally
2025-03-13,4034,6662072,GGally
2025-03-14,3292,6665364,GGally
2025-03-15,1840,6667204,GGally
2025-03-16,1960,6669164,GGally
2025-03-17,3289,6672453,GGally
2025-03-18,3932,6676385,GGally
2025-03-19,4204,6680589,GGally
2025-03-20,3828,6684417,GGally
2025-03-21,3450,6687867,GGally
2025-03-22,2032,6689899,GGally
2025-03-23,1885,6691784,GGally
2025-03-24,3737,6695521,GGally
2025-03-25,4684,6700205,GGally
2025-03-26,4329,6704534,GGally
2025-03-27,4055,6708589,GGally
2025-03-28,3271,6711860,GGally
2025-03-29,1650,6713510,GGally
2025-03-30,1643,6715153,GGally
2012-12-22,0,0,ggthemes
2012-12-23,2,2,ggthemes
2012-12-24,3,5,ggthemes
2012-12-25,3,8,ggthemes
2012-12-26,9,17,ggthemes
2012-12-27,2,19,ggthemes
2012-12-28,1,20,ggthemes
2012-12-29,0,20,ggthemes
2012-12-30,0,20,ggthemes
2012-12-31,0,20,ggthemes
2013-01-01,3,23,ggthemes
2013-01-02,5,28,ggthemes
2013-01-03,4,32,ggthemes
2013-01-04,6,38,ggthemes
2013-01-05,6,44,ggthemes
2013-01-06,3,47,ggthemes
2013-01-07,4,51,ggthemes
2013-01-08,4,55,ggthemes
2013-01-09,8,63,ggthemes
2013-01-10,6,69,ggthemes
2013-01-11,10,79,ggthemes
2013-01-12,4,83,ggthemes
2013-01-13,6,89,ggthemes
2013-01-14,3,92,ggthemes
2013-01-15,7,99,ggthemes
2013-01-16,3,102,ggthemes
2013-01-17,6,108,ggthemes
2013-01-18,10,118,ggthemes
2013-01-19,4,122,ggthemes
2013-01-20,8,130,ggthemes
2013-01-21,6,136,ggthemes
2013-01-22,16,152,ggthemes
2013-01-23,4,156,ggthemes
2013-01-24,19,175,ggthemes
2013-01-25,26,201,ggthemes
2013-01-26,8,209,ggthemes
2013-01-27,9,218,ggthemes
2013-01-28,14,232,ggthemes
2013-01-29,12,244,ggthemes
2013-01-30,12,256,ggthemes
2013-01-31,14,270,ggthemes
2013-02-01,15,285,ggthemes
2013-02-02,8,293,ggthemes
2013-02-03,11,304,ggthemes
2013-02-04,18,322,ggthemes
2013-02-05,13,335,ggthemes
2013-02-06,15,350,ggthemes
2013-02-07,12,362,ggthemes
2013-02-08,18,380,ggthemes
2013-02-09,18,398,ggthemes
2013-02-10,14,412,ggthemes
2013-02-11,26,438,ggthemes
2013-02-12,25,463,ggthemes
2013-02-13,10,473,ggthemes
2013-02-14,16,489,ggthemes
2013-02-15,24,513,ggthemes
2013-02-16,13,526,ggthemes
2013-02-17,17,543,ggthemes
2013-02-18,7,550,ggthemes
2013-02-19,10,560,ggthemes
2013-02-20,14,574,ggthemes
2013-02-21,12,586,ggthemes
2013-02-22,9,595,ggthemes
2013-02-23,8,603,ggthemes
2013-02-24,7,610,ggthemes
2013-02-25,11,621,ggthemes
2013-02-26,30,651,ggthemes
2013-02-27,8,659,ggthemes
2013-02-28,11,670,ggthemes
2013-03-01,17,687,ggthemes
2013-03-02,11,698,ggthemes
2013-03-03,6,704,ggthemes
2013-03-04,17,721,ggthemes
2013-03-05,14,735,ggthemes
2013-03-06,14,749,ggthemes
2013-03-07,15,764,ggthemes
2013-03-08,14,778,ggthemes
2013-03-09,3,781,ggthemes
2013-03-10,13,794,ggthemes
2013-03-11,22,816,ggthemes
2013-03-12,31,847,ggthemes
2013-03-13,10,857,ggthemes
2013-03-14,5,862,ggthemes
2013-03-15,17,879,ggthemes
2013-03-16,9,888,ggthemes
2013-03-17,10,898,ggthemes
2013-03-18,12,910,ggthemes
2013-03-19,16,926,ggthemes
2013-03-20,12,938,ggthemes
2013-03-21,11,949,ggthemes
2013-03-22,53,1002,ggthemes
2013-03-23,9,1011,ggthemes
2013-03-24,10,1021,ggthemes
2013-03-25,16,1037,ggthemes
2013-03-26,38,1075,ggthemes
2013-03-27,26,1101,ggthemes
2013-03-28,14,1115,ggthemes
2013-03-29,27,1142,ggthemes
2013-03-30,18,1160,ggthemes
2013-03-31,24,1184,ggthemes
2013-04-01,12,1196,ggthemes
2013-04-02,24,1220,ggthemes
2013-04-03,32,1252,ggthemes
2013-04-04,46,1298,ggthemes
2013-04-05,37,1335,ggthemes
2013-04-06,26,1361,ggthemes
2013-04-07,22,1383,ggthemes
2013-04-08,20,1403,ggthemes
2013-04-09,35,1438,ggthemes
2013-04-10,18,1456,ggthemes
2013-04-11,40,1496,ggthemes
2013-04-12,22,1518,ggthemes
2013-04-13,8,1526,ggthemes
2013-04-14,12,1538,ggthemes
2013-04-15,27,1565,ggthemes
2013-04-16,17,1582,ggthemes
2013-04-17,20,1602,ggthemes
2013-04-18,24,1626,ggthemes
2013-04-19,18,1644,ggthemes
2013-04-20,11,1655,ggthemes
2013-04-21,2,1657,ggthemes
2013-04-22,41,1698,ggthemes
2013-04-23,13,1711,ggthemes
2013-04-24,12,1723,ggthemes
2013-04-25,23,1746,ggthemes
2013-04-26,12,1758,ggthemes
2013-04-27,11,1769,ggthemes
2013-04-28,15,1784,ggthemes
2013-04-29,18,1802,ggthemes
2013-04-30,9,1811,ggthemes
2013-05-01,18,1829,ggthemes
2013-05-02,17,1846,ggthemes
2013-05-03,22,1868,ggthemes
2013-05-04,15,1883,ggthemes
2013-05-05,13,1896,ggthemes
2013-05-06,28,1924,ggthemes
2013-05-07,18,1942,ggthemes
2013-05-08,10,1952,ggthemes
2013-05-09,20,1972,ggthemes
2013-05-10,12,1984,ggthemes
2013-05-11,13,1997,ggthemes
2013-05-12,6,2003,ggthemes
2013-05-13,17,2020,ggthemes
2013-05-14,15,2035,ggthemes
2013-05-15,14,2049,ggthemes
2013-05-16,19,2068,ggthemes
2013-05-17,13,2081,ggthemes
2013-05-18,10,2091,ggthemes
2013-05-19,12,2103,ggthemes
2013-05-20,18,2121,ggthemes
2013-05-21,14,2135,ggthemes
2013-05-22,16,2151,ggthemes
2013-05-23,28,2179,ggthemes
2013-05-24,17,2196,ggthemes
2013-05-25,8,2204,ggthemes
2013-05-26,5,2209,ggthemes
2013-05-27,12,2221,ggthemes
2013-05-28,38,2259,ggthemes
2013-05-29,17,2276,ggthemes
2013-05-30,27,2303,ggthemes
2013-05-31,21,2324,ggthemes
2013-06-01,10,2334,ggthemes
2013-06-02,12,2346,ggthemes
2013-06-03,22,2368,ggthemes
2013-06-04,12,2380,ggthemes
2013-06-05,12,2392,ggthemes
2013-06-06,21,2413,ggthemes
2013-06-07,14,2427,ggthemes
2013-06-08,13,2440,ggthemes
2013-06-09,9,2449,ggthemes
2013-06-10,16,2465,ggthemes
2013-06-11,11,2476,ggthemes
2013-06-12,13,2489,ggthemes
2013-06-13,20,2509,ggthemes
2013-06-14,9,2518,ggthemes
2013-06-15,9,2527,ggthemes
2013-06-16,3,2530,ggthemes
2013-06-17,7,2537,ggthemes
2013-06-18,21,2558,ggthemes
2013-06-19,9,2567,ggthemes
2013-06-20,24,2591,ggthemes
2013-06-21,14,2605,ggthemes
2013-06-22,6,2611,ggthemes
2013-06-23,6,2617,ggthemes
2013-06-24,12,2629,ggthemes
2013-06-25,22,2651,ggthemes
2013-06-26,16,2667,ggthemes
2013-06-27,8,2675,ggthemes
2013-06-28,18,2693,ggthemes
2013-06-29,13,2706,ggthemes
2013-06-30,9,2715,ggthemes
2013-07-01,10,2725,ggthemes
2013-07-02,11,2736,ggthemes
2013-07-03,12,2748,ggthemes
2013-07-04,10,2758,ggthemes
2013-07-05,38,2796,ggthemes
2013-07-06,13,2809,ggthemes
2013-07-07,13,2822,ggthemes
2013-07-08,23,2845,ggthemes
2013-07-09,24,2869,ggthemes
2013-07-10,16,2885,ggthemes
2013-07-11,18,2903,ggthemes
2013-07-12,22,2925,ggthemes
2013-07-13,7,2932,ggthemes
2013-07-14,35,2967,ggthemes
2013-07-15,20,2987,ggthemes
2013-07-16,26,3013,ggthemes
2013-07-17,17,3030,ggthemes
2013-07-18,14,3044,ggthemes
2013-07-19,21,3065,ggthemes
2013-07-20,18,3083,ggthemes
2013-07-21,20,3103,ggthemes
2013-07-22,21,3124,ggthemes
2013-07-23,14,3138,ggthemes
2013-07-24,17,3155,ggthemes
2013-07-25,15,3170,ggthemes
2013-07-26,13,3183,ggthemes
2013-07-27,5,3188,ggthemes
2013-07-28,5,3193,ggthemes
2013-07-29,4,3197,ggthemes
2013-07-30,7,3204,ggthemes
2013-07-31,20,3224,ggthemes
2013-08-01,13,3237,ggthemes
2013-08-02,9,3246,ggthemes
2013-08-03,15,3261,ggthemes
2013-08-04,17,3278,ggthemes
2013-08-05,7,3285,ggthemes
2013-08-06,17,3302,ggthemes
2013-08-07,32,3334,ggthemes
2013-08-08,12,3346,ggthemes
2013-08-09,18,3364,ggthemes
2013-08-10,5,3369,ggthemes
2013-08-11,14,3383,ggthemes
2013-08-12,20,3403,ggthemes
2013-08-13,38,3441,ggthemes
2013-08-14,17,3458,ggthemes
2013-08-15,11,3469,ggthemes
2013-08-16,6,3475,ggthemes
2013-08-17,4,3479,ggthemes
2013-08-18,3,3482,ggthemes
2013-08-19,14,3496,ggthemes
2013-08-20,15,3511,ggthemes
2013-08-21,20,3531,ggthemes
2013-08-22,23,3554,ggthemes
2013-08-23,8,3562,ggthemes
2013-08-24,4,3566,ggthemes
2013-08-25,5,3571,ggthemes
2013-08-26,16,3587,ggthemes
2013-08-27,22,3609,ggthemes
2013-08-28,12,3621,ggthemes
2013-08-29,27,3648,ggthemes
2013-08-30,18,3666,ggthemes
2013-08-31,7,3673,ggthemes
2013-09-01,7,3680,ggthemes
2013-09-02,31,3711,ggthemes
2013-09-03,23,3734,ggthemes
2013-09-04,19,3753,ggthemes
2013-09-05,32,3785,ggthemes
2013-09-06,20,3805,ggthemes
2013-09-07,7,3812,ggthemes
2013-09-08,7,3819,ggthemes
2013-09-09,21,3840,ggthemes
2013-09-10,18,3858,ggthemes
2013-09-11,12,3870,ggthemes
2013-09-12,17,3887,ggthemes
2013-09-13,25,3912,ggthemes
2013-09-14,10,3922,ggthemes
2013-09-15,8,3930,ggthemes
2013-09-16,17,3947,ggthemes
2013-09-17,11,3958,ggthemes
2013-09-18,21,3979,ggthemes
2013-09-19,30,4009,ggthemes
2013-09-20,23,4032,ggthemes
2013-09-21,16,4048,ggthemes
2013-09-22,12,4060,ggthemes
2013-09-23,23,4083,ggthemes
2013-09-24,19,4102,ggthemes
2013-09-25,12,4114,ggthemes
2013-09-26,16,4130,ggthemes
2013-09-27,28,4158,ggthemes
2013-09-28,12,4170,ggthemes
2013-09-29,13,4183,ggthemes
2013-09-30,34,4217,ggthemes
2013-10-01,16,4233,ggthemes
2013-10-02,16,4249,ggthemes
2013-10-03,24,4273,ggthemes
2013-10-04,31,4304,ggthemes
2013-10-05,12,4316,ggthemes
2013-10-06,6,4322,ggthemes
2013-10-07,15,4337,ggthemes
2013-10-08,55,4392,ggthemes
2013-10-09,23,4415,ggthemes
2013-10-10,47,4462,ggthemes
2013-10-11,20,4482,ggthemes
2013-10-12,10,4492,ggthemes
2013-10-13,15,4507,ggthemes
2013-10-14,22,4529,ggthemes
2013-10-15,22,4551,ggthemes
2013-10-16,23,4574,ggthemes
2013-10-17,28,4602,ggthemes
2013-10-18,15,4617,ggthemes
2013-10-19,15,4632,ggthemes
2013-10-20,15,4647,ggthemes
2013-10-21,32,4679,ggthemes
2013-10-22,84,4763,ggthemes
2013-10-23,100,4863,ggthemes
2013-10-24,45,4908,ggthemes
2013-10-25,33,4941,ggthemes
2013-10-26,23,4964,ggthemes
2013-10-27,19,4983,ggthemes
2013-10-28,39,5022,ggthemes
2013-10-29,35,5057,ggthemes
2013-10-30,94,5151,ggthemes
2013-10-31,38,5189,ggthemes
2013-11-01,26,5215,ggthemes
2013-11-02,15,5230,ggthemes
2013-11-03,12,5242,ggthemes
2013-11-04,49,5291,ggthemes
2013-11-05,34,5325,ggthemes
2013-11-06,58,5383,ggthemes
2013-11-07,46,5429,ggthemes
2013-11-08,27,5456,ggthemes
2013-11-09,24,5480,ggthemes
2013-11-10,37,5517,ggthemes
2013-11-11,22,5539,ggthemes
2013-11-12,26,5565,ggthemes
2013-11-13,29,5594,ggthemes
2013-11-14,56,5650,ggthemes
2013-11-15,24,5674,ggthemes
2013-11-16,24,5698,ggthemes
2013-11-17,13,5711,ggthemes
2013-11-18,33,5744,ggthemes
2013-11-19,48,5792,ggthemes
2013-11-20,37,5829,ggthemes
2013-11-21,37,5866,ggthemes
2013-11-22,75,5941,ggthemes
2013-11-23,26,5967,ggthemes
2013-11-24,32,5999,ggthemes
2013-11-25,47,6046,ggthemes
2013-11-26,38,6084,ggthemes
2013-11-27,42,6126,ggthemes
2013-11-28,29,6155,ggthemes
2013-11-29,28,6183,ggthemes
2013-11-30,21,6204,ggthemes
2013-12-01,33,6237,ggthemes
2013-12-02,53,6290,ggthemes
2013-12-03,35,6325,ggthemes
2013-12-04,38,6363,ggthemes
2013-12-05,20,6383,ggthemes
2013-12-06,20,6403,ggthemes
2013-12-07,12,6415,ggthemes
2013-12-08,14,6429,ggthemes
2013-12-09,37,6466,ggthemes
2013-12-10,29,6495,ggthemes
2013-12-11,46,6541,ggthemes
2013-12-12,24,6565,ggthemes
2013-12-13,43,6608,ggthemes
2013-12-14,26,6634,ggthemes
2013-12-15,29,6663,ggthemes
2013-12-16,99,6762,ggthemes
2013-12-17,69,6831,ggthemes
2013-12-18,49,6880,ggthemes
2013-12-19,39,6919,ggthemes
2013-12-20,31,6950,ggthemes
2013-12-21,20,6970,ggthemes
2013-12-22,23,6993,ggthemes
2013-12-23,28,7021,ggthemes
2013-12-24,11,7032,ggthemes
2013-12-25,18,7050,ggthemes
2013-12-26,26,7076,ggthemes
2013-12-27,20,7096,ggthemes
2013-12-28,20,7116,ggthemes
2013-12-29,25,7141,ggthemes
2013-12-30,21,7162,ggthemes
2013-12-31,24,7186,ggthemes
2014-01-01,10,7196,ggthemes
2014-01-02,19,7215,ggthemes
2014-01-03,15,7230,ggthemes
2014-01-04,22,7252,ggthemes
2014-01-05,12,7264,ggthemes
2014-01-06,27,7291,ggthemes
2014-01-07,47,7338,ggthemes
2014-01-08,40,7378,ggthemes
2014-01-09,54,7432,ggthemes
2014-01-10,59,7491,ggthemes
2014-01-11,23,7514,ggthemes
2014-01-12,23,7537,ggthemes
2014-01-13,23,7560,ggthemes
2014-01-14,60,7620,ggthemes
2014-01-15,49,7669,ggthemes
2014-01-16,39,7708,ggthemes
2014-01-17,36,7744,ggthemes
2014-01-18,18,7762,ggthemes
2014-01-19,14,7776,ggthemes
2014-01-20,37,7813,ggthemes
2014-01-21,44,7857,ggthemes
2014-01-22,64,7921,ggthemes
2014-01-23,35,7956,ggthemes
2014-01-24,46,8002,ggthemes
2014-01-25,23,8025,ggthemes
2014-01-26,27,8052,ggthemes
2014-01-27,44,8096,ggthemes
2014-01-28,42,8138,ggthemes
2014-01-29,71,8209,ggthemes
2014-01-30,49,8258,ggthemes
2014-01-31,48,8306,ggthemes
2014-02-01,25,8331,ggthemes
2014-02-02,25,8356,ggthemes
2014-02-03,75,8431,ggthemes
2014-02-04,70,8501,ggthemes
2014-02-05,53,8554,ggthemes
2014-02-06,23,8577,ggthemes
2014-02-07,29,8606,ggthemes
2014-02-08,21,8627,ggthemes
2014-02-09,38,8665,ggthemes
2014-02-10,37,8702,ggthemes
2014-02-11,31,8733,ggthemes
2014-02-12,39,8772,ggthemes
2014-02-13,34,8806,ggthemes
2014-02-14,67,8873,ggthemes
2014-02-15,20,8893,ggthemes
2014-02-16,23,8916,ggthemes
2014-02-17,30,8946,ggthemes
2014-02-18,41,8987,ggthemes
2014-02-19,27,9014,ggthemes
2014-02-20,36,9050,ggthemes
2014-02-21,43,9093,ggthemes
2014-02-22,20,9113,ggthemes
2014-02-23,18,9131,ggthemes
2014-02-24,40,9171,ggthemes
2014-02-25,40,9211,ggthemes
2014-02-26,36,9247,ggthemes
2014-02-27,32,9279,ggthemes
2014-02-28,26,9305,ggthemes
2014-03-01,22,9327,ggthemes
2014-03-02,23,9350,ggthemes
2014-03-03,45,9395,ggthemes
2014-03-04,43,9438,ggthemes
2014-03-05,32,9470,ggthemes
2014-03-06,31,9501,ggthemes
2014-03-07,45,9546,ggthemes
2014-03-08,26,9572,ggthemes
2014-03-09,24,9596,ggthemes
2014-03-10,31,9627,ggthemes
2014-03-11,51,9678,ggthemes
2014-03-12,39,9717,ggthemes
2014-03-13,51,9768,ggthemes
2014-03-14,40,9808,ggthemes
2014-03-15,45,9853,ggthemes
2014-03-16,22,9875,ggthemes
2014-03-17,55,9930,ggthemes
2014-03-18,44,9974,ggthemes
2014-03-19,26,10000,ggthemes
2014-03-20,73,10073,ggthemes
2014-03-21,31,10104,ggthemes
2014-03-22,31,10135,ggthemes
2014-03-23,17,10152,ggthemes
2014-03-24,49,10201,ggthemes
2014-03-25,71,10272,ggthemes
2014-03-26,39,10311,ggthemes
2014-03-27,49,10360,ggthemes
2014-03-28,51,10411,ggthemes
2014-03-29,34,10445,ggthemes
2014-03-30,26,10471,ggthemes
2014-03-31,61,10532,ggthemes
2014-04-01,80,10612,ggthemes
2014-04-02,57,10669,ggthemes
2014-04-03,43,10712,ggthemes
2014-04-04,36,10748,ggthemes
2014-04-05,38,10786,ggthemes
2014-04-06,45,10831,ggthemes
2014-04-07,41,10872,ggthemes
2014-04-08,39,10911,ggthemes
2014-04-09,47,10958,ggthemes
2014-04-10,50,11008,ggthemes
2014-04-11,56,11064,ggthemes
2014-04-12,54,11118,ggthemes
2014-04-13,58,11176,ggthemes
2014-04-14,84,11260,ggthemes
2014-04-15,68,11328,ggthemes
2014-04-16,62,11390,ggthemes
2014-04-17,48,11438,ggthemes
2014-04-18,48,11486,ggthemes
2014-04-19,32,11518,ggthemes
2014-04-20,32,11550,ggthemes
2014-04-21,42,11592,ggthemes
2014-04-22,73,11665,ggthemes
2014-04-23,130,11795,ggthemes
2014-04-24,148,11943,ggthemes
2014-04-25,99,12042,ggthemes
2014-04-26,73,12115,ggthemes
2014-04-27,82,12197,ggthemes
2014-04-28,97,12294,ggthemes
2014-04-29,67,12361,ggthemes
2014-04-30,78,12439,ggthemes
2014-05-01,69,12508,ggthemes
2014-05-02,55,12563,ggthemes
2014-05-03,37,12600,ggthemes
2014-05-04,34,12634,ggthemes
2014-05-05,65,12699,ggthemes
2014-05-06,63,12762,ggthemes
2014-05-07,60,12822,ggthemes
2014-05-08,59,12881,ggthemes
2014-05-09,56,12937,ggthemes
2014-05-10,36,12973,ggthemes
2014-05-11,28,13001,ggthemes
2014-05-12,28,13029,ggthemes
2014-05-13,100,13129,ggthemes
2014-05-14,62,13191,ggthemes
2014-05-15,49,13240,ggthemes
2014-05-16,6,13246,ggthemes
2014-05-17,8,13254,ggthemes
2014-05-18,28,13282,ggthemes
2014-05-19,58,13340,ggthemes
2014-05-20,59,13399,ggthemes
2014-05-21,39,13438,ggthemes
2014-05-22,73,13511,ggthemes
2014-05-23,58,13569,ggthemes
2014-05-24,35,13604,ggthemes
2014-05-25,21,13625,ggthemes
2014-05-26,55,13680,ggthemes
2014-05-27,81,13761,ggthemes
2014-05-28,64,13825,ggthemes
2014-05-29,66,13891,ggthemes
2014-05-30,74,13965,ggthemes
2014-05-31,46,14011,ggthemes
2014-06-01,31,14042,ggthemes
2014-06-02,56,14098,ggthemes
2014-06-03,67,14165,ggthemes
2014-06-04,69,14234,ggthemes
2014-06-05,72,14306,ggthemes
2014-06-06,58,14364,ggthemes
2014-06-07,31,14395,ggthemes
2014-06-08,36,14431,ggthemes
2014-06-09,64,14495,ggthemes
2014-06-10,65,14560,ggthemes
2014-06-11,66,14626,ggthemes
2014-06-12,71,14697,ggthemes
2014-06-13,52,14749,ggthemes
2014-06-14,16,14765,ggthemes
2014-06-15,40,14805,ggthemes
2014-06-16,51,14856,ggthemes
2014-06-17,48,14904,ggthemes
2014-06-18,50,14954,ggthemes
2014-06-19,49,15003,ggthemes
2014-06-20,63,15066,ggthemes
2014-06-21,18,15084,ggthemes
2014-06-22,32,15116,ggthemes
2014-06-23,62,15178,ggthemes
2014-06-24,53,15231,ggthemes
2014-06-25,55,15286,ggthemes
2014-06-26,62,15348,ggthemes
2014-06-27,34,15382,ggthemes
2014-06-28,32,15414,ggthemes
2014-06-29,31,15445,ggthemes
2014-06-30,58,15503,ggthemes
2014-07-01,51,15554,ggthemes
2014-07-02,46,15600,ggthemes
2014-07-03,41,15641,ggthemes
2014-07-04,25,15666,ggthemes
2014-07-05,33,15699,ggthemes
2014-07-06,24,15723,ggthemes
2014-07-07,56,15779,ggthemes
2014-07-08,50,15829,ggthemes
2014-07-09,56,15885,ggthemes
2014-07-10,75,15960,ggthemes
2014-07-11,44,16004,ggthemes
2014-07-12,34,16038,ggthemes
2014-07-13,31,16069,ggthemes
2014-07-14,54,16123,ggthemes
2014-07-15,61,16184,ggthemes
2014-07-16,72,16256,ggthemes
2014-07-17,76,16332,ggthemes
2014-07-18,87,16419,ggthemes
2014-07-19,30,16449,ggthemes
2014-07-20,33,16482,ggthemes
2014-07-21,55,16537,ggthemes
2014-07-22,43,16580,ggthemes
2014-07-23,55,16635,ggthemes
2014-07-24,48,16683,ggthemes
2014-07-25,82,16765,ggthemes
2014-07-26,26,16791,ggthemes
2014-07-27,25,16816,ggthemes
2014-07-28,67,16883,ggthemes
2014-07-29,59,16942,ggthemes
2014-07-30,77,17019,ggthemes
2014-07-31,43,17062,ggthemes
2014-08-01,70,17132,ggthemes
2014-08-02,28,17160,ggthemes
2014-08-03,14,17174,ggthemes
2014-08-04,56,17230,ggthemes
2014-08-05,66,17296,ggthemes
2014-08-06,66,17362,ggthemes
2014-08-07,61,17423,ggthemes
2014-08-08,67,17490,ggthemes
2014-08-09,34,17524,ggthemes
2014-08-10,73,17597,ggthemes
2014-08-11,55,17652,ggthemes
2014-08-12,57,17709,ggthemes
2014-08-13,47,17756,ggthemes
2014-08-14,46,17802,ggthemes
2014-08-15,59,17861,ggthemes
2014-08-16,33,17894,ggthemes
2014-08-17,30,17924,ggthemes
2014-08-18,65,17989,ggthemes
2014-08-19,50,18039,ggthemes
2014-08-20,78,18117,ggthemes
2014-08-21,51,18168,ggthemes
2014-08-22,76,18244,ggthemes
2014-08-23,37,18281,ggthemes
2014-08-24,32,18313,ggthemes
2014-08-25,64,18377,ggthemes
2014-08-26,88,18465,ggthemes
2014-08-27,46,18511,ggthemes
2014-08-28,64,18575,ggthemes
2014-08-29,79,18654,ggthemes
2014-08-30,34,18688,ggthemes
2014-08-31,37,18725,ggthemes
2014-09-01,59,18784,ggthemes
2014-09-02,67,18851,ggthemes
2014-09-03,54,18905,ggthemes
2014-09-04,38,18943,ggthemes
2014-09-05,54,18997,ggthemes
2014-09-06,34,19031,ggthemes
2014-09-07,38,19069,ggthemes
2014-09-08,61,19130,ggthemes
2014-09-09,53,19183,ggthemes
2014-09-10,92,19275,ggthemes
2014-09-11,62,19337,ggthemes
2014-09-12,79,19416,ggthemes
2014-09-13,32,19448,ggthemes
2014-09-14,44,19492,ggthemes
2014-09-15,92,19584,ggthemes
2014-09-16,71,19655,ggthemes
2014-09-17,63,19718,ggthemes
2014-09-18,62,19780,ggthemes
2014-09-19,51,19831,ggthemes
2014-09-20,19,19850,ggthemes
2014-09-21,31,19881,ggthemes
2014-09-22,13,19894,ggthemes
2014-09-23,12,19906,ggthemes
2014-09-24,55,19961,ggthemes
2014-09-25,70,20031,ggthemes
2014-09-26,67,20098,ggthemes
2014-09-27,23,20121,ggthemes
2014-09-28,39,20160,ggthemes
2014-09-29,76,20236,ggthemes
2014-09-30,53,20289,ggthemes
2014-10-01,81,20370,ggthemes
2014-10-02,59,20429,ggthemes
2014-10-03,64,20493,ggthemes
2014-10-04,42,20535,ggthemes
2014-10-05,38,20573,ggthemes
2014-10-06,43,20616,ggthemes
2014-10-07,54,20670,ggthemes
2014-10-08,62,20732,ggthemes
2014-10-09,58,20790,ggthemes
2014-10-10,55,20845,ggthemes
2014-10-11,28,20873,ggthemes
2014-10-12,43,20916,ggthemes
2014-10-13,89,21005,ggthemes
2014-10-14,50,21055,ggthemes
2014-10-15,57,21112,ggthemes
2014-10-16,173,21285,ggthemes
2014-10-17,75,21360,ggthemes
2014-10-18,50,21410,ggthemes
2014-10-19,45,21455,ggthemes
2014-10-20,57,21512,ggthemes
2014-10-21,82,21594,ggthemes
2014-10-22,89,21683,ggthemes
2014-10-23,59,21742,ggthemes
2014-10-24,75,21817,ggthemes
2014-10-25,51,21868,ggthemes
2014-10-26,41,21909,ggthemes
2014-10-27,50,21959,ggthemes
2014-10-28,47,22006,ggthemes
2014-10-29,57,22063,ggthemes
2014-10-30,63,22126,ggthemes
2014-10-31,55,22181,ggthemes
2014-11-01,58,22239,ggthemes
2014-11-02,43,22282,ggthemes
2014-11-03,96,22378,ggthemes
2014-11-04,78,22456,ggthemes
2014-11-05,98,22554,ggthemes
2014-11-06,99,22653,ggthemes
2014-11-07,78,22731,ggthemes
2014-11-08,48,22779,ggthemes
2014-11-09,41,22820,ggthemes
2014-11-10,71,22891,ggthemes
2014-11-11,62,22953,ggthemes
2014-11-12,113,23066,ggthemes
2014-11-13,70,23136,ggthemes
2014-11-14,81,23217,ggthemes
2014-11-15,44,23261,ggthemes
2014-11-16,64,23325,ggthemes
2014-11-17,71,23396,ggthemes
2014-11-18,94,23490,ggthemes
2014-11-19,59,23549,ggthemes
2014-11-20,49,23598,ggthemes
2014-11-21,67,23665,ggthemes
2014-11-22,34,23699,ggthemes
2014-11-23,53,23752,ggthemes
2014-11-24,90,23842,ggthemes
2014-11-25,62,23904,ggthemes
2014-11-26,99,24003,ggthemes
2014-11-27,59,24062,ggthemes
2014-11-28,67,24129,ggthemes
2014-11-29,37,24166,ggthemes
2014-11-30,72,24238,ggthemes
2014-12-01,83,24321,ggthemes
2014-12-02,56,24377,ggthemes
2014-12-03,99,24476,ggthemes
2014-12-04,58,24534,ggthemes
2014-12-05,50,24584,ggthemes
2014-12-06,44,24628,ggthemes
2014-12-07,33,24661,ggthemes
2014-12-08,66,24727,ggthemes
2014-12-09,100,24827,ggthemes
2014-12-10,74,24901,ggthemes
2014-12-11,83,24984,ggthemes
2014-12-12,111,25095,ggthemes
2014-12-13,47,25142,ggthemes
2014-12-14,71,25213,ggthemes
2014-12-15,107,25320,ggthemes
2014-12-16,70,25390,ggthemes
2014-12-17,93,25483,ggthemes
2014-12-18,96,25579,ggthemes
2014-12-19,151,25730,ggthemes
2014-12-20,118,25848,ggthemes
2014-12-21,82,25930,ggthemes
2014-12-22,115,26045,ggthemes
2014-12-23,84,26129,ggthemes
2014-12-24,69,26198,ggthemes
2014-12-25,45,26243,ggthemes
2014-12-26,63,26306,ggthemes
2014-12-27,58,26364,ggthemes
2014-12-28,45,26409,ggthemes
2014-12-29,96,26505,ggthemes
2014-12-30,84,26589,ggthemes
2014-12-31,81,26670,ggthemes
2015-01-01,39,26709,ggthemes
2015-01-02,101,26810,ggthemes
2015-01-03,67,26877,ggthemes
2015-01-04,70,26947,ggthemes
2015-01-05,142,27089,ggthemes
2015-01-06,104,27193,ggthemes
2015-01-07,115,27308,ggthemes
2015-01-08,116,27424,ggthemes
2015-01-09,76,27500,ggthemes
2015-01-10,45,27545,ggthemes
2015-01-11,74,27619,ggthemes
2015-01-12,85,27704,ggthemes
2015-01-13,115,27819,ggthemes
2015-01-14,137,27956,ggthemes
2015-01-15,120,28076,ggthemes
2015-01-16,142,28218,ggthemes
2015-01-17,66,28284,ggthemes
2015-01-18,60,28344,ggthemes
2015-01-19,107,28451,ggthemes
2015-01-20,100,28551,ggthemes
2015-01-21,105,28656,ggthemes
2015-01-22,136,28792,ggthemes
2015-01-23,120,28912,ggthemes
2015-01-24,72,28984,ggthemes
2015-01-25,47,29031,ggthemes
2015-01-26,88,29119,ggthemes
2015-01-27,172,29291,ggthemes
2015-01-28,93,29384,ggthemes
2015-01-29,95,29479,ggthemes
2015-01-30,90,29569,ggthemes
2015-01-31,45,29614,ggthemes
2015-02-01,41,29655,ggthemes
2015-02-02,155,29810,ggthemes
2015-02-03,104,29914,ggthemes
2015-02-04,93,30007,ggthemes
2015-02-05,109,30116,ggthemes
2015-02-06,85,30201,ggthemes
2015-02-07,61,30262,ggthemes
2015-02-08,44,30306,ggthemes
2015-02-09,97,30403,ggthemes
2015-02-10,112,30515,ggthemes
2015-02-11,100,30615,ggthemes
2015-02-12,105,30720,ggthemes
2015-02-13,94,30814,ggthemes
2015-02-14,41,30855,ggthemes
2015-02-15,47,30902,ggthemes
2015-02-16,91,30993,ggthemes
2015-02-17,98,31091,ggthemes
2015-02-18,88,31179,ggthemes
2015-02-19,82,31261,ggthemes
2015-02-20,97,31358,ggthemes
2015-02-21,58,31416,ggthemes
2015-02-22,135,31551,ggthemes
2015-02-23,110,31661,ggthemes
2015-02-24,114,31775,ggthemes
2015-02-25,82,31857,ggthemes
2015-02-26,107,31964,ggthemes
2015-02-27,108,32072,ggthemes
2015-02-28,57,32129,ggthemes
2015-03-01,62,32191,ggthemes
2015-03-02,127,32318,ggthemes
2015-03-03,268,32586,ggthemes
2015-03-04,216,32802,ggthemes
2015-03-05,209,33011,ggthemes
2015-03-06,195,33206,ggthemes
2015-03-07,103,33309,ggthemes
2015-03-08,88,33397,ggthemes
2015-03-09,179,33576,ggthemes
2015-03-10,222,33798,ggthemes
2015-03-11,193,33991,ggthemes
2015-03-12,165,34156,ggthemes
2015-03-13,144,34300,ggthemes
2015-03-14,90,34390,ggthemes
2015-03-15,74,34464,ggthemes
2015-03-16,172,34636,ggthemes
2015-03-17,133,34769,ggthemes
2015-03-18,124,34893,ggthemes
2015-03-19,160,35053,ggthemes
2015-03-20,134,35187,ggthemes
2015-03-21,108,35295,ggthemes
2015-03-22,79,35374,ggthemes
2015-03-23,132,35506,ggthemes
2015-03-24,139,35645,ggthemes
2015-03-25,145,35790,ggthemes
2015-03-26,107,35897,ggthemes
2015-03-27,116,36013,ggthemes
2015-03-28,71,36084,ggthemes
2015-03-29,51,36135,ggthemes
2015-03-30,115,36250,ggthemes
2015-03-31,145,36395,ggthemes
2015-04-01,148,36543,ggthemes
2015-04-02,117,36660,ggthemes
2015-04-03,79,36739,ggthemes
2015-04-04,53,36792,ggthemes
2015-04-05,66,36858,ggthemes
2015-04-06,75,36933,ggthemes
2015-04-07,121,37054,ggthemes
2015-04-08,137,37191,ggthemes
2015-04-09,97,37288,ggthemes
2015-04-10,139,37427,ggthemes
2015-04-11,69,37496,ggthemes
2015-04-12,72,37568,ggthemes
2015-04-13,124,37692,ggthemes
2015-04-14,139,37831,ggthemes
2015-04-15,117,37948,ggthemes
2015-04-16,103,38051,ggthemes
2015-04-17,114,38165,ggthemes
2015-04-18,150,38315,ggthemes
2015-04-19,100,38415,ggthemes
2015-04-20,275,38690,ggthemes
2015-04-21,241,38931,ggthemes
2015-04-22,238,39169,ggthemes
2015-04-23,148,39317,ggthemes
2015-04-24,157,39474,ggthemes
2015-04-25,77,39551,ggthemes
2015-04-26,70,39621,ggthemes
2015-04-27,141,39762,ggthemes
2015-04-28,141,39903,ggthemes
2015-04-29,140,40043,ggthemes
2015-04-30,112,40155,ggthemes
2015-05-01,83,40238,ggthemes
2015-05-02,78,40316,ggthemes
2015-05-03,72,40388,ggthemes
2015-05-04,102,40490,ggthemes
2015-05-05,130,40620,ggthemes
2015-05-06,110,40730,ggthemes
2015-05-07,105,40835,ggthemes
2015-05-08,170,41005,ggthemes
2015-05-09,59,41064,ggthemes
2015-05-10,66,41130,ggthemes
2015-05-11,131,41261,ggthemes
2015-05-12,119,41380,ggthemes
2015-05-13,139,41519,ggthemes
2015-05-14,122,41641,ggthemes
2015-05-15,124,41765,ggthemes
2015-05-16,78,41843,ggthemes
2015-05-17,67,41910,ggthemes
2015-05-18,150,42060,ggthemes
2015-05-19,144,42204,ggthemes
2015-05-20,262,42466,ggthemes
2015-05-21,194,42660,ggthemes
2015-05-22,119,42779,ggthemes
2015-05-23,84,42863,ggthemes
2015-05-24,68,42931,ggthemes
2015-05-25,92,43023,ggthemes
2015-05-26,128,43151,ggthemes
2015-05-27,138,43289,ggthemes
2015-05-28,115,43404,ggthemes
2015-05-29,109,43513,ggthemes
2015-05-30,83,43596,ggthemes
2015-05-31,83,43679,ggthemes
2015-06-01,114,43793,ggthemes
2015-06-02,118,43911,ggthemes
2015-06-03,103,44014,ggthemes
2015-06-04,97,44111,ggthemes
2015-06-05,89,44200,ggthemes
2015-06-06,54,44254,ggthemes
2015-06-07,70,44324,ggthemes
2015-06-08,114,44438,ggthemes
2015-06-09,118,44556,ggthemes
2015-06-10,121,44677,ggthemes
2015-06-11,92,44769,ggthemes
2015-06-12,86,44855,ggthemes
2015-06-13,76,44931,ggthemes
2015-06-14,60,44991,ggthemes
2015-06-15,147,45138,ggthemes
2015-06-16,118,45256,ggthemes
2015-06-17,143,45399,ggthemes
2015-06-18,109,45508,ggthemes
2015-06-19,113,45621,ggthemes
2015-06-20,68,45689,ggthemes
2015-06-21,66,45755,ggthemes
2015-06-22,135,45890,ggthemes
2015-06-23,140,46030,ggthemes
2015-06-24,166,46196,ggthemes
2015-06-25,125,46321,ggthemes
2015-06-26,123,46444,ggthemes
2015-06-27,70,46514,ggthemes
2015-06-28,64,46578,ggthemes
2015-06-29,140,46718,ggthemes
2015-06-30,117,46835,ggthemes
2015-07-01,178,47013,ggthemes
2015-07-02,260,47273,ggthemes
2015-07-03,164,47437,ggthemes
2015-07-04,106,47543,ggthemes
2015-07-05,99,47642,ggthemes
2015-07-06,255,47897,ggthemes
2015-07-07,205,48102,ggthemes
2015-07-08,190,48292,ggthemes
2015-07-09,165,48457,ggthemes
2015-07-10,144,48601,ggthemes
2015-07-11,92,48693,ggthemes
2015-07-12,71,48764,ggthemes
2015-07-13,147,48911,ggthemes
2015-07-14,146,49057,ggthemes
2015-07-15,150,49207,ggthemes
2015-07-16,136,49343,ggthemes
2015-07-17,122,49465,ggthemes
2015-07-18,60,49525,ggthemes
2015-07-19,68,49593,ggthemes
2015-07-20,129,49722,ggthemes
2015-07-21,165,49887,ggthemes
2015-07-22,128,50015,ggthemes
2015-07-23,122,50137,ggthemes
2015-07-24,115,50252,ggthemes
2015-07-25,70,50322,ggthemes
2015-07-26,66,50388,ggthemes
2015-07-27,138,50526,ggthemes
2015-07-28,170,50696,ggthemes
2015-07-29,160,50856,ggthemes
2015-07-30,152,51008,ggthemes
2015-07-31,119,51127,ggthemes
2015-08-01,101,51228,ggthemes
2015-08-02,67,51295,ggthemes
2015-08-03,132,51427,ggthemes
2015-08-04,199,51626,ggthemes
2015-08-05,198,51824,ggthemes
2015-08-06,162,51986,ggthemes
2015-08-07,136,52122,ggthemes
2015-08-08,77,52199,ggthemes
2015-08-09,95,52294,ggthemes
2015-08-10,144,52438,ggthemes
2015-08-11,163,52601,ggthemes
2015-08-12,145,52746,ggthemes
2015-08-13,128,52874,ggthemes
2015-08-14,135,53009,ggthemes
2015-08-15,87,53096,ggthemes
2015-08-16,112,53208,ggthemes
2015-08-17,188,53396,ggthemes
2015-08-18,175,53571,ggthemes
2015-08-19,143,53714,ggthemes
2015-08-20,145,53859,ggthemes
2015-08-21,121,53980,ggthemes
2015-08-22,77,54057,ggthemes
2015-08-23,73,54130,ggthemes
2015-08-24,128,54258,ggthemes
2015-08-25,164,54422,ggthemes
2015-08-26,110,54532,ggthemes
2015-08-27,145,54677,ggthemes
2015-08-28,117,54794,ggthemes
2015-08-29,58,54852,ggthemes
2015-08-30,79,54931,ggthemes
2015-08-31,155,55086,ggthemes
2015-09-01,214,55300,ggthemes
2015-09-02,154,55454,ggthemes
2015-09-03,154,55608,ggthemes
2015-09-04,141,55749,ggthemes
2015-09-05,64,55813,ggthemes
2015-09-06,62,55875,ggthemes
2015-09-07,120,55995,ggthemes
2015-09-08,146,56141,ggthemes
2015-09-09,176,56317,ggthemes
2015-09-10,145,56462,ggthemes
2015-09-11,126,56588,ggthemes
2015-09-12,81,56669,ggthemes
2015-09-13,131,56800,ggthemes
2015-09-14,174,56974,ggthemes
2015-09-15,154,57128,ggthemes
2015-09-16,115,57243,ggthemes
2015-09-17,109,57352,ggthemes
2015-09-18,146,57498,ggthemes
2015-09-19,58,57556,ggthemes
2015-09-20,60,57616,ggthemes
2015-09-21,154,57770,ggthemes
2015-09-22,153,57923,ggthemes
2015-09-23,226,58149,ggthemes
2015-09-24,138,58287,ggthemes
2015-09-25,141,58428,ggthemes
2015-09-26,65,58493,ggthemes
2015-09-27,78,58571,ggthemes
2015-09-28,143,58714,ggthemes
2015-09-29,165,58879,ggthemes
2015-09-30,198,59077,ggthemes
2015-10-01,191,59268,ggthemes
2015-10-02,128,59396,ggthemes
2015-10-03,105,59501,ggthemes
2015-10-04,80,59581,ggthemes
2015-10-05,241,59822,ggthemes
2015-10-06,170,59992,ggthemes
2015-10-07,188,60180,ggthemes
2015-10-08,323,60503,ggthemes
2015-10-09,173,60676,ggthemes
2015-10-10,88,60764,ggthemes
2015-10-11,86,60850,ggthemes
2015-10-12,117,60967,ggthemes
2015-10-13,232,61199,ggthemes
2015-10-14,195,61394,ggthemes
2015-10-15,230,61624,ggthemes
2015-10-16,172,61796,ggthemes
2015-10-17,111,61907,ggthemes
2015-10-18,91,61998,ggthemes
2015-10-19,148,62146,ggthemes
2015-10-20,174,62320,ggthemes
2015-10-21,167,62487,ggthemes
2015-10-22,169,62656,ggthemes
2015-10-23,124,62780,ggthemes
2015-10-24,75,62855,ggthemes
2015-10-25,85,62940,ggthemes
2015-10-26,148,63088,ggthemes
2015-10-27,180,63268,ggthemes
2015-10-28,137,63405,ggthemes
2015-10-29,154,63559,ggthemes
2015-10-30,122,63681,ggthemes
2015-10-31,58,63739,ggthemes
2015-11-01,69,63808,ggthemes
2015-11-02,127,63935,ggthemes
2015-11-03,135,64070,ggthemes
2015-11-04,155,64225,ggthemes
2015-11-05,141,64366,ggthemes
2015-11-06,179,64545,ggthemes
2015-11-07,97,64642,ggthemes
2015-11-08,76,64718,ggthemes
2015-11-09,179,64897,ggthemes
2015-11-10,177,65074,ggthemes
2015-11-11,166,65240,ggthemes
2015-11-12,153,65393,ggthemes
2015-11-13,139,65532,ggthemes
2015-11-14,81,65613,ggthemes
2015-11-15,66,65679,ggthemes
2015-11-16,186,65865,ggthemes
2015-11-17,195,66060,ggthemes
2015-11-18,147,66207,ggthemes
2015-11-19,161,66368,ggthemes
2015-11-20,150,66518,ggthemes
2015-11-21,92,66610,ggthemes
2015-11-22,106,66716,ggthemes
2015-11-23,141,66857,ggthemes
2015-11-24,149,67006,ggthemes
2015-11-25,148,67154,ggthemes
2015-11-26,132,67286,ggthemes
2015-11-27,129,67415,ggthemes
2015-11-28,77,67492,ggthemes
2015-11-29,86,67578,ggthemes
2015-11-30,138,67716,ggthemes
2015-12-01,139,67855,ggthemes
2015-12-02,147,68002,ggthemes
2015-12-03,153,68155,ggthemes
2015-12-04,144,68299,ggthemes
2015-12-05,75,68374,ggthemes
2015-12-06,84,68458,ggthemes
2015-12-07,133,68591,ggthemes
2015-12-08,160,68751,ggthemes
2015-12-09,190,68941,ggthemes
2015-12-10,159,69100,ggthemes
2015-12-11,136,69236,ggthemes
2015-12-12,84,69320,ggthemes
2015-12-13,95,69415,ggthemes
2015-12-14,227,69642,ggthemes
2015-12-15,167,69809,ggthemes
2015-12-16,146,69955,ggthemes
2015-12-17,173,70128,ggthemes
2015-12-18,141,70269,ggthemes
2015-12-19,62,70331,ggthemes
2015-12-20,215,70546,ggthemes
2015-12-21,469,71015,ggthemes
2015-12-22,406,71421,ggthemes
2015-12-23,247,71668,ggthemes
2015-12-24,137,71805,ggthemes
2015-12-25,111,71916,ggthemes
2015-12-26,81,71997,ggthemes
2015-12-27,110,72107,ggthemes
2015-12-28,171,72278,ggthemes
2015-12-29,240,72518,ggthemes
2015-12-30,246,72764,ggthemes
2015-12-31,155,72919,ggthemes
2016-01-01,86,73005,ggthemes
2016-01-02,130,73135,ggthemes
2016-01-03,111,73246,ggthemes
2016-01-04,308,73554,ggthemes
2016-01-05,295,73849,ggthemes
2016-01-06,258,74107,ggthemes
2016-01-07,253,74360,ggthemes
2016-01-08,207,74567,ggthemes
2016-01-09,144,74711,ggthemes
2016-01-10,246,74957,ggthemes
2016-01-11,576,75533,ggthemes
2016-01-12,462,75995,ggthemes
2016-01-13,400,76395,ggthemes
2016-01-14,358,76753,ggthemes
2016-01-15,315,77068,ggthemes
2016-01-16,183,77251,ggthemes
2016-01-17,155,77406,ggthemes
2016-01-18,287,77693,ggthemes
2016-01-19,340,78033,ggthemes
2016-01-20,335,78368,ggthemes
2016-01-21,314,78682,ggthemes
2016-01-22,238,78920,ggthemes
2016-01-23,153,79073,ggthemes
2016-01-24,224,79297,ggthemes
2016-01-25,285,79582,ggthemes
2016-01-26,327,79909,ggthemes
2016-01-27,263,80172,ggthemes
2016-01-28,328,80500,ggthemes
2016-01-29,233,80733,ggthemes
2016-01-30,136,80869,ggthemes
2016-01-31,111,80980,ggthemes
2016-02-01,296,81276,ggthemes
2016-02-02,296,81572,ggthemes
2016-02-03,365,81937,ggthemes
2016-02-04,269,82206,ggthemes
2016-02-05,246,82452,ggthemes
2016-02-06,114,82566,ggthemes
2016-02-07,130,82696,ggthemes
2016-02-08,319,83015,ggthemes
2016-02-09,359,83374,ggthemes
2016-02-10,269,83643,ggthemes
2016-02-11,273,83916,ggthemes
2016-02-12,261,84177,ggthemes
2016-02-13,155,84332,ggthemes
2016-02-14,131,84463,ggthemes
2016-02-15,271,84734,ggthemes
2016-02-16,324,85058,ggthemes
2016-02-17,318,85376,ggthemes
2016-02-18,286,85662,ggthemes
2016-02-19,281,85943,ggthemes
2016-02-20,208,86151,ggthemes
2016-02-21,133,86284,ggthemes
2016-02-22,322,86606,ggthemes
2016-02-23,367,86973,ggthemes
2016-02-24,306,87279,ggthemes
2016-02-25,266,87545,ggthemes
2016-02-26,531,88076,ggthemes
2016-02-27,301,88377,ggthemes
2016-02-28,270,88647,ggthemes
2016-02-29,471,89118,ggthemes
2016-03-01,462,89580,ggthemes
2016-03-02,423,90003,ggthemes
2016-03-03,388,90391,ggthemes
2016-03-04,470,90861,ggthemes
2016-03-05,165,91026,ggthemes
2016-03-06,148,91174,ggthemes
2016-03-07,337,91511,ggthemes
2016-03-08,395,91906,ggthemes
2016-03-09,363,92269,ggthemes
2016-03-10,396,92665,ggthemes
2016-03-11,314,92979,ggthemes
2016-03-12,177,93156,ggthemes
2016-03-13,144,93300,ggthemes
2016-03-14,315,93615,ggthemes
2016-03-15,368,93983,ggthemes
2016-03-16,305,94288,ggthemes
2016-03-17,372,94660,ggthemes
2016-03-18,288,94948,ggthemes
2016-03-19,169,95117,ggthemes
2016-03-20,144,95261,ggthemes
2016-03-21,261,95522,ggthemes
2016-03-22,388,95910,ggthemes
2016-03-23,279,96189,ggthemes
2016-03-24,251,96440,ggthemes
2016-03-25,176,96616,ggthemes
2016-03-26,92,96708,ggthemes
2016-03-27,117,96825,ggthemes
2016-03-28,198,97023,ggthemes
2016-03-29,284,97307,ggthemes
2016-03-30,313,97620,ggthemes
2016-03-31,321,97941,ggthemes
2016-04-01,295,98236,ggthemes
2016-04-02,128,98364,ggthemes
2016-04-03,124,98488,ggthemes
2016-04-04,267,98755,ggthemes
2016-04-05,296,99051,ggthemes
2016-04-06,345,99396,ggthemes
2016-04-07,312,99708,ggthemes
2016-04-08,289,99997,ggthemes
2016-04-09,282,100279,ggthemes
2016-04-10,272,100551,ggthemes
2016-04-11,619,101170,ggthemes
2016-04-12,527,101697,ggthemes
2016-04-13,478,102175,ggthemes
2016-04-14,497,102672,ggthemes
2016-04-15,427,103099,ggthemes
2016-04-16,211,103310,ggthemes
2016-04-17,200,103510,ggthemes
2016-04-18,420,103930,ggthemes
2016-04-19,395,104325,ggthemes
2016-04-20,387,104712,ggthemes
2016-04-21,361,105073,ggthemes
2016-04-22,372,105445,ggthemes
2016-04-23,179,105624,ggthemes
2016-04-24,175,105799,ggthemes
2016-04-25,287,106086,ggthemes
2016-04-26,379,106465,ggthemes
2016-04-27,390,106855,ggthemes
2016-04-28,331,107186,ggthemes
2016-04-29,313,107499,ggthemes
2016-04-30,148,107647,ggthemes
2016-05-01,160,107807,ggthemes
2016-05-02,296,108103,ggthemes
2016-05-03,331,108434,ggthemes
2016-05-04,426,108860,ggthemes
2016-05-05,354,109214,ggthemes
2016-05-06,327,109541,ggthemes
2016-05-07,193,109734,ggthemes
2016-05-08,150,109884,ggthemes
2016-05-09,406,110290,ggthemes
2016-05-10,363,110653,ggthemes
2016-05-11,426,111079,ggthemes
2016-05-12,362,111441,ggthemes
2016-05-13,351,111792,ggthemes
2016-05-14,169,111961,ggthemes
2016-05-15,168,112129,ggthemes
2016-05-16,423,112552,ggthemes
2016-05-17,416,112968,ggthemes
2016-05-18,379,113347,ggthemes
2016-05-19,372,113719,ggthemes
2016-05-20,309,114028,ggthemes
2016-05-21,308,114336,ggthemes
2016-05-22,191,114527,ggthemes
2016-05-23,381,114908,ggthemes
2016-05-24,390,115298,ggthemes
2016-05-25,358,115656,ggthemes
2016-05-26,400,116056,ggthemes
2016-05-27,369,116425,ggthemes
2016-05-28,177,116602,ggthemes
2016-05-29,156,116758,ggthemes
2016-05-30,326,117084,ggthemes
2016-05-31,386,117470,ggthemes
2016-06-01,348,117818,ggthemes
2016-06-02,446,118264,ggthemes
2016-06-03,387,118651,ggthemes
2016-06-04,182,118833,ggthemes
2016-06-05,221,119054,ggthemes
2016-06-06,370,119424,ggthemes
2016-06-07,376,119800,ggthemes
2016-06-08,347,120147,ggthemes
2016-06-09,427,120574,ggthemes
2016-06-10,419,120993,ggthemes
2016-06-11,176,121169,ggthemes
2016-06-12,164,121333,ggthemes
2016-06-13,444,121777,ggthemes
2016-06-14,389,122166,ggthemes
2016-06-15,412,122578,ggthemes
2016-06-16,438,123016,ggthemes
2016-06-17,334,123350,ggthemes
2016-06-18,130,123480,ggthemes
2016-06-19,155,123635,ggthemes
2016-06-20,360,123995,ggthemes
2016-06-21,424,124419,ggthemes
2016-06-22,434,124853,ggthemes
2016-06-23,510,125363,ggthemes
2016-06-24,264,125627,ggthemes
2016-06-25,151,125778,ggthemes
2016-06-26,196,125974,ggthemes
2016-06-27,414,126388,ggthemes
2016-06-28,424,126812,ggthemes
2016-06-29,354,127166,ggthemes
2016-06-30,335,127501,ggthemes
2016-07-01,279,127780,ggthemes
2016-07-02,193,127973,ggthemes
2016-07-03,156,128129,ggthemes
2016-07-04,323,128452,ggthemes
2016-07-05,398,128850,ggthemes
2016-07-06,402,129252,ggthemes
2016-07-07,371,129623,ggthemes
2016-07-08,346,129969,ggthemes
2016-07-09,213,130182,ggthemes
2016-07-10,214,130396,ggthemes
2016-07-11,746,131142,ggthemes
2016-07-12,889,132031,ggthemes
2016-07-13,709,132740,ggthemes
2016-07-14,581,133321,ggthemes
2016-07-15,720,134041,ggthemes
2016-07-16,304,134345,ggthemes
2016-07-17,225,134570,ggthemes
2016-07-18,530,135100,ggthemes
2016-07-19,653,135753,ggthemes
2016-07-20,511,136264,ggthemes
2016-07-21,545,136809,ggthemes
2016-07-22,416,137225,ggthemes
2016-07-23,195,137420,ggthemes
2016-07-24,242,137662,ggthemes
2016-07-25,471,138133,ggthemes
2016-07-26,470,138603,ggthemes
2016-07-27,433,139036,ggthemes
2016-07-28,501,139537,ggthemes
2016-07-29,391,139928,ggthemes
2016-07-30,216,140144,ggthemes
2016-07-31,171,140315,ggthemes
2016-08-01,379,140694,ggthemes
2016-08-02,396,141090,ggthemes
2016-08-03,461,141551,ggthemes
2016-08-04,380,141931,ggthemes
2016-08-05,359,142290,ggthemes
2016-08-06,219,142509,ggthemes
2016-08-07,193,142702,ggthemes
2016-08-08,432,143134,ggthemes
2016-08-09,434,143568,ggthemes
2016-08-10,440,144008,ggthemes
2016-08-11,408,144416,ggthemes
2016-08-12,364,144780,ggthemes
2016-08-13,225,145005,ggthemes
2016-08-14,189,145194,ggthemes
2016-08-15,467,145661,ggthemes
2016-08-16,370,146031,ggthemes
2016-08-17,396,146427,ggthemes
2016-08-18,378,146805,ggthemes
2016-08-19,326,147131,ggthemes
2016-08-20,171,147302,ggthemes
2016-08-21,211,147513,ggthemes
2016-08-22,495,148008,ggthemes
2016-08-23,433,148441,ggthemes
2016-08-24,462,148903,ggthemes
2016-08-25,539,149442,ggthemes
2016-08-26,424,149866,ggthemes
2016-08-27,188,150054,ggthemes
2016-08-28,213,150267,ggthemes
2016-08-29,434,150701,ggthemes
2016-08-30,479,151180,ggthemes
2016-08-31,423,151603,ggthemes
2016-09-01,405,152008,ggthemes
2016-09-02,346,152354,ggthemes
2016-09-03,161,152515,ggthemes
2016-09-04,187,152702,ggthemes
2016-09-05,338,153040,ggthemes
2016-09-06,525,153565,ggthemes
2016-09-07,481,154046,ggthemes
2016-09-08,523,154569,ggthemes
2016-09-09,456,155025,ggthemes
2016-09-10,191,155216,ggthemes
2016-09-11,230,155446,ggthemes
2016-09-12,493,155939,ggthemes
2016-09-13,444,156383,ggthemes
2016-09-14,443,156826,ggthemes
2016-09-15,339,157165,ggthemes
2016-09-16,361,157526,ggthemes
2016-09-17,225,157751,ggthemes
2016-09-18,236,157987,ggthemes
2016-09-19,513,158500,ggthemes
2016-09-20,449,158949,ggthemes
2016-09-21,481,159430,ggthemes
2016-09-22,476,159906,ggthemes
2016-09-23,494,160400,ggthemes
2016-09-24,216,160616,ggthemes
2016-09-25,256,160872,ggthemes
2016-09-26,483,161355,ggthemes
2016-09-27,450,161805,ggthemes
2016-09-28,518,162323,ggthemes
2016-09-29,600,162923,ggthemes
2016-09-30,471,163394,ggthemes
2016-10-01,222,163616,ggthemes
2016-10-02,218,163834,ggthemes
2016-10-03,536,164370,ggthemes
2016-10-04,615,164985,ggthemes
2016-10-05,524,165509,ggthemes
2016-10-06,572,166081,ggthemes
2016-10-07,443,166524,ggthemes
2016-10-08,210,166734,ggthemes
2016-10-09,262,166996,ggthemes
2016-10-10,492,167488,ggthemes
2016-10-11,452,167940,ggthemes
2016-10-12,555,168495,ggthemes
2016-10-13,620,169115,ggthemes
2016-10-14,579,169694,ggthemes
2016-10-15,330,170024,ggthemes
2016-10-16,234,170258,ggthemes
2016-10-17,479,170737,ggthemes
2016-10-18,494,171231,ggthemes
2016-10-19,540,171771,ggthemes
2016-10-20,596,172367,ggthemes
2016-10-21,528,172895,ggthemes
2016-10-22,222,173117,ggthemes
2016-10-23,238,173355,ggthemes
2016-10-24,461,173816,ggthemes
2016-10-25,583,174399,ggthemes
2016-10-26,501,174900,ggthemes
2016-10-27,626,175526,ggthemes
2016-10-28,479,176005,ggthemes
2016-10-29,327,176332,ggthemes
2016-10-30,234,176566,ggthemes
2016-10-31,472,177038,ggthemes
2016-11-01,501,177539,ggthemes
2016-11-02,623,178162,ggthemes
2016-11-03,673,178835,ggthemes
2016-11-04,493,179328,ggthemes
2016-11-05,314,179642,ggthemes
2016-11-06,333,179975,ggthemes
2016-11-07,649,180624,ggthemes
2016-11-08,602,181226,ggthemes
2016-11-09,550,181776,ggthemes
2016-11-10,617,182393,ggthemes
2016-11-11,532,182925,ggthemes
2016-11-12,260,183185,ggthemes
2016-11-13,305,183490,ggthemes
2016-11-14,602,184092,ggthemes
2016-11-15,663,184755,ggthemes
2016-11-16,608,185363,ggthemes
2016-11-17,648,186011,ggthemes
2016-11-18,589,186600,ggthemes
2016-11-19,361,186961,ggthemes
2016-11-20,372,187333,ggthemes
2016-11-21,675,188008,ggthemes
2016-11-22,523,188531,ggthemes
2016-11-23,513,189044,ggthemes
2016-11-24,2540,191584,ggthemes
2016-11-25,1670,193254,ggthemes
2016-11-26,567,193821,ggthemes
2016-11-27,606,194427,ggthemes
2016-11-28,1100,195527,ggthemes
2016-11-29,1173,196700,ggthemes
2016-11-30,986,197686,ggthemes
2016-12-01,1076,198762,ggthemes
2016-12-02,846,199608,ggthemes
2016-12-03,476,200084,ggthemes
2016-12-04,482,200566,ggthemes
2016-12-05,856,201422,ggthemes
2016-12-06,878,202300,ggthemes
2016-12-07,910,203210,ggthemes
2016-12-08,948,204158,ggthemes
2016-12-09,654,204812,ggthemes
2016-12-10,502,205314,ggthemes
2016-12-11,372,205686,ggthemes
2016-12-12,769,206455,ggthemes
2016-12-13,717,207172,ggthemes
2016-12-14,789,207961,ggthemes
2016-12-15,708,208669,ggthemes
2016-12-16,583,209252,ggthemes
2016-12-17,320,209572,ggthemes
2016-12-18,352,209924,ggthemes
2016-12-19,582,210506,ggthemes
2016-12-20,612,211118,ggthemes
2016-12-21,606,211724,ggthemes
2016-12-22,482,212206,ggthemes
2016-12-23,343,212549,ggthemes
2016-12-24,204,212753,ggthemes
2016-12-25,163,212916,ggthemes
2016-12-26,249,213165,ggthemes
2016-12-27,383,213548,ggthemes
2016-12-28,371,213919,ggthemes
2016-12-29,358,214277,ggthemes
2016-12-30,251,214528,ggthemes
2016-12-31,177,214705,ggthemes
2017-01-01,210,214915,ggthemes
2017-01-02,399,215314,ggthemes
2017-01-03,508,215822,ggthemes
2017-01-04,612,216434,ggthemes
2017-01-05,465,216899,ggthemes
2017-01-06,470,217369,ggthemes
2017-01-07,223,217592,ggthemes
2017-01-08,303,217895,ggthemes
2017-01-09,579,218474,ggthemes
2017-01-10,697,219171,ggthemes
2017-01-11,715,219886,ggthemes
2017-01-12,683,220569,ggthemes
2017-01-13,586,221155,ggthemes
2017-01-14,280,221435,ggthemes
2017-01-15,284,221719,ggthemes
2017-01-16,528,222247,ggthemes
2017-01-17,669,222916,ggthemes
2017-01-18,834,223750,ggthemes
2017-01-19,853,224603,ggthemes
2017-01-20,667,225270,ggthemes
2017-01-21,353,225623,ggthemes
2017-01-22,505,226128,ggthemes
2017-01-23,708,226836,ggthemes
2017-01-24,775,227611,ggthemes
2017-01-25,781,228392,ggthemes
2017-01-26,708,229100,ggthemes
2017-01-27,618,229718,ggthemes
2017-01-28,291,230009,ggthemes
2017-01-29,340,230349,ggthemes
2017-01-30,698,231047,ggthemes
2017-01-31,820,231867,ggthemes
2017-02-01,673,232540,ggthemes
2017-02-02,612,233152,ggthemes
2017-02-03,682,233834,ggthemes
2017-02-04,347,234181,ggthemes
2017-02-05,396,234577,ggthemes
2017-02-06,679,235256,ggthemes
2017-02-07,649,235905,ggthemes
2017-02-08,780,236685,ggthemes
2017-02-09,903,237588,ggthemes
2017-02-10,775,238363,ggthemes
2017-02-11,336,238699,ggthemes
2017-02-12,384,239083,ggthemes
2017-02-13,822,239905,ggthemes
2017-02-14,902,240807,ggthemes
2017-02-15,958,241765,ggthemes
2017-02-16,718,242483,ggthemes
2017-02-17,614,243097,ggthemes
2017-02-18,350,243447,ggthemes
2017-02-19,2043,245490,ggthemes
2017-02-20,2502,247992,ggthemes
2017-02-21,1451,249443,ggthemes
2017-02-22,1228,250671,ggthemes
2017-02-23,1237,251908,ggthemes
2017-02-24,1047,252955,ggthemes
2017-02-25,546,253501,ggthemes
2017-02-26,465,253966,ggthemes
2017-02-27,1064,255030,ggthemes
2017-02-28,859,255889,ggthemes
2017-03-01,631,256520,ggthemes
2017-03-02,962,257482,ggthemes
2017-03-03,951,258433,ggthemes
2017-03-04,512,258945,ggthemes
2017-03-05,589,259534,ggthemes
2017-03-06,1033,260567,ggthemes
2017-03-07,953,261520,ggthemes
2017-03-08,1045,262565,ggthemes
2017-03-09,1059,263624,ggthemes
2017-03-10,1033,264657,ggthemes
2017-03-11,451,265108,ggthemes
2017-03-12,588,265696,ggthemes
2017-03-13,948,266644,ggthemes
2017-03-14,920,267564,ggthemes
2017-03-15,926,268490,ggthemes
2017-03-16,966,269456,ggthemes
2017-03-17,740,270196,ggthemes
2017-03-18,516,270712,ggthemes
2017-03-19,450,271162,ggthemes
2017-03-20,837,271999,ggthemes
2017-03-21,923,272922,ggthemes
2017-03-22,968,273890,ggthemes
2017-03-23,810,274700,ggthemes
2017-03-24,751,275451,ggthemes
2017-03-25,434,275885,ggthemes
2017-03-26,424,276309,ggthemes
2017-03-27,909,277218,ggthemes
2017-03-28,832,278050,ggthemes
2017-03-29,832,278882,ggthemes
2017-03-30,916,279798,ggthemes
2017-03-31,757,280555,ggthemes
2017-04-01,488,281043,ggthemes
2017-04-02,358,281401,ggthemes
2017-04-03,742,282143,ggthemes
2017-04-04,932,283075,ggthemes
2017-04-05,918,283993,ggthemes
2017-04-06,774,284767,ggthemes
2017-04-07,808,285575,ggthemes
2017-04-08,400,285975,ggthemes
2017-04-09,431,286406,ggthemes
2017-04-10,802,287208,ggthemes
2017-04-11,777,287985,ggthemes
2017-04-12,846,288831,ggthemes
2017-04-13,863,289694,ggthemes
2017-04-14,740,290434,ggthemes
2017-04-15,383,290817,ggthemes
2017-04-16,365,291182,ggthemes
2017-04-17,576,291758,ggthemes
2017-04-18,825,292583,ggthemes
2017-04-19,883,293466,ggthemes
2017-04-20,1002,294468,ggthemes
2017-04-21,781,295249,ggthemes
2017-04-22,463,295712,ggthemes
2017-04-23,503,296215,ggthemes
2017-04-24,1088,297303,ggthemes
2017-04-25,1187,298490,ggthemes
2017-04-26,1012,299502,ggthemes
2017-04-27,895,300397,ggthemes
2017-04-28,765,301162,ggthemes
2017-04-29,361,301523,ggthemes
2017-04-30,428,301951,ggthemes
2017-05-01,586,302537,ggthemes
2017-05-02,796,303333,ggthemes
2017-05-03,886,304219,ggthemes
2017-05-04,733,304952,ggthemes
2017-05-05,788,305740,ggthemes
2017-05-06,379,306119,ggthemes
2017-05-07,447,306566,ggthemes
2017-05-08,979,307545,ggthemes
2017-05-09,902,308447,ggthemes
2017-05-10,741,309188,ggthemes
2017-05-11,788,309976,ggthemes
2017-05-12,679,310655,ggthemes
2017-05-13,340,310995,ggthemes
2017-05-14,451,311446,ggthemes
2017-05-15,801,312247,ggthemes
2017-05-16,864,313111,ggthemes
2017-05-17,922,314033,ggthemes
2017-05-18,723,314756,ggthemes
2017-05-19,760,315516,ggthemes
2017-05-20,455,315971,ggthemes
2017-05-21,543,316514,ggthemes
2017-05-22,699,317213,ggthemes
2017-05-23,938,318151,ggthemes
2017-05-24,791,318942,ggthemes
2017-05-25,757,319699,ggthemes
2017-05-26,645,320344,ggthemes
2017-05-27,287,320631,ggthemes
2017-05-28,311,320942,ggthemes
2017-05-29,635,321577,ggthemes
2017-05-30,667,322244,ggthemes
2017-05-31,739,322983,ggthemes
2017-06-01,693,323676,ggthemes
2017-06-02,740,324416,ggthemes
2017-06-03,441,324857,ggthemes
2017-06-04,450,325307,ggthemes
2017-06-05,935,326242,ggthemes
2017-06-06,1015,327257,ggthemes
2017-06-07,1085,328342,ggthemes
2017-06-08,1026,329368,ggthemes
2017-06-09,751,330119,ggthemes
2017-06-10,445,330564,ggthemes
2017-06-11,438,331002,ggthemes
2017-06-12,1094,332096,ggthemes
2017-06-13,1073,333169,ggthemes
2017-06-14,920,334089,ggthemes
2017-06-15,917,335006,ggthemes
2017-06-16,883,335889,ggthemes
2017-06-17,424,336313,ggthemes
2017-06-18,381,336694,ggthemes
2017-06-19,710,337404,ggthemes
2017-06-20,741,338145,ggthemes
2017-06-21,774,338919,ggthemes
2017-06-22,833,339752,ggthemes
2017-06-23,625,340377,ggthemes
2017-06-24,348,340725,ggthemes
2017-06-25,391,341116,ggthemes
2017-06-26,804,341920,ggthemes
2017-06-27,899,342819,ggthemes
2017-06-28,706,343525,ggthemes
2017-06-29,811,344336,ggthemes
2017-06-30,584,344920,ggthemes
2017-07-01,360,345280,ggthemes
2017-07-02,309,345589,ggthemes
2017-07-03,1051,346640,ggthemes
2017-07-04,607,347247,ggthemes
2017-07-05,861,348108,ggthemes
2017-07-06,808,348916,ggthemes
2017-07-07,660,349576,ggthemes
2017-07-08,345,349921,ggthemes
2017-07-09,305,350226,ggthemes
2017-07-10,820,351046,ggthemes
2017-07-11,853,351899,ggthemes
2017-07-12,801,352700,ggthemes
2017-07-13,837,353537,ggthemes
2017-07-14,630,354167,ggthemes
2017-07-15,279,354446,ggthemes
2017-07-16,274,354720,ggthemes
2017-07-17,784,355504,ggthemes
2017-07-18,769,356273,ggthemes
2017-07-19,854,357127,ggthemes
2017-07-20,777,357904,ggthemes
2017-07-21,592,358496,ggthemes
2017-07-22,376,358872,ggthemes
2017-07-23,249,359121,ggthemes
2017-07-24,680,359801,ggthemes
2017-07-25,1047,360848,ggthemes
2017-07-26,735,361583,ggthemes
2017-07-27,825,362408,ggthemes
2017-07-28,552,362960,ggthemes
2017-07-29,290,363250,ggthemes
2017-07-30,359,363609,ggthemes
2017-07-31,783,364392,ggthemes
2017-08-01,764,365156,ggthemes
2017-08-02,892,366048,ggthemes
2017-08-03,877,366925,ggthemes
2017-08-04,542,367467,ggthemes
2017-08-05,308,367775,ggthemes
2017-08-06,342,368117,ggthemes
2017-08-07,606,368723,ggthemes
2017-08-08,899,369622,ggthemes
2017-08-09,849,370471,ggthemes
2017-08-10,656,371127,ggthemes
2017-08-11,602,371729,ggthemes
2017-08-12,262,371991,ggthemes
2017-08-13,274,372265,ggthemes
2017-08-14,556,372821,ggthemes
2017-08-15,618,373439,ggthemes
2017-08-16,736,374175,ggthemes
2017-08-17,933,375108,ggthemes
2017-08-18,646,375754,ggthemes
2017-08-19,365,376119,ggthemes
2017-08-20,298,376417,ggthemes
2017-08-21,520,376937,ggthemes
2017-08-22,751,377688,ggthemes
2017-08-23,676,378364,ggthemes
2017-08-24,693,379057,ggthemes
2017-08-25,506,379563,ggthemes
2017-08-26,326,379889,ggthemes
2017-08-27,260,380149,ggthemes
2017-08-28,565,380714,ggthemes
2017-08-29,667,381381,ggthemes
2017-08-30,712,382093,ggthemes
2017-08-31,1038,383131,ggthemes
2017-09-01,563,383694,ggthemes
2017-09-02,387,384081,ggthemes
2017-09-03,333,384414,ggthemes
2017-09-04,511,384925,ggthemes
2017-09-05,803,385728,ggthemes
2017-09-06,1091,386819,ggthemes
2017-09-07,4362,391181,ggthemes
2017-09-08,767,391948,ggthemes
2017-09-09,364,392312,ggthemes
2017-09-10,370,392682,ggthemes
2017-09-11,782,393464,ggthemes
2017-09-12,1011,394475,ggthemes
2017-09-13,951,395426,ggthemes
2017-09-14,898,396324,ggthemes
2017-09-15,733,397057,ggthemes
2017-09-16,366,397423,ggthemes
2017-09-17,439,397862,ggthemes
2017-09-18,852,398714,ggthemes
2017-09-19,857,399571,ggthemes
2017-09-20,1129,400700,ggthemes
2017-09-21,808,401508,ggthemes
2017-09-22,947,402455,ggthemes
2017-09-23,429,402884,ggthemes
2017-09-24,433,403317,ggthemes
2017-09-25,998,404315,ggthemes
2017-09-26,982,405297,ggthemes
2017-09-27,877,406174,ggthemes
2017-09-28,1001,407175,ggthemes
2017-09-29,708,407883,ggthemes
2017-09-30,433,408316,ggthemes
2017-10-01,500,408816,ggthemes
2017-10-02,994,409810,ggthemes
2017-10-03,937,410747,ggthemes
2017-10-04,1115,411862,ggthemes
2017-10-05,947,412809,ggthemes
2017-10-06,970,413779,ggthemes
2017-10-07,485,414264,ggthemes
2017-10-08,552,414816,ggthemes
2017-10-09,868,415684,ggthemes
2017-10-10,996,416680,ggthemes
2017-10-11,1130,417810,ggthemes
2017-10-12,1028,418838,ggthemes
2017-10-13,951,419789,ggthemes
2017-10-14,456,420245,ggthemes
2017-10-15,507,420752,ggthemes
2017-10-16,938,421690,ggthemes
2017-10-17,974,422664,ggthemes
2017-10-18,935,423599,ggthemes
2017-10-19,896,424495,ggthemes
2017-10-20,902,425397,ggthemes
2017-10-21,420,425817,ggthemes
2017-10-22,455,426272,ggthemes
2017-10-23,865,427137,ggthemes
2017-10-24,919,428056,ggthemes
2017-10-25,959,429015,ggthemes
2017-10-26,1095,430110,ggthemes
2017-10-27,879,430989,ggthemes
2017-10-28,420,431409,ggthemes
2017-10-29,442,431851,ggthemes
2017-10-30,778,432629,ggthemes
2017-10-31,856,433485,ggthemes
2017-11-01,883,434368,ggthemes
2017-11-02,803,435171,ggthemes
2017-11-03,743,435914,ggthemes
2017-11-04,443,436357,ggthemes
2017-11-05,395,436752,ggthemes
2017-11-06,806,437558,ggthemes
2017-11-07,923,438481,ggthemes
2017-11-08,889,439370,ggthemes
2017-11-09,929,440299,ggthemes
2017-11-10,865,441164,ggthemes
2017-11-11,432,441596,ggthemes
2017-11-12,452,442048,ggthemes
2017-11-13,932,442980,ggthemes
2017-11-14,1050,444030,ggthemes
2017-11-15,908,444938,ggthemes
2017-11-16,942,445880,ggthemes
2017-11-17,790,446670,ggthemes
2017-11-18,369,447039,ggthemes
2017-11-19,438,447477,ggthemes
2017-11-20,953,448430,ggthemes
2017-11-21,999,449429,ggthemes
2017-11-22,855,450284,ggthemes
2017-11-23,777,451061,ggthemes
2017-11-24,621,451682,ggthemes
2017-11-25,434,452116,ggthemes
2017-11-26,420,452536,ggthemes
2017-11-27,835,453371,ggthemes
2017-11-28,825,454196,ggthemes
2017-11-29,876,455072,ggthemes
2017-11-30,1017,456089,ggthemes
2017-12-01,726,456815,ggthemes
2017-12-02,3115,459930,ggthemes
2017-12-03,3358,463288,ggthemes
2017-12-04,3727,467015,ggthemes
2017-12-05,3716,470731,ggthemes
2017-12-06,1084,471815,ggthemes
2017-12-07,980,472795,ggthemes
2017-12-08,733,473528,ggthemes
2017-12-09,439,473967,ggthemes
2017-12-10,503,474470,ggthemes
2017-12-11,836,475306,ggthemes
2017-12-12,1009,476315,ggthemes
2017-12-13,786,477101,ggthemes
2017-12-14,890,477991,ggthemes
2017-12-15,693,478684,ggthemes
2017-12-16,364,479048,ggthemes
2017-12-17,414,479462,ggthemes
2017-12-18,687,480149,ggthemes
2017-12-19,700,480849,ggthemes
2017-12-20,627,481476,ggthemes
2017-12-21,603,482079,ggthemes
2017-12-22,508,482587,ggthemes
2017-12-23,286,482873,ggthemes
2017-12-24,207,483080,ggthemes
2017-12-25,239,483319,ggthemes
2017-12-26,330,483649,ggthemes
2017-12-27,401,484050,ggthemes
2017-12-28,367,484417,ggthemes
2017-12-29,396,484813,ggthemes
2017-12-30,259,485072,ggthemes
2017-12-31,194,485266,ggthemes
2018-01-01,176,485442,ggthemes
2018-01-02,494,485936,ggthemes
2018-01-03,591,486527,ggthemes
2018-01-04,547,487074,ggthemes
2018-01-05,592,487666,ggthemes
2018-01-06,413,488079,ggthemes
2018-01-07,331,488410,ggthemes
2018-01-08,600,489010,ggthemes
2018-01-09,623,489633,ggthemes
2018-01-10,796,490429,ggthemes
2018-01-11,677,491106,ggthemes
2018-01-12,637,491743,ggthemes
2018-01-13,353,492096,ggthemes
2018-01-14,329,492425,ggthemes
2018-01-15,553,492978,ggthemes
2018-01-16,807,493785,ggthemes
2018-01-17,750,494535,ggthemes
2018-01-18,908,495443,ggthemes
2018-01-19,755,496198,ggthemes
2018-01-20,364,496562,ggthemes
2018-01-21,368,496930,ggthemes
2018-01-22,681,497611,ggthemes
2018-01-23,1073,498684,ggthemes
2018-01-24,963,499647,ggthemes
2018-01-25,907,500554,ggthemes
2018-01-26,715,501269,ggthemes
2018-01-27,380,501649,ggthemes
2018-01-28,395,502044,ggthemes
2018-01-29,896,502940,ggthemes
2018-01-30,985,503925,ggthemes
2018-01-31,1049,504974,ggthemes
2018-02-01,868,505842,ggthemes
2018-02-02,716,506558,ggthemes
2018-02-03,479,507037,ggthemes
2018-02-04,472,507509,ggthemes
2018-02-05,949,508458,ggthemes
2018-02-06,896,509354,ggthemes
2018-02-07,858,510212,ggthemes
2018-02-08,983,511195,ggthemes
2018-02-09,871,512066,ggthemes
2018-02-10,467,512533,ggthemes
2018-02-11,461,512994,ggthemes
2018-02-12,783,513777,ggthemes
2018-02-13,951,514728,ggthemes
2018-02-14,956,515684,ggthemes
2018-02-15,861,516545,ggthemes
2018-02-16,942,517487,ggthemes
2018-02-17,404,517891,ggthemes
2018-02-18,464,518355,ggthemes
2018-02-19,790,519145,ggthemes
2018-02-20,1019,520164,ggthemes
2018-02-21,1040,521204,ggthemes
2018-02-22,1093,522297,ggthemes
2018-02-23,878,523175,ggthemes
2018-02-24,484,523659,ggthemes
2018-02-25,399,524058,ggthemes
2018-02-26,904,524962,ggthemes
2018-02-27,865,525827,ggthemes
2018-02-28,949,526776,ggthemes
2018-03-01,937,527713,ggthemes
2018-03-02,891,528604,ggthemes
2018-03-03,368,528972,ggthemes
2018-03-04,513,529485,ggthemes
2018-03-05,912,530397,ggthemes
2018-03-06,1012,531409,ggthemes
2018-03-07,886,532295,ggthemes
2018-03-08,910,533205,ggthemes
2018-03-09,879,534084,ggthemes
2018-03-10,505,534589,ggthemes
2018-03-11,459,535048,ggthemes
2018-03-12,1069,536117,ggthemes
2018-03-13,901,537018,ggthemes
2018-03-14,925,537943,ggthemes
2018-03-15,911,538854,ggthemes
2018-03-16,942,539796,ggthemes
2018-03-17,509,540305,ggthemes
2018-03-18,462,540767,ggthemes
2018-03-19,864,541631,ggthemes
2018-03-20,958,542589,ggthemes
2018-03-21,1056,543645,ggthemes
2018-03-22,1056,544701,ggthemes
2018-03-23,833,545534,ggthemes
2018-03-24,569,546103,ggthemes
2018-03-25,508,546611,ggthemes
2018-03-26,976,547587,ggthemes
2018-03-27,941,548528,ggthemes
2018-03-28,894,549422,ggthemes
2018-03-29,794,550216,ggthemes
2018-03-30,618,550834,ggthemes
2018-03-31,333,551167,ggthemes
2018-04-01,369,551536,ggthemes
2018-04-02,647,552183,ggthemes
2018-04-03,2649,554832,ggthemes
2018-04-04,1890,556722,ggthemes
2018-04-05,1572,558294,ggthemes
2018-04-06,1252,559546,ggthemes
2018-04-07,732,560278,ggthemes
2018-04-08,734,561012,ggthemes
2018-04-09,1510,562522,ggthemes
2018-04-10,1657,564179,ggthemes
2018-04-11,1362,565541,ggthemes
2018-04-12,1387,566928,ggthemes
2018-04-13,1200,568128,ggthemes
2018-04-14,623,568751,ggthemes
2018-04-15,746,569497,ggthemes
2018-04-16,1308,570805,ggthemes
2018-04-17,1383,572188,ggthemes
2018-04-18,1292,573480,ggthemes
2018-04-19,1341,574821,ggthemes
2018-04-20,1196,576017,ggthemes
2018-04-21,646,576663,ggthemes
2018-04-22,612,577275,ggthemes
2018-04-23,1284,578559,ggthemes
2018-04-24,1654,580213,ggthemes
2018-04-25,1729,581942,ggthemes
2018-04-26,1590,583532,ggthemes
2018-04-27,1858,585390,ggthemes
2018-04-28,1817,587207,ggthemes
2018-04-29,1865,589072,ggthemes
2018-04-30,1857,590929,ggthemes
2018-05-01,1395,592324,ggthemes
2018-05-02,1569,593893,ggthemes
2018-05-03,1469,595362,ggthemes
2018-05-04,1190,596552,ggthemes
2018-05-05,705,597257,ggthemes
2018-05-06,615,597872,ggthemes
2018-05-07,2931,600803,ggthemes
2018-05-08,1894,602697,ggthemes
2018-05-09,1849,604546,ggthemes
2018-05-10,1397,605943,ggthemes
2018-05-11,1383,607326,ggthemes
2018-05-12,805,608131,ggthemes
2018-05-13,755,608886,ggthemes
2018-05-14,1580,610466,ggthemes
2018-05-15,1647,612113,ggthemes
2018-05-16,1590,613703,ggthemes
2018-05-17,1297,615000,ggthemes
2018-05-18,1257,616257,ggthemes
2018-05-19,816,617073,ggthemes
2018-05-20,673,617746,ggthemes
2018-05-21,1224,618970,ggthemes
2018-05-22,1407,620377,ggthemes
2018-05-23,1357,621734,ggthemes
2018-05-24,1383,623117,ggthemes
2018-05-25,1287,624404,ggthemes
2018-05-26,712,625116,ggthemes
2018-05-27,635,625751,ggthemes
2018-05-28,1195,626946,ggthemes
2018-05-29,1655,628601,ggthemes
2018-05-30,2721,631322,ggthemes
2018-05-31,1795,633117,ggthemes
2018-06-01,1129,634246,ggthemes
2018-06-02,573,634819,ggthemes
2018-06-03,632,635451,ggthemes
2018-06-04,1254,636705,ggthemes
2018-06-05,1338,638043,ggthemes
2018-06-06,1270,639313,ggthemes
2018-06-07,1476,640789,ggthemes
2018-06-08,1159,641948,ggthemes
2018-06-09,641,642589,ggthemes
2018-06-10,579,643168,ggthemes
2018-06-11,1391,644559,ggthemes
2018-06-12,1403,645962,ggthemes
2018-06-13,1124,647086,ggthemes
2018-06-14,1128,648214,ggthemes
2018-06-15,1004,649218,ggthemes
2018-06-16,464,649682,ggthemes
2018-06-17,462,650144,ggthemes
2018-06-18,1169,651313,ggthemes
2018-06-19,1067,652380,ggthemes
2018-06-20,1178,653558,ggthemes
2018-06-21,1276,654834,ggthemes
2018-06-22,1004,655838,ggthemes
2018-06-23,530,656368,ggthemes
2018-06-24,510,656878,ggthemes
2018-06-25,1060,657938,ggthemes
2018-06-26,1312,659250,ggthemes
2018-06-27,1093,660343,ggthemes
2018-06-28,1147,661490,ggthemes
2018-06-29,987,662477,ggthemes
2018-06-30,471,662948,ggthemes
2018-07-01,446,663394,ggthemes
2018-07-02,1060,664454,ggthemes
2018-07-03,1217,665671,ggthemes
2018-07-04,1093,666764,ggthemes
2018-07-05,1428,668192,ggthemes
2018-07-06,1219,669411,ggthemes
2018-07-07,734,670145,ggthemes
2018-07-08,674,670819,ggthemes
2018-07-09,1357,672176,ggthemes
2018-07-10,1295,673471,ggthemes
2018-07-11,1152,674623,ggthemes
2018-07-12,1002,675625,ggthemes
2018-07-13,927,676552,ggthemes
2018-07-14,575,677127,ggthemes
2018-07-15,501,677628,ggthemes
2018-07-16,1122,678750,ggthemes
2018-07-17,1098,679848,ggthemes
2018-07-18,1161,681009,ggthemes
2018-07-19,3160,684169,ggthemes
2018-07-20,2689,686858,ggthemes
2018-07-21,692,687550,ggthemes
2018-07-22,664,688214,ggthemes
2018-07-23,1576,689790,ggthemes
2018-07-24,1477,691267,ggthemes
2018-07-25,1368,692635,ggthemes
2018-07-26,1274,693909,ggthemes
2018-07-27,1079,694988,ggthemes
2018-07-28,637,695625,ggthemes
2018-07-29,589,696214,ggthemes
2018-07-30,1189,697403,ggthemes
2018-07-31,1233,698636,ggthemes
2018-08-01,1152,699788,ggthemes
2018-08-02,1145,700933,ggthemes
2018-08-03,984,701917,ggthemes
2018-08-04,534,702451,ggthemes
2018-08-05,561,703012,ggthemes
2018-08-06,1117,704129,ggthemes
2018-08-07,1173,705302,ggthemes
2018-08-08,1243,706545,ggthemes
2018-08-09,1083,707628,ggthemes
2018-08-10,1015,708643,ggthemes
2018-08-11,504,709147,ggthemes
2018-08-12,464,709611,ggthemes
2018-08-13,993,710604,ggthemes
2018-08-14,1224,711828,ggthemes
2018-08-15,1135,712963,ggthemes
2018-08-16,1100,714063,ggthemes
2018-08-17,1039,715102,ggthemes
2018-08-18,484,715586,ggthemes
2018-08-19,465,716051,ggthemes
2018-08-20,980,717031,ggthemes
2018-08-21,1153,718184,ggthemes
2018-08-22,1500,719684,ggthemes
2018-08-23,1198,720882,ggthemes
2018-08-24,1341,722223,ggthemes
2018-08-25,905,723128,ggthemes
2018-08-26,750,723878,ggthemes
2018-08-27,1682,725560,ggthemes
2018-08-28,1612,727172,ggthemes
2018-08-29,1424,728596,ggthemes
2018-08-30,1680,730276,ggthemes
2018-08-31,1311,731587,ggthemes
2018-09-01,577,732164,ggthemes
2018-09-02,586,732750,ggthemes
2018-09-03,1125,733875,ggthemes
2018-09-04,1615,735490,ggthemes
2018-09-05,1302,736792,ggthemes
2018-09-06,1420,738212,ggthemes
2018-09-07,1182,739394,ggthemes
2018-09-08,616,740010,ggthemes
2018-09-09,541,740551,ggthemes
2018-09-10,1368,741919,ggthemes
2018-09-11,1496,743415,ggthemes
2018-09-12,1702,745117,ggthemes
2018-09-13,1544,746661,ggthemes
2018-09-14,1505,748166,ggthemes
2018-09-15,625,748791,ggthemes
2018-09-16,733,749524,ggthemes
2018-09-17,1656,751180,ggthemes
2018-09-18,1678,752858,ggthemes
2018-09-19,1630,754488,ggthemes
2018-09-20,1700,756188,ggthemes
2018-09-21,1264,757452,ggthemes
2018-09-22,624,758076,ggthemes
2018-09-23,598,758674,ggthemes
2018-09-24,1409,760083,ggthemes
2018-09-25,1688,761771,ggthemes
2018-09-26,1553,763324,ggthemes
2018-09-27,1689,765013,ggthemes
2018-09-28,1393,766406,ggthemes
2018-09-29,751,767157,ggthemes
2018-09-30,647,767804,ggthemes
2018-10-01,1529,769333,ggthemes
2018-10-02,1645,770978,ggthemes
2018-10-03,1604,772582,ggthemes
2018-10-04,1690,774272,ggthemes
2018-10-05,1561,775833,ggthemes
2018-10-06,914,776747,ggthemes
2018-10-07,886,777633,ggthemes
2018-10-08,1893,779526,ggthemes
2018-10-09,2030,781556,ggthemes
2018-10-10,1915,783471,ggthemes
2018-10-11,2054,785525,ggthemes
2018-10-12,1539,787064,ggthemes
2018-10-13,941,788005,ggthemes
2018-10-14,675,788680,ggthemes
2018-10-15,1430,790110,ggthemes
2018-10-16,1613,791723,ggthemes
2018-10-17,1620,793343,ggthemes
2018-10-18,1517,794860,ggthemes
2018-10-19,1244,796104,ggthemes
2018-10-20,628,796732,ggthemes
2018-10-21,658,797390,ggthemes
2018-10-22,1632,799022,ggthemes
2018-10-23,1885,800907,ggthemes
2018-10-24,1816,802723,ggthemes
2018-10-25,1700,804423,ggthemes
2018-10-26,1968,806391,ggthemes
2018-10-27,738,807129,ggthemes
2018-10-28,815,807944,ggthemes
2018-10-29,1647,809591,ggthemes
2018-10-30,1727,811318,ggthemes
2018-10-31,1564,812882,ggthemes
2018-11-01,1424,814306,ggthemes
2018-11-02,1197,815503,ggthemes
2018-11-03,798,816301,ggthemes
2018-11-04,846,817147,ggthemes
2018-11-05,1426,818573,ggthemes
2018-11-06,1590,820163,ggthemes
2018-11-07,1588,821751,ggthemes
2018-11-08,1515,823266,ggthemes
2018-11-09,1571,824837,ggthemes
2018-11-10,819,825656,ggthemes
2018-11-11,856,826512,ggthemes
2018-11-12,1560,828072,ggthemes
2018-11-13,1702,829774,ggthemes
2018-11-14,1654,831428,ggthemes
2018-11-15,1560,832988,ggthemes
2018-11-16,1354,834342,ggthemes
2018-11-17,718,835060,ggthemes
2018-11-18,644,835704,ggthemes
2018-11-19,1487,837191,ggthemes
2018-11-20,1500,838691,ggthemes
2018-11-21,1595,840286,ggthemes
2018-11-22,1419,841705,ggthemes
2018-11-23,1139,842844,ggthemes
2018-11-24,596,843440,ggthemes
2018-11-25,736,844176,ggthemes
2018-11-26,1480,845656,ggthemes
2018-11-27,1719,847375,ggthemes
2018-11-28,1685,849060,ggthemes
2018-11-29,1666,850726,ggthemes
2018-11-30,1366,852092,ggthemes
2018-12-01,742,852834,ggthemes
2018-12-02,720,853554,ggthemes
2018-12-03,1708,855262,ggthemes
2018-12-04,1570,856832,ggthemes
2018-12-05,1567,858399,ggthemes
2018-12-06,1501,859900,ggthemes
2018-12-07,1250,861150,ggthemes
2018-12-08,631,861781,ggthemes
2018-12-09,682,862463,ggthemes
2018-12-10,1330,863793,ggthemes
2018-12-11,1411,865204,ggthemes
2018-12-12,1638,866842,ggthemes
2018-12-13,1326,868168,ggthemes
2018-12-14,1117,869285,ggthemes
2018-12-15,571,869856,ggthemes
2018-12-16,571,870427,ggthemes
2018-12-17,1325,871752,ggthemes
2018-12-18,1297,873049,ggthemes
2018-12-19,1222,874271,ggthemes
2018-12-20,1008,875279,ggthemes
2018-12-21,957,876236,ggthemes
2018-12-22,437,876673,ggthemes
2018-12-23,485,877158,ggthemes
2018-12-24,548,877706,ggthemes
2018-12-25,422,878128,ggthemes
2018-12-26,603,878731,ggthemes
2018-12-27,750,879481,ggthemes
2018-12-28,591,880072,ggthemes
2018-12-29,484,880556,ggthemes
2018-12-30,419,880975,ggthemes
2018-12-31,489,881464,ggthemes
2019-01-01,354,881818,ggthemes
2019-01-02,944,882762,ggthemes
2019-01-03,1016,883778,ggthemes
2019-01-04,962,884740,ggthemes
2019-01-05,538,885278,ggthemes
2019-01-06,515,885793,ggthemes
2019-01-07,1136,886929,ggthemes
2019-01-08,1507,888436,ggthemes
2019-01-09,1239,889675,ggthemes
2019-01-10,1173,890848,ggthemes
2019-01-11,1065,891913,ggthemes
2019-01-12,567,892480,ggthemes
2019-01-13,560,893040,ggthemes
2019-01-14,1236,894276,ggthemes
2019-01-15,1231,895507,ggthemes
2019-01-16,1298,896805,ggthemes
2019-01-17,1329,898134,ggthemes
2019-01-18,1260,899394,ggthemes
2019-01-19,652,900046,ggthemes
2019-01-20,578,900624,ggthemes
2019-01-21,1134,901758,ggthemes
2019-01-22,1370,903128,ggthemes
2019-01-23,1456,904584,ggthemes
2019-01-24,1608,906192,ggthemes
2019-01-25,2007,908199,ggthemes
2019-01-26,1216,909415,ggthemes
2019-01-27,1236,910651,ggthemes
2019-01-28,1861,912512,ggthemes
2019-01-29,1390,913902,ggthemes
2019-01-30,1345,915247,ggthemes
2019-01-31,1281,916528,ggthemes
2019-02-01,1301,917829,ggthemes
2019-02-02,779,918608,ggthemes
2019-02-03,739,919347,ggthemes
2019-02-04,1418,920765,ggthemes
2019-02-05,1561,922326,ggthemes
2019-02-06,1410,923736,ggthemes
2019-02-07,1635,925371,ggthemes
2019-02-08,1275,926646,ggthemes
2019-02-09,577,927223,ggthemes
2019-02-10,724,927947,ggthemes
2019-02-11,1460,929407,ggthemes
2019-02-12,1638,931045,ggthemes
2019-02-13,1647,932692,ggthemes
2019-02-14,1503,934195,ggthemes
2019-02-15,1270,935465,ggthemes
2019-02-16,742,936207,ggthemes
2019-02-17,838,937045,ggthemes
2019-02-18,1492,938537,ggthemes
2019-02-19,3097,941634,ggthemes
2019-02-20,3205,944839,ggthemes
2019-02-21,2925,947764,ggthemes
2019-02-22,2448,950212,ggthemes
2019-02-23,1228,951440,ggthemes
2019-02-24,1160,952600,ggthemes
2019-02-25,2512,955112,ggthemes
2019-02-26,2614,957726,ggthemes
2019-02-27,2247,959973,ggthemes
2019-02-28,1992,961965,ggthemes
2019-03-01,1707,963672,ggthemes
2019-03-02,894,964566,ggthemes
2019-03-03,1014,965580,ggthemes
2019-03-04,1974,967554,ggthemes
2019-03-05,1977,969531,ggthemes
2019-03-06,2022,971553,ggthemes
2019-03-07,2187,973740,ggthemes
2019-03-08,1918,975658,ggthemes
2019-03-09,948,976606,ggthemes
2019-03-10,899,977505,ggthemes
2019-03-11,1965,979470,ggthemes
2019-03-12,2474,981944,ggthemes
2019-03-13,2224,984168,ggthemes
2019-03-14,1930,986098,ggthemes
2019-03-15,1811,987909,ggthemes
2019-03-16,1002,988911,ggthemes
2019-03-17,1002,989913,ggthemes
2019-03-18,1991,991904,ggthemes
2019-03-19,1839,993743,ggthemes
2019-03-20,2282,996025,ggthemes
2019-03-21,1696,997721,ggthemes
2019-03-22,1739,999460,ggthemes
2019-03-23,968,1000428,ggthemes
2019-03-24,1059,1001487,ggthemes
2019-03-25,2174,1003661,ggthemes
2019-03-26,2152,1005813,ggthemes
2019-03-27,2107,1007920,ggthemes
2019-03-28,1900,1009820,ggthemes
2019-03-29,1513,1011333,ggthemes
2019-03-30,742,1012075,ggthemes
2019-03-31,779,1012854,ggthemes
2019-04-01,1649,1014503,ggthemes
2019-04-02,1790,1016293,ggthemes
2019-04-03,2079,1018372,ggthemes
2019-04-04,1902,1020274,ggthemes
2019-04-05,1834,1022108,ggthemes
2019-04-06,1396,1023504,ggthemes
2019-04-07,1293,1024797,ggthemes
2019-04-08,1942,1026739,ggthemes
2019-04-09,3347,1030086,ggthemes
2019-04-10,4601,1034687,ggthemes
2019-04-11,2938,1037625,ggthemes
2019-04-12,2468,1040093,ggthemes
2019-04-13,1354,1041447,ggthemes
2019-04-14,1271,1042718,ggthemes
2019-04-15,2326,1045044,ggthemes
2019-04-16,2515,1047559,ggthemes
2019-04-17,2776,1050335,ggthemes
2019-04-18,2615,1052950,ggthemes
2019-04-19,1796,1054746,ggthemes
2019-04-20,1184,1055930,ggthemes
2019-04-21,1086,1057016,ggthemes
2019-04-22,1814,1058830,ggthemes
2019-04-23,2230,1061060,ggthemes
2019-04-24,2067,1063127,ggthemes
2019-04-25,2329,1065456,ggthemes
2019-04-26,2054,1067510,ggthemes
2019-04-27,1334,1068844,ggthemes
2019-04-28,1172,1070016,ggthemes
2019-04-29,2313,1072329,ggthemes
2019-04-30,2458,1074787,ggthemes
2019-05-01,2048,1076835,ggthemes
2019-05-02,2268,1079103,ggthemes
2019-05-03,2170,1081273,ggthemes
2019-05-04,1156,1082429,ggthemes
2019-05-05,1112,1083541,ggthemes
2019-05-06,2326,1085867,ggthemes
2019-05-07,2357,1088224,ggthemes
2019-05-08,2121,1090345,ggthemes
2019-05-09,2328,1092673,ggthemes
2019-05-10,1930,1094603,ggthemes
2019-05-11,992,1095595,ggthemes
2019-05-12,1084,1096679,ggthemes
2019-05-13,3181,1099860,ggthemes
2019-05-14,3455,1103315,ggthemes
2019-05-15,2979,1106294,ggthemes
2019-05-16,2785,1109079,ggthemes
2019-05-17,2248,1111327,ggthemes
2019-05-18,1228,1112555,ggthemes
2019-05-19,1189,1113744,ggthemes
2019-05-20,2293,1116037,ggthemes
2019-05-21,2426,1118463,ggthemes
2019-05-22,2644,1121107,ggthemes
2019-05-23,2338,1123445,ggthemes
2019-05-24,2052,1125497,ggthemes
2019-05-25,1084,1126581,ggthemes
2019-05-26,925,1127506,ggthemes
2019-05-27,1826,1129332,ggthemes
2019-05-28,2128,1131460,ggthemes
2019-05-29,2208,1133668,ggthemes
2019-05-30,2139,1135807,ggthemes
2019-05-31,1877,1137684,ggthemes
2019-06-01,887,1138571,ggthemes
2019-06-02,883,1139454,ggthemes
2019-06-03,2121,1141575,ggthemes
2019-06-04,2389,1143964,ggthemes
2019-06-05,2159,1146123,ggthemes
2019-06-06,2122,1148245,ggthemes
2019-06-07,1977,1150222,ggthemes
2019-06-08,955,1151177,ggthemes
2019-06-09,928,1152105,ggthemes
2019-06-10,2130,1154235,ggthemes
2019-06-11,2300,1156535,ggthemes
2019-06-12,2207,1158742,ggthemes
2019-06-13,2281,1161023,ggthemes
2019-06-14,1825,1162848,ggthemes
2019-06-15,1059,1163907,ggthemes
2019-06-16,1051,1164958,ggthemes
2019-06-17,2383,1167341,ggthemes
2019-06-18,2416,1169757,ggthemes
2019-06-19,2143,1171900,ggthemes
2019-06-20,1701,1173601,ggthemes
2019-06-21,1605,1175206,ggthemes
2019-06-22,1141,1176347,ggthemes
2019-06-23,974,1177321,ggthemes
2019-06-24,1864,1179185,ggthemes
2019-06-25,1943,1181128,ggthemes
2019-06-26,1822,1182950,ggthemes
2019-06-27,1646,1184596,ggthemes
2019-06-28,1786,1186382,ggthemes
2019-06-29,794,1187176,ggthemes
2019-06-30,901,1188077,ggthemes
2019-07-01,1762,1189839,ggthemes
2019-07-02,2024,1191863,ggthemes
2019-07-03,1964,1193827,ggthemes
2019-07-04,1608,1195435,ggthemes
2019-07-05,1508,1196943,ggthemes
2019-07-06,772,1197715,ggthemes
2019-07-07,894,1198609,ggthemes
2019-07-08,2050,1200659,ggthemes
2019-07-09,2349,1203008,ggthemes
2019-07-10,2080,1205088,ggthemes
2019-07-11,2015,1207103,ggthemes
2019-07-12,1940,1209043,ggthemes
2019-07-13,772,1209815,ggthemes
2019-07-14,835,1210650,ggthemes
2019-07-15,1936,1212586,ggthemes
2019-07-16,1943,1214529,ggthemes
2019-07-17,2254,1216783,ggthemes
2019-07-18,2045,1218828,ggthemes
2019-07-19,1784,1220612,ggthemes
2019-07-20,921,1221533,ggthemes
2019-07-21,957,1222490,ggthemes
2019-07-22,2143,1224633,ggthemes
2019-07-23,2173,1226806,ggthemes
2019-07-24,2027,1228833,ggthemes
2019-07-25,2015,1230848,ggthemes
2019-07-26,1855,1232703,ggthemes
2019-07-27,1144,1233847,ggthemes
2019-07-28,1163,1235010,ggthemes
2019-07-29,2120,1237130,ggthemes
2019-07-30,2167,1239297,ggthemes
2019-07-31,2115,1241412,ggthemes
2019-08-01,2234,1243646,ggthemes
2019-08-02,2041,1245687,ggthemes
2019-08-03,1078,1246765,ggthemes
2019-08-04,876,1247641,ggthemes
2019-08-05,2290,1249931,ggthemes
2019-08-06,2284,1252215,ggthemes
2019-08-07,2264,1254479,ggthemes
2019-08-08,2144,1256623,ggthemes
2019-08-09,1915,1258538,ggthemes
2019-08-10,1119,1259657,ggthemes
2019-08-11,1015,1260672,ggthemes
2019-08-12,1955,1262627,ggthemes
2019-08-13,2176,1264803,ggthemes
2019-08-14,1893,1266696,ggthemes
2019-08-15,1749,1268445,ggthemes
2019-08-16,1942,1270387,ggthemes
2019-08-17,929,1271316,ggthemes
2019-08-18,937,1272253,ggthemes
2019-08-19,1890,1274143,ggthemes
2019-08-20,2076,1276219,ggthemes
2019-08-21,2131,1278350,ggthemes
2019-08-22,2045,1280395,ggthemes
2019-08-23,1885,1282280,ggthemes
2019-08-24,1390,1283670,ggthemes
2019-08-25,1246,1284916,ggthemes
2019-08-26,2575,1287491,ggthemes
2019-08-27,2611,1290102,ggthemes
2019-08-28,3003,1293105,ggthemes
2019-08-29,2634,1295739,ggthemes
2019-08-30,2497,1298236,ggthemes
2019-08-31,1290,1299526,ggthemes
2019-09-01,1351,1300877,ggthemes
2019-09-02,1868,1302745,ggthemes
2019-09-03,2989,1305734,ggthemes
2019-09-04,3153,1308887,ggthemes
2019-09-05,3053,1311940,ggthemes
2019-09-06,2429,1314369,ggthemes
2019-09-07,1609,1315978,ggthemes
2019-09-08,1542,1317520,ggthemes
2019-09-09,2695,1320215,ggthemes
2019-09-10,2613,1322828,ggthemes
2019-09-11,3012,1325840,ggthemes
2019-09-12,3151,1328991,ggthemes
2019-09-13,2566,1331557,ggthemes
2019-09-14,1168,1332725,ggthemes
2019-09-15,1033,1333758,ggthemes
2019-09-16,2408,1336166,ggthemes
2019-09-17,2686,1338852,ggthemes
2019-09-18,2775,1341627,ggthemes
2019-09-19,2772,1344399,ggthemes
2019-09-20,2270,1346669,ggthemes
2019-09-21,1084,1347753,ggthemes
2019-09-22,1154,1348907,ggthemes
2019-09-23,2737,1351644,ggthemes
2019-09-24,2539,1354183,ggthemes
2019-09-25,2506,1356689,ggthemes
2019-09-26,2677,1359366,ggthemes
2019-09-27,2229,1361595,ggthemes
2019-09-28,1232,1362827,ggthemes
2019-09-29,1237,1364064,ggthemes
2019-09-30,2359,1366423,ggthemes
2019-10-01,2346,1368769,ggthemes
2019-10-02,2192,1370961,ggthemes
2019-10-03,2270,1373231,ggthemes
2019-10-04,2034,1375265,ggthemes
2019-10-05,1089,1376354,ggthemes
2019-10-06,1211,1377565,ggthemes
2019-10-07,2175,1379740,ggthemes
2019-10-08,2428,1382168,ggthemes
2019-10-09,2627,1384795,ggthemes
2019-10-10,2490,1387285,ggthemes
2019-10-11,2267,1389552,ggthemes
2019-10-12,1085,1390637,ggthemes
2019-10-13,1221,1391858,ggthemes
2019-10-14,2181,1394039,ggthemes
2019-10-15,2505,1396544,ggthemes
2019-10-16,2655,1399199,ggthemes
2019-10-17,2399,1401598,ggthemes
2019-10-18,2111,1403709,ggthemes
2019-10-19,1223,1404932,ggthemes
2019-10-20,1168,1406100,ggthemes
2019-10-21,2452,1408552,ggthemes
2019-10-22,2652,1411204,ggthemes
2019-10-23,2505,1413709,ggthemes
2019-10-24,2445,1416154,ggthemes
2019-10-25,2018,1418172,ggthemes
2019-10-26,935,1419107,ggthemes
2019-10-27,1123,1420230,ggthemes
2019-10-28,2773,1423003,ggthemes
2019-10-29,3797,1426800,ggthemes
2019-10-30,3904,1430704,ggthemes
2019-10-31,4095,1434799,ggthemes
2019-11-01,3101,1437900,ggthemes
2019-11-02,2487,1440387,ggthemes
2019-11-03,2580,1442967,ggthemes
2019-11-04,3791,1446758,ggthemes
2019-11-05,3157,1449915,ggthemes
2019-11-06,2172,1452087,ggthemes
2019-11-07,2607,1454694,ggthemes
2019-11-08,2251,1456945,ggthemes
2019-11-09,1173,1458118,ggthemes
2019-11-10,1096,1459214,ggthemes
2019-11-11,2112,1461326,ggthemes
2019-11-12,2345,1463671,ggthemes
2019-11-13,2381,1466052,ggthemes
2019-11-14,2574,1468626,ggthemes
2019-11-15,2159,1470785,ggthemes
2019-11-16,1303,1472088,ggthemes
2019-11-17,1198,1473286,ggthemes
2019-11-18,2266,1475552,ggthemes
2019-11-19,3095,1478647,ggthemes
2019-11-20,2775,1481422,ggthemes
2019-11-21,2296,1483718,ggthemes
2019-11-22,2062,1485780,ggthemes
2019-11-23,1103,1486883,ggthemes
2019-11-24,1019,1487902,ggthemes
2019-11-25,2194,1490096,ggthemes
2019-11-26,2330,1492426,ggthemes
2019-11-27,2364,1494790,ggthemes
2019-11-28,1974,1496764,ggthemes
2019-11-29,1575,1498339,ggthemes
2019-11-30,1071,1499410,ggthemes
2019-12-01,1172,1500582,ggthemes
2019-12-02,2244,1502826,ggthemes
2019-12-03,2495,1505321,ggthemes
2019-12-04,2604,1507925,ggthemes
2019-12-05,2206,1510131,ggthemes
2019-12-06,2055,1512186,ggthemes
2019-12-07,1092,1513278,ggthemes
2019-12-08,1031,1514309,ggthemes
2019-12-09,2377,1516686,ggthemes
2019-12-10,2203,1518889,ggthemes
2019-12-11,2546,1521435,ggthemes
2019-12-12,2551,1523986,ggthemes
2019-12-13,1902,1525888,ggthemes
2019-12-14,1153,1527041,ggthemes
2019-12-15,1201,1528242,ggthemes
2019-12-16,1992,1530234,ggthemes
2019-12-17,2047,1532281,ggthemes
2019-12-18,2190,1534471,ggthemes
2019-12-19,1845,1536316,ggthemes
2019-12-20,1590,1537906,ggthemes
2019-12-21,854,1538760,ggthemes
2019-12-22,779,1539539,ggthemes
2019-12-23,1076,1540615,ggthemes
2019-12-24,908,1541523,ggthemes
2019-12-25,657,1542180,ggthemes
2019-12-26,797,1542977,ggthemes
2019-12-27,861,1543838,ggthemes
2019-12-28,721,1544559,ggthemes
2019-12-29,748,1545307,ggthemes
2019-12-30,945,1546252,ggthemes
2019-12-31,758,1547010,ggthemes
2020-01-01,635,1547645,ggthemes
2020-01-02,1184,1548829,ggthemes
2020-01-03,1258,1550087,ggthemes
2020-01-04,760,1550847,ggthemes
2020-01-05,838,1551685,ggthemes
2020-01-06,1477,1553162,ggthemes
2020-01-07,1720,1554882,ggthemes
2020-01-08,1884,1556766,ggthemes
2020-01-09,1981,1558747,ggthemes
2020-01-10,1694,1560441,ggthemes
2020-01-11,955,1561396,ggthemes
2020-01-12,897,1562293,ggthemes
2020-01-13,1665,1563958,ggthemes
2020-01-14,1766,1565724,ggthemes
2020-01-15,1921,1567645,ggthemes
2020-01-16,1868,1569513,ggthemes
2020-01-17,1553,1571066,ggthemes
2020-01-18,900,1571966,ggthemes
2020-01-19,855,1572821,ggthemes
2020-01-20,1831,1574652,ggthemes
2020-01-21,2096,1576748,ggthemes
2020-01-22,1945,1578693,ggthemes
2020-01-23,1919,1580612,ggthemes
2020-01-24,1872,1582484,ggthemes
2020-01-25,1072,1583556,ggthemes
2020-01-26,1707,1585263,ggthemes
2020-01-27,2503,1587766,ggthemes
2020-01-28,2192,1589958,ggthemes
2020-01-29,2791,1592749,ggthemes
2020-01-30,2620,1595369,ggthemes
2020-01-31,2302,1597671,ggthemes
2020-02-01,1148,1598819,ggthemes
2020-02-02,1137,1599956,ggthemes
2020-02-03,2366,1602322,ggthemes
2020-02-04,3119,1605441,ggthemes
2020-02-05,2758,1608199,ggthemes
2020-02-06,2720,1610919,ggthemes
2020-02-07,2604,1613523,ggthemes
2020-02-08,1258,1614781,ggthemes
2020-02-09,1376,1616157,ggthemes
2020-02-10,2557,1618714,ggthemes
2020-02-11,2779,1621493,ggthemes
2020-02-12,2765,1624258,ggthemes
2020-02-13,2751,1627009,ggthemes
2020-02-14,2123,1629132,ggthemes
2020-02-15,1290,1630422,ggthemes
2020-02-16,1396,1631818,ggthemes
2020-02-17,2363,1634181,ggthemes
2020-02-18,3385,1637566,ggthemes
2020-02-19,3084,1640650,ggthemes
2020-02-20,3080,1643730,ggthemes
2020-02-21,2852,1646582,ggthemes
2020-02-22,1813,1648395,ggthemes
2020-02-23,1608,1650003,ggthemes
2020-02-24,2366,1652369,ggthemes
2020-02-25,2921,1655290,ggthemes
2020-02-26,3318,1658608,ggthemes
2020-02-27,2604,1661212,ggthemes
2020-02-28,2231,1663443,ggthemes
2020-02-29,376,1663819,ggthemes
2020-03-01,1185,1665004,ggthemes
2020-03-02,2479,1667483,ggthemes
2020-03-03,2879,1670362,ggthemes
2020-03-04,3513,1673875,ggthemes
2020-03-05,3124,1676999,ggthemes
2020-03-06,2418,1679417,ggthemes
2020-03-07,1516,1680933,ggthemes
2020-03-08,1370,1682303,ggthemes
2020-03-09,2645,1684948,ggthemes
2020-03-10,3026,1687974,ggthemes
2020-03-11,2455,1690429,ggthemes
2020-03-12,1905,1692334,ggthemes
2020-03-13,2206,1694540,ggthemes
2020-03-14,1343,1695883,ggthemes
2020-03-15,1753,1697636,ggthemes
2020-03-16,3171,1700807,ggthemes
2020-03-17,2568,1703375,ggthemes
2020-03-18,3154,1706529,ggthemes
2020-03-19,2688,1709217,ggthemes
2020-03-20,2221,1711438,ggthemes
2020-03-21,1710,1713148,ggthemes
2020-03-22,2421,1715569,ggthemes
2020-03-23,3447,1719016,ggthemes
2020-03-24,3045,1722061,ggthemes
2020-03-25,3381,1725442,ggthemes
2020-03-26,3125,1728567,ggthemes
2020-03-27,2974,1731541,ggthemes
2020-03-28,2036,1733577,ggthemes
2020-03-29,2497,1736074,ggthemes
2020-03-30,3487,1739561,ggthemes
2020-03-31,3469,1743030,ggthemes
2020-04-01,3629,1746659,ggthemes
2020-04-02,3321,1749980,ggthemes
2020-04-03,3426,1753406,ggthemes
2020-04-04,2236,1755642,ggthemes
2020-04-05,1855,1757497,ggthemes
2020-04-06,3094,1760591,ggthemes
2020-04-07,3115,1763706,ggthemes
2020-04-08,3430,1767136,ggthemes
2020-04-09,2906,1770042,ggthemes
2020-04-10,2231,1772273,ggthemes
2020-04-11,1480,1773753,ggthemes
2020-04-12,1419,1775172,ggthemes
2020-04-13,2315,1777487,ggthemes
2020-04-14,3107,1780594,ggthemes
2020-04-15,3025,1783619,ggthemes
2020-04-16,2718,1786337,ggthemes
2020-04-17,2169,1788506,ggthemes
2020-04-18,1557,1790063,ggthemes
2020-04-19,1700,1791763,ggthemes
2020-04-20,2256,1794019,ggthemes
2020-04-21,2522,1796541,ggthemes
2020-04-22,3102,1799643,ggthemes
2020-04-23,3386,1803029,ggthemes
2020-04-24,2637,1805666,ggthemes
2020-04-25,2073,1807739,ggthemes
2020-04-26,2376,1810115,ggthemes
2020-04-27,3286,1813401,ggthemes
2020-04-28,3500,1816901,ggthemes
2020-04-29,3964,1820865,ggthemes
2020-04-30,2872,1823737,ggthemes
2020-05-01,2674,1826411,ggthemes
2020-05-02,2179,1828590,ggthemes
2020-05-03,1995,1830585,ggthemes
2020-05-04,3085,1833670,ggthemes
2020-05-05,2897,1836567,ggthemes
2020-05-06,3035,1839602,ggthemes
2020-05-07,2758,1842360,ggthemes
2020-05-08,2333,1844693,ggthemes
2020-05-09,1704,1846397,ggthemes
2020-05-10,1709,1848106,ggthemes
2020-05-11,2859,1850965,ggthemes
2020-05-12,2810,1853775,ggthemes
2020-05-13,2974,1856749,ggthemes
2020-05-14,2883,1859632,ggthemes
2020-05-15,2736,1862368,ggthemes
2020-05-16,1870,1864238,ggthemes
2020-05-17,2049,1866287,ggthemes
2020-05-18,3106,1869393,ggthemes
2020-05-19,3102,1872495,ggthemes
2020-05-20,2847,1875342,ggthemes
2020-05-21,2288,1877630,ggthemes
2020-05-22,2186,1879816,ggthemes
2020-05-23,1666,1881482,ggthemes
2020-05-24,1668,1883150,ggthemes
2020-05-25,2191,1885341,ggthemes
2020-05-26,2702,1888043,ggthemes
2020-05-27,2731,1890774,ggthemes
2020-05-28,2309,1893083,ggthemes
2020-05-29,2256,1895339,ggthemes
2020-05-30,1486,1896825,ggthemes
2020-05-31,1444,1898269,ggthemes
2020-06-01,2081,1900350,ggthemes
2020-06-02,2382,1902732,ggthemes
2020-06-03,2603,1905335,ggthemes
2020-06-04,2373,1907708,ggthemes
2020-06-05,2142,1909850,ggthemes
2020-06-06,1407,1911257,ggthemes
2020-06-07,1495,1912752,ggthemes
2020-06-08,2163,1914915,ggthemes
2020-06-09,2316,1917231,ggthemes
2020-06-10,2272,1919503,ggthemes
2020-06-11,1915,1921418,ggthemes
2020-06-12,1761,1923179,ggthemes
2020-06-13,1064,1924243,ggthemes
2020-06-14,1199,1925442,ggthemes
2020-06-15,2035,1927477,ggthemes
2020-06-16,2151,1929628,ggthemes
2020-06-17,2350,1931978,ggthemes
2020-06-18,2691,1934669,ggthemes
2020-06-19,2193,1936862,ggthemes
2020-06-20,1386,1938248,ggthemes
2020-06-21,1584,1939832,ggthemes
2020-06-22,2499,1942331,ggthemes
2020-06-23,2387,1944718,ggthemes
2020-06-24,2163,1946881,ggthemes
2020-06-25,2100,1948981,ggthemes
2020-06-26,1991,1950972,ggthemes
2020-06-27,1297,1952269,ggthemes
2020-06-28,1486,1953755,ggthemes
2020-06-29,2183,1955938,ggthemes
2020-06-30,2468,1958406,ggthemes
2020-07-01,2397,1960803,ggthemes
2020-07-02,2682,1963485,ggthemes
2020-07-03,2158,1965643,ggthemes
2020-07-04,1204,1966847,ggthemes
2020-07-05,1480,1968327,ggthemes
2020-07-06,2458,1970785,ggthemes
2020-07-07,2335,1973120,ggthemes
2020-07-08,2322,1975442,ggthemes
2020-07-09,2082,1977524,ggthemes
2020-07-10,1899,1979423,ggthemes
2020-07-11,965,1980388,ggthemes
2020-07-12,1124,1981512,ggthemes
2020-07-13,1860,1983372,ggthemes
2020-07-14,2006,1985378,ggthemes
2020-07-15,2085,1987463,ggthemes
2020-07-16,1893,1989356,ggthemes
2020-07-17,1921,1991277,ggthemes
2020-07-18,1011,1992288,ggthemes
2020-07-19,1097,1993385,ggthemes
2020-07-20,2004,1995389,ggthemes
2020-07-21,2077,1997466,ggthemes
2020-07-22,1875,1999341,ggthemes
2020-07-23,2034,2001375,ggthemes
2020-07-24,1704,2003079,ggthemes
2020-07-25,1024,2004103,ggthemes
2020-07-26,1114,2005217,ggthemes
2020-07-27,2161,2007378,ggthemes
2020-07-28,2187,2009565,ggthemes
2020-07-29,1960,2011525,ggthemes
2020-07-30,2049,2013574,ggthemes
2020-07-31,1899,2015473,ggthemes
2020-08-01,1239,2016712,ggthemes
2020-08-02,1205,2017917,ggthemes
2020-08-03,2073,2019990,ggthemes
2020-08-04,1847,2021837,ggthemes
2020-08-05,2094,2023931,ggthemes
2020-08-06,2006,2025937,ggthemes
2020-08-07,1820,2027757,ggthemes
2020-08-08,1078,2028835,ggthemes
2020-08-09,1163,2029998,ggthemes
2020-08-10,1963,2031961,ggthemes
2020-08-11,2041,2034002,ggthemes
2020-08-12,2174,2036176,ggthemes
2020-08-13,2138,2038314,ggthemes
2020-08-14,1859,2040173,ggthemes
2020-08-15,1418,2041591,ggthemes
2020-08-16,1323,2042914,ggthemes
2020-08-17,3020,2045934,ggthemes
2020-08-18,4424,2050358,ggthemes
2020-08-19,4234,2054592,ggthemes
2020-08-20,2250,2056842,ggthemes
2020-08-21,1973,2058815,ggthemes
2020-08-22,1287,2060102,ggthemes
2020-08-23,1648,2061750,ggthemes
2020-08-24,2069,2063819,ggthemes
2020-08-25,2439,2066258,ggthemes
2020-08-26,2621,2068879,ggthemes
2020-08-27,2387,2071266,ggthemes
2020-08-28,2229,2073495,ggthemes
2020-08-29,1586,2075081,ggthemes
2020-08-30,1403,2076484,ggthemes
2020-08-31,2501,2078985,ggthemes
2020-09-01,2461,2081446,ggthemes
2020-09-02,2642,2084088,ggthemes
2020-09-03,3163,2087251,ggthemes
2020-09-04,2175,2089426,ggthemes
2020-09-05,1519,2090945,ggthemes
2020-09-06,1474,2092419,ggthemes
2020-09-07,2331,2094750,ggthemes
2020-09-08,2845,2097595,ggthemes
2020-09-09,3023,2100618,ggthemes
2020-09-10,2721,2103339,ggthemes
2020-09-11,2768,2106107,ggthemes
2020-09-12,1871,2107978,ggthemes
2020-09-13,1447,2109425,ggthemes
2020-09-14,2495,2111920,ggthemes
2020-09-15,2751,2114671,ggthemes
2020-09-16,3068,2117739,ggthemes
2020-09-17,4792,2122531,ggthemes
2020-09-18,6444,2128975,ggthemes
2020-09-19,1877,2130852,ggthemes
2020-09-20,1712,2132564,ggthemes
2020-09-21,2840,2135404,ggthemes
2020-09-22,3259,2138663,ggthemes
2020-09-23,2776,2141439,ggthemes
2020-09-24,2860,2144299,ggthemes
2020-09-25,2987,2147286,ggthemes
2020-09-26,1751,2149037,ggthemes
2020-09-27,1751,2150788,ggthemes
2020-09-28,2561,2153349,ggthemes
2020-09-29,2722,2156071,ggthemes
2020-09-30,2937,2159008,ggthemes
2020-10-01,3355,2162363,ggthemes
2020-10-02,3328,2165691,ggthemes
2020-10-03,1625,2167316,ggthemes
2020-10-04,1476,2168792,ggthemes
2020-10-05,2595,2171387,ggthemes
2020-10-06,3011,2174398,ggthemes
2020-10-07,2539,2176937,ggthemes
2020-10-08,2510,2179447,ggthemes
2020-10-09,2102,2181549,ggthemes
2020-10-10,1202,2182751,ggthemes
2020-10-11,1308,2184059,ggthemes
2020-10-12,2438,2186497,ggthemes
2020-10-13,2801,2189298,ggthemes
2020-10-14,2921,2192219,ggthemes
2020-10-15,2680,2194899,ggthemes
2020-10-16,2534,2197433,ggthemes
2020-10-17,1305,2198738,ggthemes
2020-10-18,1262,2200000,ggthemes
2020-10-19,2502,2202502,ggthemes
2020-10-20,2549,2205051,ggthemes
2020-10-21,2593,2207644,ggthemes
2020-10-22,2643,2210287,ggthemes
2020-10-23,2399,2212686,ggthemes
2020-10-24,1392,2214078,ggthemes
2020-10-25,1369,2215447,ggthemes
2020-10-26,2479,2217926,ggthemes
2020-10-27,2579,2220505,ggthemes
2020-10-28,2425,2222930,ggthemes
2020-10-29,2753,2225683,ggthemes
2020-10-30,2336,2228019,ggthemes
2020-10-31,1110,2229129,ggthemes
2020-11-01,1244,2230373,ggthemes
2020-11-02,2319,2232692,ggthemes
2020-11-03,2487,2235179,ggthemes
2020-11-04,2164,2237343,ggthemes
2020-11-05,2488,2239831,ggthemes
2020-11-06,2177,2242008,ggthemes
2020-11-07,1029,2243037,ggthemes
2020-11-08,1280,2244317,ggthemes
2020-11-09,2420,2246737,ggthemes
2020-11-10,2550,2249287,ggthemes
2020-11-11,2293,2251580,ggthemes
2020-11-12,2375,2253955,ggthemes
2020-11-13,2189,2256144,ggthemes
2020-11-14,1333,2257477,ggthemes
2020-11-15,1301,2258778,ggthemes
2020-11-16,2378,2261156,ggthemes
2020-11-17,2722,2263878,ggthemes
2020-11-18,2435,2266313,ggthemes
2020-11-19,2211,2268524,ggthemes
2020-11-20,2071,2270595,ggthemes
2020-11-21,1233,2271828,ggthemes
2020-11-22,1402,2273230,ggthemes
2020-11-23,2328,2275558,ggthemes
2020-11-24,2330,2277888,ggthemes
2020-11-25,1773,2279661,ggthemes
2020-11-26,1819,2281480,ggthemes
2020-11-27,1751,2283231,ggthemes
2020-11-28,1263,2284494,ggthemes
2020-11-29,1412,2285906,ggthemes
2020-11-30,2105,2288011,ggthemes
2020-12-01,2339,2290350,ggthemes
2020-12-02,2367,2292717,ggthemes
2020-12-03,2268,2294985,ggthemes
2020-12-04,2410,2297395,ggthemes
2020-12-05,1309,2298704,ggthemes
2020-12-06,1400,2300104,ggthemes
2020-12-07,2287,2302391,ggthemes
2020-12-08,2384,2304775,ggthemes
2020-12-09,2487,2307262,ggthemes
2020-12-10,2372,2309634,ggthemes
2020-12-11,2160,2311794,ggthemes
2020-12-12,1242,2313036,ggthemes
2020-12-13,1309,2314345,ggthemes
2020-12-14,2088,2316433,ggthemes
2020-12-15,2293,2318726,ggthemes
2020-12-16,2135,2320861,ggthemes
2020-12-17,2273,2323134,ggthemes
2020-12-18,1745,2324879,ggthemes
2020-12-19,1181,2326060,ggthemes
2020-12-20,1208,2327268,ggthemes
2020-12-21,1945,2329213,ggthemes
2020-12-22,1750,2330963,ggthemes
2020-12-23,1855,2332818,ggthemes
2020-12-24,1218,2334036,ggthemes
2020-12-25,978,2335014,ggthemes
2020-12-26,1033,2336047,ggthemes
2020-12-27,1028,2337075,ggthemes
2020-12-28,2358,2339433,ggthemes
2020-12-29,1554,2340987,ggthemes
2020-12-30,1388,2342375,ggthemes
2020-12-31,1026,2343401,ggthemes
2021-01-01,868,2344269,ggthemes
2021-01-02,1006,2345275,ggthemes
2021-01-03,1049,2346324,ggthemes
2021-01-04,2012,2348336,ggthemes
2021-01-05,2106,2350442,ggthemes
2021-01-06,2386,2352828,ggthemes
2021-01-07,2124,2354952,ggthemes
2021-01-08,1902,2356854,ggthemes
2021-01-09,1149,2358003,ggthemes
2021-01-10,1184,2359187,ggthemes
2021-01-11,2294,2361481,ggthemes
2021-01-12,2192,2363673,ggthemes
2021-01-13,2357,2366030,ggthemes
2021-01-14,2244,2368274,ggthemes
2021-01-15,2172,2370446,ggthemes
2021-01-16,1267,2371713,ggthemes
2021-01-17,1182,2372895,ggthemes
2021-01-18,2347,2375242,ggthemes
2021-01-19,2369,2377611,ggthemes
2021-01-20,2970,2380581,ggthemes
2021-01-21,4208,2384789,ggthemes
2021-01-22,3568,2388357,ggthemes
2021-01-23,2033,2390390,ggthemes
2021-01-24,1932,2392322,ggthemes
2021-01-25,3518,2395840,ggthemes
2021-01-26,3158,2398998,ggthemes
2021-01-27,3128,2402126,ggthemes
2021-01-28,3148,2405274,ggthemes
2021-01-29,2815,2408089,ggthemes
2021-01-30,1817,2409906,ggthemes
2021-01-31,1869,2411775,ggthemes
2021-02-01,3216,2414991,ggthemes
2021-02-02,3326,2418317,ggthemes
2021-02-03,3156,2421473,ggthemes
2021-02-04,2923,2424396,ggthemes
2021-02-05,2671,2427067,ggthemes
2021-02-06,1682,2428749,ggthemes
2021-02-07,1896,2430645,ggthemes
2021-02-08,2916,2433561,ggthemes
2021-02-09,2952,2436513,ggthemes
2021-02-10,2922,2439435,ggthemes
2021-02-11,2879,2442314,ggthemes
2021-02-12,2746,2445060,ggthemes
2021-02-13,1534,2446594,ggthemes
2021-02-14,1330,2447924,ggthemes
2021-02-15,2805,2450729,ggthemes
2021-02-16,2786,2453515,ggthemes
2021-02-17,2819,2456334,ggthemes
2021-02-18,2786,2459120,ggthemes
2021-02-19,2649,2461769,ggthemes
2021-02-20,1519,2463288,ggthemes
2021-02-21,1512,2464800,ggthemes
2021-02-22,2998,2467798,ggthemes
2021-02-23,3069,2470867,ggthemes
2021-02-24,3267,2474134,ggthemes
2021-02-25,3233,2477367,ggthemes
2021-02-26,2837,2480204,ggthemes
2021-02-27,1779,2481983,ggthemes
2021-02-28,1803,2483786,ggthemes
2021-03-01,3474,2487260,ggthemes
2021-03-02,3486,2490746,ggthemes
2021-03-03,3287,2494033,ggthemes
2021-03-04,3086,2497119,ggthemes
2021-03-05,2728,2499847,ggthemes
2021-03-06,1554,2501401,ggthemes
2021-03-07,1613,2503014,ggthemes
2021-03-08,2993,2506007,ggthemes
2021-03-09,3224,2509231,ggthemes
2021-03-10,3098,2512329,ggthemes
2021-03-11,3178,2515507,ggthemes
2021-03-12,2750,2518257,ggthemes
2021-03-13,1686,2519943,ggthemes
2021-03-14,1967,2521910,ggthemes
2021-03-15,3039,2524949,ggthemes
2021-03-16,3306,2528255,ggthemes
2021-03-17,3399,2531654,ggthemes
2021-03-18,2989,2534643,ggthemes
2021-03-19,2763,2537406,ggthemes
2021-03-20,1794,2539200,ggthemes
2021-03-21,1823,2541023,ggthemes
2021-03-22,3094,2544117,ggthemes
2021-03-23,2870,2546987,ggthemes
2021-03-24,3118,2550105,ggthemes
2021-03-25,3168,2553273,ggthemes
2021-03-26,2707,2555980,ggthemes
2021-03-27,1638,2557618,ggthemes
2021-03-28,1616,2559234,ggthemes
2021-03-29,2917,2562151,ggthemes
2021-03-30,2911,2565062,ggthemes
2021-03-31,2874,2567936,ggthemes
2021-04-01,2533,2570469,ggthemes
2021-04-02,2162,2572631,ggthemes
2021-04-03,1534,2574165,ggthemes
2021-04-04,1686,2575851,ggthemes
2021-04-05,2604,2578455,ggthemes
2021-04-06,3196,2581651,ggthemes
2021-04-07,2930,2584581,ggthemes
2021-04-08,3082,2587663,ggthemes
2021-04-09,2924,2590587,ggthemes
2021-04-10,1726,2592313,ggthemes
2021-04-11,1812,2594125,ggthemes
2021-04-12,3434,2597559,ggthemes
2021-04-13,3103,2600662,ggthemes
2021-04-14,3152,2603814,ggthemes
2021-04-15,2805,2606619,ggthemes
2021-04-16,2689,2609308,ggthemes
2021-04-17,1508,2610816,ggthemes
2021-04-18,1637,2612453,ggthemes
2021-04-19,2462,2614915,ggthemes
2021-04-20,2788,2617703,ggthemes
2021-04-21,2641,2620344,ggthemes
2021-04-22,2858,2623202,ggthemes
2021-04-23,2540,2625742,ggthemes
2021-04-24,1636,2627378,ggthemes
2021-04-25,1638,2629016,ggthemes
2021-04-26,2787,2631803,ggthemes
2021-04-27,2852,2634655,ggthemes
2021-04-28,2808,2637463,ggthemes
2021-04-29,2830,2640293,ggthemes
2021-04-30,2328,2642621,ggthemes
2021-05-01,1550,2644171,ggthemes
2021-05-02,1523,2645694,ggthemes
2021-05-03,3039,2648733,ggthemes
2021-05-04,2856,2651589,ggthemes
2021-05-05,2947,2654536,ggthemes
2021-05-06,2724,2657260,ggthemes
2021-05-07,2444,2659704,ggthemes
2021-05-08,1569,2661273,ggthemes
2021-05-09,1676,2662949,ggthemes
2021-05-10,2991,2665940,ggthemes
2021-05-11,2858,2668798,ggthemes
2021-05-12,3067,2671865,ggthemes
2021-05-13,2451,2674316,ggthemes
2021-05-14,2483,2676799,ggthemes
2021-05-15,1571,2678370,ggthemes
2021-05-16,1554,2679924,ggthemes
2021-05-17,2729,2682653,ggthemes
2021-05-18,3435,2686088,ggthemes
2021-05-19,3062,2689150,ggthemes
2021-05-20,3003,2692153,ggthemes
2021-05-21,2656,2694809,ggthemes
2021-05-22,1635,2696444,ggthemes
2021-05-23,1663,2698107,ggthemes
2021-05-24,2474,2700581,ggthemes
2021-05-25,2992,2703573,ggthemes
2021-05-26,3025,2706598,ggthemes
2021-05-27,2842,2709440,ggthemes
2021-05-28,2883,2712323,ggthemes
2021-05-29,1524,2713847,ggthemes
2021-05-30,1595,2715442,ggthemes
2021-05-31,2471,2717913,ggthemes
2021-06-01,3053,2720966,ggthemes
2021-06-02,2911,2723877,ggthemes
2021-06-03,3057,2726934,ggthemes
2021-06-04,2440,2729374,ggthemes
2021-06-05,1641,2731015,ggthemes
2021-06-06,1655,2732670,ggthemes
2021-06-07,2848,2735518,ggthemes
2021-06-08,3166,2738684,ggthemes
2021-06-09,3136,2741820,ggthemes
2021-06-10,2850,2744670,ggthemes
2021-06-11,2305,2746975,ggthemes
2021-06-12,1521,2748496,ggthemes
2021-06-13,1607,2750103,ggthemes
2021-06-14,2896,2752999,ggthemes
2021-06-15,2851,2755850,ggthemes
2021-06-16,2766,2758616,ggthemes
2021-06-17,2815,2761431,ggthemes
2021-06-18,2242,2763673,ggthemes
2021-06-19,1487,2765160,ggthemes
2021-06-20,1603,2766763,ggthemes
2021-06-21,2599,2769362,ggthemes
2021-06-22,3085,2772447,ggthemes
2021-06-23,2931,2775378,ggthemes
2021-06-24,2909,2778287,ggthemes
2021-06-25,2395,2780682,ggthemes
2021-06-26,1625,2782307,ggthemes
2021-06-27,1608,2783915,ggthemes
2021-06-28,2793,2786708,ggthemes
2021-06-29,2783,2789491,ggthemes
2021-06-30,2606,2792097,ggthemes
2021-07-01,2465,2794562,ggthemes
2021-07-02,2158,2796720,ggthemes
2021-07-03,1395,2798115,ggthemes
2021-07-04,1502,2799617,ggthemes
2021-07-05,2378,2801995,ggthemes
2021-07-06,2583,2804578,ggthemes
2021-07-07,2958,2807536,ggthemes
2021-07-08,2806,2810342,ggthemes
2021-07-09,2287,2812629,ggthemes
2021-07-10,1452,2814081,ggthemes
2021-07-11,1364,2815445,ggthemes
2021-07-12,2727,2818172,ggthemes
2021-07-13,2724,2820896,ggthemes
2021-07-14,2807,2823703,ggthemes
2021-07-15,2470,2826173,ggthemes
2021-07-16,2109,2828282,ggthemes
2021-07-17,1517,2829799,ggthemes
2021-07-18,1321,2831120,ggthemes
2021-07-19,2347,2833467,ggthemes
2021-07-20,2626,2836093,ggthemes
2021-07-21,2539,2838632,ggthemes
2021-07-22,2500,2841132,ggthemes
2021-07-23,2176,2843308,ggthemes
2021-07-24,1336,2844644,ggthemes
2021-07-25,1342,2845986,ggthemes
2021-07-26,2274,2848260,ggthemes
2021-07-27,2476,2850736,ggthemes
2021-07-28,2571,2853307,ggthemes
2021-07-29,2152,2855459,ggthemes
2021-07-30,2151,2857610,ggthemes
2021-07-31,1231,2858841,ggthemes
2021-08-01,1299,2860140,ggthemes
2021-08-02,2029,2862169,ggthemes
2021-08-03,2350,2864519,ggthemes
2021-08-04,2451,2866970,ggthemes
2021-08-05,2394,2869364,ggthemes
2021-08-06,2032,2871396,ggthemes
2021-08-07,1234,2872630,ggthemes
2021-08-08,1374,2874004,ggthemes
2021-08-09,2539,2876543,ggthemes
2021-08-10,2388,2878931,ggthemes
2021-08-11,2398,2881329,ggthemes
2021-08-12,2493,2883822,ggthemes
2021-08-13,2297,2886119,ggthemes
2021-08-14,1551,2887670,ggthemes
2021-08-15,1432,2889102,ggthemes
2021-08-16,2273,2891375,ggthemes
2021-08-17,2614,2893989,ggthemes
2021-08-18,2775,2896764,ggthemes
2021-08-19,2593,2899357,ggthemes
2021-08-20,2146,2901503,ggthemes
2021-08-21,1468,2902971,ggthemes
2021-08-22,1480,2904451,ggthemes
2021-08-23,2576,2907027,ggthemes
2021-08-24,2909,2909936,ggthemes
2021-08-25,2808,2912744,ggthemes
2021-08-26,2792,2915536,ggthemes
2021-08-27,2490,2918026,ggthemes
2021-08-28,1312,2919338,ggthemes
2021-08-29,1439,2920777,ggthemes
2021-08-30,2358,2923135,ggthemes
2021-08-31,2815,2925950,ggthemes
2021-09-01,2742,2928692,ggthemes
2021-09-02,2530,2931222,ggthemes
2021-09-03,2230,2933452,ggthemes
2021-09-04,1261,2934713,ggthemes
2021-09-05,1337,2936050,ggthemes
2021-09-06,2193,2938243,ggthemes
2021-09-07,2731,2940974,ggthemes
2021-09-08,2921,2943895,ggthemes
2021-09-09,2979,2946874,ggthemes
2021-09-10,2483,2949357,ggthemes
2021-09-11,1380,2950737,ggthemes
2021-09-12,1490,2952227,ggthemes
2021-09-13,2946,2955173,ggthemes
2021-09-14,2965,2958138,ggthemes
2021-09-15,2993,2961131,ggthemes
2021-09-16,3063,2964194,ggthemes
2021-09-17,2624,2966818,ggthemes
2021-09-18,1713,2968531,ggthemes
2021-09-19,1628,2970159,ggthemes
2021-09-20,2733,2972892,ggthemes
2021-09-21,3197,2976089,ggthemes
2021-09-22,3362,2979451,ggthemes
2021-09-23,3148,2982599,ggthemes
2021-09-24,2557,2985156,ggthemes
2021-09-25,1532,2986688,ggthemes
2021-09-26,1597,2988285,ggthemes
2021-09-27,3021,2991306,ggthemes
2021-09-28,2910,2994216,ggthemes
2021-09-29,2842,2997058,ggthemes
2021-09-30,2693,2999751,ggthemes
2021-10-01,2434,3002185,ggthemes
2021-10-02,1463,3003648,ggthemes
2021-10-03,1613,3005261,ggthemes
2021-10-04,2704,3007965,ggthemes
2021-10-05,2939,3010904,ggthemes
2021-10-06,2886,3013790,ggthemes
2021-10-07,3105,3016895,ggthemes
2021-10-08,2573,3019468,ggthemes
2021-10-09,1587,3021055,ggthemes
2021-10-10,1688,3022743,ggthemes
2021-10-11,2818,3025561,ggthemes
2021-10-12,2869,3028430,ggthemes
2021-10-13,3039,3031469,ggthemes
2021-10-14,3264,3034733,ggthemes
2021-10-15,2660,3037393,ggthemes
2021-10-16,1686,3039079,ggthemes
2021-10-17,1764,3040843,ggthemes
2021-10-18,2849,3043692,ggthemes
2021-10-19,3045,3046737,ggthemes
2021-10-20,2935,3049672,ggthemes
2021-10-21,2995,3052667,ggthemes
2021-10-22,2895,3055562,ggthemes
2021-10-23,1632,3057194,ggthemes
2021-10-24,1782,3058976,ggthemes
2021-10-25,3011,3061987,ggthemes
2021-10-26,3053,3065040,ggthemes
2021-10-27,3139,3068179,ggthemes
2021-10-28,3398,3071577,ggthemes
2021-10-29,2766,3074343,ggthemes
2021-10-30,1825,3076168,ggthemes
2021-10-31,1785,3077953,ggthemes
2021-11-01,2948,3080901,ggthemes
2021-11-02,3084,3083985,ggthemes
2021-11-03,3462,3087447,ggthemes
2021-11-04,3386,3090833,ggthemes
2021-11-05,3099,3093932,ggthemes
2021-11-06,1984,3095916,ggthemes
2021-11-07,2013,3097929,ggthemes
2021-11-08,3268,3101197,ggthemes
2021-11-09,3327,3104524,ggthemes
2021-11-10,3314,3107838,ggthemes
2021-11-11,3442,3111280,ggthemes
2021-11-12,3186,3114466,ggthemes
2021-11-13,2147,3116613,ggthemes
2021-11-14,2094,3118707,ggthemes
2021-11-15,3224,3121931,ggthemes
2021-11-16,3266,3125197,ggthemes
2021-11-17,3209,3128406,ggthemes
2021-11-18,3545,3131951,ggthemes
2021-11-19,3344,3135295,ggthemes
2021-11-20,1885,3137180,ggthemes
2021-11-21,1869,3139049,ggthemes
2021-11-22,2811,3141860,ggthemes
2021-11-23,3096,3144956,ggthemes
2021-11-24,2904,3147860,ggthemes
2021-11-25,2593,3150453,ggthemes
2021-11-26,2264,3152717,ggthemes
2021-11-27,1739,3154456,ggthemes
2021-11-28,1851,3156307,ggthemes
2021-11-29,2888,3159195,ggthemes
2021-11-30,3240,3162435,ggthemes
2021-12-01,3228,3165663,ggthemes
2021-12-02,3069,3168732,ggthemes
2021-12-03,2922,3171654,ggthemes
2021-12-04,1891,3173545,ggthemes
2021-12-05,1901,3175446,ggthemes
2021-12-06,3104,3178550,ggthemes
2021-12-07,2939,3181489,ggthemes
2021-12-08,3341,3184830,ggthemes
2021-12-09,3094,3187924,ggthemes
2021-12-10,2327,3190251,ggthemes
2021-12-11,1996,3192247,ggthemes
2021-12-12,1887,3194134,ggthemes
2021-12-13,3473,3197607,ggthemes
2021-12-14,2662,3200269,ggthemes
2021-12-15,2856,3203125,ggthemes
2021-12-16,2907,3206032,ggthemes
2021-12-17,2689,3208721,ggthemes
2021-12-18,1754,3210475,ggthemes
2021-12-19,1999,3212474,ggthemes
2021-12-20,2448,3214922,ggthemes
2021-12-21,2514,3217436,ggthemes
2021-12-22,2557,3219993,ggthemes
2021-12-23,2281,3222274,ggthemes
2021-12-24,1763,3224037,ggthemes
2021-12-25,1641,3225678,ggthemes
2021-12-26,1764,3227442,ggthemes
2021-12-27,1903,3229345,ggthemes
2021-12-28,2445,3231790,ggthemes
2021-12-29,2379,3234169,ggthemes
2021-12-30,1981,3236150,ggthemes
2021-12-31,1729,3237879,ggthemes
2022-01-01,1495,3239374,ggthemes
2022-01-02,1694,3241068,ggthemes
2022-01-03,2487,3243555,ggthemes
2022-01-04,2740,3246295,ggthemes
2022-01-05,2648,3248943,ggthemes
2022-01-06,2768,3251711,ggthemes
2022-01-07,2390,3254101,ggthemes
2022-01-08,1868,3255969,ggthemes
2022-01-09,2012,3257981,ggthemes
2022-01-10,2900,3260881,ggthemes
2022-01-11,2975,3263856,ggthemes
2022-01-12,3062,3266918,ggthemes
2022-01-13,2894,3269812,ggthemes
2022-01-14,2623,3272435,ggthemes
2022-01-15,1907,3274342,ggthemes
2022-01-16,1908,3276250,ggthemes
2022-01-17,2565,3278815,ggthemes
2022-01-18,3171,3281986,ggthemes
2022-01-19,3154,3285140,ggthemes
2022-01-20,2792,3287932,ggthemes
2022-01-21,2689,3290621,ggthemes
2022-01-22,2040,3292661,ggthemes
2022-01-23,2066,3294727,ggthemes
2022-01-24,3207,3297934,ggthemes
2022-01-25,3137,3301071,ggthemes
2022-01-26,2999,3304070,ggthemes
2022-01-27,2992,3307062,ggthemes
2022-01-28,2754,3309816,ggthemes
2022-01-29,1974,3311790,ggthemes
2022-01-30,1989,3313779,ggthemes
2022-01-31,2861,3316640,ggthemes
2022-02-01,3063,3319703,ggthemes
2022-02-02,3190,3322893,ggthemes
2022-02-03,3143,3326036,ggthemes
2022-02-04,2959,3328995,ggthemes
2022-02-05,1947,3330942,ggthemes
2022-02-06,2272,3333214,ggthemes
2022-02-07,3429,3336643,ggthemes
2022-02-08,3934,3340577,ggthemes
2022-02-09,3398,3343975,ggthemes
2022-02-10,3385,3347360,ggthemes
2022-02-11,3038,3350398,ggthemes
2022-02-12,2027,3352425,ggthemes
2022-02-13,2136,3354561,ggthemes
2022-02-14,2990,3357551,ggthemes
2022-02-15,3212,3360763,ggthemes
2022-02-16,3267,3364030,ggthemes
2022-02-17,3144,3367174,ggthemes
2022-02-18,2809,3369983,ggthemes
2022-02-19,1947,3371930,ggthemes
2022-02-20,2116,3374046,ggthemes
2022-02-21,3277,3377323,ggthemes
2022-02-22,3368,3380691,ggthemes
2022-02-23,3230,3383921,ggthemes
2022-02-24,3110,3387031,ggthemes
2022-02-25,2679,3389710,ggthemes
2022-02-26,1955,3391665,ggthemes
2022-02-27,1925,3393590,ggthemes
2022-02-28,3238,3396828,ggthemes
2022-03-01,3445,3400273,ggthemes
2022-03-02,3426,3403699,ggthemes
2022-03-03,3555,3407254,ggthemes
2022-03-04,2990,3410244,ggthemes
2022-03-05,2025,3412269,ggthemes
2022-03-06,2040,3414309,ggthemes
2022-03-07,3151,3417460,ggthemes
2022-03-08,3344,3420804,ggthemes
2022-03-09,3340,3424144,ggthemes
2022-03-10,3359,3427503,ggthemes
2022-03-11,2753,3430256,ggthemes
2022-03-12,2047,3432303,ggthemes
2022-03-13,2110,3434413,ggthemes
2022-03-14,3083,3437496,ggthemes
2022-03-15,3157,3440653,ggthemes
2022-03-16,3169,3443822,ggthemes
2022-03-17,3301,3447123,ggthemes
2022-03-18,3486,3450609,ggthemes
2022-03-19,2512,3453121,ggthemes
2022-03-20,2378,3455499,ggthemes
2022-03-21,3586,3459085,ggthemes
2022-03-22,3206,3462291,ggthemes
2022-03-23,3424,3465715,ggthemes
2022-03-24,3451,3469166,ggthemes
2022-03-25,2826,3471992,ggthemes
2022-03-26,1882,3473874,ggthemes
2022-03-27,1957,3475831,ggthemes
2022-03-28,3229,3479060,ggthemes
2022-03-29,3561,3482621,ggthemes
2022-03-30,3410,3486031,ggthemes
2022-03-31,3044,3489075,ggthemes
2022-04-01,2595,3491670,ggthemes
2022-04-02,1791,3493461,ggthemes
2022-04-03,1952,3495413,ggthemes
2022-04-04,3007,3498420,ggthemes
2022-04-05,3104,3501524,ggthemes
2022-04-06,3382,3504906,ggthemes
2022-04-07,3107,3508013,ggthemes
2022-04-08,2846,3510859,ggthemes
2022-04-09,1883,3512742,ggthemes
2022-04-10,1923,3514665,ggthemes
2022-04-11,3082,3517747,ggthemes
2022-04-12,3358,3521105,ggthemes
2022-04-13,3389,3524494,ggthemes
2022-04-14,3918,3528412,ggthemes
2022-04-15,2830,3531242,ggthemes
2022-04-16,2381,3533623,ggthemes
2022-04-17,2630,3536253,ggthemes
2022-04-18,3940,3540193,ggthemes
2022-04-19,3893,3544086,ggthemes
2022-04-20,4265,3548351,ggthemes
2022-04-21,4003,3552354,ggthemes
2022-04-22,3782,3556136,ggthemes
2022-04-23,2804,3558940,ggthemes
2022-04-24,2496,3561436,ggthemes
2022-04-25,3694,3565130,ggthemes
2022-04-26,5131,3570261,ggthemes
2022-04-27,4363,3574624,ggthemes
2022-04-28,4276,3578900,ggthemes
2022-04-29,3477,3582377,ggthemes
2022-04-30,2152,3584529,ggthemes
2022-05-01,2279,3586808,ggthemes
2022-05-02,4249,3591057,ggthemes
2022-05-03,4167,3595224,ggthemes
2022-05-04,4284,3599508,ggthemes
2022-05-05,4155,3603663,ggthemes
2022-05-06,3490,3607153,ggthemes
2022-05-07,2089,3609242,ggthemes
2022-05-08,2395,3611637,ggthemes
2022-05-09,4160,3615797,ggthemes
2022-05-10,4267,3620064,ggthemes
2022-05-11,4304,3624368,ggthemes
2022-05-12,3772,3628140,ggthemes
2022-05-13,3491,3631631,ggthemes
2022-05-14,2149,3633780,ggthemes
2022-05-15,2160,3635940,ggthemes
2022-05-16,3390,3639330,ggthemes
2022-05-17,3208,3642538,ggthemes
2022-05-18,4287,3646825,ggthemes
2022-05-19,3815,3650640,ggthemes
2022-05-20,3408,3654048,ggthemes
2022-05-21,2023,3656071,ggthemes
2022-05-22,2286,3658357,ggthemes
2022-05-23,3458,3661815,ggthemes
2022-05-24,4382,3666197,ggthemes
2022-05-25,3989,3670186,ggthemes
2022-05-26,3513,3673699,ggthemes
2022-05-27,2728,3676427,ggthemes
2022-05-28,2383,3678810,ggthemes
2022-05-29,2336,3681146,ggthemes
2022-05-30,3243,3684389,ggthemes
2022-05-31,3219,3687608,ggthemes
2022-06-01,3233,3690841,ggthemes
2022-06-02,3361,3694202,ggthemes
2022-06-03,2747,3696949,ggthemes
2022-06-04,2202,3699151,ggthemes
2022-06-05,2385,3701536,ggthemes
2022-06-06,3292,3704828,ggthemes
2022-06-07,3592,3708420,ggthemes
2022-06-08,3197,3711617,ggthemes
2022-06-09,3314,3714931,ggthemes
2022-06-10,2701,3717632,ggthemes
2022-06-11,2190,3719822,ggthemes
2022-06-12,2339,3722161,ggthemes
2022-06-13,3660,3725821,ggthemes
2022-06-14,3195,3729016,ggthemes
2022-06-15,3893,3732909,ggthemes
2022-06-16,3545,3736454,ggthemes
2022-06-17,3677,3740131,ggthemes
2022-06-18,1983,3742114,ggthemes
2022-06-19,2171,3744285,ggthemes
2022-06-20,3750,3748035,ggthemes
2022-06-21,2902,3750937,ggthemes
2022-06-22,2943,3753880,ggthemes
2022-06-23,3730,3757610,ggthemes
2022-06-24,2959,3760569,ggthemes
2022-06-25,1880,3762449,ggthemes
2022-06-26,1853,3764302,ggthemes
2022-06-27,3233,3767535,ggthemes
2022-06-28,3594,3771129,ggthemes
2022-06-29,3242,3774371,ggthemes
2022-06-30,2829,3777200,ggthemes
2022-07-01,2977,3780177,ggthemes
2022-07-02,1827,3782004,ggthemes
2022-07-03,2615,3784619,ggthemes
2022-07-04,3714,3788333,ggthemes
2022-07-05,3845,3792178,ggthemes
2022-07-06,4090,3796268,ggthemes
2022-07-07,3808,3800076,ggthemes
2022-07-08,2826,3802902,ggthemes
2022-07-09,2096,3804998,ggthemes
2022-07-10,2070,3807068,ggthemes
2022-07-11,3825,3810893,ggthemes
2022-07-12,4005,3814898,ggthemes
2022-07-13,3922,3818820,ggthemes
2022-07-14,3737,3822557,ggthemes
2022-07-15,3089,3825646,ggthemes
2022-07-16,2117,3827763,ggthemes
2022-07-17,2091,3829854,ggthemes
2022-07-18,3455,3833309,ggthemes
2022-07-19,4199,3837508,ggthemes
2022-07-20,3382,3840890,ggthemes
2022-07-21,3706,3844596,ggthemes
2022-07-22,3164,3847760,ggthemes
2022-07-23,1930,3849690,ggthemes
2022-07-24,2021,3851711,ggthemes
2022-07-25,2853,3854564,ggthemes
2022-07-26,3110,3857674,ggthemes
2022-07-27,4130,3861804,ggthemes
2022-07-28,8685,3870489,ggthemes
2022-07-29,8277,3878766,ggthemes
2022-07-30,7942,3886708,ggthemes
2022-07-31,7864,3894572,ggthemes
2022-08-01,8888,3903460,ggthemes
2022-08-02,9521,3912981,ggthemes
2022-08-03,9783,3922764,ggthemes
2022-08-04,9255,3932019,ggthemes
2022-08-05,8434,3940453,ggthemes
2022-08-06,7428,3947881,ggthemes
2022-08-07,8111,3955992,ggthemes
2022-08-08,9982,3965974,ggthemes
2022-08-09,9586,3975560,ggthemes
2022-08-10,8500,3984060,ggthemes
2022-08-11,8101,3992161,ggthemes
2022-08-12,8574,4000735,ggthemes
2022-08-13,6142,4006877,ggthemes
2022-08-14,5947,4012824,ggthemes
2022-08-15,8654,4021478,ggthemes
2022-08-16,8906,4030384,ggthemes
2022-08-17,3728,4034112,ggthemes
2022-08-18,3339,4037451,ggthemes
2022-08-19,3123,4040574,ggthemes
2022-08-20,4151,4044725,ggthemes
2022-08-21,4196,4048921,ggthemes
2022-08-22,5856,4054777,ggthemes
2022-08-23,6134,4060911,ggthemes
2022-08-24,6116,4067027,ggthemes
2022-08-25,6857,4073884,ggthemes
2022-08-26,5802,4079686,ggthemes
2022-08-27,4277,4083963,ggthemes
2022-08-28,4600,4088563,ggthemes
2022-08-29,6880,4095443,ggthemes
2022-08-30,6811,4102254,ggthemes
2022-08-31,6959,4109213,ggthemes
2022-09-01,6507,4115720,ggthemes
2022-09-02,5422,4121142,ggthemes
2022-09-03,4068,4125210,ggthemes
2022-09-04,4145,4129355,ggthemes
2022-09-05,5780,4135135,ggthemes
2022-09-06,6350,4141485,ggthemes
2022-09-07,5720,4147205,ggthemes
2022-09-08,6589,4153794,ggthemes
2022-09-09,6023,4159817,ggthemes
2022-09-10,4318,4164135,ggthemes
2022-09-11,4575,4168710,ggthemes
2022-09-12,4643,4173353,ggthemes
2022-09-13,3517,4176870,ggthemes
2022-09-14,3303,4180173,ggthemes
2022-09-15,3435,4183608,ggthemes
2022-09-16,2524,4186132,ggthemes
2022-09-17,1563,4187695,ggthemes
2022-09-18,1286,4188981,ggthemes
2022-09-19,3218,4192199,ggthemes
2022-09-20,3181,4195380,ggthemes
2022-09-21,4129,4199509,ggthemes
2022-09-22,3051,4202560,ggthemes
2022-09-23,2540,4205100,ggthemes
2022-09-24,1674,4206774,ggthemes
2022-09-25,1601,4208375,ggthemes
2022-09-26,3147,4211522,ggthemes
2022-09-27,3716,4215238,ggthemes
2022-09-28,3327,4218565,ggthemes
2022-09-29,3219,4221784,ggthemes
2022-09-30,2978,4224762,ggthemes
2022-10-01,1160,4225922,ggthemes
2022-10-02,1268,4227190,ggthemes
2022-10-03,3433,4230623,ggthemes
2022-10-04,3341,4233964,ggthemes
2022-10-05,3358,4237322,ggthemes
2022-10-06,3577,4240899,ggthemes
2022-10-07,2630,4243529,ggthemes
2022-10-08,1538,4245067,ggthemes
2022-10-09,1403,4246470,ggthemes
2022-10-10,3351,4249821,ggthemes
2022-10-11,2980,4252801,ggthemes
2022-10-12,2656,4255457,ggthemes
2022-10-13,3071,4258528,ggthemes
2022-10-14,2935,4261463,ggthemes
2022-10-15,1458,4262921,ggthemes
2022-10-16,1675,4264596,ggthemes
2022-10-17,3187,4267783,ggthemes
2022-10-18,4671,4272454,ggthemes
2022-10-19,4229,4276683,ggthemes
2022-10-20,3704,4280387,ggthemes
2022-10-21,3035,4283422,ggthemes
2022-10-22,1241,4284663,ggthemes
2022-10-23,1406,4286069,ggthemes
2022-10-24,2356,4288425,ggthemes
2022-10-25,2474,4290899,ggthemes
2022-10-26,2810,4293709,ggthemes
2022-10-27,2587,4296296,ggthemes
2022-10-28,1992,4298288,ggthemes
2022-10-29,1114,4299402,ggthemes
2022-10-30,1149,4300551,ggthemes
2022-10-31,2185,4302736,ggthemes
2022-11-01,2809,4305545,ggthemes
2022-11-02,3900,4309445,ggthemes
2022-11-03,4281,4313726,ggthemes
2022-11-04,2363,4316089,ggthemes
2022-11-05,1304,4317393,ggthemes
2022-11-06,1364,4318757,ggthemes
2022-11-07,3225,4321982,ggthemes
2022-11-08,2888,4324870,ggthemes
2022-11-09,2456,4327326,ggthemes
2022-11-10,2599,4329925,ggthemes
2022-11-11,2244,4332169,ggthemes
2022-11-12,1349,4333518,ggthemes
2022-11-13,1337,4334855,ggthemes
2022-11-14,2394,4337249,ggthemes
2022-11-15,2858,4340107,ggthemes
2022-11-16,2723,4342830,ggthemes
2022-11-17,3060,4345890,ggthemes
2022-11-18,2540,4348430,ggthemes
2022-11-19,1331,4349761,ggthemes
2022-11-20,2686,4352447,ggthemes
2022-11-21,2696,4355143,ggthemes
2022-11-22,2612,4357755,ggthemes
2022-11-23,2493,4360248,ggthemes
2022-11-24,2704,4362952,ggthemes
2022-11-25,2435,4365387,ggthemes
2022-11-26,1486,4366873,ggthemes
2022-11-27,1392,4368265,ggthemes
2022-11-28,2713,4370978,ggthemes
2022-11-29,2778,4373756,ggthemes
2022-11-30,2600,4376356,ggthemes
2022-12-01,3049,4379405,ggthemes
2022-12-02,2239,4381644,ggthemes
2022-12-03,1381,4383025,ggthemes
2022-12-04,1460,4384485,ggthemes
2022-12-05,2525,4387010,ggthemes
2022-12-06,2576,4389586,ggthemes
2022-12-07,2604,4392190,ggthemes
2022-12-08,2364,4394554,ggthemes
2022-12-09,1959,4396513,ggthemes
2022-12-10,1244,4397757,ggthemes
2022-12-11,1220,4398977,ggthemes
2022-12-12,2062,4401039,ggthemes
2022-12-13,1924,4402963,ggthemes
2022-12-14,1984,4404947,ggthemes
2022-12-15,1716,4406663,ggthemes
2022-12-16,1714,4408377,ggthemes
2022-12-17,1187,4409564,ggthemes
2022-12-18,959,4410523,ggthemes
2022-12-19,1744,4412267,ggthemes
2022-12-20,1834,4414101,ggthemes
2022-12-21,1696,4415797,ggthemes
2022-12-22,1461,4417258,ggthemes
2022-12-23,1169,4418427,ggthemes
2022-12-24,805,4419232,ggthemes
2022-12-25,654,4419886,ggthemes
2022-12-26,944,4420830,ggthemes
2022-12-27,1137,4421967,ggthemes
2022-12-28,1227,4423194,ggthemes
2022-12-29,1156,4424350,ggthemes
2022-12-30,1106,4425456,ggthemes
2022-12-31,902,4426358,ggthemes
2023-01-01,834,4427192,ggthemes
2023-01-02,1380,4428572,ggthemes
2023-01-03,1940,4430512,ggthemes
2023-01-04,2130,4432642,ggthemes
2023-01-05,2134,4434776,ggthemes
2023-01-06,1987,4436763,ggthemes
2023-01-07,1398,4438161,ggthemes
2023-01-08,1336,4439497,ggthemes
2023-01-09,2566,4442063,ggthemes
2023-01-10,2372,4444435,ggthemes
2023-01-11,2320,4446755,ggthemes
2023-01-12,2428,4449183,ggthemes
2023-01-13,2103,4451286,ggthemes
2023-01-14,1479,4452765,ggthemes
2023-01-15,1546,4454311,ggthemes
2023-01-16,2224,4456535,ggthemes
2023-01-17,2538,4459073,ggthemes
2023-01-18,2899,4461972,ggthemes
2023-01-19,2853,4464825,ggthemes
2023-01-20,2449,4467274,ggthemes
2023-01-21,1306,4468580,ggthemes
2023-01-22,1462,4470042,ggthemes
2023-01-23,2522,4472564,ggthemes
2023-01-24,2930,4475494,ggthemes
2023-01-25,2873,4478367,ggthemes
2023-01-26,2752,4481119,ggthemes
2023-01-27,3062,4484181,ggthemes
2023-01-28,1524,4485705,ggthemes
2023-01-29,1541,4487246,ggthemes
2023-01-30,2817,4490063,ggthemes
2023-01-31,2758,4492821,ggthemes
2023-02-01,2729,4495550,ggthemes
2023-02-02,2742,4498292,ggthemes
2023-02-03,2282,4500574,ggthemes
2023-02-04,1476,4502050,ggthemes
2023-02-05,1418,4503468,ggthemes
2023-02-06,2702,4506170,ggthemes
2023-02-07,2907,4509077,ggthemes
2023-02-08,2851,4511928,ggthemes
2023-02-09,2637,4514565,ggthemes
2023-02-10,2201,4516766,ggthemes
2023-02-11,1396,4518162,ggthemes
2023-02-12,1442,4519604,ggthemes
2023-02-13,2562,4522166,ggthemes
2023-02-14,2904,4525070,ggthemes
2023-02-15,2947,4528017,ggthemes
2023-02-16,3311,4531328,ggthemes
2023-02-17,2865,4534193,ggthemes
2023-02-18,1596,4535789,ggthemes
2023-02-19,1608,4537397,ggthemes
2023-02-20,2278,4539675,ggthemes
2023-02-21,2919,4542594,ggthemes
2023-02-22,2663,4545257,ggthemes
2023-02-23,2836,4548093,ggthemes
2023-02-24,2265,4550358,ggthemes
2023-02-25,1429,4551787,ggthemes
2023-02-26,1579,4553366,ggthemes
2023-02-27,2883,4556249,ggthemes
2023-02-28,3081,4559330,ggthemes
2023-03-01,2947,4562277,ggthemes
2023-03-02,2781,4565058,ggthemes
2023-03-03,2444,4567502,ggthemes
2023-03-04,1318,4568820,ggthemes
2023-03-05,1497,4570317,ggthemes
2023-03-06,2759,4573076,ggthemes
2023-03-07,3054,4576130,ggthemes
2023-03-08,2840,4578970,ggthemes
2023-03-09,2978,4581948,ggthemes
2023-03-10,2398,4584346,ggthemes
2023-03-11,1572,4585918,ggthemes
2023-03-12,1481,4587399,ggthemes
2023-03-13,2690,4590089,ggthemes
2023-03-14,2862,4592951,ggthemes
2023-03-15,2701,4595652,ggthemes
2023-03-16,2706,4598358,ggthemes
2023-03-17,2407,4600765,ggthemes
2023-03-18,1323,4602088,ggthemes
2023-03-19,1488,4603576,ggthemes
2023-03-20,2607,4606183,ggthemes
2023-03-21,3272,4609455,ggthemes
2023-03-22,3079,4612534,ggthemes
2023-03-23,2895,4615429,ggthemes
2023-03-24,2479,4617908,ggthemes
2023-03-25,1518,4619426,ggthemes
2023-03-26,1506,4620932,ggthemes
2023-03-27,2743,4623675,ggthemes
2023-03-28,2776,4626451,ggthemes
2023-03-29,2755,4629206,ggthemes
2023-03-30,2324,4631530,ggthemes
2023-03-31,2151,4633681,ggthemes
2023-04-01,1575,4635256,ggthemes
2023-04-02,1483,4636739,ggthemes
2023-04-03,2392,4639131,ggthemes
2023-04-04,2589,4641720,ggthemes
2023-04-05,2453,4644173,ggthemes
2023-04-06,2342,4646515,ggthemes
2023-04-07,1701,4648216,ggthemes
2023-04-08,1168,4649384,ggthemes
2023-04-09,1262,4650646,ggthemes
2023-04-10,1999,4652645,ggthemes
2023-04-11,2621,4655266,ggthemes
2023-04-12,2815,4658081,ggthemes
2023-04-13,2597,4660678,ggthemes
2023-04-14,2103,4662781,ggthemes
2023-04-15,1244,4664025,ggthemes
2023-04-16,1466,4665491,ggthemes
2023-04-17,2315,4667806,ggthemes
2023-04-18,3049,4670855,ggthemes
2023-04-19,2902,4673757,ggthemes
2023-04-20,2681,4676438,ggthemes
2023-04-21,2173,4678611,ggthemes
2023-04-22,1541,4680152,ggthemes
2023-04-23,1470,4681622,ggthemes
2023-04-24,2844,4684466,ggthemes
2023-04-25,2790,4687256,ggthemes
2023-04-26,3325,4690581,ggthemes
2023-04-27,2499,4693080,ggthemes
2023-04-28,2203,4695283,ggthemes
2023-04-29,1313,4696596,ggthemes
2023-04-30,1196,4697792,ggthemes
2023-05-01,1985,4699777,ggthemes
2023-05-02,2602,4702379,ggthemes
2023-05-03,2599,4704978,ggthemes
2023-05-04,2432,4707410,ggthemes
2023-05-05,2308,4709718,ggthemes
2023-05-06,1329,4711047,ggthemes
2023-05-07,1438,4712485,ggthemes
2023-05-08,2366,4714851,ggthemes
2023-05-09,2373,4717224,ggthemes
2023-05-10,2575,4719799,ggthemes
2023-05-11,2550,4722349,ggthemes
2023-05-12,2520,4724869,ggthemes
2023-05-13,1365,4726234,ggthemes
2023-05-14,1491,4727725,ggthemes
2023-05-15,2604,4730329,ggthemes
2023-05-16,2606,4732935,ggthemes
2023-05-17,2520,4735455,ggthemes
2023-05-18,2119,4737574,ggthemes
2023-05-19,2015,4739589,ggthemes
2023-05-20,1304,4740893,ggthemes
2023-05-21,1182,4742075,ggthemes
2023-05-22,2166,4744241,ggthemes
2023-05-23,2370,4746611,ggthemes
2023-05-24,2446,4749057,ggthemes
2023-05-25,2394,4751451,ggthemes
2023-05-26,1780,4753231,ggthemes
2023-05-27,1011,4754242,ggthemes
2023-05-28,1032,4755274,ggthemes
2023-05-29,1472,4756746,ggthemes
2023-05-30,2167,4758913,ggthemes
2023-05-31,2091,4761004,ggthemes
2023-06-01,2277,4763281,ggthemes
2023-06-02,1989,4765270,ggthemes
2023-06-03,1210,4766480,ggthemes
2023-06-04,1346,4767826,ggthemes
2023-06-05,2214,4770040,ggthemes
2023-06-06,2195,4772235,ggthemes
2023-06-07,2289,4774524,ggthemes
2023-06-08,2217,4776741,ggthemes
2023-06-09,1980,4778721,ggthemes
2023-06-10,1082,4779803,ggthemes
2023-06-11,1187,4780990,ggthemes
2023-06-12,2170,4783160,ggthemes
2023-06-13,2325,4785485,ggthemes
2023-06-14,2369,4787854,ggthemes
2023-06-15,2177,4790031,ggthemes
2023-06-16,1828,4791859,ggthemes
2023-06-17,1110,4792969,ggthemes
2023-06-18,1209,4794178,ggthemes
2023-06-19,1984,4796162,ggthemes
2023-06-20,2211,4798373,ggthemes
2023-06-21,2283,4800656,ggthemes
2023-06-22,2166,4802822,ggthemes
2023-06-23,1864,4804686,ggthemes
2023-06-24,1057,4805743,ggthemes
2023-06-25,1076,4806819,ggthemes
2023-06-26,1923,4808742,ggthemes
2023-06-27,2154,4810896,ggthemes
2023-06-28,1980,4812876,ggthemes
2023-06-29,1988,4814864,ggthemes
2023-06-30,1868,4816732,ggthemes
2023-07-01,777,4817509,ggthemes
2023-07-02,1029,4818538,ggthemes
2023-07-03,1690,4820228,ggthemes
2023-07-04,1553,4821781,ggthemes
2023-07-05,2105,4823886,ggthemes
2023-07-06,2085,4825971,ggthemes
2023-07-07,1794,4827765,ggthemes
2023-07-08,940,4828705,ggthemes
2023-07-09,1024,4829729,ggthemes
2023-07-10,1903,4831632,ggthemes
2023-07-11,2030,4833662,ggthemes
2023-07-12,2156,4835818,ggthemes
2023-07-13,1950,4837768,ggthemes
2023-07-14,2434,4840202,ggthemes
2023-07-15,948,4841150,ggthemes
2023-07-16,970,4842120,ggthemes
2023-07-17,1918,4844038,ggthemes
2023-07-18,2177,4846215,ggthemes
2023-07-19,2049,4848264,ggthemes
2023-07-20,2089,4850353,ggthemes
2023-07-21,1612,4851965,ggthemes
2023-07-22,845,4852810,ggthemes
2023-07-23,904,4853714,ggthemes
2023-07-24,2036,4855750,ggthemes
2023-07-25,2146,4857896,ggthemes
2023-07-26,2046,4859942,ggthemes
2023-07-27,2020,4861962,ggthemes
2023-07-28,1778,4863740,ggthemes
2023-07-29,1016,4864756,ggthemes
2023-07-30,1016,4865772,ggthemes
2023-07-31,2163,4867935,ggthemes
2023-08-01,3298,4871233,ggthemes
2023-08-02,2224,4873457,ggthemes
2023-08-03,1880,4875337,ggthemes
2023-08-04,1941,4877278,ggthemes
2023-08-05,1002,4878280,ggthemes
2023-08-06,1040,4879320,ggthemes
2023-08-07,1948,4881268,ggthemes
2023-08-08,2298,4883566,ggthemes
2023-08-09,2463,4886029,ggthemes
2023-08-10,1855,4887884,ggthemes
2023-08-11,1752,4889636,ggthemes
2023-08-12,1495,4891131,ggthemes
2023-08-13,1093,4892224,ggthemes
2023-08-14,1962,4894186,ggthemes
2023-08-15,1939,4896125,ggthemes
2023-08-16,1997,4898122,ggthemes
2023-08-17,2219,4900341,ggthemes
2023-08-18,1928,4902269,ggthemes
2023-08-19,1046,4903315,ggthemes
2023-08-20,973,4904288,ggthemes
2023-08-21,1949,4906237,ggthemes
2023-08-22,2052,4908289,ggthemes
2023-08-23,2151,4910440,ggthemes
2023-08-24,2033,4912473,ggthemes
2023-08-25,2037,4914510,ggthemes
2023-08-26,926,4915436,ggthemes
2023-08-27,966,4916402,ggthemes
2023-08-28,2130,4918532,ggthemes
2023-08-29,2576,4921108,ggthemes
2023-08-30,2532,4923640,ggthemes
2023-08-31,2296,4925936,ggthemes
2023-09-01,1767,4927703,ggthemes
2023-09-02,1062,4928765,ggthemes
2023-09-03,1138,4929903,ggthemes
2023-09-04,1919,4931822,ggthemes
2023-09-05,2923,4934745,ggthemes
2023-09-06,2973,4937718,ggthemes
2023-09-07,2633,4940351,ggthemes
2023-09-08,2210,4942561,ggthemes
2023-09-09,1144,4943705,ggthemes
2023-09-10,1198,4944903,ggthemes
2023-09-11,2530,4947433,ggthemes
2023-09-12,2874,4950307,ggthemes
2023-09-13,2554,4952861,ggthemes
2023-09-14,3461,4956322,ggthemes
2023-09-15,3190,4959512,ggthemes
2023-09-16,1338,4960850,ggthemes
2023-09-17,1205,4962055,ggthemes
2023-09-18,2763,4964818,ggthemes
2023-09-19,3261,4968079,ggthemes
2023-09-20,2739,4970818,ggthemes
2023-09-21,2571,4973389,ggthemes
2023-09-22,2345,4975734,ggthemes
2023-09-23,1346,4977080,ggthemes
2023-09-24,1156,4978236,ggthemes
2023-09-25,2493,4980729,ggthemes
2023-09-26,2698,4983427,ggthemes
2023-09-27,2718,4986145,ggthemes
2023-09-28,2713,4988858,ggthemes
2023-09-29,2226,4991084,ggthemes
2023-09-30,1333,4992417,ggthemes
2023-10-01,1330,4993747,ggthemes
2023-10-02,2474,4996221,ggthemes
2023-10-03,3319,4999540,ggthemes
2023-10-04,3275,5002815,ggthemes
2023-10-05,3254,5006069,ggthemes
2023-10-06,2942,5009011,ggthemes
2023-10-07,1533,5010544,ggthemes
2023-10-08,1708,5012252,ggthemes
2023-10-09,2747,5014999,ggthemes
2023-10-10,2914,5017913,ggthemes
2023-10-11,3001,5020914,ggthemes
2023-10-12,3460,5024374,ggthemes
2023-10-13,2528,5026902,ggthemes
2023-10-14,1500,5028402,ggthemes
2023-10-15,1416,5029818,ggthemes
2023-10-16,3197,5033015,ggthemes
2023-10-17,3151,5036166,ggthemes
2023-10-18,3256,5039422,ggthemes
2023-10-19,2749,5042171,ggthemes
2023-10-20,2408,5044579,ggthemes
2023-10-21,1425,5046004,ggthemes
2023-10-22,1391,5047395,ggthemes
2023-10-23,2650,5050045,ggthemes
2023-10-24,2824,5052869,ggthemes
2023-10-25,2881,5055750,ggthemes
2023-10-26,2902,5058652,ggthemes
2023-10-27,1998,5060650,ggthemes
2023-10-28,1202,5061852,ggthemes
2023-10-29,1308,5063160,ggthemes
2023-10-30,2552,5065712,ggthemes
2023-10-31,2672,5068384,ggthemes
2023-11-01,2597,5070981,ggthemes
2023-11-02,2930,5073911,ggthemes
2023-11-03,2564,5076475,ggthemes
2023-11-04,1543,5078018,ggthemes
2023-11-05,1223,5079241,ggthemes
2023-11-06,2659,5081900,ggthemes
2023-11-07,2919,5084819,ggthemes
2023-11-08,2611,5087430,ggthemes
2023-11-09,2604,5090034,ggthemes
2023-11-10,2089,5092123,ggthemes
2023-11-11,1158,5093281,ggthemes
2023-11-12,1063,5094344,ggthemes
2023-11-13,2507,5096851,ggthemes
2023-11-14,2744,5099595,ggthemes
2023-11-15,2663,5102258,ggthemes
2023-11-16,2675,5104933,ggthemes
2023-11-17,2133,5107066,ggthemes
2023-11-18,1084,5108150,ggthemes
2023-11-19,1181,5109331,ggthemes
2023-11-20,2380,5111711,ggthemes
2023-11-21,3956,5115667,ggthemes
2023-11-22,4272,5119939,ggthemes
2023-11-23,3055,5122994,ggthemes
2023-11-24,2863,5125857,ggthemes
2023-11-25,1494,5127351,ggthemes
2023-11-26,1766,5129117,ggthemes
2023-11-27,3521,5132638,ggthemes
2023-11-28,3798,5136436,ggthemes
2023-11-29,3709,5140145,ggthemes
2023-11-30,3475,5143620,ggthemes
2023-12-01,2988,5146608,ggthemes
2023-12-02,1784,5148392,ggthemes
2023-12-03,1962,5150354,ggthemes
2023-12-04,3776,5154130,ggthemes
2023-12-05,3590,5157720,ggthemes
2023-12-06,3397,5161117,ggthemes
2023-12-07,3201,5164318,ggthemes
2023-12-08,2729,5167047,ggthemes
2023-12-09,1430,5168477,ggthemes
2023-12-10,1443,5169920,ggthemes
2023-12-11,2904,5172824,ggthemes
2023-12-12,2909,5175733,ggthemes
2023-12-13,2991,5178724,ggthemes
2023-12-14,2795,5181519,ggthemes
2023-12-15,2211,5183730,ggthemes
2023-12-16,1242,5184972,ggthemes
2023-12-17,1414,5186386,ggthemes
2023-12-18,2466,5188852,ggthemes
2023-12-19,2768,5191620,ggthemes
2023-12-20,2612,5194232,ggthemes
2023-12-21,2023,5196255,ggthemes
2023-12-22,1775,5198030,ggthemes
2023-12-23,863,5198893,ggthemes
2023-12-24,794,5199687,ggthemes
2023-12-25,789,5200476,ggthemes
2023-12-26,1391,5201867,ggthemes
2023-12-27,1375,5203242,ggthemes
2023-12-28,1520,5204762,ggthemes
2023-12-29,1300,5206062,ggthemes
2023-12-30,995,5207057,ggthemes
2023-12-31,777,5207834,ggthemes
2024-01-01,858,5208692,ggthemes
2024-01-02,1804,5210496,ggthemes
2024-01-03,2485,5212981,ggthemes
2024-01-04,2229,5215210,ggthemes
2024-01-05,1990,5217200,ggthemes
2024-01-06,1136,5218336,ggthemes
2024-01-07,1100,5219436,ggthemes
2024-01-08,2504,5221940,ggthemes
2024-01-09,2797,5224737,ggthemes
2024-01-10,2611,5227348,ggthemes
2024-01-11,3051,5230399,ggthemes
2024-01-12,2581,5232980,ggthemes
2024-01-13,1355,5234335,ggthemes
2024-01-14,1223,5235558,ggthemes
2024-01-15,2078,5237636,ggthemes
2024-01-16,3004,5240640,ggthemes
2024-01-17,3072,5243712,ggthemes
2024-01-18,3030,5246742,ggthemes
2024-01-19,3616,5250358,ggthemes
2024-01-20,1425,5251783,ggthemes
2024-01-21,3070,5254853,ggthemes
2024-01-22,3021,5257874,ggthemes
2024-01-23,3323,5261197,ggthemes
2024-01-24,3375,5264572,ggthemes
2024-01-25,3261,5267833,ggthemes
2024-01-26,2397,5270230,ggthemes
2024-01-27,1245,5271475,ggthemes
2024-01-28,1395,5272870,ggthemes
2024-01-29,2916,5275786,ggthemes
2024-01-30,2764,5278550,ggthemes
2024-01-31,3144,5281694,ggthemes
2024-02-01,2659,5284353,ggthemes
2024-02-02,2330,5286683,ggthemes
2024-02-03,1198,5287881,ggthemes
2024-02-04,1331,5289212,ggthemes
2024-02-05,2746,5291958,ggthemes
2024-02-06,2932,5294890,ggthemes
2024-02-07,2950,5297840,ggthemes
2024-02-08,3071,5300911,ggthemes
2024-02-09,2320,5303231,ggthemes
2024-02-10,1937,5305168,ggthemes
2024-02-11,1781,5306949,ggthemes
2024-02-12,3623,5310572,ggthemes
2024-02-13,3421,5313993,ggthemes
2024-02-14,3020,5317013,ggthemes
2024-02-15,3263,5320276,ggthemes
2024-02-16,2762,5323038,ggthemes
2024-02-17,1401,5324439,ggthemes
2024-02-18,1493,5325932,ggthemes
2024-02-19,2840,5328772,ggthemes
2024-02-20,2990,5331762,ggthemes
2024-02-21,2957,5334719,ggthemes
2024-02-22,3148,5337867,ggthemes
2024-02-23,2617,5340484,ggthemes
2024-02-24,1191,5341675,ggthemes
2024-02-25,2135,5343810,ggthemes
2024-02-26,4021,5347831,ggthemes
2024-02-27,4227,5352058,ggthemes
2024-02-28,3694,5355752,ggthemes
2024-02-29,3753,5359505,ggthemes
2024-03-01,3210,5362715,ggthemes
2024-03-02,1360,5364075,ggthemes
2024-03-03,1476,5365551,ggthemes
2024-03-04,3046,5368597,ggthemes
2024-03-05,3267,5371864,ggthemes
2024-03-06,3391,5375255,ggthemes
2024-03-07,2872,5378127,ggthemes
2024-03-08,2680,5380807,ggthemes
2024-03-09,1318,5382125,ggthemes
2024-03-10,1359,5383484,ggthemes
2024-03-11,3039,5386523,ggthemes
2024-03-12,3050,5389573,ggthemes
2024-03-13,2773,5392346,ggthemes
2024-03-14,2982,5395328,ggthemes
2024-03-15,2260,5397588,ggthemes
2024-03-16,1280,5398868,ggthemes
2024-03-17,1298,5400166,ggthemes
2024-03-18,2532,5402698,ggthemes
2024-03-19,2837,5405535,ggthemes
2024-03-20,2720,5408255,ggthemes
2024-03-21,2787,5411042,ggthemes
2024-03-22,2065,5413107,ggthemes
2024-03-23,1206,5414313,ggthemes
2024-03-24,1181,5415494,ggthemes
2024-03-25,2392,5417886,ggthemes
2024-03-26,2499,5420385,ggthemes
2024-03-27,2771,5423156,ggthemes
2024-03-28,2438,5425594,ggthemes
2024-03-29,1817,5427411,ggthemes
2024-03-30,1336,5428747,ggthemes
2024-03-31,1309,5430056,ggthemes
2024-04-01,2375,5432431,ggthemes
2024-04-02,3121,5435552,ggthemes
2024-04-03,3103,5438655,ggthemes
2024-04-04,2637,5441292,ggthemes
2024-04-05,2277,5443569,ggthemes
2024-04-06,1340,5444909,ggthemes
2024-04-07,1579,5446488,ggthemes
2024-04-08,2826,5449314,ggthemes
2024-04-09,2906,5452220,ggthemes
2024-04-10,2858,5455078,ggthemes
2024-04-11,2617,5457695,ggthemes
2024-04-12,2610,5460305,ggthemes
2024-04-13,1426,5461731,ggthemes
2024-04-14,1235,5462966,ggthemes
2024-04-15,2922,5465888,ggthemes
2024-04-16,2985,5468873,ggthemes
2024-04-17,3062,5471935,ggthemes
2024-04-18,2852,5474787,ggthemes
2024-04-19,2433,5477220,ggthemes
2024-04-20,1499,5478719,ggthemes
2024-04-21,1702,5480421,ggthemes
2024-04-22,3089,5483510,ggthemes
2024-04-23,2879,5486389,ggthemes
2024-04-24,2683,5489072,ggthemes
2024-04-25,2793,5491865,ggthemes
2024-04-26,2539,5494404,ggthemes
2024-04-27,1523,5495927,ggthemes
2024-04-28,1644,5497571,ggthemes
2024-04-29,2814,5500385,ggthemes
2024-04-30,2693,5503078,ggthemes
2024-05-01,3263,5506341,ggthemes
2024-05-02,2724,5509065,ggthemes
2024-05-03,2711,5511776,ggthemes
2024-05-04,1540,5513316,ggthemes
2024-05-05,1447,5514763,ggthemes
2024-05-06,2889,5517652,ggthemes
2024-05-07,2867,5520519,ggthemes
2024-05-08,3094,5523613,ggthemes
2024-05-09,2590,5526203,ggthemes
2024-05-10,2389,5528592,ggthemes
2024-05-11,1320,5529912,ggthemes
2024-05-12,1396,5531308,ggthemes
2024-05-13,2802,5534110,ggthemes
2024-05-14,2988,5537098,ggthemes
2024-05-15,2987,5540085,ggthemes
2024-05-16,2793,5542878,ggthemes
2024-05-17,2562,5545440,ggthemes
2024-05-18,1466,5546906,ggthemes
2024-05-19,1457,5548363,ggthemes
2024-05-20,2293,5550656,ggthemes
2024-05-21,2565,5553221,ggthemes
2024-05-22,2613,5555834,ggthemes
2024-05-23,2608,5558442,ggthemes
2024-05-24,2139,5560581,ggthemes
2024-05-25,1399,5561980,ggthemes
2024-05-26,1344,5563324,ggthemes
2024-05-27,2200,5565524,ggthemes
2024-05-28,2507,5568031,ggthemes
2024-05-29,2627,5570658,ggthemes
2024-05-30,2095,5572753,ggthemes
2024-05-31,2097,5574850,ggthemes
2024-06-01,1227,5576077,ggthemes
2024-06-02,1386,5577463,ggthemes
2024-06-03,2408,5579871,ggthemes
2024-06-04,2486,5582357,ggthemes
2024-06-05,2384,5584741,ggthemes
2024-06-06,2244,5586985,ggthemes
2024-06-07,1866,5588851,ggthemes
2024-06-08,1078,5589929,ggthemes
2024-06-09,1111,5591040,ggthemes
2024-06-10,2164,5593204,ggthemes
2024-06-11,2375,5595579,ggthemes
2024-06-12,2344,5597923,ggthemes
2024-06-13,2333,5600256,ggthemes
2024-06-14,2396,5602652,ggthemes
2024-06-15,1103,5603755,ggthemes
2024-06-16,2115,5605870,ggthemes
2024-06-17,2164,5608034,ggthemes
2024-06-18,2294,5610328,ggthemes
2024-06-19,2503,5612831,ggthemes
2024-06-20,2496,5615327,ggthemes
2024-06-21,1910,5617237,ggthemes
2024-06-22,984,5618221,ggthemes
2024-06-23,1116,5619337,ggthemes
2024-06-24,2242,5621579,ggthemes
2024-06-25,2164,5623743,ggthemes
2024-06-26,2076,5625819,ggthemes
2024-06-27,2112,5627931,ggthemes
2024-06-28,1885,5629816,ggthemes
2024-06-29,994,5630810,ggthemes
2024-06-30,1049,5631859,ggthemes
2024-07-01,2162,5634021,ggthemes
2024-07-02,2332,5636353,ggthemes
2024-07-03,2275,5638628,ggthemes
2024-07-04,2256,5640884,ggthemes
2024-07-05,2033,5642917,ggthemes
2024-07-06,1482,5644399,ggthemes
2024-07-07,1451,5645850,ggthemes
2024-07-08,2476,5648326,ggthemes
2024-07-09,2437,5650763,ggthemes
2024-07-10,2424,5653187,ggthemes
2024-07-11,2372,5655559,ggthemes
2024-07-12,1936,5657495,ggthemes
2024-07-13,1104,5658599,ggthemes
2024-07-14,1160,5659759,ggthemes
2024-07-15,2262,5662021,ggthemes
2024-07-16,2502,5664523,ggthemes
2024-07-17,2316,5666839,ggthemes
2024-07-18,2211,5669050,ggthemes
2024-07-19,1936,5670986,ggthemes
2024-07-20,1296,5672282,ggthemes
2024-07-21,1327,5673609,ggthemes
2024-07-22,2243,5675852,ggthemes
2024-07-23,2383,5678235,ggthemes
2024-07-24,2477,5680712,ggthemes
2024-07-25,2407,5683119,ggthemes
2024-07-26,1948,5685067,ggthemes
2024-07-27,1260,5686327,ggthemes
2024-07-28,1324,5687651,ggthemes
2024-07-29,2087,5689738,ggthemes
2024-07-30,2249,5691987,ggthemes
2024-07-31,2319,5694306,ggthemes
2024-08-01,2317,5696623,ggthemes
2024-08-02,2102,5698725,ggthemes
2024-08-03,1501,5700226,ggthemes
2024-08-04,1627,5701853,ggthemes
2024-08-05,2357,5704210,ggthemes
2024-08-06,2786,5706996,ggthemes
2024-08-07,2573,5709569,ggthemes
2024-08-08,2297,5711866,ggthemes
2024-08-09,1895,5713761,ggthemes
2024-08-10,1485,5715246,ggthemes
2024-08-11,932,5716178,ggthemes
2024-08-12,2148,5718326,ggthemes
2024-08-13,2220,5720546,ggthemes
2024-08-14,2004,5722550,ggthemes
2024-08-15,1987,5724537,ggthemes
2024-08-16,2311,5726848,ggthemes
2024-08-17,974,5727822,ggthemes
2024-08-18,992,5728814,ggthemes
2024-08-19,2161,5730975,ggthemes
2024-08-20,2377,5733352,ggthemes
2024-08-21,2481,5735833,ggthemes
2024-08-22,2080,5737913,ggthemes
2024-08-23,1831,5739744,ggthemes
2024-08-24,1049,5740793,ggthemes
2024-08-25,1087,5741880,ggthemes
2024-08-26,2267,5744147,ggthemes
2024-08-27,2302,5746449,ggthemes
2024-08-28,2399,5748848,ggthemes
2024-08-29,2769,5751617,ggthemes
2024-08-30,2254,5753871,ggthemes
2024-08-31,1159,5755030,ggthemes
2024-09-01,1241,5756271,ggthemes
2024-09-02,2149,5758420,ggthemes
2024-09-03,2601,5761021,ggthemes
2024-09-04,2778,5763799,ggthemes
2024-09-05,2616,5766415,ggthemes
2024-09-06,2208,5768623,ggthemes
2024-09-07,1243,5769866,ggthemes
2024-09-08,1360,5771226,ggthemes
2024-09-09,2669,5773895,ggthemes
2024-09-10,3670,5777565,ggthemes
2024-09-11,3979,5781544,ggthemes
2024-09-12,3474,5785018,ggthemes
2024-09-13,2325,5787343,ggthemes
2024-09-14,1111,5788454,ggthemes
2024-09-15,1257,5789711,ggthemes
2024-09-16,3161,5792872,ggthemes
2024-09-17,3485,5796357,ggthemes
2024-09-18,3468,5799825,ggthemes
2024-09-19,3815,5803640,ggthemes
2024-09-20,2547,5806187,ggthemes
2024-09-21,1159,5807346,ggthemes
2024-09-22,1312,5808658,ggthemes
2024-09-23,3507,5812165,ggthemes
2024-09-24,3331,5815496,ggthemes
2024-09-25,3142,5818638,ggthemes
2024-09-26,3253,5821891,ggthemes
2024-09-27,2802,5824693,ggthemes
2024-09-28,1379,5826072,ggthemes
2024-09-29,1283,5827355,ggthemes
2024-09-30,3076,5830431,ggthemes
2024-10-01,2969,5833400,ggthemes
2024-10-02,2904,5836304,ggthemes
2024-10-03,2833,5839137,ggthemes
2024-10-04,2446,5841583,ggthemes
2024-10-05,1196,5842779,ggthemes
2024-10-06,1327,5844106,ggthemes
2024-10-07,3615,5847721,ggthemes
2024-10-08,4426,5852147,ggthemes
2024-10-09,3394,5855541,ggthemes
2024-10-10,3523,5859064,ggthemes
2024-10-11,2864,5861928,ggthemes
2024-10-12,1282,5863210,ggthemes
2024-10-13,1182,5864392,ggthemes
2024-10-14,3125,5867517,ggthemes
2024-10-15,2994,5870511,ggthemes
2024-10-16,3905,5874416,ggthemes
2024-10-17,3135,5877551,ggthemes
2024-10-18,2620,5880171,ggthemes
2024-10-19,1144,5881315,ggthemes
2024-10-20,1359,5882674,ggthemes
2024-10-21,2652,5885326,ggthemes
2024-10-22,3311,5888637,ggthemes
2024-10-23,3669,5892306,ggthemes
2024-10-24,2729,5895035,ggthemes
2024-10-25,2474,5897509,ggthemes
2024-10-26,1129,5898638,ggthemes
2024-10-27,1349,5899987,ggthemes
2024-10-28,3441,5903428,ggthemes
2024-10-29,3687,5907115,ggthemes
2024-10-30,2732,5909847,ggthemes
2024-10-31,2831,5912678,ggthemes
2024-11-01,1918,5914596,ggthemes
2024-11-02,1119,5915715,ggthemes
2024-11-03,1288,5917003,ggthemes
2024-11-04,2850,5919853,ggthemes
2024-11-05,3309,5923162,ggthemes
2024-11-06,2575,5925737,ggthemes
2024-11-07,2612,5928349,ggthemes
2024-11-08,2126,5930475,ggthemes
2024-11-09,1089,5931564,ggthemes
2024-11-10,1293,5932857,ggthemes
2024-11-11,2553,5935410,ggthemes
2024-11-12,2885,5938295,ggthemes
2024-11-13,2633,5940928,ggthemes
2024-11-14,2809,5943737,ggthemes
2024-11-15,2116,5945853,ggthemes
2024-11-16,1012,5946865,ggthemes
2024-11-17,1083,5947948,ggthemes
2024-11-18,2419,5950367,ggthemes
2024-11-19,3652,5954019,ggthemes
2024-11-20,3320,5957339,ggthemes
2024-11-21,2454,5959793,ggthemes
2024-11-22,1912,5961705,ggthemes
2024-11-23,1002,5962707,ggthemes
2024-11-24,955,5963662,ggthemes
2024-11-25,2182,5965844,ggthemes
2024-11-26,2323,5968167,ggthemes
2024-11-27,2148,5970315,ggthemes
2024-11-28,2085,5972400,ggthemes
2024-11-29,1402,5973802,ggthemes
2024-11-30,900,5974702,ggthemes
2024-12-01,1130,5975832,ggthemes
2024-12-02,2202,5978034,ggthemes
2024-12-03,2421,5980455,ggthemes
2024-12-04,2426,5982881,ggthemes
2024-12-05,2082,5984963,ggthemes
2024-12-06,1697,5986660,ggthemes
2024-12-07,873,5987533,ggthemes
2024-12-08,957,5988490,ggthemes
2024-12-09,1914,5990404,ggthemes
2024-12-10,2109,5992513,ggthemes
2024-12-11,2097,5994610,ggthemes
2024-12-12,1778,5996388,ggthemes
2024-12-13,1706,5998094,ggthemes
2024-12-14,728,5998822,ggthemes
2024-12-15,840,5999662,ggthemes
2024-12-16,1799,6001461,ggthemes
2024-12-17,2322,6003783,ggthemes
2024-12-18,1908,6005691,ggthemes
2024-12-19,1876,6007567,ggthemes
2024-12-20,1533,6009100,ggthemes
2024-12-21,904,6010004,ggthemes
2024-12-22,731,6010735,ggthemes
2024-12-23,1140,6011875,ggthemes
2024-12-24,856,6012731,ggthemes
2024-12-25,703,6013434,ggthemes
2024-12-26,859,6014293,ggthemes
2024-12-27,822,6015115,ggthemes
2024-12-28,550,6015665,ggthemes
2024-12-29,671,6016336,ggthemes
2024-12-30,1084,6017420,ggthemes
2024-12-31,920,6018340,ggthemes
2025-01-01,680,6019020,ggthemes
2025-01-02,1257,6020277,ggthemes
2025-01-03,1407,6021684,ggthemes
2025-01-04,782,6022466,ggthemes
2025-01-05,772,6023238,ggthemes
2025-01-06,1856,6025094,ggthemes
2025-01-07,1802,6026896,ggthemes
2025-01-08,2125,6029021,ggthemes
2025-01-09,1861,6030882,ggthemes
2025-01-10,1668,6032550,ggthemes
2025-01-11,761,6033311,ggthemes
2025-01-12,774,6034085,ggthemes
2025-01-13,2180,6036265,ggthemes
2025-01-14,2380,6038645,ggthemes
2025-01-15,3048,6041693,ggthemes
2025-01-16,2189,6043882,ggthemes
2025-01-17,1946,6045828,ggthemes
2025-01-18,894,6046722,ggthemes
2025-01-19,982,6047704,ggthemes
2025-01-20,1967,6049671,ggthemes
2025-01-21,2443,6052114,ggthemes
2025-01-22,2238,6054352,ggthemes
2025-01-23,2177,6056529,ggthemes
2025-01-24,1962,6058491,ggthemes
2025-01-25,927,6059418,ggthemes
2025-01-26,1090,6060508,ggthemes
2025-01-27,2011,6062519,ggthemes
2025-01-28,2476,6064995,ggthemes
2025-01-29,2309,6067304,ggthemes
2025-01-30,2478,6069782,ggthemes
2025-01-31,1772,6071554,ggthemes
2025-02-01,909,6072463,ggthemes
2025-02-02,1027,6073490,ggthemes
2025-02-03,2403,6075893,ggthemes
2025-02-04,2721,6078614,ggthemes
2025-02-05,2565,6081179,ggthemes
2025-02-06,2440,6083619,ggthemes
2025-02-07,2481,6086100,ggthemes
2025-02-08,1200,6087300,ggthemes
2025-02-09,1060,6088360,ggthemes
2025-02-10,2918,6091278,ggthemes
2025-02-11,3138,6094416,ggthemes
2025-02-12,3144,6097560,ggthemes
2025-02-13,3023,6100583,ggthemes
2025-02-14,2211,6102794,ggthemes
2025-02-15,975,6103769,ggthemes
2025-02-16,1098,6104867,ggthemes
2025-02-17,2361,6107228,ggthemes
2025-02-18,3020,6110248,ggthemes
2025-02-19,2889,6113137,ggthemes
2025-02-20,2681,6115818,ggthemes
2025-02-21,2062,6117880,ggthemes
2025-02-22,1108,6118988,ggthemes
2025-02-23,1125,6120113,ggthemes
2025-02-24,2795,6122908,ggthemes
2025-02-25,2922,6125830,ggthemes
2025-02-26,2745,6128575,ggthemes
2025-02-27,3033,6131608,ggthemes
2025-02-28,2427,6134035,ggthemes
2025-03-01,1069,6135104,ggthemes
2025-03-02,1504,6136608,ggthemes
2025-03-03,3073,6139681,ggthemes
2025-03-04,3752,6143433,ggthemes
2025-03-05,4265,6147698,ggthemes
2025-03-06,3329,6151027,ggthemes
2025-03-07,2325,6153352,ggthemes
2025-03-08,1399,6154751,ggthemes
2025-03-09,1087,6155838,ggthemes
2025-03-10,2804,6158642,ggthemes
2025-03-11,3108,6161750,ggthemes
2025-03-12,2913,6164663,ggthemes
2025-03-13,3566,6168229,ggthemes
2025-03-14,2142,6170371,ggthemes
2025-03-15,1370,6171741,ggthemes
2025-03-16,1351,6173092,ggthemes
2025-03-17,3051,6176143,ggthemes
2025-03-18,4676,6180819,ggthemes
2025-03-19,4150,6184969,ggthemes
2025-03-20,4339,6189308,ggthemes
2025-03-21,4207,6193515,ggthemes
2025-03-22,1578,6195093,ggthemes
2025-03-23,1279,6196372,ggthemes
2025-03-24,4671,6201043,ggthemes
2025-03-25,6420,6207463,ggthemes
2025-03-26,5561,6213024,ggthemes
2025-03-27,4043,6217067,ggthemes
2025-03-28,2796,6219863,ggthemes
2025-03-29,1276,6221139,ggthemes
2025-03-30,1273,6222412,ggthemes
2012-12-22,0,0,ggthemes
2012-12-23,2,2,ggthemes
2012-12-24,3,5,ggthemes
2012-12-25,3,8,ggthemes
2012-12-26,9,17,ggthemes
2012-12-27,2,19,ggthemes
2012-12-28,1,20,ggthemes
2012-12-29,0,20,ggthemes
2012-12-30,0,20,ggthemes
2012-12-31,0,20,ggthemes
2013-01-01,3,23,ggthemes
2013-01-02,5,28,ggthemes
2013-01-03,4,32,ggthemes
2013-01-04,6,38,ggthemes
2013-01-05,6,44,ggthemes
2013-01-06,3,47,ggthemes
2013-01-07,4,51,ggthemes
2013-01-08,4,55,ggthemes
2013-01-09,8,63,ggthemes
2013-01-10,6,69,ggthemes
2013-01-11,10,79,ggthemes
2013-01-12,4,83,ggthemes
2013-01-13,6,89,ggthemes
2013-01-14,3,92,ggthemes
2013-01-15,7,99,ggthemes
2013-01-16,3,102,ggthemes
2013-01-17,6,108,ggthemes
2013-01-18,10,118,ggthemes
2013-01-19,4,122,ggthemes
2013-01-20,8,130,ggthemes
2013-01-21,6,136,ggthemes
2013-01-22,16,152,ggthemes
2013-01-23,4,156,ggthemes
2013-01-24,19,175,ggthemes
2013-01-25,26,201,ggthemes
2013-01-26,8,209,ggthemes
2013-01-27,9,218,ggthemes
2013-01-28,14,232,ggthemes
2013-01-29,12,244,ggthemes
2013-01-30,12,256,ggthemes
2013-01-31,14,270,ggthemes
2013-02-01,15,285,ggthemes
2013-02-02,8,293,ggthemes
2013-02-03,11,304,ggthemes
2013-02-04,18,322,ggthemes
2013-02-05,13,335,ggthemes
2013-02-06,15,350,ggthemes
2013-02-07,12,362,ggthemes
2013-02-08,18,380,ggthemes
2013-02-09,18,398,ggthemes
2013-02-10,14,412,ggthemes
2013-02-11,26,438,ggthemes
2013-02-12,25,463,ggthemes
2013-02-13,10,473,ggthemes
2013-02-14,16,489,ggthemes
2013-02-15,24,513,ggthemes
2013-02-16,13,526,ggthemes
2013-02-17,17,543,ggthemes
2013-02-18,7,550,ggthemes
2013-02-19,10,560,ggthemes
2013-02-20,14,574,ggthemes
2013-02-21,12,586,ggthemes
2013-02-22,9,595,ggthemes
2013-02-23,8,603,ggthemes
2013-02-24,7,610,ggthemes
2013-02-25,11,621,ggthemes
2013-02-26,30,651,ggthemes
2013-02-27,8,659,ggthemes
2013-02-28,11,670,ggthemes
2013-03-01,17,687,ggthemes
2013-03-02,11,698,ggthemes
2013-03-03,6,704,ggthemes
2013-03-04,17,721,ggthemes
2013-03-05,14,735,ggthemes
2013-03-06,14,749,ggthemes
2013-03-07,15,764,ggthemes
2013-03-08,14,778,ggthemes
2013-03-09,3,781,ggthemes
2013-03-10,13,794,ggthemes
2013-03-11,22,816,ggthemes
2013-03-12,31,847,ggthemes
2013-03-13,10,857,ggthemes
2013-03-14,5,862,ggthemes
2013-03-15,17,879,ggthemes
2013-03-16,9,888,ggthemes
2013-03-17,10,898,ggthemes
2013-03-18,12,910,ggthemes
2013-03-19,16,926,ggthemes
2013-03-20,12,938,ggthemes
2013-03-21,11,949,ggthemes
2013-03-22,53,1002,ggthemes
2013-03-23,9,1011,ggthemes
2013-03-24,10,1021,ggthemes
2013-03-25,16,1037,ggthemes
2013-03-26,38,1075,ggthemes
2013-03-27,26,1101,ggthemes
2013-03-28,14,1115,ggthemes
2013-03-29,27,1142,ggthemes
2013-03-30,18,1160,ggthemes
2013-03-31,24,1184,ggthemes
2013-04-01,12,1196,ggthemes
2013-04-02,24,1220,ggthemes
2013-04-03,32,1252,ggthemes
2013-04-04,46,1298,ggthemes
2013-04-05,37,1335,ggthemes
2013-04-06,26,1361,ggthemes
2013-04-07,22,1383,ggthemes
2013-04-08,20,1403,ggthemes
2013-04-09,35,1438,ggthemes
2013-04-10,18,1456,ggthemes
2013-04-11,40,1496,ggthemes
2013-04-12,22,1518,ggthemes
2013-04-13,8,1526,ggthemes
2013-04-14,12,1538,ggthemes
2013-04-15,27,1565,ggthemes
2013-04-16,17,1582,ggthemes
2013-04-17,20,1602,ggthemes
2013-04-18,24,1626,ggthemes
2013-04-19,18,1644,ggthemes
2013-04-20,11,1655,ggthemes
2013-04-21,2,1657,ggthemes
2013-04-22,41,1698,ggthemes
2013-04-23,13,1711,ggthemes
2013-04-24,12,1723,ggthemes
2013-04-25,23,1746,ggthemes
2013-04-26,12,1758,ggthemes
2013-04-27,11,1769,ggthemes
2013-04-28,15,1784,ggthemes
2013-04-29,18,1802,ggthemes
2013-04-30,9,1811,ggthemes
2013-05-01,18,1829,ggthemes
2013-05-02,17,1846,ggthemes
2013-05-03,22,1868,ggthemes
2013-05-04,15,1883,ggthemes
2013-05-05,13,1896,ggthemes
2013-05-06,28,1924,ggthemes
2013-05-07,18,1942,ggthemes
2013-05-08,10,1952,ggthemes
2013-05-09,20,1972,ggthemes
2013-05-10,12,1984,ggthemes
2013-05-11,13,1997,ggthemes
2013-05-12,6,2003,ggthemes
2013-05-13,17,2020,ggthemes
2013-05-14,15,2035,ggthemes
2013-05-15,14,2049,ggthemes
2013-05-16,19,2068,ggthemes
2013-05-17,13,2081,ggthemes
2013-05-18,10,2091,ggthemes
2013-05-19,12,2103,ggthemes
2013-05-20,18,2121,ggthemes
2013-05-21,14,2135,ggthemes
2013-05-22,16,2151,ggthemes
2013-05-23,28,2179,ggthemes
2013-05-24,17,2196,ggthemes
2013-05-25,8,2204,ggthemes
2013-05-26,5,2209,ggthemes
2013-05-27,12,2221,ggthemes
2013-05-28,38,2259,ggthemes
2013-05-29,17,2276,ggthemes
2013-05-30,27,2303,ggthemes
2013-05-31,21,2324,ggthemes
2013-06-01,10,2334,ggthemes
2013-06-02,12,2346,ggthemes
2013-06-03,22,2368,ggthemes
2013-06-04,12,2380,ggthemes
2013-06-05,12,2392,ggthemes
2013-06-06,21,2413,ggthemes
2013-06-07,14,2427,ggthemes
2013-06-08,13,2440,ggthemes
2013-06-09,9,2449,ggthemes
2013-06-10,16,2465,ggthemes
2013-06-11,11,2476,ggthemes
2013-06-12,13,2489,ggthemes
2013-06-13,20,2509,ggthemes
2013-06-14,9,2518,ggthemes
2013-06-15,9,2527,ggthemes
2013-06-16,3,2530,ggthemes
2013-06-17,7,2537,ggthemes
2013-06-18,21,2558,ggthemes
2013-06-19,9,2567,ggthemes
2013-06-20,24,2591,ggthemes
2013-06-21,14,2605,ggthemes
2013-06-22,6,2611,ggthemes
2013-06-23,6,2617,ggthemes
2013-06-24,12,2629,ggthemes
2013-06-25,22,2651,ggthemes
2013-06-26,16,2667,ggthemes
2013-06-27,8,2675,ggthemes
2013-06-28,18,2693,ggthemes
2013-06-29,13,2706,ggthemes
2013-06-30,9,2715,ggthemes
2013-07-01,10,2725,ggthemes
2013-07-02,11,2736,ggthemes
2013-07-03,12,2748,ggthemes
2013-07-04,10,2758,ggthemes
2013-07-05,38,2796,ggthemes
2013-07-06,13,2809,ggthemes
2013-07-07,13,2822,ggthemes
2013-07-08,23,2845,ggthemes
2013-07-09,24,2869,ggthemes
2013-07-10,16,2885,ggthemes
2013-07-11,18,2903,ggthemes
2013-07-12,22,2925,ggthemes
2013-07-13,7,2932,ggthemes
2013-07-14,35,2967,ggthemes
2013-07-15,20,2987,ggthemes
2013-07-16,26,3013,ggthemes
2013-07-17,17,3030,ggthemes
2013-07-18,14,3044,ggthemes
2013-07-19,21,3065,ggthemes
2013-07-20,18,3083,ggthemes
2013-07-21,20,3103,ggthemes
2013-07-22,21,3124,ggthemes
2013-07-23,14,3138,ggthemes
2013-07-24,17,3155,ggthemes
2013-07-25,15,3170,ggthemes
2013-07-26,13,3183,ggthemes
2013-07-27,5,3188,ggthemes
2013-07-28,5,3193,ggthemes
2013-07-29,4,3197,ggthemes
2013-07-30,7,3204,ggthemes
2013-07-31,20,3224,ggthemes
2013-08-01,13,3237,ggthemes
2013-08-02,9,3246,ggthemes
2013-08-03,15,3261,ggthemes
2013-08-04,17,3278,ggthemes
2013-08-05,7,3285,ggthemes
2013-08-06,17,3302,ggthemes
2013-08-07,32,3334,ggthemes
2013-08-08,12,3346,ggthemes
2013-08-09,18,3364,ggthemes
2013-08-10,5,3369,ggthemes
2013-08-11,14,3383,ggthemes
2013-08-12,20,3403,ggthemes
2013-08-13,38,3441,ggthemes
2013-08-14,17,3458,ggthemes
2013-08-15,11,3469,ggthemes
2013-08-16,6,3475,ggthemes
2013-08-17,4,3479,ggthemes
2013-08-18,3,3482,ggthemes
2013-08-19,14,3496,ggthemes
2013-08-20,15,3511,ggthemes
2013-08-21,20,3531,ggthemes
2013-08-22,23,3554,ggthemes
2013-08-23,8,3562,ggthemes
2013-08-24,4,3566,ggthemes
2013-08-25,5,3571,ggthemes
2013-08-26,16,3587,ggthemes
2013-08-27,22,3609,ggthemes
2013-08-28,12,3621,ggthemes
2013-08-29,27,3648,ggthemes
2013-08-30,18,3666,ggthemes
2013-08-31,7,3673,ggthemes
2013-09-01,7,3680,ggthemes
2013-09-02,31,3711,ggthemes
2013-09-03,23,3734,ggthemes
2013-09-04,19,3753,ggthemes
2013-09-05,32,3785,ggthemes
2013-09-06,20,3805,ggthemes
2013-09-07,7,3812,ggthemes
2013-09-08,7,3819,ggthemes
2013-09-09,21,3840,ggthemes
2013-09-10,18,3858,ggthemes
2013-09-11,12,3870,ggthemes
2013-09-12,17,3887,ggthemes
2013-09-13,25,3912,ggthemes
2013-09-14,10,3922,ggthemes
2013-09-15,8,3930,ggthemes
2013-09-16,17,3947,ggthemes
2013-09-17,11,3958,ggthemes
2013-09-18,21,3979,ggthemes
2013-09-19,30,4009,ggthemes
2013-09-20,23,4032,ggthemes
2013-09-21,16,4048,ggthemes
2013-09-22,12,4060,ggthemes
2013-09-23,23,4083,ggthemes
2013-09-24,19,4102,ggthemes
2013-09-25,12,4114,ggthemes
2013-09-26,16,4130,ggthemes
2013-09-27,28,4158,ggthemes
2013-09-28,12,4170,ggthemes
2013-09-29,13,4183,ggthemes
2013-09-30,34,4217,ggthemes
2013-10-01,16,4233,ggthemes
2013-10-02,16,4249,ggthemes
2013-10-03,24,4273,ggthemes
2013-10-04,31,4304,ggthemes
2013-10-05,12,4316,ggthemes
2013-10-06,6,4322,ggthemes
2013-10-07,15,4337,ggthemes
2013-10-08,55,4392,ggthemes
2013-10-09,23,4415,ggthemes
2013-10-10,47,4462,ggthemes
2013-10-11,20,4482,ggthemes
2013-10-12,10,4492,ggthemes
2013-10-13,15,4507,ggthemes
2013-10-14,22,4529,ggthemes
2013-10-15,22,4551,ggthemes
2013-10-16,23,4574,ggthemes
2013-10-17,28,4602,ggthemes
2013-10-18,15,4617,ggthemes
2013-10-19,15,4632,ggthemes
2013-10-20,15,4647,ggthemes
2013-10-21,32,4679,ggthemes
2013-10-22,84,4763,ggthemes
2013-10-23,100,4863,ggthemes
2013-10-24,45,4908,ggthemes
2013-10-25,33,4941,ggthemes
2013-10-26,23,4964,ggthemes
2013-10-27,19,4983,ggthemes
2013-10-28,39,5022,ggthemes
2013-10-29,35,5057,ggthemes
2013-10-30,94,5151,ggthemes
2013-10-31,38,5189,ggthemes
2013-11-01,26,5215,ggthemes
2013-11-02,15,5230,ggthemes
2013-11-03,12,5242,ggthemes
2013-11-04,49,5291,ggthemes
2013-11-05,34,5325,ggthemes
2013-11-06,58,5383,ggthemes
2013-11-07,46,5429,ggthemes
2013-11-08,27,5456,ggthemes
2013-11-09,24,5480,ggthemes
2013-11-10,37,5517,ggthemes
2013-11-11,22,5539,ggthemes
2013-11-12,26,5565,ggthemes
2013-11-13,29,5594,ggthemes
2013-11-14,56,5650,ggthemes
2013-11-15,24,5674,ggthemes
2013-11-16,24,5698,ggthemes
2013-11-17,13,5711,ggthemes
2013-11-18,33,5744,ggthemes
2013-11-19,48,5792,ggthemes
2013-11-20,37,5829,ggthemes
2013-11-21,37,5866,ggthemes
2013-11-22,75,5941,ggthemes
2013-11-23,26,5967,ggthemes
2013-11-24,32,5999,ggthemes
2013-11-25,47,6046,ggthemes
2013-11-26,38,6084,ggthemes
2013-11-27,42,6126,ggthemes
2013-11-28,29,6155,ggthemes
2013-11-29,28,6183,ggthemes
2013-11-30,21,6204,ggthemes
2013-12-01,33,6237,ggthemes
2013-12-02,53,6290,ggthemes
2013-12-03,35,6325,ggthemes
2013-12-04,38,6363,ggthemes
2013-12-05,20,6383,ggthemes
2013-12-06,20,6403,ggthemes
2013-12-07,12,6415,ggthemes
2013-12-08,14,6429,ggthemes
2013-12-09,37,6466,ggthemes
2013-12-10,29,6495,ggthemes
2013-12-11,46,6541,ggthemes
2013-12-12,24,6565,ggthemes
2013-12-13,43,6608,ggthemes
2013-12-14,26,6634,ggthemes
2013-12-15,29,6663,ggthemes
2013-12-16,99,6762,ggthemes
2013-12-17,69,6831,ggthemes
2013-12-18,49,6880,ggthemes
2013-12-19,39,6919,ggthemes
2013-12-20,31,6950,ggthemes
2013-12-21,20,6970,ggthemes
2013-12-22,23,6993,ggthemes
2013-12-23,28,7021,ggthemes
2013-12-24,11,7032,ggthemes
2013-12-25,18,7050,ggthemes
2013-12-26,26,7076,ggthemes
2013-12-27,20,7096,ggthemes
2013-12-28,20,7116,ggthemes
2013-12-29,25,7141,ggthemes
2013-12-30,21,7162,ggthemes
2013-12-31,24,7186,ggthemes
2014-01-01,10,7196,ggthemes
2014-01-02,19,7215,ggthemes
2014-01-03,15,7230,ggthemes
2014-01-04,22,7252,ggthemes
2014-01-05,12,7264,ggthemes
2014-01-06,27,7291,ggthemes
2014-01-07,47,7338,ggthemes
2014-01-08,40,7378,ggthemes
2014-01-09,54,7432,ggthemes
2014-01-10,59,7491,ggthemes
2014-01-11,23,7514,ggthemes
2014-01-12,23,7537,ggthemes
2014-01-13,23,7560,ggthemes
2014-01-14,60,7620,ggthemes
2014-01-15,49,7669,ggthemes
2014-01-16,39,7708,ggthemes
2014-01-17,36,7744,ggthemes
2014-01-18,18,7762,ggthemes
2014-01-19,14,7776,ggthemes
2014-01-20,37,7813,ggthemes
2014-01-21,44,7857,ggthemes
2014-01-22,64,7921,ggthemes
2014-01-23,35,7956,ggthemes
2014-01-24,46,8002,ggthemes
2014-01-25,23,8025,ggthemes
2014-01-26,27,8052,ggthemes
2014-01-27,44,8096,ggthemes
2014-01-28,42,8138,ggthemes
2014-01-29,71,8209,ggthemes
2014-01-30,49,8258,ggthemes
2014-01-31,48,8306,ggthemes
2014-02-01,25,8331,ggthemes
2014-02-02,25,8356,ggthemes
2014-02-03,75,8431,ggthemes
2014-02-04,70,8501,ggthemes
2014-02-05,53,8554,ggthemes
2014-02-06,23,8577,ggthemes
2014-02-07,29,8606,ggthemes
2014-02-08,21,8627,ggthemes
2014-02-09,38,8665,ggthemes
2014-02-10,37,8702,ggthemes
2014-02-11,31,8733,ggthemes
2014-02-12,39,8772,ggthemes
2014-02-13,34,8806,ggthemes
2014-02-14,67,8873,ggthemes
2014-02-15,20,8893,ggthemes
2014-02-16,23,8916,ggthemes
2014-02-17,30,8946,ggthemes
2014-02-18,41,8987,ggthemes
2014-02-19,27,9014,ggthemes
2014-02-20,36,9050,ggthemes
2014-02-21,43,9093,ggthemes
2014-02-22,20,9113,ggthemes
2014-02-23,18,9131,ggthemes
2014-02-24,40,9171,ggthemes
2014-02-25,40,9211,ggthemes
2014-02-26,36,9247,ggthemes
2014-02-27,32,9279,ggthemes
2014-02-28,26,9305,ggthemes
2014-03-01,22,9327,ggthemes
2014-03-02,23,9350,ggthemes
2014-03-03,45,9395,ggthemes
2014-03-04,43,9438,ggthemes
2014-03-05,32,9470,ggthemes
2014-03-06,31,9501,ggthemes
2014-03-07,45,9546,ggthemes
2014-03-08,26,9572,ggthemes
2014-03-09,24,9596,ggthemes
2014-03-10,31,9627,ggthemes
2014-03-11,51,9678,ggthemes
2014-03-12,39,9717,ggthemes
2014-03-13,51,9768,ggthemes
2014-03-14,40,9808,ggthemes
2014-03-15,45,9853,ggthemes
2014-03-16,22,9875,ggthemes
2014-03-17,55,9930,ggthemes
2014-03-18,44,9974,ggthemes
2014-03-19,26,10000,ggthemes
2014-03-20,73,10073,ggthemes
2014-03-21,31,10104,ggthemes
2014-03-22,31,10135,ggthemes
2014-03-23,17,10152,ggthemes
2014-03-24,49,10201,ggthemes
2014-03-25,71,10272,ggthemes
2014-03-26,39,10311,ggthemes
2014-03-27,49,10360,ggthemes
2014-03-28,51,10411,ggthemes
2014-03-29,34,10445,ggthemes
2014-03-30,26,10471,ggthemes
2014-03-31,61,10532,ggthemes
2014-04-01,80,10612,ggthemes
2014-04-02,57,10669,ggthemes
2014-04-03,43,10712,ggthemes
2014-04-04,36,10748,ggthemes
2014-04-05,38,10786,ggthemes
2014-04-06,45,10831,ggthemes
2014-04-07,41,10872,ggthemes
2014-04-08,39,10911,ggthemes
2014-04-09,47,10958,ggthemes
2014-04-10,50,11008,ggthemes
2014-04-11,56,11064,ggthemes
2014-04-12,54,11118,ggthemes
2014-04-13,58,11176,ggthemes
2014-04-14,84,11260,ggthemes
2014-04-15,68,11328,ggthemes
2014-04-16,62,11390,ggthemes
2014-04-17,48,11438,ggthemes
2014-04-18,48,11486,ggthemes
2014-04-19,32,11518,ggthemes
2014-04-20,32,11550,ggthemes
2014-04-21,42,11592,ggthemes
2014-04-22,73,11665,ggthemes
2014-04-23,130,11795,ggthemes
2014-04-24,148,11943,ggthemes
2014-04-25,99,12042,ggthemes
2014-04-26,73,12115,ggthemes
2014-04-27,82,12197,ggthemes
2014-04-28,97,12294,ggthemes
2014-04-29,67,12361,ggthemes
2014-04-30,78,12439,ggthemes
2014-05-01,69,12508,ggthemes
2014-05-02,55,12563,ggthemes
2014-05-03,37,12600,ggthemes
2014-05-04,34,12634,ggthemes
2014-05-05,65,12699,ggthemes
2014-05-06,63,12762,ggthemes
2014-05-07,60,12822,ggthemes
2014-05-08,59,12881,ggthemes
2014-05-09,56,12937,ggthemes
2014-05-10,36,12973,ggthemes
2014-05-11,28,13001,ggthemes
2014-05-12,28,13029,ggthemes
2014-05-13,100,13129,ggthemes
2014-05-14,62,13191,ggthemes
2014-05-15,49,13240,ggthemes
2014-05-16,6,13246,ggthemes
2014-05-17,8,13254,ggthemes
2014-05-18,28,13282,ggthemes
2014-05-19,58,13340,ggthemes
2014-05-20,59,13399,ggthemes
2014-05-21,39,13438,ggthemes
2014-05-22,73,13511,ggthemes
2014-05-23,58,13569,ggthemes
2014-05-24,35,13604,ggthemes
2014-05-25,21,13625,ggthemes
2014-05-26,55,13680,ggthemes
2014-05-27,81,13761,ggthemes
2014-05-28,64,13825,ggthemes
2014-05-29,66,13891,ggthemes
2014-05-30,74,13965,ggthemes
2014-05-31,46,14011,ggthemes
2014-06-01,31,14042,ggthemes
2014-06-02,56,14098,ggthemes
2014-06-03,67,14165,ggthemes
2014-06-04,69,14234,ggthemes
2014-06-05,72,14306,ggthemes
2014-06-06,58,14364,ggthemes
2014-06-07,31,14395,ggthemes
2014-06-08,36,14431,ggthemes
2014-06-09,64,14495,ggthemes
2014-06-10,65,14560,ggthemes
2014-06-11,66,14626,ggthemes
2014-06-12,71,14697,ggthemes
2014-06-13,52,14749,ggthemes
2014-06-14,16,14765,ggthemes
2014-06-15,40,14805,ggthemes
2014-06-16,51,14856,ggthemes
2014-06-17,48,14904,ggthemes
2014-06-18,50,14954,ggthemes
2014-06-19,49,15003,ggthemes
2014-06-20,63,15066,ggthemes
2014-06-21,18,15084,ggthemes
2014-06-22,32,15116,ggthemes
2014-06-23,62,15178,ggthemes
2014-06-24,53,15231,ggthemes
2014-06-25,55,15286,ggthemes
2014-06-26,62,15348,ggthemes
2014-06-27,34,15382,ggthemes
2014-06-28,32,15414,ggthemes
2014-06-29,31,15445,ggthemes
2014-06-30,58,15503,ggthemes
2014-07-01,51,15554,ggthemes
2014-07-02,46,15600,ggthemes
2014-07-03,41,15641,ggthemes
2014-07-04,25,15666,ggthemes
2014-07-05,33,15699,ggthemes
2014-07-06,24,15723,ggthemes
2014-07-07,56,15779,ggthemes
2014-07-08,50,15829,ggthemes
2014-07-09,56,15885,ggthemes
2014-07-10,75,15960,ggthemes
2014-07-11,44,16004,ggthemes
2014-07-12,34,16038,ggthemes
2014-07-13,31,16069,ggthemes
2014-07-14,54,16123,ggthemes
2014-07-15,61,16184,ggthemes
2014-07-16,72,16256,ggthemes
2014-07-17,76,16332,ggthemes
2014-07-18,87,16419,ggthemes
2014-07-19,30,16449,ggthemes
2014-07-20,33,16482,ggthemes
2014-07-21,55,16537,ggthemes
2014-07-22,43,16580,ggthemes
2014-07-23,55,16635,ggthemes
2014-07-24,48,16683,ggthemes
2014-07-25,82,16765,ggthemes
2014-07-26,26,16791,ggthemes
2014-07-27,25,16816,ggthemes
2014-07-28,67,16883,ggthemes
2014-07-29,59,16942,ggthemes
2014-07-30,77,17019,ggthemes
2014-07-31,43,17062,ggthemes
2014-08-01,70,17132,ggthemes
2014-08-02,28,17160,ggthemes
2014-08-03,14,17174,ggthemes
2014-08-04,56,17230,ggthemes
2014-08-05,66,17296,ggthemes
2014-08-06,66,17362,ggthemes
2014-08-07,61,17423,ggthemes
2014-08-08,67,17490,ggthemes
2014-08-09,34,17524,ggthemes
2014-08-10,73,17597,ggthemes
2014-08-11,55,17652,ggthemes
2014-08-12,57,17709,ggthemes
2014-08-13,47,17756,ggthemes
2014-08-14,46,17802,ggthemes
2014-08-15,59,17861,ggthemes
2014-08-16,33,17894,ggthemes
2014-08-17,30,17924,ggthemes
2014-08-18,65,17989,ggthemes
2014-08-19,50,18039,ggthemes
2014-08-20,78,18117,ggthemes
2014-08-21,51,18168,ggthemes
2014-08-22,76,18244,ggthemes
2014-08-23,37,18281,ggthemes
2014-08-24,32,18313,ggthemes
2014-08-25,64,18377,ggthemes
2014-08-26,88,18465,ggthemes
2014-08-27,46,18511,ggthemes
2014-08-28,64,18575,ggthemes
2014-08-29,79,18654,ggthemes
2014-08-30,34,18688,ggthemes
2014-08-31,37,18725,ggthemes
2014-09-01,59,18784,ggthemes
2014-09-02,67,18851,ggthemes
2014-09-03,54,18905,ggthemes
2014-09-04,38,18943,ggthemes
2014-09-05,54,18997,ggthemes
2014-09-06,34,19031,ggthemes
2014-09-07,38,19069,ggthemes
2014-09-08,61,19130,ggthemes
2014-09-09,53,19183,ggthemes
2014-09-10,92,19275,ggthemes
2014-09-11,62,19337,ggthemes
2014-09-12,79,19416,ggthemes
2014-09-13,32,19448,ggthemes
2014-09-14,44,19492,ggthemes
2014-09-15,92,19584,ggthemes
2014-09-16,71,19655,ggthemes
2014-09-17,63,19718,ggthemes
2014-09-18,62,19780,ggthemes
2014-09-19,51,19831,ggthemes
2014-09-20,19,19850,ggthemes
2014-09-21,31,19881,ggthemes
2014-09-22,13,19894,ggthemes
2014-09-23,12,19906,ggthemes
2014-09-24,55,19961,ggthemes
2014-09-25,70,20031,ggthemes
2014-09-26,67,20098,ggthemes
2014-09-27,23,20121,ggthemes
2014-09-28,39,20160,ggthemes
2014-09-29,76,20236,ggthemes
2014-09-30,53,20289,ggthemes
2014-10-01,81,20370,ggthemes
2014-10-02,59,20429,ggthemes
2014-10-03,64,20493,ggthemes
2014-10-04,42,20535,ggthemes
2014-10-05,38,20573,ggthemes
2014-10-06,43,20616,ggthemes
2014-10-07,54,20670,ggthemes
2014-10-08,62,20732,ggthemes
2014-10-09,58,20790,ggthemes
2014-10-10,55,20845,ggthemes
2014-10-11,28,20873,ggthemes
2014-10-12,43,20916,ggthemes
2014-10-13,89,21005,ggthemes
2014-10-14,50,21055,ggthemes
2014-10-15,57,21112,ggthemes
2014-10-16,173,21285,ggthemes
2014-10-17,75,21360,ggthemes
2014-10-18,50,21410,ggthemes
2014-10-19,45,21455,ggthemes
2014-10-20,57,21512,ggthemes
2014-10-21,82,21594,ggthemes
2014-10-22,89,21683,ggthemes
2014-10-23,59,21742,ggthemes
2014-10-24,75,21817,ggthemes
2014-10-25,51,21868,ggthemes
2014-10-26,41,21909,ggthemes
2014-10-27,50,21959,ggthemes
2014-10-28,47,22006,ggthemes
2014-10-29,57,22063,ggthemes
2014-10-30,63,22126,ggthemes
2014-10-31,55,22181,ggthemes
2014-11-01,58,22239,ggthemes
2014-11-02,43,22282,ggthemes
2014-11-03,96,22378,ggthemes
2014-11-04,78,22456,ggthemes
2014-11-05,98,22554,ggthemes
2014-11-06,99,22653,ggthemes
2014-11-07,78,22731,ggthemes
2014-11-08,48,22779,ggthemes
2014-11-09,41,22820,ggthemes
2014-11-10,71,22891,ggthemes
2014-11-11,62,22953,ggthemes
2014-11-12,113,23066,ggthemes
2014-11-13,70,23136,ggthemes
2014-11-14,81,23217,ggthemes
2014-11-15,44,23261,ggthemes
2014-11-16,64,23325,ggthemes
2014-11-17,71,23396,ggthemes
2014-11-18,94,23490,ggthemes
2014-11-19,59,23549,ggthemes
2014-11-20,49,23598,ggthemes
2014-11-21,67,23665,ggthemes
2014-11-22,34,23699,ggthemes
2014-11-23,53,23752,ggthemes
2014-11-24,90,23842,ggthemes
2014-11-25,62,23904,ggthemes
2014-11-26,99,24003,ggthemes
2014-11-27,59,24062,ggthemes
2014-11-28,67,24129,ggthemes
2014-11-29,37,24166,ggthemes
2014-11-30,72,24238,ggthemes
2014-12-01,83,24321,ggthemes
2014-12-02,56,24377,ggthemes
2014-12-03,99,24476,ggthemes
2014-12-04,58,24534,ggthemes
2014-12-05,50,24584,ggthemes
2014-12-06,44,24628,ggthemes
2014-12-07,33,24661,ggthemes
2014-12-08,66,24727,ggthemes
2014-12-09,100,24827,ggthemes
2014-12-10,74,24901,ggthemes
2014-12-11,83,24984,ggthemes
2014-12-12,111,25095,ggthemes
2014-12-13,47,25142,ggthemes
2014-12-14,71,25213,ggthemes
2014-12-15,107,25320,ggthemes
2014-12-16,70,25390,ggthemes
2014-12-17,93,25483,ggthemes
2014-12-18,96,25579,ggthemes
2014-12-19,151,25730,ggthemes
2014-12-20,118,25848,ggthemes
2014-12-21,82,25930,ggthemes
2014-12-22,115,26045,ggthemes
2014-12-23,84,26129,ggthemes
2014-12-24,69,26198,ggthemes
2014-12-25,45,26243,ggthemes
2014-12-26,63,26306,ggthemes
2014-12-27,58,26364,ggthemes
2014-12-28,45,26409,ggthemes
2014-12-29,96,26505,ggthemes
2014-12-30,84,26589,ggthemes
2014-12-31,81,26670,ggthemes
2015-01-01,39,26709,ggthemes
2015-01-02,101,26810,ggthemes
2015-01-03,67,26877,ggthemes
2015-01-04,70,26947,ggthemes
2015-01-05,142,27089,ggthemes
2015-01-06,104,27193,ggthemes
2015-01-07,115,27308,ggthemes
2015-01-08,116,27424,ggthemes
2015-01-09,76,27500,ggthemes
2015-01-10,45,27545,ggthemes
2015-01-11,74,27619,ggthemes
2015-01-12,85,27704,ggthemes
2015-01-13,115,27819,ggthemes
2015-01-14,137,27956,ggthemes
2015-01-15,120,28076,ggthemes
2015-01-16,142,28218,ggthemes
2015-01-17,66,28284,ggthemes
2015-01-18,60,28344,ggthemes
2015-01-19,107,28451,ggthemes
2015-01-20,100,28551,ggthemes
2015-01-21,105,28656,ggthemes
2015-01-22,136,28792,ggthemes
2015-01-23,120,28912,ggthemes
2015-01-24,72,28984,ggthemes
2015-01-25,47,29031,ggthemes
2015-01-26,88,29119,ggthemes
2015-01-27,172,29291,ggthemes
2015-01-28,93,29384,ggthemes
2015-01-29,95,29479,ggthemes
2015-01-30,90,29569,ggthemes
2015-01-31,45,29614,ggthemes
2015-02-01,41,29655,ggthemes
2015-02-02,155,29810,ggthemes
2015-02-03,104,29914,ggthemes
2015-02-04,93,30007,ggthemes
2015-02-05,109,30116,ggthemes
2015-02-06,85,30201,ggthemes
2015-02-07,61,30262,ggthemes
2015-02-08,44,30306,ggthemes
2015-02-09,97,30403,ggthemes
2015-02-10,112,30515,ggthemes
2015-02-11,100,30615,ggthemes
2015-02-12,105,30720,ggthemes
2015-02-13,94,30814,ggthemes
2015-02-14,41,30855,ggthemes
2015-02-15,47,30902,ggthemes
2015-02-16,91,30993,ggthemes
2015-02-17,98,31091,ggthemes
2015-02-18,88,31179,ggthemes
2015-02-19,82,31261,ggthemes
2015-02-20,97,31358,ggthemes
2015-02-21,58,31416,ggthemes
2015-02-22,135,31551,ggthemes
2015-02-23,110,31661,ggthemes
2015-02-24,114,31775,ggthemes
2015-02-25,82,31857,ggthemes
2015-02-26,107,31964,ggthemes
2015-02-27,108,32072,ggthemes
2015-02-28,57,32129,ggthemes
2015-03-01,62,32191,ggthemes
2015-03-02,127,32318,ggthemes
2015-03-03,268,32586,ggthemes
2015-03-04,216,32802,ggthemes
2015-03-05,209,33011,ggthemes
2015-03-06,195,33206,ggthemes
2015-03-07,103,33309,ggthemes
2015-03-08,88,33397,ggthemes
2015-03-09,179,33576,ggthemes
2015-03-10,222,33798,ggthemes
2015-03-11,193,33991,ggthemes
2015-03-12,165,34156,ggthemes
2015-03-13,144,34300,ggthemes
2015-03-14,90,34390,ggthemes
2015-03-15,74,34464,ggthemes
2015-03-16,172,34636,ggthemes
2015-03-17,133,34769,ggthemes
2015-03-18,124,34893,ggthemes
2015-03-19,160,35053,ggthemes
2015-03-20,134,35187,ggthemes
2015-03-21,108,35295,ggthemes
2015-03-22,79,35374,ggthemes
2015-03-23,132,35506,ggthemes
2015-03-24,139,35645,ggthemes
2015-03-25,145,35790,ggthemes
2015-03-26,107,35897,ggthemes
2015-03-27,116,36013,ggthemes
2015-03-28,71,36084,ggthemes
2015-03-29,51,36135,ggthemes
2015-03-30,115,36250,ggthemes
2015-03-31,145,36395,ggthemes
2015-04-01,148,36543,ggthemes
2015-04-02,117,36660,ggthemes
2015-04-03,79,36739,ggthemes
2015-04-04,53,36792,ggthemes
2015-04-05,66,36858,ggthemes
2015-04-06,75,36933,ggthemes
2015-04-07,121,37054,ggthemes
2015-04-08,137,37191,ggthemes
2015-04-09,97,37288,ggthemes
2015-04-10,139,37427,ggthemes
2015-04-11,69,37496,ggthemes
2015-04-12,72,37568,ggthemes
2015-04-13,124,37692,ggthemes
2015-04-14,139,37831,ggthemes
2015-04-15,117,37948,ggthemes
2015-04-16,103,38051,ggthemes
2015-04-17,114,38165,ggthemes
2015-04-18,150,38315,ggthemes
2015-04-19,100,38415,ggthemes
2015-04-20,275,38690,ggthemes
2015-04-21,241,38931,ggthemes
2015-04-22,238,39169,ggthemes
2015-04-23,148,39317,ggthemes
2015-04-24,157,39474,ggthemes
2015-04-25,77,39551,ggthemes
2015-04-26,70,39621,ggthemes
2015-04-27,141,39762,ggthemes
2015-04-28,141,39903,ggthemes
2015-04-29,140,40043,ggthemes
2015-04-30,112,40155,ggthemes
2015-05-01,83,40238,ggthemes
2015-05-02,78,40316,ggthemes
2015-05-03,72,40388,ggthemes
2015-05-04,102,40490,ggthemes
2015-05-05,130,40620,ggthemes
2015-05-06,110,40730,ggthemes
2015-05-07,105,40835,ggthemes
2015-05-08,170,41005,ggthemes
2015-05-09,59,41064,ggthemes
2015-05-10,66,41130,ggthemes
2015-05-11,131,41261,ggthemes
2015-05-12,119,41380,ggthemes
2015-05-13,139,41519,ggthemes
2015-05-14,122,41641,ggthemes
2015-05-15,124,41765,ggthemes
2015-05-16,78,41843,ggthemes
2015-05-17,67,41910,ggthemes
2015-05-18,150,42060,ggthemes
2015-05-19,144,42204,ggthemes
2015-05-20,262,42466,ggthemes
2015-05-21,194,42660,ggthemes
2015-05-22,119,42779,ggthemes
2015-05-23,84,42863,ggthemes
2015-05-24,68,42931,ggthemes
2015-05-25,92,43023,ggthemes
2015-05-26,128,43151,ggthemes
2015-05-27,138,43289,ggthemes
2015-05-28,115,43404,ggthemes
2015-05-29,109,43513,ggthemes
2015-05-30,83,43596,ggthemes
2015-05-31,83,43679,ggthemes
2015-06-01,114,43793,ggthemes
2015-06-02,118,43911,ggthemes
2015-06-03,103,44014,ggthemes
2015-06-04,97,44111,ggthemes
2015-06-05,89,44200,ggthemes
2015-06-06,54,44254,ggthemes
2015-06-07,70,44324,ggthemes
2015-06-08,114,44438,ggthemes
2015-06-09,118,44556,ggthemes
2015-06-10,121,44677,ggthemes
2015-06-11,92,44769,ggthemes
2015-06-12,86,44855,ggthemes
2015-06-13,76,44931,ggthemes
2015-06-14,60,44991,ggthemes
2015-06-15,147,45138,ggthemes
2015-06-16,118,45256,ggthemes
2015-06-17,143,45399,ggthemes
2015-06-18,109,45508,ggthemes
2015-06-19,113,45621,ggthemes
2015-06-20,68,45689,ggthemes
2015-06-21,66,45755,ggthemes
2015-06-22,135,45890,ggthemes
2015-06-23,140,46030,ggthemes
2015-06-24,166,46196,ggthemes
2015-06-25,125,46321,ggthemes
2015-06-26,123,46444,ggthemes
2015-06-27,70,46514,ggthemes
2015-06-28,64,46578,ggthemes
2015-06-29,140,46718,ggthemes
2015-06-30,117,46835,ggthemes
2015-07-01,178,47013,ggthemes
2015-07-02,260,47273,ggthemes
2015-07-03,164,47437,ggthemes
2015-07-04,106,47543,ggthemes
2015-07-05,99,47642,ggthemes
2015-07-06,255,47897,ggthemes
2015-07-07,205,48102,ggthemes
2015-07-08,190,48292,ggthemes
2015-07-09,165,48457,ggthemes
2015-07-10,144,48601,ggthemes
2015-07-11,92,48693,ggthemes
2015-07-12,71,48764,ggthemes
2015-07-13,147,48911,ggthemes
2015-07-14,146,49057,ggthemes
2015-07-15,150,49207,ggthemes
2015-07-16,136,49343,ggthemes
2015-07-17,122,49465,ggthemes
2015-07-18,60,49525,ggthemes
2015-07-19,68,49593,ggthemes
2015-07-20,129,49722,ggthemes
2015-07-21,165,49887,ggthemes
2015-07-22,128,50015,ggthemes
2015-07-23,122,50137,ggthemes
2015-07-24,115,50252,ggthemes
2015-07-25,70,50322,ggthemes
2015-07-26,66,50388,ggthemes
2015-07-27,138,50526,ggthemes
2015-07-28,170,50696,ggthemes
2015-07-29,160,50856,ggthemes
2015-07-30,152,51008,ggthemes
2015-07-31,119,51127,ggthemes
2015-08-01,101,51228,ggthemes
2015-08-02,67,51295,ggthemes
2015-08-03,132,51427,ggthemes
2015-08-04,199,51626,ggthemes
2015-08-05,198,51824,ggthemes
2015-08-06,162,51986,ggthemes
2015-08-07,136,52122,ggthemes
2015-08-08,77,52199,ggthemes
2015-08-09,95,52294,ggthemes
2015-08-10,144,52438,ggthemes
2015-08-11,163,52601,ggthemes
2015-08-12,145,52746,ggthemes
2015-08-13,128,52874,ggthemes
2015-08-14,135,53009,ggthemes
2015-08-15,87,53096,ggthemes
2015-08-16,112,53208,ggthemes
2015-08-17,188,53396,ggthemes
2015-08-18,175,53571,ggthemes
2015-08-19,143,53714,ggthemes
2015-08-20,145,53859,ggthemes
2015-08-21,121,53980,ggthemes
2015-08-22,77,54057,ggthemes
2015-08-23,73,54130,ggthemes
2015-08-24,128,54258,ggthemes
2015-08-25,164,54422,ggthemes
2015-08-26,110,54532,ggthemes
2015-08-27,145,54677,ggthemes
2015-08-28,117,54794,ggthemes
2015-08-29,58,54852,ggthemes
2015-08-30,79,54931,ggthemes
2015-08-31,155,55086,ggthemes
2015-09-01,214,55300,ggthemes
2015-09-02,154,55454,ggthemes
2015-09-03,154,55608,ggthemes
2015-09-04,141,55749,ggthemes
2015-09-05,64,55813,ggthemes
2015-09-06,62,55875,ggthemes
2015-09-07,120,55995,ggthemes
2015-09-08,146,56141,ggthemes
2015-09-09,176,56317,ggthemes
2015-09-10,145,56462,ggthemes
2015-09-11,126,56588,ggthemes
2015-09-12,81,56669,ggthemes
2015-09-13,131,56800,ggthemes
2015-09-14,174,56974,ggthemes
2015-09-15,154,57128,ggthemes
2015-09-16,115,57243,ggthemes
2015-09-17,109,57352,ggthemes
2015-09-18,146,57498,ggthemes
2015-09-19,58,57556,ggthemes
2015-09-20,60,57616,ggthemes
2015-09-21,154,57770,ggthemes
2015-09-22,153,57923,ggthemes
2015-09-23,226,58149,ggthemes
2015-09-24,138,58287,ggthemes
2015-09-25,141,58428,ggthemes
2015-09-26,65,58493,ggthemes
2015-09-27,78,58571,ggthemes
2015-09-28,143,58714,ggthemes
2015-09-29,165,58879,ggthemes
2015-09-30,198,59077,ggthemes
2015-10-01,191,59268,ggthemes
2015-10-02,128,59396,ggthemes
2015-10-03,105,59501,ggthemes
2015-10-04,80,59581,ggthemes
2015-10-05,241,59822,ggthemes
2015-10-06,170,59992,ggthemes
2015-10-07,188,60180,ggthemes
2015-10-08,323,60503,ggthemes
2015-10-09,173,60676,ggthemes
2015-10-10,88,60764,ggthemes
2015-10-11,86,60850,ggthemes
2015-10-12,117,60967,ggthemes
2015-10-13,232,61199,ggthemes
2015-10-14,195,61394,ggthemes
2015-10-15,230,61624,ggthemes
2015-10-16,172,61796,ggthemes
2015-10-17,111,61907,ggthemes
2015-10-18,91,61998,ggthemes
2015-10-19,148,62146,ggthemes
2015-10-20,174,62320,ggthemes
2015-10-21,167,62487,ggthemes
2015-10-22,169,62656,ggthemes
2015-10-23,124,62780,ggthemes
2015-10-24,75,62855,ggthemes
2015-10-25,85,62940,ggthemes
2015-10-26,148,63088,ggthemes
2015-10-27,180,63268,ggthemes
2015-10-28,137,63405,ggthemes
2015-10-29,154,63559,ggthemes
2015-10-30,122,63681,ggthemes
2015-10-31,58,63739,ggthemes
2015-11-01,69,63808,ggthemes
2015-11-02,127,63935,ggthemes
2015-11-03,135,64070,ggthemes
2015-11-04,155,64225,ggthemes
2015-11-05,141,64366,ggthemes
2015-11-06,179,64545,ggthemes
2015-11-07,97,64642,ggthemes
2015-11-08,76,64718,ggthemes
2015-11-09,179,64897,ggthemes
2015-11-10,177,65074,ggthemes
2015-11-11,166,65240,ggthemes
2015-11-12,153,65393,ggthemes
2015-11-13,139,65532,ggthemes
2015-11-14,81,65613,ggthemes
2015-11-15,66,65679,ggthemes
2015-11-16,186,65865,ggthemes
2015-11-17,195,66060,ggthemes
2015-11-18,147,66207,ggthemes
2015-11-19,161,66368,ggthemes
2015-11-20,150,66518,ggthemes
2015-11-21,92,66610,ggthemes
2015-11-22,106,66716,ggthemes
2015-11-23,141,66857,ggthemes
2015-11-24,149,67006,ggthemes
2015-11-25,148,67154,ggthemes
2015-11-26,132,67286,ggthemes
2015-11-27,129,67415,ggthemes
2015-11-28,77,67492,ggthemes
2015-11-29,86,67578,ggthemes
2015-11-30,138,67716,ggthemes
2015-12-01,139,67855,ggthemes
2015-12-02,147,68002,ggthemes
2015-12-03,153,68155,ggthemes
2015-12-04,144,68299,ggthemes
2015-12-05,75,68374,ggthemes
2015-12-06,84,68458,ggthemes
2015-12-07,133,68591,ggthemes
2015-12-08,160,68751,ggthemes
2015-12-09,190,68941,ggthemes
2015-12-10,159,69100,ggthemes
2015-12-11,136,69236,ggthemes
2015-12-12,84,69320,ggthemes
2015-12-13,95,69415,ggthemes
2015-12-14,227,69642,ggthemes
2015-12-15,167,69809,ggthemes
2015-12-16,146,69955,ggthemes
2015-12-17,173,70128,ggthemes
2015-12-18,141,70269,ggthemes
2015-12-19,62,70331,ggthemes
2015-12-20,215,70546,ggthemes
2015-12-21,469,71015,ggthemes
2015-12-22,406,71421,ggthemes
2015-12-23,247,71668,ggthemes
2015-12-24,137,71805,ggthemes
2015-12-25,111,71916,ggthemes
2015-12-26,81,71997,ggthemes
2015-12-27,110,72107,ggthemes
2015-12-28,171,72278,ggthemes
2015-12-29,240,72518,ggthemes
2015-12-30,246,72764,ggthemes
2015-12-31,155,72919,ggthemes
2016-01-01,86,73005,ggthemes
2016-01-02,130,73135,ggthemes
2016-01-03,111,73246,ggthemes
2016-01-04,308,73554,ggthemes
2016-01-05,295,73849,ggthemes
2016-01-06,258,74107,ggthemes
2016-01-07,253,74360,ggthemes
2016-01-08,207,74567,ggthemes
2016-01-09,144,74711,ggthemes
2016-01-10,246,74957,ggthemes
2016-01-11,576,75533,ggthemes
2016-01-12,462,75995,ggthemes
2016-01-13,400,76395,ggthemes
2016-01-14,358,76753,ggthemes
2016-01-15,315,77068,ggthemes
2016-01-16,183,77251,ggthemes
2016-01-17,155,77406,ggthemes
2016-01-18,287,77693,ggthemes
2016-01-19,340,78033,ggthemes
2016-01-20,335,78368,ggthemes
2016-01-21,314,78682,ggthemes
2016-01-22,238,78920,ggthemes
2016-01-23,153,79073,ggthemes
2016-01-24,224,79297,ggthemes
2016-01-25,285,79582,ggthemes
2016-01-26,327,79909,ggthemes
2016-01-27,263,80172,ggthemes
2016-01-28,328,80500,ggthemes
2016-01-29,233,80733,ggthemes
2016-01-30,136,80869,ggthemes
2016-01-31,111,80980,ggthemes
2016-02-01,296,81276,ggthemes
2016-02-02,296,81572,ggthemes
2016-02-03,365,81937,ggthemes
2016-02-04,269,82206,ggthemes
2016-02-05,246,82452,ggthemes
2016-02-06,114,82566,ggthemes
2016-02-07,130,82696,ggthemes
2016-02-08,319,83015,ggthemes
2016-02-09,359,83374,ggthemes
2016-02-10,269,83643,ggthemes
2016-02-11,273,83916,ggthemes
2016-02-12,261,84177,ggthemes
2016-02-13,155,84332,ggthemes
2016-02-14,131,84463,ggthemes
2016-02-15,271,84734,ggthemes
2016-02-16,324,85058,ggthemes
2016-02-17,318,85376,ggthemes
2016-02-18,286,85662,ggthemes
2016-02-19,281,85943,ggthemes
2016-02-20,208,86151,ggthemes
2016-02-21,133,86284,ggthemes
2016-02-22,322,86606,ggthemes
2016-02-23,367,86973,ggthemes
2016-02-24,306,87279,ggthemes
2016-02-25,266,87545,ggthemes
2016-02-26,531,88076,ggthemes
2016-02-27,301,88377,ggthemes
2016-02-28,270,88647,ggthemes
2016-02-29,471,89118,ggthemes
2016-03-01,462,89580,ggthemes
2016-03-02,423,90003,ggthemes
2016-03-03,388,90391,ggthemes
2016-03-04,470,90861,ggthemes
2016-03-05,165,91026,ggthemes
2016-03-06,148,91174,ggthemes
2016-03-07,337,91511,ggthemes
2016-03-08,395,91906,ggthemes
2016-03-09,363,92269,ggthemes
2016-03-10,396,92665,ggthemes
2016-03-11,314,92979,ggthemes
2016-03-12,177,93156,ggthemes
2016-03-13,144,93300,ggthemes
2016-03-14,315,93615,ggthemes
2016-03-15,368,93983,ggthemes
2016-03-16,305,94288,ggthemes
2016-03-17,372,94660,ggthemes
2016-03-18,288,94948,ggthemes
2016-03-19,169,95117,ggthemes
2016-03-20,144,95261,ggthemes
2016-03-21,261,95522,ggthemes
2016-03-22,388,95910,ggthemes
2016-03-23,279,96189,ggthemes
2016-03-24,251,96440,ggthemes
2016-03-25,176,96616,ggthemes
2016-03-26,92,96708,ggthemes
2016-03-27,117,96825,ggthemes
2016-03-28,198,97023,ggthemes
2016-03-29,284,97307,ggthemes
2016-03-30,313,97620,ggthemes
2016-03-31,321,97941,ggthemes
2016-04-01,295,98236,ggthemes
2016-04-02,128,98364,ggthemes
2016-04-03,124,98488,ggthemes
2016-04-04,267,98755,ggthemes
2016-04-05,296,99051,ggthemes
2016-04-06,345,99396,ggthemes
2016-04-07,312,99708,ggthemes
2016-04-08,289,99997,ggthemes
2016-04-09,282,100279,ggthemes
2016-04-10,272,100551,ggthemes
2016-04-11,619,101170,ggthemes
2016-04-12,527,101697,ggthemes
2016-04-13,478,102175,ggthemes
2016-04-14,497,102672,ggthemes
2016-04-15,427,103099,ggthemes
2016-04-16,211,103310,ggthemes
2016-04-17,200,103510,ggthemes
2016-04-18,420,103930,ggthemes
2016-04-19,395,104325,ggthemes
2016-04-20,387,104712,ggthemes
2016-04-21,361,105073,ggthemes
2016-04-22,372,105445,ggthemes
2016-04-23,179,105624,ggthemes
2016-04-24,175,105799,ggthemes
2016-04-25,287,106086,ggthemes
2016-04-26,379,106465,ggthemes
2016-04-27,390,106855,ggthemes
2016-04-28,331,107186,ggthemes
2016-04-29,313,107499,ggthemes
2016-04-30,148,107647,ggthemes
2016-05-01,160,107807,ggthemes
2016-05-02,296,108103,ggthemes
2016-05-03,331,108434,ggthemes
2016-05-04,426,108860,ggthemes
2016-05-05,354,109214,ggthemes
2016-05-06,327,109541,ggthemes
2016-05-07,193,109734,ggthemes
2016-05-08,150,109884,ggthemes
2016-05-09,406,110290,ggthemes
2016-05-10,363,110653,ggthemes
2016-05-11,426,111079,ggthemes
2016-05-12,362,111441,ggthemes
2016-05-13,351,111792,ggthemes
2016-05-14,169,111961,ggthemes
2016-05-15,168,112129,ggthemes
2016-05-16,423,112552,ggthemes
2016-05-17,416,112968,ggthemes
2016-05-18,379,113347,ggthemes
2016-05-19,372,113719,ggthemes
2016-05-20,309,114028,ggthemes
2016-05-21,308,114336,ggthemes
2016-05-22,191,114527,ggthemes
2016-05-23,381,114908,ggthemes
2016-05-24,390,115298,ggthemes
2016-05-25,358,115656,ggthemes
2016-05-26,400,116056,ggthemes
2016-05-27,369,116425,ggthemes
2016-05-28,177,116602,ggthemes
2016-05-29,156,116758,ggthemes
2016-05-30,326,117084,ggthemes
2016-05-31,386,117470,ggthemes
2016-06-01,348,117818,ggthemes
2016-06-02,446,118264,ggthemes
2016-06-03,387,118651,ggthemes
2016-06-04,182,118833,ggthemes
2016-06-05,221,119054,ggthemes
2016-06-06,370,119424,ggthemes
2016-06-07,376,119800,ggthemes
2016-06-08,347,120147,ggthemes
2016-06-09,427,120574,ggthemes
2016-06-10,419,120993,ggthemes
2016-06-11,176,121169,ggthemes
2016-06-12,164,121333,ggthemes
2016-06-13,444,121777,ggthemes
2016-06-14,389,122166,ggthemes
2016-06-15,412,122578,ggthemes
2016-06-16,438,123016,ggthemes
2016-06-17,334,123350,ggthemes
2016-06-18,130,123480,ggthemes
2016-06-19,155,123635,ggthemes
2016-06-20,360,123995,ggthemes
2016-06-21,424,124419,ggthemes
2016-06-22,434,124853,ggthemes
2016-06-23,510,125363,ggthemes
2016-06-24,264,125627,ggthemes
2016-06-25,151,125778,ggthemes
2016-06-26,196,125974,ggthemes
2016-06-27,414,126388,ggthemes
2016-06-28,424,126812,ggthemes
2016-06-29,354,127166,ggthemes
2016-06-30,335,127501,ggthemes
2016-07-01,279,127780,ggthemes
2016-07-02,193,127973,ggthemes
2016-07-03,156,128129,ggthemes
2016-07-04,323,128452,ggthemes
2016-07-05,398,128850,ggthemes
2016-07-06,402,129252,ggthemes
2016-07-07,371,129623,ggthemes
2016-07-08,346,129969,ggthemes
2016-07-09,213,130182,ggthemes
2016-07-10,214,130396,ggthemes
2016-07-11,746,131142,ggthemes
2016-07-12,889,132031,ggthemes
2016-07-13,709,132740,ggthemes
2016-07-14,581,133321,ggthemes
2016-07-15,720,134041,ggthemes
2016-07-16,304,134345,ggthemes
2016-07-17,225,134570,ggthemes
2016-07-18,530,135100,ggthemes
2016-07-19,653,135753,ggthemes
2016-07-20,511,136264,ggthemes
2016-07-21,545,136809,ggthemes
2016-07-22,416,137225,ggthemes
2016-07-23,195,137420,ggthemes
2016-07-24,242,137662,ggthemes
2016-07-25,471,138133,ggthemes
2016-07-26,470,138603,ggthemes
2016-07-27,433,139036,ggthemes
2016-07-28,501,139537,ggthemes
2016-07-29,391,139928,ggthemes
2016-07-30,216,140144,ggthemes
2016-07-31,171,140315,ggthemes
2016-08-01,379,140694,ggthemes
2016-08-02,396,141090,ggthemes
2016-08-03,461,141551,ggthemes
2016-08-04,380,141931,ggthemes
2016-08-05,359,142290,ggthemes
2016-08-06,219,142509,ggthemes
2016-08-07,193,142702,ggthemes
2016-08-08,432,143134,ggthemes
2016-08-09,434,143568,ggthemes
2016-08-10,440,144008,ggthemes
2016-08-11,408,144416,ggthemes
2016-08-12,364,144780,ggthemes
2016-08-13,225,145005,ggthemes
2016-08-14,189,145194,ggthemes
2016-08-15,467,145661,ggthemes
2016-08-16,370,146031,ggthemes
2016-08-17,396,146427,ggthemes
2016-08-18,378,146805,ggthemes
2016-08-19,326,147131,ggthemes
2016-08-20,171,147302,ggthemes
2016-08-21,211,147513,ggthemes
2016-08-22,495,148008,ggthemes
2016-08-23,433,148441,ggthemes
2016-08-24,462,148903,ggthemes
2016-08-25,539,149442,ggthemes
2016-08-26,424,149866,ggthemes
2016-08-27,188,150054,ggthemes
2016-08-28,213,150267,ggthemes
2016-08-29,434,150701,ggthemes
2016-08-30,479,151180,ggthemes
2016-08-31,423,151603,ggthemes
2016-09-01,405,152008,ggthemes
2016-09-02,346,152354,ggthemes
2016-09-03,161,152515,ggthemes
2016-09-04,187,152702,ggthemes
2016-09-05,338,153040,ggthemes
2016-09-06,525,153565,ggthemes
2016-09-07,481,154046,ggthemes
2016-09-08,523,154569,ggthemes
2016-09-09,456,155025,ggthemes
2016-09-10,191,155216,ggthemes
2016-09-11,230,155446,ggthemes
2016-09-12,493,155939,ggthemes
2016-09-13,444,156383,ggthemes
2016-09-14,443,156826,ggthemes
2016-09-15,339,157165,ggthemes
2016-09-16,361,157526,ggthemes
2016-09-17,225,157751,ggthemes
2016-09-18,236,157987,ggthemes
2016-09-19,513,158500,ggthemes
2016-09-20,449,158949,ggthemes
2016-09-21,481,159430,ggthemes
2016-09-22,476,159906,ggthemes
2016-09-23,494,160400,ggthemes
2016-09-24,216,160616,ggthemes
2016-09-25,256,160872,ggthemes
2016-09-26,483,161355,ggthemes
2016-09-27,450,161805,ggthemes
2016-09-28,518,162323,ggthemes
2016-09-29,600,162923,ggthemes
2016-09-30,471,163394,ggthemes
2016-10-01,222,163616,ggthemes
2016-10-02,218,163834,ggthemes
2016-10-03,536,164370,ggthemes
2016-10-04,615,164985,ggthemes
2016-10-05,524,165509,ggthemes
2016-10-06,572,166081,ggthemes
2016-10-07,443,166524,ggthemes
2016-10-08,210,166734,ggthemes
2016-10-09,262,166996,ggthemes
2016-10-10,492,167488,ggthemes
2016-10-11,452,167940,ggthemes
2016-10-12,555,168495,ggthemes
2016-10-13,620,169115,ggthemes
2016-10-14,579,169694,ggthemes
2016-10-15,330,170024,ggthemes
2016-10-16,234,170258,ggthemes
2016-10-17,479,170737,ggthemes
2016-10-18,494,171231,ggthemes
2016-10-19,540,171771,ggthemes
2016-10-20,596,172367,ggthemes
2016-10-21,528,172895,ggthemes
2016-10-22,222,173117,ggthemes
2016-10-23,238,173355,ggthemes
2016-10-24,461,173816,ggthemes
2016-10-25,583,174399,ggthemes
2016-10-26,501,174900,ggthemes
2016-10-27,626,175526,ggthemes
2016-10-28,479,176005,ggthemes
2016-10-29,327,176332,ggthemes
2016-10-30,234,176566,ggthemes
2016-10-31,472,177038,ggthemes
2016-11-01,501,177539,ggthemes
2016-11-02,623,178162,ggthemes
2016-11-03,673,178835,ggthemes
2016-11-04,493,179328,ggthemes
2016-11-05,314,179642,ggthemes
2016-11-06,333,179975,ggthemes
2016-11-07,649,180624,ggthemes
2016-11-08,602,181226,ggthemes
2016-11-09,550,181776,ggthemes
2016-11-10,617,182393,ggthemes
2016-11-11,532,182925,ggthemes
2016-11-12,260,183185,ggthemes
2016-11-13,305,183490,ggthemes
2016-11-14,602,184092,ggthemes
2016-11-15,663,184755,ggthemes
2016-11-16,608,185363,ggthemes
2016-11-17,648,186011,ggthemes
2016-11-18,589,186600,ggthemes
2016-11-19,361,186961,ggthemes
2016-11-20,372,187333,ggthemes
2016-11-21,675,188008,ggthemes
2016-11-22,523,188531,ggthemes
2016-11-23,513,189044,ggthemes
2016-11-24,2540,191584,ggthemes
2016-11-25,1670,193254,ggthemes
2016-11-26,567,193821,ggthemes
2016-11-27,606,194427,ggthemes
2016-11-28,1100,195527,ggthemes
2016-11-29,1173,196700,ggthemes
2016-11-30,986,197686,ggthemes
2016-12-01,1076,198762,ggthemes
2016-12-02,846,199608,ggthemes
2016-12-03,476,200084,ggthemes
2016-12-04,482,200566,ggthemes
2016-12-05,856,201422,ggthemes
2016-12-06,878,202300,ggthemes
2016-12-07,910,203210,ggthemes
2016-12-08,948,204158,ggthemes
2016-12-09,654,204812,ggthemes
2016-12-10,502,205314,ggthemes
2016-12-11,372,205686,ggthemes
2016-12-12,769,206455,ggthemes
2016-12-13,717,207172,ggthemes
2016-12-14,789,207961,ggthemes
2016-12-15,708,208669,ggthemes
2016-12-16,583,209252,ggthemes
2016-12-17,320,209572,ggthemes
2016-12-18,352,209924,ggthemes
2016-12-19,582,210506,ggthemes
2016-12-20,612,211118,ggthemes
2016-12-21,606,211724,ggthemes
2016-12-22,482,212206,ggthemes
2016-12-23,343,212549,ggthemes
2016-12-24,204,212753,ggthemes
2016-12-25,163,212916,ggthemes
2016-12-26,249,213165,ggthemes
2016-12-27,383,213548,ggthemes
2016-12-28,371,213919,ggthemes
2016-12-29,358,214277,ggthemes
2016-12-30,251,214528,ggthemes
2016-12-31,177,214705,ggthemes
2017-01-01,210,214915,ggthemes
2017-01-02,399,215314,ggthemes
2017-01-03,508,215822,ggthemes
2017-01-04,612,216434,ggthemes
2017-01-05,465,216899,ggthemes
2017-01-06,470,217369,ggthemes
2017-01-07,223,217592,ggthemes
2017-01-08,303,217895,ggthemes
2017-01-09,579,218474,ggthemes
2017-01-10,697,219171,ggthemes
2017-01-11,715,219886,ggthemes
2017-01-12,683,220569,ggthemes
2017-01-13,586,221155,ggthemes
2017-01-14,280,221435,ggthemes
2017-01-15,284,221719,ggthemes
2017-01-16,528,222247,ggthemes
2017-01-17,669,222916,ggthemes
2017-01-18,834,223750,ggthemes
2017-01-19,853,224603,ggthemes
2017-01-20,667,225270,ggthemes
2017-01-21,353,225623,ggthemes
2017-01-22,505,226128,ggthemes
2017-01-23,708,226836,ggthemes
2017-01-24,775,227611,ggthemes
2017-01-25,781,228392,ggthemes
2017-01-26,708,229100,ggthemes
2017-01-27,618,229718,ggthemes
2017-01-28,291,230009,ggthemes
2017-01-29,340,230349,ggthemes
2017-01-30,698,231047,ggthemes
2017-01-31,820,231867,ggthemes
2017-02-01,673,232540,ggthemes
2017-02-02,612,233152,ggthemes
2017-02-03,682,233834,ggthemes
2017-02-04,347,234181,ggthemes
2017-02-05,396,234577,ggthemes
2017-02-06,679,235256,ggthemes
2017-02-07,649,235905,ggthemes
2017-02-08,780,236685,ggthemes
2017-02-09,903,237588,ggthemes
2017-02-10,775,238363,ggthemes
2017-02-11,336,238699,ggthemes
2017-02-12,384,239083,ggthemes
2017-02-13,822,239905,ggthemes
2017-02-14,902,240807,ggthemes
2017-02-15,958,241765,ggthemes
2017-02-16,718,242483,ggthemes
2017-02-17,614,243097,ggthemes
2017-02-18,350,243447,ggthemes
2017-02-19,2043,245490,ggthemes
2017-02-20,2502,247992,ggthemes
2017-02-21,1451,249443,ggthemes
2017-02-22,1228,250671,ggthemes
2017-02-23,1237,251908,ggthemes
2017-02-24,1047,252955,ggthemes
2017-02-25,546,253501,ggthemes
2017-02-26,465,253966,ggthemes
2017-02-27,1064,255030,ggthemes
2017-02-28,859,255889,ggthemes
2017-03-01,631,256520,ggthemes
2017-03-02,962,257482,ggthemes
2017-03-03,951,258433,ggthemes
2017-03-04,512,258945,ggthemes
2017-03-05,589,259534,ggthemes
2017-03-06,1033,260567,ggthemes
2017-03-07,953,261520,ggthemes
2017-03-08,1045,262565,ggthemes
2017-03-09,1059,263624,ggthemes
2017-03-10,1033,264657,ggthemes
2017-03-11,451,265108,ggthemes
2017-03-12,588,265696,ggthemes
2017-03-13,948,266644,ggthemes
2017-03-14,920,267564,ggthemes
2017-03-15,926,268490,ggthemes
2017-03-16,966,269456,ggthemes
2017-03-17,740,270196,ggthemes
2017-03-18,516,270712,ggthemes
2017-03-19,450,271162,ggthemes
2017-03-20,837,271999,ggthemes
2017-03-21,923,272922,ggthemes
2017-03-22,968,273890,ggthemes
2017-03-23,810,274700,ggthemes
2017-03-24,751,275451,ggthemes
2017-03-25,434,275885,ggthemes
2017-03-26,424,276309,ggthemes
2017-03-27,909,277218,ggthemes
2017-03-28,832,278050,ggthemes
2017-03-29,832,278882,ggthemes
2017-03-30,916,279798,ggthemes
2017-03-31,757,280555,ggthemes
2017-04-01,488,281043,ggthemes
2017-04-02,358,281401,ggthemes
2017-04-03,742,282143,ggthemes
2017-04-04,932,283075,ggthemes
2017-04-05,918,283993,ggthemes
2017-04-06,774,284767,ggthemes
2017-04-07,808,285575,ggthemes
2017-04-08,400,285975,ggthemes
2017-04-09,431,286406,ggthemes
2017-04-10,802,287208,ggthemes
2017-04-11,777,287985,ggthemes
2017-04-12,846,288831,ggthemes
2017-04-13,863,289694,ggthemes
2017-04-14,740,290434,ggthemes
2017-04-15,383,290817,ggthemes
2017-04-16,365,291182,ggthemes
2017-04-17,576,291758,ggthemes
2017-04-18,825,292583,ggthemes
2017-04-19,883,293466,ggthemes
2017-04-20,1002,294468,ggthemes
2017-04-21,781,295249,ggthemes
2017-04-22,463,295712,ggthemes
2017-04-23,503,296215,ggthemes
2017-04-24,1088,297303,ggthemes
2017-04-25,1187,298490,ggthemes
2017-04-26,1012,299502,ggthemes
2017-04-27,895,300397,ggthemes
2017-04-28,765,301162,ggthemes
2017-04-29,361,301523,ggthemes
2017-04-30,428,301951,ggthemes
2017-05-01,586,302537,ggthemes
2017-05-02,796,303333,ggthemes
2017-05-03,886,304219,ggthemes
2017-05-04,733,304952,ggthemes
2017-05-05,788,305740,ggthemes
2017-05-06,379,306119,ggthemes
2017-05-07,447,306566,ggthemes
2017-05-08,979,307545,ggthemes
2017-05-09,902,308447,ggthemes
2017-05-10,741,309188,ggthemes
2017-05-11,788,309976,ggthemes
2017-05-12,679,310655,ggthemes
2017-05-13,340,310995,ggthemes
2017-05-14,451,311446,ggthemes
2017-05-15,801,312247,ggthemes
2017-05-16,864,313111,ggthemes
2017-05-17,922,314033,ggthemes
2017-05-18,723,314756,ggthemes
2017-05-19,760,315516,ggthemes
2017-05-20,455,315971,ggthemes
2017-05-21,543,316514,ggthemes
2017-05-22,699,317213,ggthemes
2017-05-23,938,318151,ggthemes
2017-05-24,791,318942,ggthemes
2017-05-25,757,319699,ggthemes
2017-05-26,645,320344,ggthemes
2017-05-27,287,320631,ggthemes
2017-05-28,311,320942,ggthemes
2017-05-29,635,321577,ggthemes
2017-05-30,667,322244,ggthemes
2017-05-31,739,322983,ggthemes
2017-06-01,693,323676,ggthemes
2017-06-02,740,324416,ggthemes
2017-06-03,441,324857,ggthemes
2017-06-04,450,325307,ggthemes
2017-06-05,935,326242,ggthemes
2017-06-06,1015,327257,ggthemes
2017-06-07,1085,328342,ggthemes
2017-06-08,1026,329368,ggthemes
2017-06-09,751,330119,ggthemes
2017-06-10,445,330564,ggthemes
2017-06-11,438,331002,ggthemes
2017-06-12,1094,332096,ggthemes
2017-06-13,1073,333169,ggthemes
2017-06-14,920,334089,ggthemes
2017-06-15,917,335006,ggthemes
2017-06-16,883,335889,ggthemes
2017-06-17,424,336313,ggthemes
2017-06-18,381,336694,ggthemes
2017-06-19,710,337404,ggthemes
2017-06-20,741,338145,ggthemes
2017-06-21,774,338919,ggthemes
2017-06-22,833,339752,ggthemes
2017-06-23,625,340377,ggthemes
2017-06-24,348,340725,ggthemes
2017-06-25,391,341116,ggthemes
2017-06-26,804,341920,ggthemes
2017-06-27,899,342819,ggthemes
2017-06-28,706,343525,ggthemes
2017-06-29,811,344336,ggthemes
2017-06-30,584,344920,ggthemes
2017-07-01,360,345280,ggthemes
2017-07-02,309,345589,ggthemes
2017-07-03,1051,346640,ggthemes
2017-07-04,607,347247,ggthemes
2017-07-05,861,348108,ggthemes
2017-07-06,808,348916,ggthemes
2017-07-07,660,349576,ggthemes
2017-07-08,345,349921,ggthemes
2017-07-09,305,350226,ggthemes
2017-07-10,820,351046,ggthemes
2017-07-11,853,351899,ggthemes
2017-07-12,801,352700,ggthemes
2017-07-13,837,353537,ggthemes
2017-07-14,630,354167,ggthemes
2017-07-15,279,354446,ggthemes
2017-07-16,274,354720,ggthemes
2017-07-17,784,355504,ggthemes
2017-07-18,769,356273,ggthemes
2017-07-19,854,357127,ggthemes
2017-07-20,777,357904,ggthemes
2017-07-21,592,358496,ggthemes
2017-07-22,376,358872,ggthemes
2017-07-23,249,359121,ggthemes
2017-07-24,680,359801,ggthemes
2017-07-25,1047,360848,ggthemes
2017-07-26,735,361583,ggthemes
2017-07-27,825,362408,ggthemes
2017-07-28,552,362960,ggthemes
2017-07-29,290,363250,ggthemes
2017-07-30,359,363609,ggthemes
2017-07-31,783,364392,ggthemes
2017-08-01,764,365156,ggthemes
2017-08-02,892,366048,ggthemes
2017-08-03,877,366925,ggthemes
2017-08-04,542,367467,ggthemes
2017-08-05,308,367775,ggthemes
2017-08-06,342,368117,ggthemes
2017-08-07,606,368723,ggthemes
2017-08-08,899,369622,ggthemes
2017-08-09,849,370471,ggthemes
2017-08-10,656,371127,ggthemes
2017-08-11,602,371729,ggthemes
2017-08-12,262,371991,ggthemes
2017-08-13,274,372265,ggthemes
2017-08-14,556,372821,ggthemes
2017-08-15,618,373439,ggthemes
2017-08-16,736,374175,ggthemes
2017-08-17,933,375108,ggthemes
2017-08-18,646,375754,ggthemes
2017-08-19,365,376119,ggthemes
2017-08-20,298,376417,ggthemes
2017-08-21,520,376937,ggthemes
2017-08-22,751,377688,ggthemes
2017-08-23,676,378364,ggthemes
2017-08-24,693,379057,ggthemes
2017-08-25,506,379563,ggthemes
2017-08-26,326,379889,ggthemes
2017-08-27,260,380149,ggthemes
2017-08-28,565,380714,ggthemes
2017-08-29,667,381381,ggthemes
2017-08-30,712,382093,ggthemes
2017-08-31,1038,383131,ggthemes
2017-09-01,563,383694,ggthemes
2017-09-02,387,384081,ggthemes
2017-09-03,333,384414,ggthemes
2017-09-04,511,384925,ggthemes
2017-09-05,803,385728,ggthemes
2017-09-06,1091,386819,ggthemes
2017-09-07,4362,391181,ggthemes
2017-09-08,767,391948,ggthemes
2017-09-09,364,392312,ggthemes
2017-09-10,370,392682,ggthemes
2017-09-11,782,393464,ggthemes
2017-09-12,1011,394475,ggthemes
2017-09-13,951,395426,ggthemes
2017-09-14,898,396324,ggthemes
2017-09-15,733,397057,ggthemes
2017-09-16,366,397423,ggthemes
2017-09-17,439,397862,ggthemes
2017-09-18,852,398714,ggthemes
2017-09-19,857,399571,ggthemes
2017-09-20,1129,400700,ggthemes
2017-09-21,808,401508,ggthemes
2017-09-22,947,402455,ggthemes
2017-09-23,429,402884,ggthemes
2017-09-24,433,403317,ggthemes
2017-09-25,998,404315,ggthemes
2017-09-26,982,405297,ggthemes
2017-09-27,877,406174,ggthemes
2017-09-28,1001,407175,ggthemes
2017-09-29,708,407883,ggthemes
2017-09-30,433,408316,ggthemes
2017-10-01,500,408816,ggthemes
2017-10-02,994,409810,ggthemes
2017-10-03,937,410747,ggthemes
2017-10-04,1115,411862,ggthemes
2017-10-05,947,412809,ggthemes
2017-10-06,970,413779,ggthemes
2017-10-07,485,414264,ggthemes
2017-10-08,552,414816,ggthemes
2017-10-09,868,415684,ggthemes
2017-10-10,996,416680,ggthemes
2017-10-11,1130,417810,ggthemes
2017-10-12,1028,418838,ggthemes
2017-10-13,951,419789,ggthemes
2017-10-14,456,420245,ggthemes
2017-10-15,507,420752,ggthemes
2017-10-16,938,421690,ggthemes
2017-10-17,974,422664,ggthemes
2017-10-18,935,423599,ggthemes
2017-10-19,896,424495,ggthemes
2017-10-20,902,425397,ggthemes
2017-10-21,420,425817,ggthemes
2017-10-22,455,426272,ggthemes
2017-10-23,865,427137,ggthemes
2017-10-24,919,428056,ggthemes
2017-10-25,959,429015,ggthemes
2017-10-26,1095,430110,ggthemes
2017-10-27,879,430989,ggthemes
2017-10-28,420,431409,ggthemes
2017-10-29,442,431851,ggthemes
2017-10-30,778,432629,ggthemes
2017-10-31,856,433485,ggthemes
2017-11-01,883,434368,ggthemes
2017-11-02,803,435171,ggthemes
2017-11-03,743,435914,ggthemes
2017-11-04,443,436357,ggthemes
2017-11-05,395,436752,ggthemes
2017-11-06,806,437558,ggthemes
2017-11-07,923,438481,ggthemes
2017-11-08,889,439370,ggthemes
2017-11-09,929,440299,ggthemes
2017-11-10,865,441164,ggthemes
2017-11-11,432,441596,ggthemes
2017-11-12,452,442048,ggthemes
2017-11-13,932,442980,ggthemes
2017-11-14,1050,444030,ggthemes
2017-11-15,908,444938,ggthemes
2017-11-16,942,445880,ggthemes
2017-11-17,790,446670,ggthemes
2017-11-18,369,447039,ggthemes
2017-11-19,438,447477,ggthemes
2017-11-20,953,448430,ggthemes
2017-11-21,999,449429,ggthemes
2017-11-22,855,450284,ggthemes
2017-11-23,777,451061,ggthemes
2017-11-24,621,451682,ggthemes
2017-11-25,434,452116,ggthemes
2017-11-26,420,452536,ggthemes
2017-11-27,835,453371,ggthemes
2017-11-28,825,454196,ggthemes
2017-11-29,876,455072,ggthemes
2017-11-30,1017,456089,ggthemes
2017-12-01,726,456815,ggthemes
2017-12-02,3115,459930,ggthemes
2017-12-03,3358,463288,ggthemes
2017-12-04,3727,467015,ggthemes
2017-12-05,3716,470731,ggthemes
2017-12-06,1084,471815,ggthemes
2017-12-07,980,472795,ggthemes
2017-12-08,733,473528,ggthemes
2017-12-09,439,473967,ggthemes
2017-12-10,503,474470,ggthemes
2017-12-11,836,475306,ggthemes
2017-12-12,1009,476315,ggthemes
2017-12-13,786,477101,ggthemes
2017-12-14,890,477991,ggthemes
2017-12-15,693,478684,ggthemes
2017-12-16,364,479048,ggthemes
2017-12-17,414,479462,ggthemes
2017-12-18,687,480149,ggthemes
2017-12-19,700,480849,ggthemes
2017-12-20,627,481476,ggthemes
2017-12-21,603,482079,ggthemes
2017-12-22,508,482587,ggthemes
2017-12-23,286,482873,ggthemes
2017-12-24,207,483080,ggthemes
2017-12-25,239,483319,ggthemes
2017-12-26,330,483649,ggthemes
2017-12-27,401,484050,ggthemes
2017-12-28,367,484417,ggthemes
2017-12-29,396,484813,ggthemes
2017-12-30,259,485072,ggthemes
2017-12-31,194,485266,ggthemes
2018-01-01,176,485442,ggthemes
2018-01-02,494,485936,ggthemes
2018-01-03,591,486527,ggthemes
2018-01-04,547,487074,ggthemes
2018-01-05,592,487666,ggthemes
2018-01-06,413,488079,ggthemes
2018-01-07,331,488410,ggthemes
2018-01-08,600,489010,ggthemes
2018-01-09,623,489633,ggthemes
2018-01-10,796,490429,ggthemes
2018-01-11,677,491106,ggthemes
2018-01-12,637,491743,ggthemes
2018-01-13,353,492096,ggthemes
2018-01-14,329,492425,ggthemes
2018-01-15,553,492978,ggthemes
2018-01-16,807,493785,ggthemes
2018-01-17,750,494535,ggthemes
2018-01-18,908,495443,ggthemes
2018-01-19,755,496198,ggthemes
2018-01-20,364,496562,ggthemes
2018-01-21,368,496930,ggthemes
2018-01-22,681,497611,ggthemes
2018-01-23,1073,498684,ggthemes
2018-01-24,963,499647,ggthemes
2018-01-25,907,500554,ggthemes
2018-01-26,715,501269,ggthemes
2018-01-27,380,501649,ggthemes
2018-01-28,395,502044,ggthemes
2018-01-29,896,502940,ggthemes
2018-01-30,985,503925,ggthemes
2018-01-31,1049,504974,ggthemes
2018-02-01,868,505842,ggthemes
2018-02-02,716,506558,ggthemes
2018-02-03,479,507037,ggthemes
2018-02-04,472,507509,ggthemes
2018-02-05,949,508458,ggthemes
2018-02-06,896,509354,ggthemes
2018-02-07,858,510212,ggthemes
2018-02-08,983,511195,ggthemes
2018-02-09,871,512066,ggthemes
2018-02-10,467,512533,ggthemes
2018-02-11,461,512994,ggthemes
2018-02-12,783,513777,ggthemes
2018-02-13,951,514728,ggthemes
2018-02-14,956,515684,ggthemes
2018-02-15,861,516545,ggthemes
2018-02-16,942,517487,ggthemes
2018-02-17,404,517891,ggthemes
2018-02-18,464,518355,ggthemes
2018-02-19,790,519145,ggthemes
2018-02-20,1019,520164,ggthemes
2018-02-21,1040,521204,ggthemes
2018-02-22,1093,522297,ggthemes
2018-02-23,878,523175,ggthemes
2018-02-24,484,523659,ggthemes
2018-02-25,399,524058,ggthemes
2018-02-26,904,524962,ggthemes
2018-02-27,865,525827,ggthemes
2018-02-28,949,526776,ggthemes
2018-03-01,937,527713,ggthemes
2018-03-02,891,528604,ggthemes
2018-03-03,368,528972,ggthemes
2018-03-04,513,529485,ggthemes
2018-03-05,912,530397,ggthemes
2018-03-06,1012,531409,ggthemes
2018-03-07,886,532295,ggthemes
2018-03-08,910,533205,ggthemes
2018-03-09,879,534084,ggthemes
2018-03-10,505,534589,ggthemes
2018-03-11,459,535048,ggthemes
2018-03-12,1069,536117,ggthemes
2018-03-13,901,537018,ggthemes
2018-03-14,925,537943,ggthemes
2018-03-15,911,538854,ggthemes
2018-03-16,942,539796,ggthemes
2018-03-17,509,540305,ggthemes
2018-03-18,462,540767,ggthemes
2018-03-19,864,541631,ggthemes
2018-03-20,958,542589,ggthemes
2018-03-21,1056,543645,ggthemes
2018-03-22,1056,544701,ggthemes
2018-03-23,833,545534,ggthemes
2018-03-24,569,546103,ggthemes
2018-03-25,508,546611,ggthemes
2018-03-26,976,547587,ggthemes
2018-03-27,941,548528,ggthemes
2018-03-28,894,549422,ggthemes
2018-03-29,794,550216,ggthemes
2018-03-30,618,550834,ggthemes
2018-03-31,333,551167,ggthemes
2018-04-01,369,551536,ggthemes
2018-04-02,647,552183,ggthemes
2018-04-03,2649,554832,ggthemes
2018-04-04,1890,556722,ggthemes
2018-04-05,1572,558294,ggthemes
2018-04-06,1252,559546,ggthemes
2018-04-07,732,560278,ggthemes
2018-04-08,734,561012,ggthemes
2018-04-09,1510,562522,ggthemes
2018-04-10,1657,564179,ggthemes
2018-04-11,1362,565541,ggthemes
2018-04-12,1387,566928,ggthemes
2018-04-13,1200,568128,ggthemes
2018-04-14,623,568751,ggthemes
2018-04-15,746,569497,ggthemes
2018-04-16,1308,570805,ggthemes
2018-04-17,1383,572188,ggthemes
2018-04-18,1292,573480,ggthemes
2018-04-19,1341,574821,ggthemes
2018-04-20,1196,576017,ggthemes
2018-04-21,646,576663,ggthemes
2018-04-22,612,577275,ggthemes
2018-04-23,1284,578559,ggthemes
2018-04-24,1654,580213,ggthemes
2018-04-25,1729,581942,ggthemes
2018-04-26,1590,583532,ggthemes
2018-04-27,1858,585390,ggthemes
2018-04-28,1817,587207,ggthemes
2018-04-29,1865,589072,ggthemes
2018-04-30,1857,590929,ggthemes
2018-05-01,1395,592324,ggthemes
2018-05-02,1569,593893,ggthemes
2018-05-03,1469,595362,ggthemes
2018-05-04,1190,596552,ggthemes
2018-05-05,705,597257,ggthemes
2018-05-06,615,597872,ggthemes
2018-05-07,2931,600803,ggthemes
2018-05-08,1894,602697,ggthemes
2018-05-09,1849,604546,ggthemes
2018-05-10,1397,605943,ggthemes
2018-05-11,1383,607326,ggthemes
2018-05-12,805,608131,ggthemes
2018-05-13,755,608886,ggthemes
2018-05-14,1580,610466,ggthemes
2018-05-15,1647,612113,ggthemes
2018-05-16,1590,613703,ggthemes
2018-05-17,1297,615000,ggthemes
2018-05-18,1257,616257,ggthemes
2018-05-19,816,617073,ggthemes
2018-05-20,673,617746,ggthemes
2018-05-21,1224,618970,ggthemes
2018-05-22,1407,620377,ggthemes
2018-05-23,1357,621734,ggthemes
2018-05-24,1383,623117,ggthemes
2018-05-25,1287,624404,ggthemes
2018-05-26,712,625116,ggthemes
2018-05-27,635,625751,ggthemes
2018-05-28,1195,626946,ggthemes
2018-05-29,1655,628601,ggthemes
2018-05-30,2721,631322,ggthemes
2018-05-31,1795,633117,ggthemes
2018-06-01,1129,634246,ggthemes
2018-06-02,573,634819,ggthemes
2018-06-03,632,635451,ggthemes
2018-06-04,1254,636705,ggthemes
2018-06-05,1338,638043,ggthemes
2018-06-06,1270,639313,ggthemes
2018-06-07,1476,640789,ggthemes
2018-06-08,1159,641948,ggthemes
2018-06-09,641,642589,ggthemes
2018-06-10,579,643168,ggthemes
2018-06-11,1391,644559,ggthemes
2018-06-12,1403,645962,ggthemes
2018-06-13,1124,647086,ggthemes
2018-06-14,1128,648214,ggthemes
2018-06-15,1004,649218,ggthemes
2018-06-16,464,649682,ggthemes
2018-06-17,462,650144,ggthemes
2018-06-18,1169,651313,ggthemes
2018-06-19,1067,652380,ggthemes
2018-06-20,1178,653558,ggthemes
2018-06-21,1276,654834,ggthemes
2018-06-22,1004,655838,ggthemes
2018-06-23,530,656368,ggthemes
2018-06-24,510,656878,ggthemes
2018-06-25,1060,657938,ggthemes
2018-06-26,1312,659250,ggthemes
2018-06-27,1093,660343,ggthemes
2018-06-28,1147,661490,ggthemes
2018-06-29,987,662477,ggthemes
2018-06-30,471,662948,ggthemes
2018-07-01,446,663394,ggthemes
2018-07-02,1060,664454,ggthemes
2018-07-03,1217,665671,ggthemes
2018-07-04,1093,666764,ggthemes
2018-07-05,1428,668192,ggthemes
2018-07-06,1219,669411,ggthemes
2018-07-07,734,670145,ggthemes
2018-07-08,674,670819,ggthemes
2018-07-09,1357,672176,ggthemes
2018-07-10,1295,673471,ggthemes
2018-07-11,1152,674623,ggthemes
2018-07-12,1002,675625,ggthemes
2018-07-13,927,676552,ggthemes
2018-07-14,575,677127,ggthemes
2018-07-15,501,677628,ggthemes
2018-07-16,1122,678750,ggthemes
2018-07-17,1098,679848,ggthemes
2018-07-18,1161,681009,ggthemes
2018-07-19,3160,684169,ggthemes
2018-07-20,2689,686858,ggthemes
2018-07-21,692,687550,ggthemes
2018-07-22,664,688214,ggthemes
2018-07-23,1576,689790,ggthemes
2018-07-24,1477,691267,ggthemes
2018-07-25,1368,692635,ggthemes
2018-07-26,1274,693909,ggthemes
2018-07-27,1079,694988,ggthemes
2018-07-28,637,695625,ggthemes
2018-07-29,589,696214,ggthemes
2018-07-30,1189,697403,ggthemes
2018-07-31,1233,698636,ggthemes
2018-08-01,1152,699788,ggthemes
2018-08-02,1145,700933,ggthemes
2018-08-03,984,701917,ggthemes
2018-08-04,534,702451,ggthemes
2018-08-05,561,703012,ggthemes
2018-08-06,1117,704129,ggthemes
2018-08-07,1173,705302,ggthemes
2018-08-08,1243,706545,ggthemes
2018-08-09,1083,707628,ggthemes
2018-08-10,1015,708643,ggthemes
2018-08-11,504,709147,ggthemes
2018-08-12,464,709611,ggthemes
2018-08-13,993,710604,ggthemes
2018-08-14,1224,711828,ggthemes
2018-08-15,1135,712963,ggthemes
2018-08-16,1100,714063,ggthemes
2018-08-17,1039,715102,ggthemes
2018-08-18,484,715586,ggthemes
2018-08-19,465,716051,ggthemes
2018-08-20,980,717031,ggthemes
2018-08-21,1153,718184,ggthemes
2018-08-22,1500,719684,ggthemes
2018-08-23,1198,720882,ggthemes
2018-08-24,1341,722223,ggthemes
2018-08-25,905,723128,ggthemes
2018-08-26,750,723878,ggthemes
2018-08-27,1682,725560,ggthemes
2018-08-28,1612,727172,ggthemes
2018-08-29,1424,728596,ggthemes
2018-08-30,1680,730276,ggthemes
2018-08-31,1311,731587,ggthemes
2018-09-01,577,732164,ggthemes
2018-09-02,586,732750,ggthemes
2018-09-03,1125,733875,ggthemes
2018-09-04,1615,735490,ggthemes
2018-09-05,1302,736792,ggthemes
2018-09-06,1420,738212,ggthemes
2018-09-07,1182,739394,ggthemes
2018-09-08,616,740010,ggthemes
2018-09-09,541,740551,ggthemes
2018-09-10,1368,741919,ggthemes
2018-09-11,1496,743415,ggthemes
2018-09-12,1702,745117,ggthemes
2018-09-13,1544,746661,ggthemes
2018-09-14,1505,748166,ggthemes
2018-09-15,625,748791,ggthemes
2018-09-16,733,749524,ggthemes
2018-09-17,1656,751180,ggthemes
2018-09-18,1678,752858,ggthemes
2018-09-19,1630,754488,ggthemes
2018-09-20,1700,756188,ggthemes
2018-09-21,1264,757452,ggthemes
2018-09-22,624,758076,ggthemes
2018-09-23,598,758674,ggthemes
2018-09-24,1409,760083,ggthemes
2018-09-25,1688,761771,ggthemes
2018-09-26,1553,763324,ggthemes
2018-09-27,1689,765013,ggthemes
2018-09-28,1393,766406,ggthemes
2018-09-29,751,767157,ggthemes
2018-09-30,647,767804,ggthemes
2018-10-01,1529,769333,ggthemes
2018-10-02,1645,770978,ggthemes
2018-10-03,1604,772582,ggthemes
2018-10-04,1690,774272,ggthemes
2018-10-05,1561,775833,ggthemes
2018-10-06,914,776747,ggthemes
2018-10-07,886,777633,ggthemes
2018-10-08,1893,779526,ggthemes
2018-10-09,2030,781556,ggthemes
2018-10-10,1915,783471,ggthemes
2018-10-11,2054,785525,ggthemes
2018-10-12,1539,787064,ggthemes
2018-10-13,941,788005,ggthemes
2018-10-14,675,788680,ggthemes
2018-10-15,1430,790110,ggthemes
2018-10-16,1613,791723,ggthemes
2018-10-17,1620,793343,ggthemes
2018-10-18,1517,794860,ggthemes
2018-10-19,1244,796104,ggthemes
2018-10-20,628,796732,ggthemes
2018-10-21,658,797390,ggthemes
2018-10-22,1632,799022,ggthemes
2018-10-23,1885,800907,ggthemes
2018-10-24,1816,802723,ggthemes
2018-10-25,1700,804423,ggthemes
2018-10-26,1968,806391,ggthemes
2018-10-27,738,807129,ggthemes
2018-10-28,815,807944,ggthemes
2018-10-29,1647,809591,ggthemes
2018-10-30,1727,811318,ggthemes
2018-10-31,1564,812882,ggthemes
2018-11-01,1424,814306,ggthemes
2018-11-02,1197,815503,ggthemes
2018-11-03,798,816301,ggthemes
2018-11-04,846,817147,ggthemes
2018-11-05,1426,818573,ggthemes
2018-11-06,1590,820163,ggthemes
2018-11-07,1588,821751,ggthemes
2018-11-08,1515,823266,ggthemes
2018-11-09,1571,824837,ggthemes
2018-11-10,819,825656,ggthemes
2018-11-11,856,826512,ggthemes
2018-11-12,1560,828072,ggthemes
2018-11-13,1702,829774,ggthemes
2018-11-14,1654,831428,ggthemes
2018-11-15,1560,832988,ggthemes
2018-11-16,1354,834342,ggthemes
2018-11-17,718,835060,ggthemes
2018-11-18,644,835704,ggthemes
2018-11-19,1487,837191,ggthemes
2018-11-20,1500,838691,ggthemes
2018-11-21,1595,840286,ggthemes
2018-11-22,1419,841705,ggthemes
2018-11-23,1139,842844,ggthemes
2018-11-24,596,843440,ggthemes
2018-11-25,736,844176,ggthemes
2018-11-26,1480,845656,ggthemes
2018-11-27,1719,847375,ggthemes
2018-11-28,1685,849060,ggthemes
2018-11-29,1666,850726,ggthemes
2018-11-30,1366,852092,ggthemes
2018-12-01,742,852834,ggthemes
2018-12-02,720,853554,ggthemes
2018-12-03,1708,855262,ggthemes
2018-12-04,1570,856832,ggthemes
2018-12-05,1567,858399,ggthemes
2018-12-06,1501,859900,ggthemes
2018-12-07,1250,861150,ggthemes
2018-12-08,631,861781,ggthemes
2018-12-09,682,862463,ggthemes
2018-12-10,1330,863793,ggthemes
2018-12-11,1411,865204,ggthemes
2018-12-12,1638,866842,ggthemes
2018-12-13,1326,868168,ggthemes
2018-12-14,1117,869285,ggthemes
2018-12-15,571,869856,ggthemes
2018-12-16,571,870427,ggthemes
2018-12-17,1325,871752,ggthemes
2018-12-18,1297,873049,ggthemes
2018-12-19,1222,874271,ggthemes
2018-12-20,1008,875279,ggthemes
2018-12-21,957,876236,ggthemes
2018-12-22,437,876673,ggthemes
2018-12-23,485,877158,ggthemes
2018-12-24,548,877706,ggthemes
2018-12-25,422,878128,ggthemes
2018-12-26,603,878731,ggthemes
2018-12-27,750,879481,ggthemes
2018-12-28,591,880072,ggthemes
2018-12-29,484,880556,ggthemes
2018-12-30,419,880975,ggthemes
2018-12-31,489,881464,ggthemes
2019-01-01,354,881818,ggthemes
2019-01-02,944,882762,ggthemes
2019-01-03,1016,883778,ggthemes
2019-01-04,962,884740,ggthemes
2019-01-05,538,885278,ggthemes
2019-01-06,515,885793,ggthemes
2019-01-07,1136,886929,ggthemes
2019-01-08,1507,888436,ggthemes
2019-01-09,1239,889675,ggthemes
2019-01-10,1173,890848,ggthemes
2019-01-11,1065,891913,ggthemes
2019-01-12,567,892480,ggthemes
2019-01-13,560,893040,ggthemes
2019-01-14,1236,894276,ggthemes
2019-01-15,1231,895507,ggthemes
2019-01-16,1298,896805,ggthemes
2019-01-17,1329,898134,ggthemes
2019-01-18,1260,899394,ggthemes
2019-01-19,652,900046,ggthemes
2019-01-20,578,900624,ggthemes
2019-01-21,1134,901758,ggthemes
2019-01-22,1370,903128,ggthemes
2019-01-23,1456,904584,ggthemes
2019-01-24,1608,906192,ggthemes
2019-01-25,2007,908199,ggthemes
2019-01-26,1216,909415,ggthemes
2019-01-27,1236,910651,ggthemes
2019-01-28,1861,912512,ggthemes
2019-01-29,1390,913902,ggthemes
2019-01-30,1345,915247,ggthemes
2019-01-31,1281,916528,ggthemes
2019-02-01,1301,917829,ggthemes
2019-02-02,779,918608,ggthemes
2019-02-03,739,919347,ggthemes
2019-02-04,1418,920765,ggthemes
2019-02-05,1561,922326,ggthemes
2019-02-06,1410,923736,ggthemes
2019-02-07,1635,925371,ggthemes
2019-02-08,1275,926646,ggthemes
2019-02-09,577,927223,ggthemes
2019-02-10,724,927947,ggthemes
2019-02-11,1460,929407,ggthemes
2019-02-12,1638,931045,ggthemes
2019-02-13,1647,932692,ggthemes
2019-02-14,1503,934195,ggthemes
2019-02-15,1270,935465,ggthemes
2019-02-16,742,936207,ggthemes
2019-02-17,838,937045,ggthemes
2019-02-18,1492,938537,ggthemes
2019-02-19,3097,941634,ggthemes
2019-02-20,3205,944839,ggthemes
2019-02-21,2925,947764,ggthemes
2019-02-22,2448,950212,ggthemes
2019-02-23,1228,951440,ggthemes
2019-02-24,1160,952600,ggthemes
2019-02-25,2512,955112,ggthemes
2019-02-26,2614,957726,ggthemes
2019-02-27,2247,959973,ggthemes
2019-02-28,1992,961965,ggthemes
2019-03-01,1707,963672,ggthemes
2019-03-02,894,964566,ggthemes
2019-03-03,1014,965580,ggthemes
2019-03-04,1974,967554,ggthemes
2019-03-05,1977,969531,ggthemes
2019-03-06,2022,971553,ggthemes
2019-03-07,2187,973740,ggthemes
2019-03-08,1918,975658,ggthemes
2019-03-09,948,976606,ggthemes
2019-03-10,899,977505,ggthemes
2019-03-11,1965,979470,ggthemes
2019-03-12,2474,981944,ggthemes
2019-03-13,2224,984168,ggthemes
2019-03-14,1930,986098,ggthemes
2019-03-15,1811,987909,ggthemes
2019-03-16,1002,988911,ggthemes
2019-03-17,1002,989913,ggthemes
2019-03-18,1991,991904,ggthemes
2019-03-19,1839,993743,ggthemes
2019-03-20,2282,996025,ggthemes
2019-03-21,1696,997721,ggthemes
2019-03-22,1739,999460,ggthemes
2019-03-23,968,1000428,ggthemes
2019-03-24,1059,1001487,ggthemes
2019-03-25,2174,1003661,ggthemes
2019-03-26,2152,1005813,ggthemes
2019-03-27,2107,1007920,ggthemes
2019-03-28,1900,1009820,ggthemes
2019-03-29,1513,1011333,ggthemes
2019-03-30,742,1012075,ggthemes
2019-03-31,779,1012854,ggthemes
2019-04-01,1649,1014503,ggthemes
2019-04-02,1790,1016293,ggthemes
2019-04-03,2079,1018372,ggthemes
2019-04-04,1902,1020274,ggthemes
2019-04-05,1834,1022108,ggthemes
2019-04-06,1396,1023504,ggthemes
2019-04-07,1293,1024797,ggthemes
2019-04-08,1942,1026739,ggthemes
2019-04-09,3347,1030086,ggthemes
2019-04-10,4601,1034687,ggthemes
2019-04-11,2938,1037625,ggthemes
2019-04-12,2468,1040093,ggthemes
2019-04-13,1354,1041447,ggthemes
2019-04-14,1271,1042718,ggthemes
2019-04-15,2326,1045044,ggthemes
2019-04-16,2515,1047559,ggthemes
2019-04-17,2776,1050335,ggthemes
2019-04-18,2615,1052950,ggthemes
2019-04-19,1796,1054746,ggthemes
2019-04-20,1184,1055930,ggthemes
2019-04-21,1086,1057016,ggthemes
2019-04-22,1814,1058830,ggthemes
2019-04-23,2230,1061060,ggthemes
2019-04-24,2067,1063127,ggthemes
2019-04-25,2329,1065456,ggthemes
2019-04-26,2054,1067510,ggthemes
2019-04-27,1334,1068844,ggthemes
2019-04-28,1172,1070016,ggthemes
2019-04-29,2313,1072329,ggthemes
2019-04-30,2458,1074787,ggthemes
2019-05-01,2048,1076835,ggthemes
2019-05-02,2268,1079103,ggthemes
2019-05-03,2170,1081273,ggthemes
2019-05-04,1156,1082429,ggthemes
2019-05-05,1112,1083541,ggthemes
2019-05-06,2326,1085867,ggthemes
2019-05-07,2357,1088224,ggthemes
2019-05-08,2121,1090345,ggthemes
2019-05-09,2328,1092673,ggthemes
2019-05-10,1930,1094603,ggthemes
2019-05-11,992,1095595,ggthemes
2019-05-12,1084,1096679,ggthemes
2019-05-13,3181,1099860,ggthemes
2019-05-14,3455,1103315,ggthemes
2019-05-15,2979,1106294,ggthemes
2019-05-16,2785,1109079,ggthemes
2019-05-17,2248,1111327,ggthemes
2019-05-18,1228,1112555,ggthemes
2019-05-19,1189,1113744,ggthemes
2019-05-20,2293,1116037,ggthemes
2019-05-21,2426,1118463,ggthemes
2019-05-22,2644,1121107,ggthemes
2019-05-23,2338,1123445,ggthemes
2019-05-24,2052,1125497,ggthemes
2019-05-25,1084,1126581,ggthemes
2019-05-26,925,1127506,ggthemes
2019-05-27,1826,1129332,ggthemes
2019-05-28,2128,1131460,ggthemes
2019-05-29,2208,1133668,ggthemes
2019-05-30,2139,1135807,ggthemes
2019-05-31,1877,1137684,ggthemes
2019-06-01,887,1138571,ggthemes
2019-06-02,883,1139454,ggthemes
2019-06-03,2121,1141575,ggthemes
2019-06-04,2389,1143964,ggthemes
2019-06-05,2159,1146123,ggthemes
2019-06-06,2122,1148245,ggthemes
2019-06-07,1977,1150222,ggthemes
2019-06-08,955,1151177,ggthemes
2019-06-09,928,1152105,ggthemes
2019-06-10,2130,1154235,ggthemes
2019-06-11,2300,1156535,ggthemes
2019-06-12,2207,1158742,ggthemes
2019-06-13,2281,1161023,ggthemes
2019-06-14,1825,1162848,ggthemes
2019-06-15,1059,1163907,ggthemes
2019-06-16,1051,1164958,ggthemes
2019-06-17,2383,1167341,ggthemes
2019-06-18,2416,1169757,ggthemes
2019-06-19,2143,1171900,ggthemes
2019-06-20,1701,1173601,ggthemes
2019-06-21,1605,1175206,ggthemes
2019-06-22,1141,1176347,ggthemes
2019-06-23,974,1177321,ggthemes
2019-06-24,1864,1179185,ggthemes
2019-06-25,1943,1181128,ggthemes
2019-06-26,1822,1182950,ggthemes
2019-06-27,1646,1184596,ggthemes
2019-06-28,1786,1186382,ggthemes
2019-06-29,794,1187176,ggthemes
2019-06-30,901,1188077,ggthemes
2019-07-01,1762,1189839,ggthemes
2019-07-02,2024,1191863,ggthemes
2019-07-03,1964,1193827,ggthemes
2019-07-04,1608,1195435,ggthemes
2019-07-05,1508,1196943,ggthemes
2019-07-06,772,1197715,ggthemes
2019-07-07,894,1198609,ggthemes
2019-07-08,2050,1200659,ggthemes
2019-07-09,2349,1203008,ggthemes
2019-07-10,2080,1205088,ggthemes
2019-07-11,2015,1207103,ggthemes
2019-07-12,1940,1209043,ggthemes
2019-07-13,772,1209815,ggthemes
2019-07-14,835,1210650,ggthemes
2019-07-15,1936,1212586,ggthemes
2019-07-16,1943,1214529,ggthemes
2019-07-17,2254,1216783,ggthemes
2019-07-18,2045,1218828,ggthemes
2019-07-19,1784,1220612,ggthemes
2019-07-20,921,1221533,ggthemes
2019-07-21,957,1222490,ggthemes
2019-07-22,2143,1224633,ggthemes
2019-07-23,2173,1226806,ggthemes
2019-07-24,2027,1228833,ggthemes
2019-07-25,2015,1230848,ggthemes
2019-07-26,1855,1232703,ggthemes
2019-07-27,1144,1233847,ggthemes
2019-07-28,1163,1235010,ggthemes
2019-07-29,2120,1237130,ggthemes
2019-07-30,2167,1239297,ggthemes
2019-07-31,2115,1241412,ggthemes
2019-08-01,2234,1243646,ggthemes
2019-08-02,2041,1245687,ggthemes
2019-08-03,1078,1246765,ggthemes
2019-08-04,876,1247641,ggthemes
2019-08-05,2290,1249931,ggthemes
2019-08-06,2284,1252215,ggthemes
2019-08-07,2264,1254479,ggthemes
2019-08-08,2144,1256623,ggthemes
2019-08-09,1915,1258538,ggthemes
2019-08-10,1119,1259657,ggthemes
2019-08-11,1015,1260672,ggthemes
2019-08-12,1955,1262627,ggthemes
2019-08-13,2176,1264803,ggthemes
2019-08-14,1893,1266696,ggthemes
2019-08-15,1749,1268445,ggthemes
2019-08-16,1942,1270387,ggthemes
2019-08-17,929,1271316,ggthemes
2019-08-18,937,1272253,ggthemes
2019-08-19,1890,1274143,ggthemes
2019-08-20,2076,1276219,ggthemes
2019-08-21,2131,1278350,ggthemes
2019-08-22,2045,1280395,ggthemes
2019-08-23,1885,1282280,ggthemes
2019-08-24,1390,1283670,ggthemes
2019-08-25,1246,1284916,ggthemes
2019-08-26,2575,1287491,ggthemes
2019-08-27,2611,1290102,ggthemes
2019-08-28,3003,1293105,ggthemes
2019-08-29,2634,1295739,ggthemes
2019-08-30,2497,1298236,ggthemes
2019-08-31,1290,1299526,ggthemes
2019-09-01,1351,1300877,ggthemes
2019-09-02,1868,1302745,ggthemes
2019-09-03,2989,1305734,ggthemes
2019-09-04,3153,1308887,ggthemes
2019-09-05,3053,1311940,ggthemes
2019-09-06,2429,1314369,ggthemes
2019-09-07,1609,1315978,ggthemes
2019-09-08,1542,1317520,ggthemes
2019-09-09,2695,1320215,ggthemes
2019-09-10,2613,1322828,ggthemes
2019-09-11,3012,1325840,ggthemes
2019-09-12,3151,1328991,ggthemes
2019-09-13,2566,1331557,ggthemes
2019-09-14,1168,1332725,ggthemes
2019-09-15,1033,1333758,ggthemes
2019-09-16,2408,1336166,ggthemes
2019-09-17,2686,1338852,ggthemes
2019-09-18,2775,1341627,ggthemes
2019-09-19,2772,1344399,ggthemes
2019-09-20,2270,1346669,ggthemes
2019-09-21,1084,1347753,ggthemes
2019-09-22,1154,1348907,ggthemes
2019-09-23,2737,1351644,ggthemes
2019-09-24,2539,1354183,ggthemes
2019-09-25,2506,1356689,ggthemes
2019-09-26,2677,1359366,ggthemes
2019-09-27,2229,1361595,ggthemes
2019-09-28,1232,1362827,ggthemes
2019-09-29,1237,1364064,ggthemes
2019-09-30,2359,1366423,ggthemes
2019-10-01,2346,1368769,ggthemes
2019-10-02,2192,1370961,ggthemes
2019-10-03,2270,1373231,ggthemes
2019-10-04,2034,1375265,ggthemes
2019-10-05,1089,1376354,ggthemes
2019-10-06,1211,1377565,ggthemes
2019-10-07,2175,1379740,ggthemes
2019-10-08,2428,1382168,ggthemes
2019-10-09,2627,1384795,ggthemes
2019-10-10,2490,1387285,ggthemes
2019-10-11,2267,1389552,ggthemes
2019-10-12,1085,1390637,ggthemes
2019-10-13,1221,1391858,ggthemes
2019-10-14,2181,1394039,ggthemes
2019-10-15,2505,1396544,ggthemes
2019-10-16,2655,1399199,ggthemes
2019-10-17,2399,1401598,ggthemes
2019-10-18,2111,1403709,ggthemes
2019-10-19,1223,1404932,ggthemes
2019-10-20,1168,1406100,ggthemes
2019-10-21,2452,1408552,ggthemes
2019-10-22,2652,1411204,ggthemes
2019-10-23,2505,1413709,ggthemes
2019-10-24,2445,1416154,ggthemes
2019-10-25,2018,1418172,ggthemes
2019-10-26,935,1419107,ggthemes
2019-10-27,1123,1420230,ggthemes
2019-10-28,2773,1423003,ggthemes
2019-10-29,3797,1426800,ggthemes
2019-10-30,3904,1430704,ggthemes
2019-10-31,4095,1434799,ggthemes
2019-11-01,3101,1437900,ggthemes
2019-11-02,2487,1440387,ggthemes
2019-11-03,2580,1442967,ggthemes
2019-11-04,3791,1446758,ggthemes
2019-11-05,3157,1449915,ggthemes
2019-11-06,2172,1452087,ggthemes
2019-11-07,2607,1454694,ggthemes
2019-11-08,2251,1456945,ggthemes
2019-11-09,1173,1458118,ggthemes
2019-11-10,1096,1459214,ggthemes
2019-11-11,2112,1461326,ggthemes
2019-11-12,2345,1463671,ggthemes
2019-11-13,2381,1466052,ggthemes
2019-11-14,2574,1468626,ggthemes
2019-11-15,2159,1470785,ggthemes
2019-11-16,1303,1472088,ggthemes
2019-11-17,1198,1473286,ggthemes
2019-11-18,2266,1475552,ggthemes
2019-11-19,3095,1478647,ggthemes
2019-11-20,2775,1481422,ggthemes
2019-11-21,2296,1483718,ggthemes
2019-11-22,2062,1485780,ggthemes
2019-11-23,1103,1486883,ggthemes
2019-11-24,1019,1487902,ggthemes
2019-11-25,2194,1490096,ggthemes
2019-11-26,2330,1492426,ggthemes
2019-11-27,2364,1494790,ggthemes
2019-11-28,1974,1496764,ggthemes
2019-11-29,1575,1498339,ggthemes
2019-11-30,1071,1499410,ggthemes
2019-12-01,1172,1500582,ggthemes
2019-12-02,2244,1502826,ggthemes
2019-12-03,2495,1505321,ggthemes
2019-12-04,2604,1507925,ggthemes
2019-12-05,2206,1510131,ggthemes
2019-12-06,2055,1512186,ggthemes
2019-12-07,1092,1513278,ggthemes
2019-12-08,1031,1514309,ggthemes
2019-12-09,2377,1516686,ggthemes
2019-12-10,2203,1518889,ggthemes
2019-12-11,2546,1521435,ggthemes
2019-12-12,2551,1523986,ggthemes
2019-12-13,1902,1525888,ggthemes
2019-12-14,1153,1527041,ggthemes
2019-12-15,1201,1528242,ggthemes
2019-12-16,1992,1530234,ggthemes
2019-12-17,2047,1532281,ggthemes
2019-12-18,2190,1534471,ggthemes
2019-12-19,1845,1536316,ggthemes
2019-12-20,1590,1537906,ggthemes
2019-12-21,854,1538760,ggthemes
2019-12-22,779,1539539,ggthemes
2019-12-23,1076,1540615,ggthemes
2019-12-24,908,1541523,ggthemes
2019-12-25,657,1542180,ggthemes
2019-12-26,797,1542977,ggthemes
2019-12-27,861,1543838,ggthemes
2019-12-28,721,1544559,ggthemes
2019-12-29,748,1545307,ggthemes
2019-12-30,945,1546252,ggthemes
2019-12-31,758,1547010,ggthemes
2020-01-01,635,1547645,ggthemes
2020-01-02,1184,1548829,ggthemes
2020-01-03,1258,1550087,ggthemes
2020-01-04,760,1550847,ggthemes
2020-01-05,838,1551685,ggthemes
2020-01-06,1477,1553162,ggthemes
2020-01-07,1720,1554882,ggthemes
2020-01-08,1884,1556766,ggthemes
2020-01-09,1981,1558747,ggthemes
2020-01-10,1694,1560441,ggthemes
2020-01-11,955,1561396,ggthemes
2020-01-12,897,1562293,ggthemes
2020-01-13,1665,1563958,ggthemes
2020-01-14,1766,1565724,ggthemes
2020-01-15,1921,1567645,ggthemes
2020-01-16,1868,1569513,ggthemes
2020-01-17,1553,1571066,ggthemes
2020-01-18,900,1571966,ggthemes
2020-01-19,855,1572821,ggthemes
2020-01-20,1831,1574652,ggthemes
2020-01-21,2096,1576748,ggthemes
2020-01-22,1945,1578693,ggthemes
2020-01-23,1919,1580612,ggthemes
2020-01-24,1872,1582484,ggthemes
2020-01-25,1072,1583556,ggthemes
2020-01-26,1707,1585263,ggthemes
2020-01-27,2503,1587766,ggthemes
2020-01-28,2192,1589958,ggthemes
2020-01-29,2791,1592749,ggthemes
2020-01-30,2620,1595369,ggthemes
2020-01-31,2302,1597671,ggthemes
2020-02-01,1148,1598819,ggthemes
2020-02-02,1137,1599956,ggthemes
2020-02-03,2366,1602322,ggthemes
2020-02-04,3119,1605441,ggthemes
2020-02-05,2758,1608199,ggthemes
2020-02-06,2720,1610919,ggthemes
2020-02-07,2604,1613523,ggthemes
2020-02-08,1258,1614781,ggthemes
2020-02-09,1376,1616157,ggthemes
2020-02-10,2557,1618714,ggthemes
2020-02-11,2779,1621493,ggthemes
2020-02-12,2765,1624258,ggthemes
2020-02-13,2751,1627009,ggthemes
2020-02-14,2123,1629132,ggthemes
2020-02-15,1290,1630422,ggthemes
2020-02-16,1396,1631818,ggthemes
2020-02-17,2363,1634181,ggthemes
2020-02-18,3385,1637566,ggthemes
2020-02-19,3084,1640650,ggthemes
2020-02-20,3080,1643730,ggthemes
2020-02-21,2852,1646582,ggthemes
2020-02-22,1813,1648395,ggthemes
2020-02-23,1608,1650003,ggthemes
2020-02-24,2366,1652369,ggthemes
2020-02-25,2921,1655290,ggthemes
2020-02-26,3318,1658608,ggthemes
2020-02-27,2604,1661212,ggthemes
2020-02-28,2231,1663443,ggthemes
2020-02-29,376,1663819,ggthemes
2020-03-01,1185,1665004,ggthemes
2020-03-02,2479,1667483,ggthemes
2020-03-03,2879,1670362,ggthemes
2020-03-04,3513,1673875,ggthemes
2020-03-05,3124,1676999,ggthemes
2020-03-06,2418,1679417,ggthemes
2020-03-07,1516,1680933,ggthemes
2020-03-08,1370,1682303,ggthemes
2020-03-09,2645,1684948,ggthemes
2020-03-10,3026,1687974,ggthemes
2020-03-11,2455,1690429,ggthemes
2020-03-12,1905,1692334,ggthemes
2020-03-13,2206,1694540,ggthemes
2020-03-14,1343,1695883,ggthemes
2020-03-15,1753,1697636,ggthemes
2020-03-16,3171,1700807,ggthemes
2020-03-17,2568,1703375,ggthemes
2020-03-18,3154,1706529,ggthemes
2020-03-19,2688,1709217,ggthemes
2020-03-20,2221,1711438,ggthemes
2020-03-21,1710,1713148,ggthemes
2020-03-22,2421,1715569,ggthemes
2020-03-23,3447,1719016,ggthemes
2020-03-24,3045,1722061,ggthemes
2020-03-25,3381,1725442,ggthemes
2020-03-26,3125,1728567,ggthemes
2020-03-27,2974,1731541,ggthemes
2020-03-28,2036,1733577,ggthemes
2020-03-29,2497,1736074,ggthemes
2020-03-30,3487,1739561,ggthemes
2020-03-31,3469,1743030,ggthemes
2020-04-01,3629,1746659,ggthemes
2020-04-02,3321,1749980,ggthemes
2020-04-03,3426,1753406,ggthemes
2020-04-04,2236,1755642,ggthemes
2020-04-05,1855,1757497,ggthemes
2020-04-06,3094,1760591,ggthemes
2020-04-07,3115,1763706,ggthemes
2020-04-08,3430,1767136,ggthemes
2020-04-09,2906,1770042,ggthemes
2020-04-10,2231,1772273,ggthemes
2020-04-11,1480,1773753,ggthemes
2020-04-12,1419,1775172,ggthemes
2020-04-13,2315,1777487,ggthemes
2020-04-14,3107,1780594,ggthemes
2020-04-15,3025,1783619,ggthemes
2020-04-16,2718,1786337,ggthemes
2020-04-17,2169,1788506,ggthemes
2020-04-18,1557,1790063,ggthemes
2020-04-19,1700,1791763,ggthemes
2020-04-20,2256,1794019,ggthemes
2020-04-21,2522,1796541,ggthemes
2020-04-22,3102,1799643,ggthemes
2020-04-23,3386,1803029,ggthemes
2020-04-24,2637,1805666,ggthemes
2020-04-25,2073,1807739,ggthemes
2020-04-26,2376,1810115,ggthemes
2020-04-27,3286,1813401,ggthemes
2020-04-28,3500,1816901,ggthemes
2020-04-29,3964,1820865,ggthemes
2020-04-30,2872,1823737,ggthemes
2020-05-01,2674,1826411,ggthemes
2020-05-02,2179,1828590,ggthemes
2020-05-03,1995,1830585,ggthemes
2020-05-04,3085,1833670,ggthemes
2020-05-05,2897,1836567,ggthemes
2020-05-06,3035,1839602,ggthemes
2020-05-07,2758,1842360,ggthemes
2020-05-08,2333,1844693,ggthemes
2020-05-09,1704,1846397,ggthemes
2020-05-10,1709,1848106,ggthemes
2020-05-11,2859,1850965,ggthemes
2020-05-12,2810,1853775,ggthemes
2020-05-13,2974,1856749,ggthemes
2020-05-14,2883,1859632,ggthemes
2020-05-15,2736,1862368,ggthemes
2020-05-16,1870,1864238,ggthemes
2020-05-17,2049,1866287,ggthemes
2020-05-18,3106,1869393,ggthemes
2020-05-19,3102,1872495,ggthemes
2020-05-20,2847,1875342,ggthemes
2020-05-21,2288,1877630,ggthemes
2020-05-22,2186,1879816,ggthemes
2020-05-23,1666,1881482,ggthemes
2020-05-24,1668,1883150,ggthemes
2020-05-25,2191,1885341,ggthemes
2020-05-26,2702,1888043,ggthemes
2020-05-27,2731,1890774,ggthemes
2020-05-28,2309,1893083,ggthemes
2020-05-29,2256,1895339,ggthemes
2020-05-30,1486,1896825,ggthemes
2020-05-31,1444,1898269,ggthemes
2020-06-01,2081,1900350,ggthemes
2020-06-02,2382,1902732,ggthemes
2020-06-03,2603,1905335,ggthemes
2020-06-04,2373,1907708,ggthemes
2020-06-05,2142,1909850,ggthemes
2020-06-06,1407,1911257,ggthemes
2020-06-07,1495,1912752,ggthemes
2020-06-08,2163,1914915,ggthemes
2020-06-09,2316,1917231,ggthemes
2020-06-10,2272,1919503,ggthemes
2020-06-11,1915,1921418,ggthemes
2020-06-12,1761,1923179,ggthemes
2020-06-13,1064,1924243,ggthemes
2020-06-14,1199,1925442,ggthemes
2020-06-15,2035,1927477,ggthemes
2020-06-16,2151,1929628,ggthemes
2020-06-17,2350,1931978,ggthemes
2020-06-18,2691,1934669,ggthemes
2020-06-19,2193,1936862,ggthemes
2020-06-20,1386,1938248,ggthemes
2020-06-21,1584,1939832,ggthemes
2020-06-22,2499,1942331,ggthemes
2020-06-23,2387,1944718,ggthemes
2020-06-24,2163,1946881,ggthemes
2020-06-25,2100,1948981,ggthemes
2020-06-26,1991,1950972,ggthemes
2020-06-27,1297,1952269,ggthemes
2020-06-28,1486,1953755,ggthemes
2020-06-29,2183,1955938,ggthemes
2020-06-30,2468,1958406,ggthemes
2020-07-01,2397,1960803,ggthemes
2020-07-02,2682,1963485,ggthemes
2020-07-03,2158,1965643,ggthemes
2020-07-04,1204,1966847,ggthemes
2020-07-05,1480,1968327,ggthemes
2020-07-06,2458,1970785,ggthemes
2020-07-07,2335,1973120,ggthemes
2020-07-08,2322,1975442,ggthemes
2020-07-09,2082,1977524,ggthemes
2020-07-10,1899,1979423,ggthemes
2020-07-11,965,1980388,ggthemes
2020-07-12,1124,1981512,ggthemes
2020-07-13,1860,1983372,ggthemes
2020-07-14,2006,1985378,ggthemes
2020-07-15,2085,1987463,ggthemes
2020-07-16,1893,1989356,ggthemes
2020-07-17,1921,1991277,ggthemes
2020-07-18,1011,1992288,ggthemes
2020-07-19,1097,1993385,ggthemes
2020-07-20,2004,1995389,ggthemes
2020-07-21,2077,1997466,ggthemes
2020-07-22,1875,1999341,ggthemes
2020-07-23,2034,2001375,ggthemes
2020-07-24,1704,2003079,ggthemes
2020-07-25,1024,2004103,ggthemes
2020-07-26,1114,2005217,ggthemes
2020-07-27,2161,2007378,ggthemes
2020-07-28,2187,2009565,ggthemes
2020-07-29,1960,2011525,ggthemes
2020-07-30,2049,2013574,ggthemes
2020-07-31,1899,2015473,ggthemes
2020-08-01,1239,2016712,ggthemes
2020-08-02,1205,2017917,ggthemes
2020-08-03,2073,2019990,ggthemes
2020-08-04,1847,2021837,ggthemes
2020-08-05,2094,2023931,ggthemes
2020-08-06,2006,2025937,ggthemes
2020-08-07,1820,2027757,ggthemes
2020-08-08,1078,2028835,ggthemes
2020-08-09,1163,2029998,ggthemes
2020-08-10,1963,2031961,ggthemes
2020-08-11,2041,2034002,ggthemes
2020-08-12,2174,2036176,ggthemes
2020-08-13,2138,2038314,ggthemes
2020-08-14,1859,2040173,ggthemes
2020-08-15,1418,2041591,ggthemes
2020-08-16,1323,2042914,ggthemes
2020-08-17,3020,2045934,ggthemes
2020-08-18,4424,2050358,ggthemes
2020-08-19,4234,2054592,ggthemes
2020-08-20,2250,2056842,ggthemes
2020-08-21,1973,2058815,ggthemes
2020-08-22,1287,2060102,ggthemes
2020-08-23,1648,2061750,ggthemes
2020-08-24,2069,2063819,ggthemes
2020-08-25,2439,2066258,ggthemes
2020-08-26,2621,2068879,ggthemes
2020-08-27,2387,2071266,ggthemes
2020-08-28,2229,2073495,ggthemes
2020-08-29,1586,2075081,ggthemes
2020-08-30,1403,2076484,ggthemes
2020-08-31,2501,2078985,ggthemes
2020-09-01,2461,2081446,ggthemes
2020-09-02,2642,2084088,ggthemes
2020-09-03,3163,2087251,ggthemes
2020-09-04,2175,2089426,ggthemes
2020-09-05,1519,2090945,ggthemes
2020-09-06,1474,2092419,ggthemes
2020-09-07,2331,2094750,ggthemes
2020-09-08,2845,2097595,ggthemes
2020-09-09,3023,2100618,ggthemes
2020-09-10,2721,2103339,ggthemes
2020-09-11,2768,2106107,ggthemes
2020-09-12,1871,2107978,ggthemes
2020-09-13,1447,2109425,ggthemes
2020-09-14,2495,2111920,ggthemes
2020-09-15,2751,2114671,ggthemes
2020-09-16,3068,2117739,ggthemes
2020-09-17,4792,2122531,ggthemes
2020-09-18,6444,2128975,ggthemes
2020-09-19,1877,2130852,ggthemes
2020-09-20,1712,2132564,ggthemes
2020-09-21,2840,2135404,ggthemes
2020-09-22,3259,2138663,ggthemes
2020-09-23,2776,2141439,ggthemes
2020-09-24,2860,2144299,ggthemes
2020-09-25,2987,2147286,ggthemes
2020-09-26,1751,2149037,ggthemes
2020-09-27,1751,2150788,ggthemes
2020-09-28,2561,2153349,ggthemes
2020-09-29,2722,2156071,ggthemes
2020-09-30,2937,2159008,ggthemes
2020-10-01,3355,2162363,ggthemes
2020-10-02,3328,2165691,ggthemes
2020-10-03,1625,2167316,ggthemes
2020-10-04,1476,2168792,ggthemes
2020-10-05,2595,2171387,ggthemes
2020-10-06,3011,2174398,ggthemes
2020-10-07,2539,2176937,ggthemes
2020-10-08,2510,2179447,ggthemes
2020-10-09,2102,2181549,ggthemes
2020-10-10,1202,2182751,ggthemes
2020-10-11,1308,2184059,ggthemes
2020-10-12,2438,2186497,ggthemes
2020-10-13,2801,2189298,ggthemes
2020-10-14,2921,2192219,ggthemes
2020-10-15,2680,2194899,ggthemes
2020-10-16,2534,2197433,ggthemes
2020-10-17,1305,2198738,ggthemes
2020-10-18,1262,2200000,ggthemes
2020-10-19,2502,2202502,ggthemes
2020-10-20,2549,2205051,ggthemes
2020-10-21,2593,2207644,ggthemes
2020-10-22,2643,2210287,ggthemes
2020-10-23,2399,2212686,ggthemes
2020-10-24,1392,2214078,ggthemes
2020-10-25,1369,2215447,ggthemes
2020-10-26,2479,2217926,ggthemes
2020-10-27,2579,2220505,ggthemes
2020-10-28,2425,2222930,ggthemes
2020-10-29,2753,2225683,ggthemes
2020-10-30,2336,2228019,ggthemes
2020-10-31,1110,2229129,ggthemes
2020-11-01,1244,2230373,ggthemes
2020-11-02,2319,2232692,ggthemes
2020-11-03,2487,2235179,ggthemes
2020-11-04,2164,2237343,ggthemes
2020-11-05,2488,2239831,ggthemes
2020-11-06,2177,2242008,ggthemes
2020-11-07,1029,2243037,ggthemes
2020-11-08,1280,2244317,ggthemes
2020-11-09,2420,2246737,ggthemes
2020-11-10,2550,2249287,ggthemes
2020-11-11,2293,2251580,ggthemes
2020-11-12,2375,2253955,ggthemes
2020-11-13,2189,2256144,ggthemes
2020-11-14,1333,2257477,ggthemes
2020-11-15,1301,2258778,ggthemes
2020-11-16,2378,2261156,ggthemes
2020-11-17,2722,2263878,ggthemes
2020-11-18,2435,2266313,ggthemes
2020-11-19,2211,2268524,ggthemes
2020-11-20,2071,2270595,ggthemes
2020-11-21,1233,2271828,ggthemes
2020-11-22,1402,2273230,ggthemes
2020-11-23,2328,2275558,ggthemes
2020-11-24,2330,2277888,ggthemes
2020-11-25,1773,2279661,ggthemes
2020-11-26,1819,2281480,ggthemes
2020-11-27,1751,2283231,ggthemes
2020-11-28,1263,2284494,ggthemes
2020-11-29,1412,2285906,ggthemes
2020-11-30,2105,2288011,ggthemes
2020-12-01,2339,2290350,ggthemes
2020-12-02,2367,2292717,ggthemes
2020-12-03,2268,2294985,ggthemes
2020-12-04,2410,2297395,ggthemes
2020-12-05,1309,2298704,ggthemes
2020-12-06,1400,2300104,ggthemes
2020-12-07,2287,2302391,ggthemes
2020-12-08,2384,2304775,ggthemes
2020-12-09,2487,2307262,ggthemes
2020-12-10,2372,2309634,ggthemes
2020-12-11,2160,2311794,ggthemes
2020-12-12,1242,2313036,ggthemes
2020-12-13,1309,2314345,ggthemes
2020-12-14,2088,2316433,ggthemes
2020-12-15,2293,2318726,ggthemes
2020-12-16,2135,2320861,ggthemes
2020-12-17,2273,2323134,ggthemes
2020-12-18,1745,2324879,ggthemes
2020-12-19,1181,2326060,ggthemes
2020-12-20,1208,2327268,ggthemes
2020-12-21,1945,2329213,ggthemes
2020-12-22,1750,2330963,ggthemes
2020-12-23,1855,2332818,ggthemes
2020-12-24,1218,2334036,ggthemes
2020-12-25,978,2335014,ggthemes
2020-12-26,1033,2336047,ggthemes
2020-12-27,1028,2337075,ggthemes
2020-12-28,2358,2339433,ggthemes
2020-12-29,1554,2340987,ggthemes
2020-12-30,1388,2342375,ggthemes
2020-12-31,1026,2343401,ggthemes
2021-01-01,868,2344269,ggthemes
2021-01-02,1006,2345275,ggthemes
2021-01-03,1049,2346324,ggthemes
2021-01-04,2012,2348336,ggthemes
2021-01-05,2106,2350442,ggthemes
2021-01-06,2386,2352828,ggthemes
2021-01-07,2124,2354952,ggthemes
2021-01-08,1902,2356854,ggthemes
2021-01-09,1149,2358003,ggthemes
2021-01-10,1184,2359187,ggthemes
2021-01-11,2294,2361481,ggthemes
2021-01-12,2192,2363673,ggthemes
2021-01-13,2357,2366030,ggthemes
2021-01-14,2244,2368274,ggthemes
2021-01-15,2172,2370446,ggthemes
2021-01-16,1267,2371713,ggthemes
2021-01-17,1182,2372895,ggthemes
2021-01-18,2347,2375242,ggthemes
2021-01-19,2369,2377611,ggthemes
2021-01-20,2970,2380581,ggthemes
2021-01-21,4208,2384789,ggthemes
2021-01-22,3568,2388357,ggthemes
2021-01-23,2033,2390390,ggthemes
2021-01-24,1932,2392322,ggthemes
2021-01-25,3518,2395840,ggthemes
2021-01-26,3158,2398998,ggthemes
2021-01-27,3128,2402126,ggthemes
2021-01-28,3148,2405274,ggthemes
2021-01-29,2815,2408089,ggthemes
2021-01-30,1817,2409906,ggthemes
2021-01-31,1869,2411775,ggthemes
2021-02-01,3216,2414991,ggthemes
2021-02-02,3326,2418317,ggthemes
2021-02-03,3156,2421473,ggthemes
2021-02-04,2923,2424396,ggthemes
2021-02-05,2671,2427067,ggthemes
2021-02-06,1682,2428749,ggthemes
2021-02-07,1896,2430645,ggthemes
2021-02-08,2916,2433561,ggthemes
2021-02-09,2952,2436513,ggthemes
2021-02-10,2922,2439435,ggthemes
2021-02-11,2879,2442314,ggthemes
2021-02-12,2746,2445060,ggthemes
2021-02-13,1534,2446594,ggthemes
2021-02-14,1330,2447924,ggthemes
2021-02-15,2805,2450729,ggthemes
2021-02-16,2786,2453515,ggthemes
2021-02-17,2819,2456334,ggthemes
2021-02-18,2786,2459120,ggthemes
2021-02-19,2649,2461769,ggthemes
2021-02-20,1519,2463288,ggthemes
2021-02-21,1512,2464800,ggthemes
2021-02-22,2998,2467798,ggthemes
2021-02-23,3069,2470867,ggthemes
2021-02-24,3267,2474134,ggthemes
2021-02-25,3233,2477367,ggthemes
2021-02-26,2837,2480204,ggthemes
2021-02-27,1779,2481983,ggthemes
2021-02-28,1803,2483786,ggthemes
2021-03-01,3474,2487260,ggthemes
2021-03-02,3486,2490746,ggthemes
2021-03-03,3287,2494033,ggthemes
2021-03-04,3086,2497119,ggthemes
2021-03-05,2728,2499847,ggthemes
2021-03-06,1554,2501401,ggthemes
2021-03-07,1613,2503014,ggthemes
2021-03-08,2993,2506007,ggthemes
2021-03-09,3224,2509231,ggthemes
2021-03-10,3098,2512329,ggthemes
2021-03-11,3178,2515507,ggthemes
2021-03-12,2750,2518257,ggthemes
2021-03-13,1686,2519943,ggthemes
2021-03-14,1967,2521910,ggthemes
2021-03-15,3039,2524949,ggthemes
2021-03-16,3306,2528255,ggthemes
2021-03-17,3399,2531654,ggthemes
2021-03-18,2989,2534643,ggthemes
2021-03-19,2763,2537406,ggthemes
2021-03-20,1794,2539200,ggthemes
2021-03-21,1823,2541023,ggthemes
2021-03-22,3094,2544117,ggthemes
2021-03-23,2870,2546987,ggthemes
2021-03-24,3118,2550105,ggthemes
2021-03-25,3168,2553273,ggthemes
2021-03-26,2707,2555980,ggthemes
2021-03-27,1638,2557618,ggthemes
2021-03-28,1616,2559234,ggthemes
2021-03-29,2917,2562151,ggthemes
2021-03-30,2911,2565062,ggthemes
2021-03-31,2874,2567936,ggthemes
2021-04-01,2533,2570469,ggthemes
2021-04-02,2162,2572631,ggthemes
2021-04-03,1534,2574165,ggthemes
2021-04-04,1686,2575851,ggthemes
2021-04-05,2604,2578455,ggthemes
2021-04-06,3196,2581651,ggthemes
2021-04-07,2930,2584581,ggthemes
2021-04-08,3082,2587663,ggthemes
2021-04-09,2924,2590587,ggthemes
2021-04-10,1726,2592313,ggthemes
2021-04-11,1812,2594125,ggthemes
2021-04-12,3434,2597559,ggthemes
2021-04-13,3103,2600662,ggthemes
2021-04-14,3152,2603814,ggthemes
2021-04-15,2805,2606619,ggthemes
2021-04-16,2689,2609308,ggthemes
2021-04-17,1508,2610816,ggthemes
2021-04-18,1637,2612453,ggthemes
2021-04-19,2462,2614915,ggthemes
2021-04-20,2788,2617703,ggthemes
2021-04-21,2641,2620344,ggthemes
2021-04-22,2858,2623202,ggthemes
2021-04-23,2540,2625742,ggthemes
2021-04-24,1636,2627378,ggthemes
2021-04-25,1638,2629016,ggthemes
2021-04-26,2787,2631803,ggthemes
2021-04-27,2852,2634655,ggthemes
2021-04-28,2808,2637463,ggthemes
2021-04-29,2830,2640293,ggthemes
2021-04-30,2328,2642621,ggthemes
2021-05-01,1550,2644171,ggthemes
2021-05-02,1523,2645694,ggthemes
2021-05-03,3039,2648733,ggthemes
2021-05-04,2856,2651589,ggthemes
2021-05-05,2947,2654536,ggthemes
2021-05-06,2724,2657260,ggthemes
2021-05-07,2444,2659704,ggthemes
2021-05-08,1569,2661273,ggthemes
2021-05-09,1676,2662949,ggthemes
2021-05-10,2991,2665940,ggthemes
2021-05-11,2858,2668798,ggthemes
2021-05-12,3067,2671865,ggthemes
2021-05-13,2451,2674316,ggthemes
2021-05-14,2483,2676799,ggthemes
2021-05-15,1571,2678370,ggthemes
2021-05-16,1554,2679924,ggthemes
2021-05-17,2729,2682653,ggthemes
2021-05-18,3435,2686088,ggthemes
2021-05-19,3062,2689150,ggthemes
2021-05-20,3003,2692153,ggthemes
2021-05-21,2656,2694809,ggthemes
2021-05-22,1635,2696444,ggthemes
2021-05-23,1663,2698107,ggthemes
2021-05-24,2474,2700581,ggthemes
2021-05-25,2992,2703573,ggthemes
2021-05-26,3025,2706598,ggthemes
2021-05-27,2842,2709440,ggthemes
2021-05-28,2883,2712323,ggthemes
2021-05-29,1524,2713847,ggthemes
2021-05-30,1595,2715442,ggthemes
2021-05-31,2471,2717913,ggthemes
2021-06-01,3053,2720966,ggthemes
2021-06-02,2911,2723877,ggthemes
2021-06-03,3057,2726934,ggthemes
2021-06-04,2440,2729374,ggthemes
2021-06-05,1641,2731015,ggthemes
2021-06-06,1655,2732670,ggthemes
2021-06-07,2848,2735518,ggthemes
2021-06-08,3166,2738684,ggthemes
2021-06-09,3136,2741820,ggthemes
2021-06-10,2850,2744670,ggthemes
2021-06-11,2305,2746975,ggthemes
2021-06-12,1521,2748496,ggthemes
2021-06-13,1607,2750103,ggthemes
2021-06-14,2896,2752999,ggthemes
2021-06-15,2851,2755850,ggthemes
2021-06-16,2766,2758616,ggthemes
2021-06-17,2815,2761431,ggthemes
2021-06-18,2242,2763673,ggthemes
2021-06-19,1487,2765160,ggthemes
2021-06-20,1603,2766763,ggthemes
2021-06-21,2599,2769362,ggthemes
2021-06-22,3085,2772447,ggthemes
2021-06-23,2931,2775378,ggthemes
2021-06-24,2909,2778287,ggthemes
2021-06-25,2395,2780682,ggthemes
2021-06-26,1625,2782307,ggthemes
2021-06-27,1608,2783915,ggthemes
2021-06-28,2793,2786708,ggthemes
2021-06-29,2783,2789491,ggthemes
2021-06-30,2606,2792097,ggthemes
2021-07-01,2465,2794562,ggthemes
2021-07-02,2158,2796720,ggthemes
2021-07-03,1395,2798115,ggthemes
2021-07-04,1502,2799617,ggthemes
2021-07-05,2378,2801995,ggthemes
2021-07-06,2583,2804578,ggthemes
2021-07-07,2958,2807536,ggthemes
2021-07-08,2806,2810342,ggthemes
2021-07-09,2287,2812629,ggthemes
2021-07-10,1452,2814081,ggthemes
2021-07-11,1364,2815445,ggthemes
2021-07-12,2727,2818172,ggthemes
2021-07-13,2724,2820896,ggthemes
2021-07-14,2807,2823703,ggthemes
2021-07-15,2470,2826173,ggthemes
2021-07-16,2109,2828282,ggthemes
2021-07-17,1517,2829799,ggthemes
2021-07-18,1321,2831120,ggthemes
2021-07-19,2347,2833467,ggthemes
2021-07-20,2626,2836093,ggthemes
2021-07-21,2539,2838632,ggthemes
2021-07-22,2500,2841132,ggthemes
2021-07-23,2176,2843308,ggthemes
2021-07-24,1336,2844644,ggthemes
2021-07-25,1342,2845986,ggthemes
2021-07-26,2274,2848260,ggthemes
2021-07-27,2476,2850736,ggthemes
2021-07-28,2571,2853307,ggthemes
2021-07-29,2152,2855459,ggthemes
2021-07-30,2151,2857610,ggthemes
2021-07-31,1231,2858841,ggthemes
2021-08-01,1299,2860140,ggthemes
2021-08-02,2029,2862169,ggthemes
2021-08-03,2350,2864519,ggthemes
2021-08-04,2451,2866970,ggthemes
2021-08-05,2394,2869364,ggthemes
2021-08-06,2032,2871396,ggthemes
2021-08-07,1234,2872630,ggthemes
2021-08-08,1374,2874004,ggthemes
2021-08-09,2539,2876543,ggthemes
2021-08-10,2388,2878931,ggthemes
2021-08-11,2398,2881329,ggthemes
2021-08-12,2493,2883822,ggthemes
2021-08-13,2297,2886119,ggthemes
2021-08-14,1551,2887670,ggthemes
2021-08-15,1432,2889102,ggthemes
2021-08-16,2273,2891375,ggthemes
2021-08-17,2614,2893989,ggthemes
2021-08-18,2775,2896764,ggthemes
2021-08-19,2593,2899357,ggthemes
2021-08-20,2146,2901503,ggthemes
2021-08-21,1468,2902971,ggthemes
2021-08-22,1480,2904451,ggthemes
2021-08-23,2576,2907027,ggthemes
2021-08-24,2909,2909936,ggthemes
2021-08-25,2808,2912744,ggthemes
2021-08-26,2792,2915536,ggthemes
2021-08-27,2490,2918026,ggthemes
2021-08-28,1312,2919338,ggthemes
2021-08-29,1439,2920777,ggthemes
2021-08-30,2358,2923135,ggthemes
2021-08-31,2815,2925950,ggthemes
2021-09-01,2742,2928692,ggthemes
2021-09-02,2530,2931222,ggthemes
2021-09-03,2230,2933452,ggthemes
2021-09-04,1261,2934713,ggthemes
2021-09-05,1337,2936050,ggthemes
2021-09-06,2193,2938243,ggthemes
2021-09-07,2731,2940974,ggthemes
2021-09-08,2921,2943895,ggthemes
2021-09-09,2979,2946874,ggthemes
2021-09-10,2483,2949357,ggthemes
2021-09-11,1380,2950737,ggthemes
2021-09-12,1490,2952227,ggthemes
2021-09-13,2946,2955173,ggthemes
2021-09-14,2965,2958138,ggthemes
2021-09-15,2993,2961131,ggthemes
2021-09-16,3063,2964194,ggthemes
2021-09-17,2624,2966818,ggthemes
2021-09-18,1713,2968531,ggthemes
2021-09-19,1628,2970159,ggthemes
2021-09-20,2733,2972892,ggthemes
2021-09-21,3197,2976089,ggthemes
2021-09-22,3362,2979451,ggthemes
2021-09-23,3148,2982599,ggthemes
2021-09-24,2557,2985156,ggthemes
2021-09-25,1532,2986688,ggthemes
2021-09-26,1597,2988285,ggthemes
2021-09-27,3021,2991306,ggthemes
2021-09-28,2910,2994216,ggthemes
2021-09-29,2842,2997058,ggthemes
2021-09-30,2693,2999751,ggthemes
2021-10-01,2434,3002185,ggthemes
2021-10-02,1463,3003648,ggthemes
2021-10-03,1613,3005261,ggthemes
2021-10-04,2704,3007965,ggthemes
2021-10-05,2939,3010904,ggthemes
2021-10-06,2886,3013790,ggthemes
2021-10-07,3105,3016895,ggthemes
2021-10-08,2573,3019468,ggthemes
2021-10-09,1587,3021055,ggthemes
2021-10-10,1688,3022743,ggthemes
2021-10-11,2818,3025561,ggthemes
2021-10-12,2869,3028430,ggthemes
2021-10-13,3039,3031469,ggthemes
2021-10-14,3264,3034733,ggthemes
2021-10-15,2660,3037393,ggthemes
2021-10-16,1686,3039079,ggthemes
2021-10-17,1764,3040843,ggthemes
2021-10-18,2849,3043692,ggthemes
2021-10-19,3045,3046737,ggthemes
2021-10-20,2935,3049672,ggthemes
2021-10-21,2995,3052667,ggthemes
2021-10-22,2895,3055562,ggthemes
2021-10-23,1632,3057194,ggthemes
2021-10-24,1782,3058976,ggthemes
2021-10-25,3011,3061987,ggthemes
2021-10-26,3053,3065040,ggthemes
2021-10-27,3139,3068179,ggthemes
2021-10-28,3398,3071577,ggthemes
2021-10-29,2766,3074343,ggthemes
2021-10-30,1825,3076168,ggthemes
2021-10-31,1785,3077953,ggthemes
2021-11-01,2948,3080901,ggthemes
2021-11-02,3084,3083985,ggthemes
2021-11-03,3462,3087447,ggthemes
2021-11-04,3386,3090833,ggthemes
2021-11-05,3099,3093932,ggthemes
2021-11-06,1984,3095916,ggthemes
2021-11-07,2013,3097929,ggthemes
2021-11-08,3268,3101197,ggthemes
2021-11-09,3327,3104524,ggthemes
2021-11-10,3314,3107838,ggthemes
2021-11-11,3442,3111280,ggthemes
2021-11-12,3186,3114466,ggthemes
2021-11-13,2147,3116613,ggthemes
2021-11-14,2094,3118707,ggthemes
2021-11-15,3224,3121931,ggthemes
2021-11-16,3266,3125197,ggthemes
2021-11-17,3209,3128406,ggthemes
2021-11-18,3545,3131951,ggthemes
2021-11-19,3344,3135295,ggthemes
2021-11-20,1885,3137180,ggthemes
2021-11-21,1869,3139049,ggthemes
2021-11-22,2811,3141860,ggthemes
2021-11-23,3096,3144956,ggthemes
2021-11-24,2904,3147860,ggthemes
2021-11-25,2593,3150453,ggthemes
2021-11-26,2264,3152717,ggthemes
2021-11-27,1739,3154456,ggthemes
2021-11-28,1851,3156307,ggthemes
2021-11-29,2888,3159195,ggthemes
2021-11-30,3240,3162435,ggthemes
2021-12-01,3228,3165663,ggthemes
2021-12-02,3069,3168732,ggthemes
2021-12-03,2922,3171654,ggthemes
2021-12-04,1891,3173545,ggthemes
2021-12-05,1901,3175446,ggthemes
2021-12-06,3104,3178550,ggthemes
2021-12-07,2939,3181489,ggthemes
2021-12-08,3341,3184830,ggthemes
2021-12-09,3094,3187924,ggthemes
2021-12-10,2327,3190251,ggthemes
2021-12-11,1996,3192247,ggthemes
2021-12-12,1887,3194134,ggthemes
2021-12-13,3473,3197607,ggthemes
2021-12-14,2662,3200269,ggthemes
2021-12-15,2856,3203125,ggthemes
2021-12-16,2907,3206032,ggthemes
2021-12-17,2689,3208721,ggthemes
2021-12-18,1754,3210475,ggthemes
2021-12-19,1999,3212474,ggthemes
2021-12-20,2448,3214922,ggthemes
2021-12-21,2514,3217436,ggthemes
2021-12-22,2557,3219993,ggthemes
2021-12-23,2281,3222274,ggthemes
2021-12-24,1763,3224037,ggthemes
2021-12-25,1641,3225678,ggthemes
2021-12-26,1764,3227442,ggthemes
2021-12-27,1903,3229345,ggthemes
2021-12-28,2445,3231790,ggthemes
2021-12-29,2379,3234169,ggthemes
2021-12-30,1981,3236150,ggthemes
2021-12-31,1729,3237879,ggthemes
2022-01-01,1495,3239374,ggthemes
2022-01-02,1694,3241068,ggthemes
2022-01-03,2487,3243555,ggthemes
2022-01-04,2740,3246295,ggthemes
2022-01-05,2648,3248943,ggthemes
2022-01-06,2768,3251711,ggthemes
2022-01-07,2390,3254101,ggthemes
2022-01-08,1868,3255969,ggthemes
2022-01-09,2012,3257981,ggthemes
2022-01-10,2900,3260881,ggthemes
2022-01-11,2975,3263856,ggthemes
2022-01-12,3062,3266918,ggthemes
2022-01-13,2894,3269812,ggthemes
2022-01-14,2623,3272435,ggthemes
2022-01-15,1907,3274342,ggthemes
2022-01-16,1908,3276250,ggthemes
2022-01-17,2565,3278815,ggthemes
2022-01-18,3171,3281986,ggthemes
2022-01-19,3154,3285140,ggthemes
2022-01-20,2792,3287932,ggthemes
2022-01-21,2689,3290621,ggthemes
2022-01-22,2040,3292661,ggthemes
2022-01-23,2066,3294727,ggthemes
2022-01-24,3207,3297934,ggthemes
2022-01-25,3137,3301071,ggthemes
2022-01-26,2999,3304070,ggthemes
2022-01-27,2992,3307062,ggthemes
2022-01-28,2754,3309816,ggthemes
2022-01-29,1974,3311790,ggthemes
2022-01-30,1989,3313779,ggthemes
2022-01-31,2861,3316640,ggthemes
2022-02-01,3063,3319703,ggthemes
2022-02-02,3190,3322893,ggthemes
2022-02-03,3143,3326036,ggthemes
2022-02-04,2959,3328995,ggthemes
2022-02-05,1947,3330942,ggthemes
2022-02-06,2272,3333214,ggthemes
2022-02-07,3429,3336643,ggthemes
2022-02-08,3934,3340577,ggthemes
2022-02-09,3398,3343975,ggthemes
2022-02-10,3385,3347360,ggthemes
2022-02-11,3038,3350398,ggthemes
2022-02-12,2027,3352425,ggthemes
2022-02-13,2136,3354561,ggthemes
2022-02-14,2990,3357551,ggthemes
2022-02-15,3212,3360763,ggthemes
2022-02-16,3267,3364030,ggthemes
2022-02-17,3144,3367174,ggthemes
2022-02-18,2809,3369983,ggthemes
2022-02-19,1947,3371930,ggthemes
2022-02-20,2116,3374046,ggthemes
2022-02-21,3277,3377323,ggthemes
2022-02-22,3368,3380691,ggthemes
2022-02-23,3230,3383921,ggthemes
2022-02-24,3110,3387031,ggthemes
2022-02-25,2679,3389710,ggthemes
2022-02-26,1955,3391665,ggthemes
2022-02-27,1925,3393590,ggthemes
2022-02-28,3238,3396828,ggthemes
2022-03-01,3445,3400273,ggthemes
2022-03-02,3426,3403699,ggthemes
2022-03-03,3555,3407254,ggthemes
2022-03-04,2990,3410244,ggthemes
2022-03-05,2025,3412269,ggthemes
2022-03-06,2040,3414309,ggthemes
2022-03-07,3151,3417460,ggthemes
2022-03-08,3344,3420804,ggthemes
2022-03-09,3340,3424144,ggthemes
2022-03-10,3359,3427503,ggthemes
2022-03-11,2753,3430256,ggthemes
2022-03-12,2047,3432303,ggthemes
2022-03-13,2110,3434413,ggthemes
2022-03-14,3083,3437496,ggthemes
2022-03-15,3157,3440653,ggthemes
2022-03-16,3169,3443822,ggthemes
2022-03-17,3301,3447123,ggthemes
2022-03-18,3486,3450609,ggthemes
2022-03-19,2512,3453121,ggthemes
2022-03-20,2378,3455499,ggthemes
2022-03-21,3586,3459085,ggthemes
2022-03-22,3206,3462291,ggthemes
2022-03-23,3424,3465715,ggthemes
2022-03-24,3451,3469166,ggthemes
2022-03-25,2826,3471992,ggthemes
2022-03-26,1882,3473874,ggthemes
2022-03-27,1957,3475831,ggthemes
2022-03-28,3229,3479060,ggthemes
2022-03-29,3561,3482621,ggthemes
2022-03-30,3410,3486031,ggthemes
2022-03-31,3044,3489075,ggthemes
2022-04-01,2595,3491670,ggthemes
2022-04-02,1791,3493461,ggthemes
2022-04-03,1952,3495413,ggthemes
2022-04-04,3007,3498420,ggthemes
2022-04-05,3104,3501524,ggthemes
2022-04-06,3382,3504906,ggthemes
2022-04-07,3107,3508013,ggthemes
2022-04-08,2846,3510859,ggthemes
2022-04-09,1883,3512742,ggthemes
2022-04-10,1923,3514665,ggthemes
2022-04-11,3082,3517747,ggthemes
2022-04-12,3358,3521105,ggthemes
2022-04-13,3389,3524494,ggthemes
2022-04-14,3918,3528412,ggthemes
2022-04-15,2830,3531242,ggthemes
2022-04-16,2381,3533623,ggthemes
2022-04-17,2630,3536253,ggthemes
2022-04-18,3940,3540193,ggthemes
2022-04-19,3893,3544086,ggthemes
2022-04-20,4265,3548351,ggthemes
2022-04-21,4003,3552354,ggthemes
2022-04-22,3782,3556136,ggthemes
2022-04-23,2804,3558940,ggthemes
2022-04-24,2496,3561436,ggthemes
2022-04-25,3694,3565130,ggthemes
2022-04-26,5131,3570261,ggthemes
2022-04-27,4363,3574624,ggthemes
2022-04-28,4276,3578900,ggthemes
2022-04-29,3477,3582377,ggthemes
2022-04-30,2152,3584529,ggthemes
2022-05-01,2279,3586808,ggthemes
2022-05-02,4249,3591057,ggthemes
2022-05-03,4167,3595224,ggthemes
2022-05-04,4284,3599508,ggthemes
2022-05-05,4155,3603663,ggthemes
2022-05-06,3490,3607153,ggthemes
2022-05-07,2089,3609242,ggthemes
2022-05-08,2395,3611637,ggthemes
2022-05-09,4160,3615797,ggthemes
2022-05-10,4267,3620064,ggthemes
2022-05-11,4304,3624368,ggthemes
2022-05-12,3772,3628140,ggthemes
2022-05-13,3491,3631631,ggthemes
2022-05-14,2149,3633780,ggthemes
2022-05-15,2160,3635940,ggthemes
2022-05-16,3390,3639330,ggthemes
2022-05-17,3208,3642538,ggthemes
2022-05-18,4287,3646825,ggthemes
2022-05-19,3815,3650640,ggthemes
2022-05-20,3408,3654048,ggthemes
2022-05-21,2023,3656071,ggthemes
2022-05-22,2286,3658357,ggthemes
2022-05-23,3458,3661815,ggthemes
2022-05-24,4382,3666197,ggthemes
2022-05-25,3989,3670186,ggthemes
2022-05-26,3513,3673699,ggthemes
2022-05-27,2728,3676427,ggthemes
2022-05-28,2383,3678810,ggthemes
2022-05-29,2336,3681146,ggthemes
2022-05-30,3243,3684389,ggthemes
2022-05-31,3219,3687608,ggthemes
2022-06-01,3233,3690841,ggthemes
2022-06-02,3361,3694202,ggthemes
2022-06-03,2747,3696949,ggthemes
2022-06-04,2202,3699151,ggthemes
2022-06-05,2385,3701536,ggthemes
2022-06-06,3292,3704828,ggthemes
2022-06-07,3592,3708420,ggthemes
2022-06-08,3197,3711617,ggthemes
2022-06-09,3314,3714931,ggthemes
2022-06-10,2701,3717632,ggthemes
2022-06-11,2190,3719822,ggthemes
2022-06-12,2339,3722161,ggthemes
2022-06-13,3660,3725821,ggthemes
2022-06-14,3195,3729016,ggthemes
2022-06-15,3893,3732909,ggthemes
2022-06-16,3545,3736454,ggthemes
2022-06-17,3677,3740131,ggthemes
2022-06-18,1983,3742114,ggthemes
2022-06-19,2171,3744285,ggthemes
2022-06-20,3750,3748035,ggthemes
2022-06-21,2902,3750937,ggthemes
2022-06-22,2943,3753880,ggthemes
2022-06-23,3730,3757610,ggthemes
2022-06-24,2959,3760569,ggthemes
2022-06-25,1880,3762449,ggthemes
2022-06-26,1853,3764302,ggthemes
2022-06-27,3233,3767535,ggthemes
2022-06-28,3594,3771129,ggthemes
2022-06-29,3242,3774371,ggthemes
2022-06-30,2829,3777200,ggthemes
2022-07-01,2977,3780177,ggthemes
2022-07-02,1827,3782004,ggthemes
2022-07-03,2615,3784619,ggthemes
2022-07-04,3714,3788333,ggthemes
2022-07-05,3845,3792178,ggthemes
2022-07-06,4090,3796268,ggthemes
2022-07-07,3808,3800076,ggthemes
2022-07-08,2826,3802902,ggthemes
2022-07-09,2096,3804998,ggthemes
2022-07-10,2070,3807068,ggthemes
2022-07-11,3825,3810893,ggthemes
2022-07-12,4005,3814898,ggthemes
2022-07-13,3922,3818820,ggthemes
2022-07-14,3737,3822557,ggthemes
2022-07-15,3089,3825646,ggthemes
2022-07-16,2117,3827763,ggthemes
2022-07-17,2091,3829854,ggthemes
2022-07-18,3455,3833309,ggthemes
2022-07-19,4199,3837508,ggthemes
2022-07-20,3382,3840890,ggthemes
2022-07-21,3706,3844596,ggthemes
2022-07-22,3164,3847760,ggthemes
2022-07-23,1930,3849690,ggthemes
2022-07-24,2021,3851711,ggthemes
2022-07-25,2853,3854564,ggthemes
2022-07-26,3110,3857674,ggthemes
2022-07-27,4130,3861804,ggthemes
2022-07-28,8685,3870489,ggthemes
2022-07-29,8277,3878766,ggthemes
2022-07-30,7942,3886708,ggthemes
2022-07-31,7864,3894572,ggthemes
2022-08-01,8888,3903460,ggthemes
2022-08-02,9521,3912981,ggthemes
2022-08-03,9783,3922764,ggthemes
2022-08-04,9255,3932019,ggthemes
2022-08-05,8434,3940453,ggthemes
2022-08-06,7428,3947881,ggthemes
2022-08-07,8111,3955992,ggthemes
2022-08-08,9982,3965974,ggthemes
2022-08-09,9586,3975560,ggthemes
2022-08-10,8500,3984060,ggthemes
2022-08-11,8101,3992161,ggthemes
2022-08-12,8574,4000735,ggthemes
2022-08-13,6142,4006877,ggthemes
2022-08-14,5947,4012824,ggthemes
2022-08-15,8654,4021478,ggthemes
2022-08-16,8906,4030384,ggthemes
2022-08-17,3728,4034112,ggthemes
2022-08-18,3339,4037451,ggthemes
2022-08-19,3123,4040574,ggthemes
2022-08-20,4151,4044725,ggthemes
2022-08-21,4196,4048921,ggthemes
2022-08-22,5856,4054777,ggthemes
2022-08-23,6134,4060911,ggthemes
2022-08-24,6116,4067027,ggthemes
2022-08-25,6857,4073884,ggthemes
2022-08-26,5802,4079686,ggthemes
2022-08-27,4277,4083963,ggthemes
2022-08-28,4600,4088563,ggthemes
2022-08-29,6880,4095443,ggthemes
2022-08-30,6811,4102254,ggthemes
2022-08-31,6959,4109213,ggthemes
2022-09-01,6507,4115720,ggthemes
2022-09-02,5422,4121142,ggthemes
2022-09-03,4068,4125210,ggthemes
2022-09-04,4145,4129355,ggthemes
2022-09-05,5780,4135135,ggthemes
2022-09-06,6350,4141485,ggthemes
2022-09-07,5720,4147205,ggthemes
2022-09-08,6589,4153794,ggthemes
2022-09-09,6023,4159817,ggthemes
2022-09-10,4318,4164135,ggthemes
2022-09-11,4575,4168710,ggthemes
2022-09-12,4643,4173353,ggthemes
2022-09-13,3517,4176870,ggthemes
2022-09-14,3303,4180173,ggthemes
2022-09-15,3435,4183608,ggthemes
2022-09-16,2524,4186132,ggthemes
2022-09-17,1563,4187695,ggthemes
2022-09-18,1286,4188981,ggthemes
2022-09-19,3218,4192199,ggthemes
2022-09-20,3181,4195380,ggthemes
2022-09-21,4129,4199509,ggthemes
2022-09-22,3051,4202560,ggthemes
2022-09-23,2540,4205100,ggthemes
2022-09-24,1674,4206774,ggthemes
2022-09-25,1601,4208375,ggthemes
2022-09-26,3147,4211522,ggthemes
2022-09-27,3716,4215238,ggthemes
2022-09-28,3327,4218565,ggthemes
2022-09-29,3219,4221784,ggthemes
2022-09-30,2978,4224762,ggthemes
2022-10-01,1160,4225922,ggthemes
2022-10-02,1268,4227190,ggthemes
2022-10-03,3433,4230623,ggthemes
2022-10-04,3341,4233964,ggthemes
2022-10-05,3358,4237322,ggthemes
2022-10-06,3577,4240899,ggthemes
2022-10-07,2630,4243529,ggthemes
2022-10-08,1538,4245067,ggthemes
2022-10-09,1403,4246470,ggthemes
2022-10-10,3351,4249821,ggthemes
2022-10-11,2980,4252801,ggthemes
2022-10-12,2656,4255457,ggthemes
2022-10-13,3071,4258528,ggthemes
2022-10-14,2935,4261463,ggthemes
2022-10-15,1458,4262921,ggthemes
2022-10-16,1675,4264596,ggthemes
2022-10-17,3187,4267783,ggthemes
2022-10-18,4671,4272454,ggthemes
2022-10-19,4229,4276683,ggthemes
2022-10-20,3704,4280387,ggthemes
2022-10-21,3035,4283422,ggthemes
2022-10-22,1241,4284663,ggthemes
2022-10-23,1406,4286069,ggthemes
2022-10-24,2356,4288425,ggthemes
2022-10-25,2474,4290899,ggthemes
2022-10-26,2810,4293709,ggthemes
2022-10-27,2587,4296296,ggthemes
2022-10-28,1992,4298288,ggthemes
2022-10-29,1114,4299402,ggthemes
2022-10-30,1149,4300551,ggthemes
2022-10-31,2185,4302736,ggthemes
2022-11-01,2809,4305545,ggthemes
2022-11-02,3900,4309445,ggthemes
2022-11-03,4281,4313726,ggthemes
2022-11-04,2363,4316089,ggthemes
2022-11-05,1304,4317393,ggthemes
2022-11-06,1364,4318757,ggthemes
2022-11-07,3225,4321982,ggthemes
2022-11-08,2888,4324870,ggthemes
2022-11-09,2456,4327326,ggthemes
2022-11-10,2599,4329925,ggthemes
2022-11-11,2244,4332169,ggthemes
2022-11-12,1349,4333518,ggthemes
2022-11-13,1337,4334855,ggthemes
2022-11-14,2394,4337249,ggthemes
2022-11-15,2858,4340107,ggthemes
2022-11-16,2723,4342830,ggthemes
2022-11-17,3060,4345890,ggthemes
2022-11-18,2540,4348430,ggthemes
2022-11-19,1331,4349761,ggthemes
2022-11-20,2686,4352447,ggthemes
2022-11-21,2696,4355143,ggthemes
2022-11-22,2612,4357755,ggthemes
2022-11-23,2493,4360248,ggthemes
2022-11-24,2704,4362952,ggthemes
2022-11-25,2435,4365387,ggthemes
2022-11-26,1486,4366873,ggthemes
2022-11-27,1392,4368265,ggthemes
2022-11-28,2713,4370978,ggthemes
2022-11-29,2778,4373756,ggthemes
2022-11-30,2600,4376356,ggthemes
2022-12-01,3049,4379405,ggthemes
2022-12-02,2239,4381644,ggthemes
2022-12-03,1381,4383025,ggthemes
2022-12-04,1460,4384485,ggthemes
2022-12-05,2525,4387010,ggthemes
2022-12-06,2576,4389586,ggthemes
2022-12-07,2604,4392190,ggthemes
2022-12-08,2364,4394554,ggthemes
2022-12-09,1959,4396513,ggthemes
2022-12-10,1244,4397757,ggthemes
2022-12-11,1220,4398977,ggthemes
2022-12-12,2062,4401039,ggthemes
2022-12-13,1924,4402963,ggthemes
2022-12-14,1984,4404947,ggthemes
2022-12-15,1716,4406663,ggthemes
2022-12-16,1714,4408377,ggthemes
2022-12-17,1187,4409564,ggthemes
2022-12-18,959,4410523,ggthemes
2022-12-19,1744,4412267,ggthemes
2022-12-20,1834,4414101,ggthemes
2022-12-21,1696,4415797,ggthemes
2022-12-22,1461,4417258,ggthemes
2022-12-23,1169,4418427,ggthemes
2022-12-24,805,4419232,ggthemes
2022-12-25,654,4419886,ggthemes
2022-12-26,944,4420830,ggthemes
2022-12-27,1137,4421967,ggthemes
2022-12-28,1227,4423194,ggthemes
2022-12-29,1156,4424350,ggthemes
2022-12-30,1106,4425456,ggthemes
2022-12-31,902,4426358,ggthemes
2023-01-01,834,4427192,ggthemes
2023-01-02,1380,4428572,ggthemes
2023-01-03,1940,4430512,ggthemes
2023-01-04,2130,4432642,ggthemes
2023-01-05,2134,4434776,ggthemes
2023-01-06,1987,4436763,ggthemes
2023-01-07,1398,4438161,ggthemes
2023-01-08,1336,4439497,ggthemes
2023-01-09,2566,4442063,ggthemes
2023-01-10,2372,4444435,ggthemes
2023-01-11,2320,4446755,ggthemes
2023-01-12,2428,4449183,ggthemes
2023-01-13,2103,4451286,ggthemes
2023-01-14,1479,4452765,ggthemes
2023-01-15,1546,4454311,ggthemes
2023-01-16,2224,4456535,ggthemes
2023-01-17,2538,4459073,ggthemes
2023-01-18,2899,4461972,ggthemes
2023-01-19,2853,4464825,ggthemes
2023-01-20,2449,4467274,ggthemes
2023-01-21,1306,4468580,ggthemes
2023-01-22,1462,4470042,ggthemes
2023-01-23,2522,4472564,ggthemes
2023-01-24,2930,4475494,ggthemes
2023-01-25,2873,4478367,ggthemes
2023-01-26,2752,4481119,ggthemes
2023-01-27,3062,4484181,ggthemes
2023-01-28,1524,4485705,ggthemes
2023-01-29,1541,4487246,ggthemes
2023-01-30,2817,4490063,ggthemes
2023-01-31,2758,4492821,ggthemes
2023-02-01,2729,4495550,ggthemes
2023-02-02,2742,4498292,ggthemes
2023-02-03,2282,4500574,ggthemes
2023-02-04,1476,4502050,ggthemes
2023-02-05,1418,4503468,ggthemes
2023-02-06,2702,4506170,ggthemes
2023-02-07,2907,4509077,ggthemes
2023-02-08,2851,4511928,ggthemes
2023-02-09,2637,4514565,ggthemes
2023-02-10,2201,4516766,ggthemes
2023-02-11,1396,4518162,ggthemes
2023-02-12,1442,4519604,ggthemes
2023-02-13,2562,4522166,ggthemes
2023-02-14,2904,4525070,ggthemes
2023-02-15,2947,4528017,ggthemes
2023-02-16,3311,4531328,ggthemes
2023-02-17,2865,4534193,ggthemes
2023-02-18,1596,4535789,ggthemes
2023-02-19,1608,4537397,ggthemes
2023-02-20,2278,4539675,ggthemes
2023-02-21,2919,4542594,ggthemes
2023-02-22,2663,4545257,ggthemes
2023-02-23,2836,4548093,ggthemes
2023-02-24,2265,4550358,ggthemes
2023-02-25,1429,4551787,ggthemes
2023-02-26,1579,4553366,ggthemes
2023-02-27,2883,4556249,ggthemes
2023-02-28,3081,4559330,ggthemes
2023-03-01,2947,4562277,ggthemes
2023-03-02,2781,4565058,ggthemes
2023-03-03,2444,4567502,ggthemes
2023-03-04,1318,4568820,ggthemes
2023-03-05,1497,4570317,ggthemes
2023-03-06,2759,4573076,ggthemes
2023-03-07,3054,4576130,ggthemes
2023-03-08,2840,4578970,ggthemes
2023-03-09,2978,4581948,ggthemes
2023-03-10,2398,4584346,ggthemes
2023-03-11,1572,4585918,ggthemes
2023-03-12,1481,4587399,ggthemes
2023-03-13,2690,4590089,ggthemes
2023-03-14,2862,4592951,ggthemes
2023-03-15,2701,4595652,ggthemes
2023-03-16,2706,4598358,ggthemes
2023-03-17,2407,4600765,ggthemes
2023-03-18,1323,4602088,ggthemes
2023-03-19,1488,4603576,ggthemes
2023-03-20,2607,4606183,ggthemes
2023-03-21,3272,4609455,ggthemes
2023-03-22,3079,4612534,ggthemes
2023-03-23,2895,4615429,ggthemes
2023-03-24,2479,4617908,ggthemes
2023-03-25,1518,4619426,ggthemes
2023-03-26,1506,4620932,ggthemes
2023-03-27,2743,4623675,ggthemes
2023-03-28,2776,4626451,ggthemes
2023-03-29,2755,4629206,ggthemes
2023-03-30,2324,4631530,ggthemes
2023-03-31,2151,4633681,ggthemes
2023-04-01,1575,4635256,ggthemes
2023-04-02,1483,4636739,ggthemes
2023-04-03,2392,4639131,ggthemes
2023-04-04,2589,4641720,ggthemes
2023-04-05,2453,4644173,ggthemes
2023-04-06,2342,4646515,ggthemes
2023-04-07,1701,4648216,ggthemes
2023-04-08,1168,4649384,ggthemes
2023-04-09,1262,4650646,ggthemes
2023-04-10,1999,4652645,ggthemes
2023-04-11,2621,4655266,ggthemes
2023-04-12,2815,4658081,ggthemes
2023-04-13,2597,4660678,ggthemes
2023-04-14,2103,4662781,ggthemes
2023-04-15,1244,4664025,ggthemes
2023-04-16,1466,4665491,ggthemes
2023-04-17,2315,4667806,ggthemes
2023-04-18,3049,4670855,ggthemes
2023-04-19,2902,4673757,ggthemes
2023-04-20,2681,4676438,ggthemes
2023-04-21,2173,4678611,ggthemes
2023-04-22,1541,4680152,ggthemes
2023-04-23,1470,4681622,ggthemes
2023-04-24,2844,4684466,ggthemes
2023-04-25,2790,4687256,ggthemes
2023-04-26,3325,4690581,ggthemes
2023-04-27,2499,4693080,ggthemes
2023-04-28,2203,4695283,ggthemes
2023-04-29,1313,4696596,ggthemes
2023-04-30,1196,4697792,ggthemes
2023-05-01,1985,4699777,ggthemes
2023-05-02,2602,4702379,ggthemes
2023-05-03,2599,4704978,ggthemes
2023-05-04,2432,4707410,ggthemes
2023-05-05,2308,4709718,ggthemes
2023-05-06,1329,4711047,ggthemes
2023-05-07,1438,4712485,ggthemes
2023-05-08,2366,4714851,ggthemes
2023-05-09,2373,4717224,ggthemes
2023-05-10,2575,4719799,ggthemes
2023-05-11,2550,4722349,ggthemes
2023-05-12,2520,4724869,ggthemes
2023-05-13,1365,4726234,ggthemes
2023-05-14,1491,4727725,ggthemes
2023-05-15,2604,4730329,ggthemes
2023-05-16,2606,4732935,ggthemes
2023-05-17,2520,4735455,ggthemes
2023-05-18,2119,4737574,ggthemes
2023-05-19,2015,4739589,ggthemes
2023-05-20,1304,4740893,ggthemes
2023-05-21,1182,4742075,ggthemes
2023-05-22,2166,4744241,ggthemes
2023-05-23,2370,4746611,ggthemes
2023-05-24,2446,4749057,ggthemes
2023-05-25,2394,4751451,ggthemes
2023-05-26,1780,4753231,ggthemes
2023-05-27,1011,4754242,ggthemes
2023-05-28,1032,4755274,ggthemes
2023-05-29,1472,4756746,ggthemes
2023-05-30,2167,4758913,ggthemes
2023-05-31,2091,4761004,ggthemes
2023-06-01,2277,4763281,ggthemes
2023-06-02,1989,4765270,ggthemes
2023-06-03,1210,4766480,ggthemes
2023-06-04,1346,4767826,ggthemes
2023-06-05,2214,4770040,ggthemes
2023-06-06,2195,4772235,ggthemes
2023-06-07,2289,4774524,ggthemes
2023-06-08,2217,4776741,ggthemes
2023-06-09,1980,4778721,ggthemes
2023-06-10,1082,4779803,ggthemes
2023-06-11,1187,4780990,ggthemes
2023-06-12,2170,4783160,ggthemes
2023-06-13,2325,4785485,ggthemes
2023-06-14,2369,4787854,ggthemes
2023-06-15,2177,4790031,ggthemes
2023-06-16,1828,4791859,ggthemes
2023-06-17,1110,4792969,ggthemes
2023-06-18,1209,4794178,ggthemes
2023-06-19,1984,4796162,ggthemes
2023-06-20,2211,4798373,ggthemes
2023-06-21,2283,4800656,ggthemes
2023-06-22,2166,4802822,ggthemes
2023-06-23,1864,4804686,ggthemes
2023-06-24,1057,4805743,ggthemes
2023-06-25,1076,4806819,ggthemes
2023-06-26,1923,4808742,ggthemes
2023-06-27,2154,4810896,ggthemes
2023-06-28,1980,4812876,ggthemes
2023-06-29,1988,4814864,ggthemes
2023-06-30,1868,4816732,ggthemes
2023-07-01,777,4817509,ggthemes
2023-07-02,1029,4818538,ggthemes
2023-07-03,1690,4820228,ggthemes
2023-07-04,1553,4821781,ggthemes
2023-07-05,2105,4823886,ggthemes
2023-07-06,2085,4825971,ggthemes
2023-07-07,1794,4827765,ggthemes
2023-07-08,940,4828705,ggthemes
2023-07-09,1024,4829729,ggthemes
2023-07-10,1903,4831632,ggthemes
2023-07-11,2030,4833662,ggthemes
2023-07-12,2156,4835818,ggthemes
2023-07-13,1950,4837768,ggthemes
2023-07-14,2434,4840202,ggthemes
2023-07-15,948,4841150,ggthemes
2023-07-16,970,4842120,ggthemes
2023-07-17,1918,4844038,ggthemes
2023-07-18,2177,4846215,ggthemes
2023-07-19,2049,4848264,ggthemes
2023-07-20,2089,4850353,ggthemes
2023-07-21,1612,4851965,ggthemes
2023-07-22,845,4852810,ggthemes
2023-07-23,904,4853714,ggthemes
2023-07-24,2036,4855750,ggthemes
2023-07-25,2146,4857896,ggthemes
2023-07-26,2046,4859942,ggthemes
2023-07-27,2020,4861962,ggthemes
2023-07-28,1778,4863740,ggthemes
2023-07-29,1016,4864756,ggthemes
2023-07-30,1016,4865772,ggthemes
2023-07-31,2163,4867935,ggthemes
2023-08-01,3298,4871233,ggthemes
2023-08-02,2224,4873457,ggthemes
2023-08-03,1880,4875337,ggthemes
2023-08-04,1941,4877278,ggthemes
2023-08-05,1002,4878280,ggthemes
2023-08-06,1040,4879320,ggthemes
2023-08-07,1948,4881268,ggthemes
2023-08-08,2298,4883566,ggthemes
2023-08-09,2463,4886029,ggthemes
2023-08-10,1855,4887884,ggthemes
2023-08-11,1752,4889636,ggthemes
2023-08-12,1495,4891131,ggthemes
2023-08-13,1093,4892224,ggthemes
2023-08-14,1962,4894186,ggthemes
2023-08-15,1939,4896125,ggthemes
2023-08-16,1997,4898122,ggthemes
2023-08-17,2219,4900341,ggthemes
2023-08-18,1928,4902269,ggthemes
2023-08-19,1046,4903315,ggthemes
2023-08-20,973,4904288,ggthemes
2023-08-21,1949,4906237,ggthemes
2023-08-22,2052,4908289,ggthemes
2023-08-23,2151,4910440,ggthemes
2023-08-24,2033,4912473,ggthemes
2023-08-25,2037,4914510,ggthemes
2023-08-26,926,4915436,ggthemes
2023-08-27,966,4916402,ggthemes
2023-08-28,2130,4918532,ggthemes
2023-08-29,2576,4921108,ggthemes
2023-08-30,2532,4923640,ggthemes
2023-08-31,2296,4925936,ggthemes
2023-09-01,1767,4927703,ggthemes
2023-09-02,1062,4928765,ggthemes
2023-09-03,1138,4929903,ggthemes
2023-09-04,1919,4931822,ggthemes
2023-09-05,2923,4934745,ggthemes
2023-09-06,2973,4937718,ggthemes
2023-09-07,2633,4940351,ggthemes
2023-09-08,2210,4942561,ggthemes
2023-09-09,1144,4943705,ggthemes
2023-09-10,1198,4944903,ggthemes
2023-09-11,2530,4947433,ggthemes
2023-09-12,2874,4950307,ggthemes
2023-09-13,2554,4952861,ggthemes
2023-09-14,3461,4956322,ggthemes
2023-09-15,3190,4959512,ggthemes
2023-09-16,1338,4960850,ggthemes
2023-09-17,1205,4962055,ggthemes
2023-09-18,2763,4964818,ggthemes
2023-09-19,3261,4968079,ggthemes
2023-09-20,2739,4970818,ggthemes
2023-09-21,2571,4973389,ggthemes
2023-09-22,2345,4975734,ggthemes
2023-09-23,1346,4977080,ggthemes
2023-09-24,1156,4978236,ggthemes
2023-09-25,2493,4980729,ggthemes
2023-09-26,2698,4983427,ggthemes
2023-09-27,2718,4986145,ggthemes
2023-09-28,2713,4988858,ggthemes
2023-09-29,2226,4991084,ggthemes
2023-09-30,1333,4992417,ggthemes
2023-10-01,1330,4993747,ggthemes
2023-10-02,2474,4996221,ggthemes
2023-10-03,3319,4999540,ggthemes
2023-10-04,3275,5002815,ggthemes
2023-10-05,3254,5006069,ggthemes
2023-10-06,2942,5009011,ggthemes
2023-10-07,1533,5010544,ggthemes
2023-10-08,1708,5012252,ggthemes
2023-10-09,2747,5014999,ggthemes
2023-10-10,2914,5017913,ggthemes
2023-10-11,3001,5020914,ggthemes
2023-10-12,3460,5024374,ggthemes
2023-10-13,2528,5026902,ggthemes
2023-10-14,1500,5028402,ggthemes
2023-10-15,1416,5029818,ggthemes
2023-10-16,3197,5033015,ggthemes
2023-10-17,3151,5036166,ggthemes
2023-10-18,3256,5039422,ggthemes
2023-10-19,2749,5042171,ggthemes
2023-10-20,2408,5044579,ggthemes
2023-10-21,1425,5046004,ggthemes
2023-10-22,1391,5047395,ggthemes
2023-10-23,2650,5050045,ggthemes
2023-10-24,2824,5052869,ggthemes
2023-10-25,2881,5055750,ggthemes
2023-10-26,2902,5058652,ggthemes
2023-10-27,1998,5060650,ggthemes
2023-10-28,1202,5061852,ggthemes
2023-10-29,1308,5063160,ggthemes
2023-10-30,2552,5065712,ggthemes
2023-10-31,2672,5068384,ggthemes
2023-11-01,2597,5070981,ggthemes
2023-11-02,2930,5073911,ggthemes
2023-11-03,2564,5076475,ggthemes
2023-11-04,1543,5078018,ggthemes
2023-11-05,1223,5079241,ggthemes
2023-11-06,2659,5081900,ggthemes
2023-11-07,2919,5084819,ggthemes
2023-11-08,2611,5087430,ggthemes
2023-11-09,2604,5090034,ggthemes
2023-11-10,2089,5092123,ggthemes
2023-11-11,1158,5093281,ggthemes
2023-11-12,1063,5094344,ggthemes
2023-11-13,2507,5096851,ggthemes
2023-11-14,2744,5099595,ggthemes
2023-11-15,2663,5102258,ggthemes
2023-11-16,2675,5104933,ggthemes
2023-11-17,2133,5107066,ggthemes
2023-11-18,1084,5108150,ggthemes
2023-11-19,1181,5109331,ggthemes
2023-11-20,2380,5111711,ggthemes
2023-11-21,3956,5115667,ggthemes
2023-11-22,4272,5119939,ggthemes
2023-11-23,3055,5122994,ggthemes
2023-11-24,2863,5125857,ggthemes
2023-11-25,1494,5127351,ggthemes
2023-11-26,1766,5129117,ggthemes
2023-11-27,3521,5132638,ggthemes
2023-11-28,3798,5136436,ggthemes
2023-11-29,3709,5140145,ggthemes
2023-11-30,3475,5143620,ggthemes
2023-12-01,2988,5146608,ggthemes
2023-12-02,1784,5148392,ggthemes
2023-12-03,1962,5150354,ggthemes
2023-12-04,3776,5154130,ggthemes
2023-12-05,3590,5157720,ggthemes
2023-12-06,3397,5161117,ggthemes
2023-12-07,3201,5164318,ggthemes
2023-12-08,2729,5167047,ggthemes
2023-12-09,1430,5168477,ggthemes
2023-12-10,1443,5169920,ggthemes
2023-12-11,2904,5172824,ggthemes
2023-12-12,2909,5175733,ggthemes
2023-12-13,2991,5178724,ggthemes
2023-12-14,2795,5181519,ggthemes
2023-12-15,2211,5183730,ggthemes
2023-12-16,1242,5184972,ggthemes
2023-12-17,1414,5186386,ggthemes
2023-12-18,2466,5188852,ggthemes
2023-12-19,2768,5191620,ggthemes
2023-12-20,2612,5194232,ggthemes
2023-12-21,2023,5196255,ggthemes
2023-12-22,1775,5198030,ggthemes
2023-12-23,863,5198893,ggthemes
2023-12-24,794,5199687,ggthemes
2023-12-25,789,5200476,ggthemes
2023-12-26,1391,5201867,ggthemes
2023-12-27,1375,5203242,ggthemes
2023-12-28,1520,5204762,ggthemes
2023-12-29,1300,5206062,ggthemes
2023-12-30,995,5207057,ggthemes
2023-12-31,777,5207834,ggthemes
2024-01-01,858,5208692,ggthemes
2024-01-02,1804,5210496,ggthemes
2024-01-03,2485,5212981,ggthemes
2024-01-04,2229,5215210,ggthemes
2024-01-05,1990,5217200,ggthemes
2024-01-06,1136,5218336,ggthemes
2024-01-07,1100,5219436,ggthemes
2024-01-08,2504,5221940,ggthemes
2024-01-09,2797,5224737,ggthemes
2024-01-10,2611,5227348,ggthemes
2024-01-11,3051,5230399,ggthemes
2024-01-12,2581,5232980,ggthemes
2024-01-13,1355,5234335,ggthemes
2024-01-14,1223,5235558,ggthemes
2024-01-15,2078,5237636,ggthemes
2024-01-16,3004,5240640,ggthemes
2024-01-17,3072,5243712,ggthemes
2024-01-18,3030,5246742,ggthemes
2024-01-19,3616,5250358,ggthemes
2024-01-20,1425,5251783,ggthemes
2024-01-21,3070,5254853,ggthemes
2024-01-22,3021,5257874,ggthemes
2024-01-23,3323,5261197,ggthemes
2024-01-24,3375,5264572,ggthemes
2024-01-25,3261,5267833,ggthemes
2024-01-26,2397,5270230,ggthemes
2024-01-27,1245,5271475,ggthemes
2024-01-28,1395,5272870,ggthemes
2024-01-29,2916,5275786,ggthemes
2024-01-30,2764,5278550,ggthemes
2024-01-31,3144,5281694,ggthemes
2024-02-01,2659,5284353,ggthemes
2024-02-02,2330,5286683,ggthemes
2024-02-03,1198,5287881,ggthemes
2024-02-04,1331,5289212,ggthemes
2024-02-05,2746,5291958,ggthemes
2024-02-06,2932,5294890,ggthemes
2024-02-07,2950,5297840,ggthemes
2024-02-08,3071,5300911,ggthemes
2024-02-09,2320,5303231,ggthemes
2024-02-10,1937,5305168,ggthemes
2024-02-11,1781,5306949,ggthemes
2024-02-12,3623,5310572,ggthemes
2024-02-13,3421,5313993,ggthemes
2024-02-14,3020,5317013,ggthemes
2024-02-15,3263,5320276,ggthemes
2024-02-16,2762,5323038,ggthemes
2024-02-17,1401,5324439,ggthemes
2024-02-18,1493,5325932,ggthemes
2024-02-19,2840,5328772,ggthemes
2024-02-20,2990,5331762,ggthemes
2024-02-21,2957,5334719,ggthemes
2024-02-22,3148,5337867,ggthemes
2024-02-23,2617,5340484,ggthemes
2024-02-24,1191,5341675,ggthemes
2024-02-25,2135,5343810,ggthemes
2024-02-26,4021,5347831,ggthemes
2024-02-27,4227,5352058,ggthemes
2024-02-28,3694,5355752,ggthemes
2024-02-29,3753,5359505,ggthemes
2024-03-01,3210,5362715,ggthemes
2024-03-02,1360,5364075,ggthemes
2024-03-03,1476,5365551,ggthemes
2024-03-04,3046,5368597,ggthemes
2024-03-05,3267,5371864,ggthemes
2024-03-06,3391,5375255,ggthemes
2024-03-07,2872,5378127,ggthemes
2024-03-08,2680,5380807,ggthemes
2024-03-09,1318,5382125,ggthemes
2024-03-10,1359,5383484,ggthemes
2024-03-11,3039,5386523,ggthemes
2024-03-12,3050,5389573,ggthemes
2024-03-13,2773,5392346,ggthemes
2024-03-14,2982,5395328,ggthemes
2024-03-15,2260,5397588,ggthemes
2024-03-16,1280,5398868,ggthemes
2024-03-17,1298,5400166,ggthemes
2024-03-18,2532,5402698,ggthemes
2024-03-19,2837,5405535,ggthemes
2024-03-20,2720,5408255,ggthemes
2024-03-21,2787,5411042,ggthemes
2024-03-22,2065,5413107,ggthemes
2024-03-23,1206,5414313,ggthemes
2024-03-24,1181,5415494,ggthemes
2024-03-25,2392,5417886,ggthemes
2024-03-26,2499,5420385,ggthemes
2024-03-27,2771,5423156,ggthemes
2024-03-28,2438,5425594,ggthemes
2024-03-29,1817,5427411,ggthemes
2024-03-30,1336,5428747,ggthemes
2024-03-31,1309,5430056,ggthemes
2024-04-01,2375,5432431,ggthemes
2024-04-02,3121,5435552,ggthemes
2024-04-03,3103,5438655,ggthemes
2024-04-04,2637,5441292,ggthemes
2024-04-05,2277,5443569,ggthemes
2024-04-06,1340,5444909,ggthemes
2024-04-07,1579,5446488,ggthemes
2024-04-08,2826,5449314,ggthemes
2024-04-09,2906,5452220,ggthemes
2024-04-10,2858,5455078,ggthemes
2024-04-11,2617,5457695,ggthemes
2024-04-12,2610,5460305,ggthemes
2024-04-13,1426,5461731,ggthemes
2024-04-14,1235,5462966,ggthemes
2024-04-15,2922,5465888,ggthemes
2024-04-16,2985,5468873,ggthemes
2024-04-17,3062,5471935,ggthemes
2024-04-18,2852,5474787,ggthemes
2024-04-19,2433,5477220,ggthemes
2024-04-20,1499,5478719,ggthemes
2024-04-21,1702,5480421,ggthemes
2024-04-22,3089,5483510,ggthemes
2024-04-23,2879,5486389,ggthemes
2024-04-24,2683,5489072,ggthemes
2024-04-25,2793,5491865,ggthemes
2024-04-26,2539,5494404,ggthemes
2024-04-27,1523,5495927,ggthemes
2024-04-28,1644,5497571,ggthemes
2024-04-29,2814,5500385,ggthemes
2024-04-30,2693,5503078,ggthemes
2024-05-01,3263,5506341,ggthemes
2024-05-02,2724,5509065,ggthemes
2024-05-03,2711,5511776,ggthemes
2024-05-04,1540,5513316,ggthemes
2024-05-05,1447,5514763,ggthemes
2024-05-06,2889,5517652,ggthemes
2024-05-07,2867,5520519,ggthemes
2024-05-08,3094,5523613,ggthemes
2024-05-09,2590,5526203,ggthemes
2024-05-10,2389,5528592,ggthemes
2024-05-11,1320,5529912,ggthemes
2024-05-12,1396,5531308,ggthemes
2024-05-13,2802,5534110,ggthemes
2024-05-14,2988,5537098,ggthemes
2024-05-15,2987,5540085,ggthemes
2024-05-16,2793,5542878,ggthemes
2024-05-17,2562,5545440,ggthemes
2024-05-18,1466,5546906,ggthemes
2024-05-19,1457,5548363,ggthemes
2024-05-20,2293,5550656,ggthemes
2024-05-21,2565,5553221,ggthemes
2024-05-22,2613,5555834,ggthemes
2024-05-23,2608,5558442,ggthemes
2024-05-24,2139,5560581,ggthemes
2024-05-25,1399,5561980,ggthemes
2024-05-26,1344,5563324,ggthemes
2024-05-27,2200,5565524,ggthemes
2024-05-28,2507,5568031,ggthemes
2024-05-29,2627,5570658,ggthemes
2024-05-30,2095,5572753,ggthemes
2024-05-31,2097,5574850,ggthemes
2024-06-01,1227,5576077,ggthemes
2024-06-02,1386,5577463,ggthemes
2024-06-03,2408,5579871,ggthemes
2024-06-04,2486,5582357,ggthemes
2024-06-05,2384,5584741,ggthemes
2024-06-06,2244,5586985,ggthemes
2024-06-07,1866,5588851,ggthemes
2024-06-08,1078,5589929,ggthemes
2024-06-09,1111,5591040,ggthemes
2024-06-10,2164,5593204,ggthemes
2024-06-11,2375,5595579,ggthemes
2024-06-12,2344,5597923,ggthemes
2024-06-13,2333,5600256,ggthemes
2024-06-14,2396,5602652,ggthemes
2024-06-15,1103,5603755,ggthemes
2024-06-16,2115,5605870,ggthemes
2024-06-17,2164,5608034,ggthemes
2024-06-18,2294,5610328,ggthemes
2024-06-19,2503,5612831,ggthemes
2024-06-20,2496,5615327,ggthemes
2024-06-21,1910,5617237,ggthemes
2024-06-22,984,5618221,ggthemes
2024-06-23,1116,5619337,ggthemes
2024-06-24,2242,5621579,ggthemes
2024-06-25,2164,5623743,ggthemes
2024-06-26,2076,5625819,ggthemes
2024-06-27,2112,5627931,ggthemes
2024-06-28,1885,5629816,ggthemes
2024-06-29,994,5630810,ggthemes
2024-06-30,1049,5631859,ggthemes
2024-07-01,2162,5634021,ggthemes
2024-07-02,2332,5636353,ggthemes
2024-07-03,2275,5638628,ggthemes
2024-07-04,2256,5640884,ggthemes
2024-07-05,2033,5642917,ggthemes
2024-07-06,1482,5644399,ggthemes
2024-07-07,1451,5645850,ggthemes
2024-07-08,2476,5648326,ggthemes
2024-07-09,2437,5650763,ggthemes
2024-07-10,2424,5653187,ggthemes
2024-07-11,2372,5655559,ggthemes
2024-07-12,1936,5657495,ggthemes
2024-07-13,1104,5658599,ggthemes
2024-07-14,1160,5659759,ggthemes
2024-07-15,2262,5662021,ggthemes
2024-07-16,2502,5664523,ggthemes
2024-07-17,2316,5666839,ggthemes
2024-07-18,2211,5669050,ggthemes
2024-07-19,1936,5670986,ggthemes
2024-07-20,1296,5672282,ggthemes
2024-07-21,1327,5673609,ggthemes
2024-07-22,2243,5675852,ggthemes
2024-07-23,2383,5678235,ggthemes
2024-07-24,2477,5680712,ggthemes
2024-07-25,2407,5683119,ggthemes
2024-07-26,1948,5685067,ggthemes
2024-07-27,1260,5686327,ggthemes
2024-07-28,1324,5687651,ggthemes
2024-07-29,2087,5689738,ggthemes
2024-07-30,2249,5691987,ggthemes
2024-07-31,2319,5694306,ggthemes
2024-08-01,2317,5696623,ggthemes
2024-08-02,2102,5698725,ggthemes
2024-08-03,1501,5700226,ggthemes
2024-08-04,1627,5701853,ggthemes
2024-08-05,2357,5704210,ggthemes
2024-08-06,2786,5706996,ggthemes
2024-08-07,2573,5709569,ggthemes
2024-08-08,2297,5711866,ggthemes
2024-08-09,1895,5713761,ggthemes
2024-08-10,1485,5715246,ggthemes
2024-08-11,932,5716178,ggthemes
2024-08-12,2148,5718326,ggthemes
2024-08-13,2220,5720546,ggthemes
2024-08-14,2004,5722550,ggthemes
2024-08-15,1987,5724537,ggthemes
2024-08-16,2311,5726848,ggthemes
2024-08-17,974,5727822,ggthemes
2024-08-18,992,5728814,ggthemes
2024-08-19,2161,5730975,ggthemes
2024-08-20,2377,5733352,ggthemes
2024-08-21,2481,5735833,ggthemes
2024-08-22,2080,5737913,ggthemes
2024-08-23,1831,5739744,ggthemes
2024-08-24,1049,5740793,ggthemes
2024-08-25,1087,5741880,ggthemes
2024-08-26,2267,5744147,ggthemes
2024-08-27,2302,5746449,ggthemes
2024-08-28,2399,5748848,ggthemes
2024-08-29,2769,5751617,ggthemes
2024-08-30,2254,5753871,ggthemes
2024-08-31,1159,5755030,ggthemes
2024-09-01,1241,5756271,ggthemes
2024-09-02,2149,5758420,ggthemes
2024-09-03,2601,5761021,ggthemes
2024-09-04,2778,5763799,ggthemes
2024-09-05,2616,5766415,ggthemes
2024-09-06,2208,5768623,ggthemes
2024-09-07,1243,5769866,ggthemes
2024-09-08,1360,5771226,ggthemes
2024-09-09,2669,5773895,ggthemes
2024-09-10,3670,5777565,ggthemes
2024-09-11,3979,5781544,ggthemes
2024-09-12,3474,5785018,ggthemes
2024-09-13,2325,5787343,ggthemes
2024-09-14,1111,5788454,ggthemes
2024-09-15,1257,5789711,ggthemes
2024-09-16,3161,5792872,ggthemes
2024-09-17,3485,5796357,ggthemes
2024-09-18,3468,5799825,ggthemes
2024-09-19,3815,5803640,ggthemes
2024-09-20,2547,5806187,ggthemes
2024-09-21,1159,5807346,ggthemes
2024-09-22,1312,5808658,ggthemes
2024-09-23,3507,5812165,ggthemes
2024-09-24,3331,5815496,ggthemes
2024-09-25,3142,5818638,ggthemes
2024-09-26,3253,5821891,ggthemes
2024-09-27,2802,5824693,ggthemes
2024-09-28,1379,5826072,ggthemes
2024-09-29,1283,5827355,ggthemes
2024-09-30,3076,5830431,ggthemes
2024-10-01,2969,5833400,ggthemes
2024-10-02,2904,5836304,ggthemes
2024-10-03,2833,5839137,ggthemes
2024-10-04,2446,5841583,ggthemes
2024-10-05,1196,5842779,ggthemes
2024-10-06,1327,5844106,ggthemes
2024-10-07,3615,5847721,ggthemes
2024-10-08,4426,5852147,ggthemes
2024-10-09,3394,5855541,ggthemes
2024-10-10,3523,5859064,ggthemes
2024-10-11,2864,5861928,ggthemes
2024-10-12,1282,5863210,ggthemes
2024-10-13,1182,5864392,ggthemes
2024-10-14,3125,5867517,ggthemes
2024-10-15,2994,5870511,ggthemes
2024-10-16,3905,5874416,ggthemes
2024-10-17,3135,5877551,ggthemes
2024-10-18,2620,5880171,ggthemes
2024-10-19,1144,5881315,ggthemes
2024-10-20,1359,5882674,ggthemes
2024-10-21,2652,5885326,ggthemes
2024-10-22,3311,5888637,ggthemes
2024-10-23,3669,5892306,ggthemes
2024-10-24,2729,5895035,ggthemes
2024-10-25,2474,5897509,ggthemes
2024-10-26,1129,5898638,ggthemes
2024-10-27,1349,5899987,ggthemes
2024-10-28,3441,5903428,ggthemes
2024-10-29,3687,5907115,ggthemes
2024-10-30,2732,5909847,ggthemes
2024-10-31,2831,5912678,ggthemes
2024-11-01,1918,5914596,ggthemes
2024-11-02,1119,5915715,ggthemes
2024-11-03,1288,5917003,ggthemes
2024-11-04,2850,5919853,ggthemes
2024-11-05,3309,5923162,ggthemes
2024-11-06,2575,5925737,ggthemes
2024-11-07,2612,5928349,ggthemes
2024-11-08,2126,5930475,ggthemes
2024-11-09,1089,5931564,ggthemes
2024-11-10,1293,5932857,ggthemes
2024-11-11,2553,5935410,ggthemes
2024-11-12,2885,5938295,ggthemes
2024-11-13,2633,5940928,ggthemes
2024-11-14,2809,5943737,ggthemes
2024-11-15,2116,5945853,ggthemes
2024-11-16,1012,5946865,ggthemes
2024-11-17,1083,5947948,ggthemes
2024-11-18,2419,5950367,ggthemes
2024-11-19,3652,5954019,ggthemes
2024-11-20,3320,5957339,ggthemes
2024-11-21,2454,5959793,ggthemes
2024-11-22,1912,5961705,ggthemes
2024-11-23,1002,5962707,ggthemes
2024-11-24,955,5963662,ggthemes
2024-11-25,2182,5965844,ggthemes
2024-11-26,2323,5968167,ggthemes
2024-11-27,2148,5970315,ggthemes
2024-11-28,2085,5972400,ggthemes
2024-11-29,1402,5973802,ggthemes
2024-11-30,900,5974702,ggthemes
2024-12-01,1130,5975832,ggthemes
2024-12-02,2202,5978034,ggthemes
2024-12-03,2421,5980455,ggthemes
2024-12-04,2426,5982881,ggthemes
2024-12-05,2082,5984963,ggthemes
2024-12-06,1697,5986660,ggthemes
2024-12-07,873,5987533,ggthemes
2024-12-08,957,5988490,ggthemes
2024-12-09,1914,5990404,ggthemes
2024-12-10,2109,5992513,ggthemes
2024-12-11,2097,5994610,ggthemes
2024-12-12,1778,5996388,ggthemes
2024-12-13,1706,5998094,ggthemes
2024-12-14,728,5998822,ggthemes
2024-12-15,840,5999662,ggthemes
2024-12-16,1799,6001461,ggthemes
2024-12-17,2322,6003783,ggthemes
2024-12-18,1908,6005691,ggthemes
2024-12-19,1876,6007567,ggthemes
2024-12-20,1533,6009100,ggthemes
2024-12-21,904,6010004,ggthemes
2024-12-22,731,6010735,ggthemes
2024-12-23,1140,6011875,ggthemes
2024-12-24,856,6012731,ggthemes
2024-12-25,703,6013434,ggthemes
2024-12-26,859,6014293,ggthemes
2024-12-27,822,6015115,ggthemes
2024-12-28,550,6015665,ggthemes
2024-12-29,671,6016336,ggthemes
2024-12-30,1084,6017420,ggthemes
2024-12-31,920,6018340,ggthemes
2025-01-01,680,6019020,ggthemes
2025-01-02,1257,6020277,ggthemes
2025-01-03,1407,6021684,ggthemes
2025-01-04,782,6022466,ggthemes
2025-01-05,772,6023238,ggthemes
2025-01-06,1856,6025094,ggthemes
2025-01-07,1802,6026896,ggthemes
2025-01-08,2125,6029021,ggthemes
2025-01-09,1861,6030882,ggthemes
2025-01-10,1668,6032550,ggthemes
2025-01-11,761,6033311,ggthemes
2025-01-12,774,6034085,ggthemes
2025-01-13,2180,6036265,ggthemes
2025-01-14,2380,6038645,ggthemes
2025-01-15,3048,6041693,ggthemes
2025-01-16,2189,6043882,ggthemes
2025-01-17,1946,6045828,ggthemes
2025-01-18,894,6046722,ggthemes
2025-01-19,982,6047704,ggthemes
2025-01-20,1967,6049671,ggthemes
2025-01-21,2443,6052114,ggthemes
2025-01-22,2238,6054352,ggthemes
2025-01-23,2177,6056529,ggthemes
2025-01-24,1962,6058491,ggthemes
2025-01-25,927,6059418,ggthemes
2025-01-26,1090,6060508,ggthemes
2025-01-27,2011,6062519,ggthemes
2025-01-28,2476,6064995,ggthemes
2025-01-29,2309,6067304,ggthemes
2025-01-30,2478,6069782,ggthemes
2025-01-31,1772,6071554,ggthemes
2025-02-01,909,6072463,ggthemes
2025-02-02,1027,6073490,ggthemes
2025-02-03,2403,6075893,ggthemes
2025-02-04,2721,6078614,ggthemes
2025-02-05,2565,6081179,ggthemes
2025-02-06,2440,6083619,ggthemes
2025-02-07,2481,6086100,ggthemes
2025-02-08,1200,6087300,ggthemes
2025-02-09,1060,6088360,ggthemes
2025-02-10,2918,6091278,ggthemes
2025-02-11,3138,6094416,ggthemes
2025-02-12,3144,6097560,ggthemes
2025-02-13,3023,6100583,ggthemes
2025-02-14,2211,6102794,ggthemes
2025-02-15,975,6103769,ggthemes
2025-02-16,1098,6104867,ggthemes
2025-02-17,2361,6107228,ggthemes
2025-02-18,3020,6110248,ggthemes
2025-02-19,2889,6113137,ggthemes
2025-02-20,2681,6115818,ggthemes
2025-02-21,2062,6117880,ggthemes
2025-02-22,1108,6118988,ggthemes
2025-02-23,1125,6120113,ggthemes
2025-02-24,2795,6122908,ggthemes
2025-02-25,2922,6125830,ggthemes
2025-02-26,2745,6128575,ggthemes
2025-02-27,3033,6131608,ggthemes
2025-02-28,2427,6134035,ggthemes
2025-03-01,1069,6135104,ggthemes
2025-03-02,1504,6136608,ggthemes
2025-03-03,3073,6139681,ggthemes
2025-03-04,3752,6143433,ggthemes
2025-03-05,4265,6147698,ggthemes
2025-03-06,3329,6151027,ggthemes
2025-03-07,2325,6153352,ggthemes
2025-03-08,1399,6154751,ggthemes
2025-03-09,1087,6155838,ggthemes
2025-03-10,2804,6158642,ggthemes
2025-03-11,3108,6161750,ggthemes
2025-03-12,2913,6164663,ggthemes
2025-03-13,3566,6168229,ggthemes
2025-03-14,2142,6170371,ggthemes
2025-03-15,1370,6171741,ggthemes
2025-03-16,1351,6173092,ggthemes
2025-03-17,3051,6176143,ggthemes
2025-03-18,4676,6180819,ggthemes
2025-03-19,4150,6184969,ggthemes
2025-03-20,4339,6189308,ggthemes
2025-03-21,4207,6193515,ggthemes
2025-03-22,1578,6195093,ggthemes
2025-03-23,1279,6196372,ggthemes
2025-03-24,4671,6201043,ggthemes
2025-03-25,6420,6207463,ggthemes
2025-03-26,5561,6213024,ggthemes
2025-03-27,4043,6217067,ggthemes
2025-03-28,2796,6219863,ggthemes
2025-03-29,1276,6221139,ggthemes
2025-03-30,1273,6222412,ggthemes
2016-11-22,304,304,ggforce
2016-11-23,225,529,ggforce
2016-11-24,153,682,ggforce
2016-11-25,73,755,ggforce
2016-11-26,39,794,ggforce
2016-11-27,40,834,ggforce
2016-11-28,251,1085,ggforce
2016-11-29,158,1243,ggforce
2016-11-30,127,1370,ggforce
2016-12-01,106,1476,ggforce
2016-12-02,69,1545,ggforce
2016-12-03,56,1601,ggforce
2016-12-04,50,1651,ggforce
2016-12-05,67,1718,ggforce
2016-12-06,100,1818,ggforce
2016-12-07,150,1968,ggforce
2016-12-08,116,2084,ggforce
2016-12-09,57,2141,ggforce
2016-12-10,36,2177,ggforce
2016-12-11,42,2219,ggforce
2016-12-12,90,2309,ggforce
2016-12-13,82,2391,ggforce
2016-12-14,41,2432,ggforce
2016-12-15,44,2476,ggforce
2016-12-16,45,2521,ggforce
2016-12-17,19,2540,ggforce
2016-12-18,15,2555,ggforce
2016-12-19,59,2614,ggforce
2016-12-20,40,2654,ggforce
2016-12-21,82,2736,ggforce
2016-12-22,86,2822,ggforce
2016-12-23,36,2858,ggforce
2016-12-24,25,2883,ggforce
2016-12-25,40,2923,ggforce
2016-12-26,35,2958,ggforce
2016-12-27,47,3005,ggforce
2016-12-28,30,3035,ggforce
2016-12-29,25,3060,ggforce
2016-12-30,12,3072,ggforce
2016-12-31,24,3096,ggforce
2017-01-01,5,3101,ggforce
2017-01-02,25,3126,ggforce
2017-01-03,48,3174,ggforce
2017-01-04,50,3224,ggforce
2017-01-05,41,3265,ggforce
2017-01-06,24,3289,ggforce
2017-01-07,17,3306,ggforce
2017-01-08,16,3322,ggforce
2017-01-09,40,3362,ggforce
2017-01-10,36,3398,ggforce
2017-01-11,28,3426,ggforce
2017-01-12,41,3467,ggforce
2017-01-13,29,3496,ggforce
2017-01-14,29,3525,ggforce
2017-01-15,9,3534,ggforce
2017-01-16,55,3589,ggforce
2017-01-17,46,3635,ggforce
2017-01-18,47,3682,ggforce
2017-01-19,35,3717,ggforce
2017-01-20,42,3759,ggforce
2017-01-21,13,3772,ggforce
2017-01-22,15,3787,ggforce
2017-01-23,38,3825,ggforce
2017-01-24,33,3858,ggforce
2017-01-25,56,3914,ggforce
2017-01-26,57,3971,ggforce
2017-01-27,42,4013,ggforce
2017-01-28,16,4029,ggforce
2017-01-29,29,4058,ggforce
2017-01-30,39,4097,ggforce
2017-01-31,34,4131,ggforce
2017-02-01,39,4170,ggforce
2017-02-02,34,4204,ggforce
2017-02-03,76,4280,ggforce
2017-02-04,24,4304,ggforce
2017-02-05,33,4337,ggforce
2017-02-06,50,4387,ggforce
2017-02-07,55,4442,ggforce
2017-02-08,53,4495,ggforce
2017-02-09,60,4555,ggforce
2017-02-10,73,4628,ggforce
2017-02-11,10,4638,ggforce
2017-02-12,21,4659,ggforce
2017-02-13,42,4701,ggforce
2017-02-14,71,4772,ggforce
2017-02-15,96,4868,ggforce
2017-02-16,46,4914,ggforce
2017-02-17,42,4956,ggforce
2017-02-18,23,4979,ggforce
2017-02-19,49,5028,ggforce
2017-02-20,52,5080,ggforce
2017-02-21,111,5191,ggforce
2017-02-22,72,5263,ggforce
2017-02-23,62,5325,ggforce
2017-02-24,194,5519,ggforce
2017-02-25,112,5631,ggforce
2017-02-26,86,5717,ggforce
2017-02-27,139,5856,ggforce
2017-02-28,272,6128,ggforce
2017-03-01,91,6219,ggforce
2017-03-02,159,6378,ggforce
2017-03-03,175,6553,ggforce
2017-03-04,68,6621,ggforce
2017-03-05,53,6674,ggforce
2017-03-06,123,6797,ggforce
2017-03-07,86,6883,ggforce
2017-03-08,105,6988,ggforce
2017-03-09,81,7069,ggforce
2017-03-10,110,7179,ggforce
2017-03-11,49,7228,ggforce
2017-03-12,55,7283,ggforce
2017-03-13,95,7378,ggforce
2017-03-14,105,7483,ggforce
2017-03-15,91,7574,ggforce
2017-03-16,65,7639,ggforce
2017-03-17,97,7736,ggforce
2017-03-18,33,7769,ggforce
2017-03-19,48,7817,ggforce
2017-03-20,125,7942,ggforce
2017-03-21,96,8038,ggforce
2017-03-22,156,8194,ggforce
2017-03-23,166,8360,ggforce
2017-03-24,123,8483,ggforce
2017-03-25,53,8536,ggforce
2017-03-26,52,8588,ggforce
2017-03-27,90,8678,ggforce
2017-03-28,90,8768,ggforce
2017-03-29,98,8866,ggforce
2017-03-30,94,8960,ggforce
2017-03-31,83,9043,ggforce
2017-04-01,39,9082,ggforce
2017-04-02,47,9129,ggforce
2017-04-03,123,9252,ggforce
2017-04-04,199,9451,ggforce
2017-04-05,158,9609,ggforce
2017-04-06,123,9732,ggforce
2017-04-07,62,9794,ggforce
2017-04-08,50,9844,ggforce
2017-04-09,81,9925,ggforce
2017-04-10,100,10025,ggforce
2017-04-11,97,10122,ggforce
2017-04-12,97,10219,ggforce
2017-04-13,68,10287,ggforce
2017-04-14,43,10330,ggforce
2017-04-15,41,10371,ggforce
2017-04-16,29,10400,ggforce
2017-04-17,75,10475,ggforce
2017-04-18,66,10541,ggforce
2017-04-19,58,10599,ggforce
2017-04-20,73,10672,ggforce
2017-04-21,79,10751,ggforce
2017-04-22,69,10820,ggforce
2017-04-23,45,10865,ggforce
2017-04-24,118,10983,ggforce
2017-04-25,130,11113,ggforce
2017-04-26,126,11239,ggforce
2017-04-27,105,11344,ggforce
2017-04-28,94,11438,ggforce
2017-04-29,30,11468,ggforce
2017-04-30,40,11508,ggforce
2017-05-01,78,11586,ggforce
2017-05-02,136,11722,ggforce
2017-05-03,109,11831,ggforce
2017-05-04,109,11940,ggforce
2017-05-05,115,12055,ggforce
2017-05-06,66,12121,ggforce
2017-05-07,64,12185,ggforce
2017-05-08,85,12270,ggforce
2017-05-09,133,12403,ggforce
2017-05-10,161,12564,ggforce
2017-05-11,148,12712,ggforce
2017-05-12,57,12769,ggforce
2017-05-13,45,12814,ggforce
2017-05-14,40,12854,ggforce
2017-05-15,80,12934,ggforce
2017-05-16,93,13027,ggforce
2017-05-17,85,13112,ggforce
2017-05-18,82,13194,ggforce
2017-05-19,99,13293,ggforce
2017-05-20,40,13333,ggforce
2017-05-21,50,13383,ggforce
2017-05-22,98,13481,ggforce
2017-05-23,120,13601,ggforce
2017-05-24,105,13706,ggforce
2017-05-25,136,13842,ggforce
2017-05-26,108,13950,ggforce
2017-05-27,32,13982,ggforce
2017-05-28,53,14035,ggforce
2017-05-29,67,14102,ggforce
2017-05-30,98,14200,ggforce
2017-05-31,108,14308,ggforce
2017-06-01,106,14414,ggforce
2017-06-02,99,14513,ggforce
2017-06-03,54,14567,ggforce
2017-06-04,29,14596,ggforce
2017-06-05,132,14728,ggforce
2017-06-06,95,14823,ggforce
2017-06-07,84,14907,ggforce
2017-06-08,98,15005,ggforce
2017-06-09,84,15089,ggforce
2017-06-10,59,15148,ggforce
2017-06-11,63,15211,ggforce
2017-06-12,92,15303,ggforce
2017-06-13,86,15389,ggforce
2017-06-14,115,15504,ggforce
2017-06-15,120,15624,ggforce
2017-06-16,131,15755,ggforce
2017-06-17,30,15785,ggforce
2017-06-18,56,15841,ggforce
2017-06-19,121,15962,ggforce
2017-06-20,142,16104,ggforce
2017-06-21,81,16185,ggforce
2017-06-22,84,16269,ggforce
2017-06-23,101,16370,ggforce
2017-06-24,41,16411,ggforce
2017-06-25,33,16444,ggforce
2017-06-26,144,16588,ggforce
2017-06-27,111,16699,ggforce
2017-06-28,136,16835,ggforce
2017-06-29,83,16918,ggforce
2017-06-30,60,16978,ggforce
2017-07-01,45,17023,ggforce
2017-07-02,28,17051,ggforce
2017-07-03,66,17117,ggforce
2017-07-04,62,17179,ggforce
2017-07-05,107,17286,ggforce
2017-07-06,90,17376,ggforce
2017-07-07,123,17499,ggforce
2017-07-08,44,17543,ggforce
2017-07-09,34,17577,ggforce
2017-07-10,130,17707,ggforce
2017-07-11,68,17775,ggforce
2017-07-12,112,17887,ggforce
2017-07-13,114,18001,ggforce
2017-07-14,64,18065,ggforce
2017-07-15,43,18108,ggforce
2017-07-16,56,18164,ggforce
2017-07-17,68,18232,ggforce
2017-07-18,82,18314,ggforce
2017-07-19,84,18398,ggforce
2017-07-20,129,18527,ggforce
2017-07-21,92,18619,ggforce
2017-07-22,65,18684,ggforce
2017-07-23,30,18714,ggforce
2017-07-24,111,18825,ggforce
2017-07-25,106,18931,ggforce
2017-07-26,72,19003,ggforce
2017-07-27,90,19093,ggforce
2017-07-28,74,19167,ggforce
2017-07-29,32,19199,ggforce
2017-07-30,34,19233,ggforce
2017-07-31,66,19299,ggforce
2017-08-01,87,19386,ggforce
2017-08-02,67,19453,ggforce
2017-08-03,85,19538,ggforce
2017-08-04,90,19628,ggforce
2017-08-05,52,19680,ggforce
2017-08-06,31,19711,ggforce
2017-08-07,72,19783,ggforce
2017-08-08,72,19855,ggforce
2017-08-09,89,19944,ggforce
2017-08-10,67,20011,ggforce
2017-08-11,113,20124,ggforce
2017-08-12,40,20164,ggforce
2017-08-13,34,20198,ggforce
2017-08-14,79,20277,ggforce
2017-08-15,81,20358,ggforce
2017-08-16,68,20426,ggforce
2017-08-17,79,20505,ggforce
2017-08-18,79,20584,ggforce
2017-08-19,44,20628,ggforce
2017-08-20,50,20678,ggforce
2017-08-21,78,20756,ggforce
2017-08-22,113,20869,ggforce
2017-08-23,143,21012,ggforce
2017-08-24,117,21129,ggforce
2017-08-25,72,21201,ggforce
2017-08-26,42,21243,ggforce
2017-08-27,38,21281,ggforce
2017-08-28,176,21457,ggforce
2017-08-29,177,21634,ggforce
2017-08-30,142,21776,ggforce
2017-08-31,165,21941,ggforce
2017-09-01,120,22061,ggforce
2017-09-02,38,22099,ggforce
2017-09-03,26,22125,ggforce
2017-09-04,96,22221,ggforce
2017-09-05,141,22362,ggforce
2017-09-06,144,22506,ggforce
2017-09-07,106,22612,ggforce
2017-09-08,126,22738,ggforce
2017-09-09,45,22783,ggforce
2017-09-10,62,22845,ggforce
2017-09-11,77,22922,ggforce
2017-09-12,136,23058,ggforce
2017-09-13,117,23175,ggforce
2017-09-14,112,23287,ggforce
2017-09-15,88,23375,ggforce
2017-09-16,55,23430,ggforce
2017-09-17,81,23511,ggforce
2017-09-18,119,23630,ggforce
2017-09-19,110,23740,ggforce
2017-09-20,148,23888,ggforce
2017-09-21,160,24048,ggforce
2017-09-22,105,24153,ggforce
2017-09-23,62,24215,ggforce
2017-09-24,46,24261,ggforce
2017-09-25,119,24380,ggforce
2017-09-26,121,24501,ggforce
2017-09-27,164,24665,ggforce
2017-09-28,114,24779,ggforce
2017-09-29,107,24886,ggforce
2017-09-30,47,24933,ggforce
2017-10-01,58,24991,ggforce
2017-10-02,121,25112,ggforce
2017-10-03,176,25288,ggforce
2017-10-04,184,25472,ggforce
2017-10-05,151,25623,ggforce
2017-10-06,114,25737,ggforce
2017-10-07,107,25844,ggforce
2017-10-08,61,25905,ggforce
2017-10-09,135,26040,ggforce
2017-10-10,136,26176,ggforce
2017-10-11,127,26303,ggforce
2017-10-12,92,26395,ggforce
2017-10-13,109,26504,ggforce
2017-10-14,49,26553,ggforce
2017-10-15,61,26614,ggforce
2017-10-16,146,26760,ggforce
2017-10-17,168,26928,ggforce
2017-10-18,102,27030,ggforce
2017-10-19,131,27161,ggforce
2017-10-20,136,27297,ggforce
2017-10-21,63,27360,ggforce
2017-10-22,71,27431,ggforce
2017-10-23,123,27554,ggforce
2017-10-24,145,27699,ggforce
2017-10-25,148,27847,ggforce
2017-10-26,191,28038,ggforce
2017-10-27,151,28189,ggforce
2017-10-28,78,28267,ggforce
2017-10-29,78,28345,ggforce
2017-10-30,144,28489,ggforce
2017-10-31,140,28629,ggforce
2017-11-01,169,28798,ggforce
2017-11-02,161,28959,ggforce
2017-11-03,130,29089,ggforce
2017-11-04,67,29156,ggforce
2017-11-05,71,29227,ggforce
2017-11-06,205,29432,ggforce
2017-11-07,163,29595,ggforce
2017-11-08,224,29819,ggforce
2017-11-09,195,30014,ggforce
2017-11-10,163,30177,ggforce
2017-11-11,74,30251,ggforce
2017-11-12,71,30322,ggforce
2017-11-13,136,30458,ggforce
2017-11-14,154,30612,ggforce
2017-11-15,138,30750,ggforce
2017-11-16,128,30878,ggforce
2017-11-17,147,31025,ggforce
2017-11-18,105,31130,ggforce
2017-11-19,69,31199,ggforce
2017-11-20,128,31327,ggforce
2017-11-21,219,31546,ggforce
2017-11-22,187,31733,ggforce
2017-11-23,157,31890,ggforce
2017-11-24,122,32012,ggforce
2017-11-25,59,32071,ggforce
2017-11-26,66,32137,ggforce
2017-11-27,171,32308,ggforce
2017-11-28,217,32525,ggforce
2017-11-29,172,32697,ggforce
2017-11-30,178,32875,ggforce
2017-12-01,145,33020,ggforce
2017-12-02,117,33137,ggforce
2017-12-03,77,33214,ggforce
2017-12-04,195,33409,ggforce
2017-12-05,186,33595,ggforce
2017-12-06,169,33764,ggforce
2017-12-07,120,33884,ggforce
2017-12-08,137,34021,ggforce
2017-12-09,76,34097,ggforce
2017-12-10,63,34160,ggforce
2017-12-11,170,34330,ggforce
2017-12-12,147,34477,ggforce
2017-12-13,134,34611,ggforce
2017-12-14,171,34782,ggforce
2017-12-15,136,34918,ggforce
2017-12-16,62,34980,ggforce
2017-12-17,58,35038,ggforce
2017-12-18,126,35164,ggforce
2017-12-19,164,35328,ggforce
2017-12-20,142,35470,ggforce
2017-12-21,121,35591,ggforce
2017-12-22,85,35676,ggforce
2017-12-23,36,35712,ggforce
2017-12-24,42,35754,ggforce
2017-12-25,44,35798,ggforce
2017-12-26,124,35922,ggforce
2017-12-27,91,36013,ggforce
2017-12-28,108,36121,ggforce
2017-12-29,90,36211,ggforce
2017-12-30,51,36262,ggforce
2017-12-31,39,36301,ggforce
2018-01-01,35,36336,ggforce
2018-01-02,106,36442,ggforce
2018-01-03,89,36531,ggforce
2018-01-04,155,36686,ggforce
2018-01-05,129,36815,ggforce
2018-01-06,83,36898,ggforce
2018-01-07,74,36972,ggforce
2018-01-08,163,37135,ggforce
2018-01-09,166,37301,ggforce
2018-01-10,193,37494,ggforce
2018-01-11,234,37728,ggforce
2018-01-12,116,37844,ggforce
2018-01-13,95,37939,ggforce
2018-01-14,137,38076,ggforce
2018-01-15,119,38195,ggforce
2018-01-16,137,38332,ggforce
2018-01-17,153,38485,ggforce
2018-01-18,159,38644,ggforce
2018-01-19,123,38767,ggforce
2018-01-20,45,38812,ggforce
2018-01-21,72,38884,ggforce
2018-01-22,141,39025,ggforce
2018-01-23,152,39177,ggforce
2018-01-24,167,39344,ggforce
2018-01-25,215,39559,ggforce
2018-01-26,255,39814,ggforce
2018-01-27,110,39924,ggforce
2018-01-28,91,40015,ggforce
2018-01-29,211,40226,ggforce
2018-01-30,752,40978,ggforce
2018-01-31,224,41202,ggforce
2018-02-01,198,41400,ggforce
2018-02-02,184,41584,ggforce
2018-02-03,99,41683,ggforce
2018-02-04,97,41780,ggforce
2018-02-05,173,41953,ggforce
2018-02-06,198,42151,ggforce
2018-02-07,175,42326,ggforce
2018-02-08,179,42505,ggforce
2018-02-09,163,42668,ggforce
2018-02-10,70,42738,ggforce
2018-02-11,77,42815,ggforce
2018-02-12,190,43005,ggforce
2018-02-13,168,43173,ggforce
2018-02-14,173,43346,ggforce
2018-02-15,163,43509,ggforce
2018-02-16,161,43670,ggforce
2018-02-17,51,43721,ggforce
2018-02-18,57,43778,ggforce
2018-02-19,191,43969,ggforce
2018-02-20,178,44147,ggforce
2018-02-21,171,44318,ggforce
2018-02-22,167,44485,ggforce
2018-02-23,192,44677,ggforce
2018-02-24,93,44770,ggforce
2018-02-25,94,44864,ggforce
2018-02-26,179,45043,ggforce
2018-02-27,226,45269,ggforce
2018-02-28,182,45451,ggforce
2018-03-01,250,45701,ggforce
2018-03-02,161,45862,ggforce
2018-03-03,110,45972,ggforce
2018-03-04,100,46072,ggforce
2018-03-05,222,46294,ggforce
2018-03-06,297,46591,ggforce
2018-03-07,284,46875,ggforce
2018-03-08,224,47099,ggforce
2018-03-09,166,47265,ggforce
2018-03-10,94,47359,ggforce
2018-03-11,89,47448,ggforce
2018-03-12,207,47655,ggforce
2018-03-13,190,47845,ggforce
2018-03-14,214,48059,ggforce
2018-03-15,189,48248,ggforce
2018-03-16,167,48415,ggforce
2018-03-17,122,48537,ggforce
2018-03-18,100,48637,ggforce
2018-03-19,181,48818,ggforce
2018-03-20,274,49092,ggforce
2018-03-21,207,49299,ggforce
2018-03-22,240,49539,ggforce
2018-03-23,177,49716,ggforce
2018-03-24,91,49807,ggforce
2018-03-25,101,49908,ggforce
2018-03-26,169,50077,ggforce
2018-03-27,158,50235,ggforce
2018-03-28,206,50441,ggforce
2018-03-29,158,50599,ggforce
2018-03-30,123,50722,ggforce
2018-03-31,72,50794,ggforce
2018-04-01,70,50864,ggforce
2018-04-02,173,51037,ggforce
2018-04-03,245,51282,ggforce
2018-04-04,303,51585,ggforce
2018-04-05,226,51811,ggforce
2018-04-06,191,52002,ggforce
2018-04-07,121,52123,ggforce
2018-04-08,95,52218,ggforce
2018-04-09,247,52465,ggforce
2018-04-10,318,52783,ggforce
2018-04-11,315,53098,ggforce
2018-04-12,210,53308,ggforce
2018-04-13,173,53481,ggforce
2018-04-14,147,53628,ggforce
2018-04-15,115,53743,ggforce
2018-04-16,224,53967,ggforce
2018-04-17,239,54206,ggforce
2018-04-18,280,54486,ggforce
2018-04-19,227,54713,ggforce
2018-04-20,274,54987,ggforce
2018-04-21,85,55072,ggforce
2018-04-22,102,55174,ggforce
2018-04-23,241,55415,ggforce
2018-04-24,387,55802,ggforce
2018-04-25,431,56233,ggforce
2018-04-26,376,56609,ggforce
2018-04-27,345,56954,ggforce
2018-04-28,166,57120,ggforce
2018-04-29,155,57275,ggforce
2018-04-30,298,57573,ggforce
2018-05-01,265,57838,ggforce
2018-05-02,325,58163,ggforce
2018-05-03,361,58524,ggforce
2018-05-04,291,58815,ggforce
2018-05-05,170,58985,ggforce
2018-05-06,178,59163,ggforce
2018-05-07,332,59495,ggforce
2018-05-08,329,59824,ggforce
2018-05-09,379,60203,ggforce
2018-05-10,338,60541,ggforce
2018-05-11,247,60788,ggforce
2018-05-12,150,60938,ggforce
2018-05-13,124,61062,ggforce
2018-05-14,327,61389,ggforce
2018-05-15,325,61714,ggforce
2018-05-16,287,62001,ggforce
2018-05-17,291,62292,ggforce
2018-05-18,251,62543,ggforce
2018-05-19,132,62675,ggforce
2018-05-20,109,62784,ggforce
2018-05-21,226,63010,ggforce
2018-05-22,305,63315,ggforce
2018-05-23,352,63667,ggforce
2018-05-24,261,63928,ggforce
2018-05-25,260,64188,ggforce
2018-05-26,112,64300,ggforce
2018-05-27,204,64504,ggforce
2018-05-28,1229,65733,ggforce
2018-05-29,984,66717,ggforce
2018-05-30,603,67320,ggforce
2018-05-31,487,67807,ggforce
2018-06-01,483,68290,ggforce
2018-06-02,201,68491,ggforce
2018-06-03,171,68662,ggforce
2018-06-04,454,69116,ggforce
2018-06-05,402,69518,ggforce
2018-06-06,424,69942,ggforce
2018-06-07,432,70374,ggforce
2018-06-08,341,70715,ggforce
2018-06-09,175,70890,ggforce
2018-06-10,200,71090,ggforce
2018-06-11,418,71508,ggforce
2018-06-12,412,71920,ggforce
2018-06-13,466,72386,ggforce
2018-06-14,438,72824,ggforce
2018-06-15,313,73137,ggforce
2018-06-16,176,73313,ggforce
2018-06-17,141,73454,ggforce
2018-06-18,356,73810,ggforce
2018-06-19,374,74184,ggforce
2018-06-20,465,74649,ggforce
2018-06-21,439,75088,ggforce
2018-06-22,341,75429,ggforce
2018-06-23,198,75627,ggforce
2018-06-24,160,75787,ggforce
2018-06-25,388,76175,ggforce
2018-06-26,802,76977,ggforce
2018-06-27,764,77741,ggforce
2018-06-28,458,78199,ggforce
2018-06-29,546,78745,ggforce
2018-06-30,158,78903,ggforce
2018-07-01,114,79017,ggforce
2018-07-02,317,79334,ggforce
2018-07-03,674,80008,ggforce
2018-07-04,702,80710,ggforce
2018-07-05,637,81347,ggforce
2018-07-06,329,81676,ggforce
2018-07-07,486,82162,ggforce
2018-07-08,1013,83175,ggforce
2018-07-09,917,84092,ggforce
2018-07-10,845,84937,ggforce
2018-07-11,745,85682,ggforce
2018-07-12,605,86287,ggforce
2018-07-13,488,86775,ggforce
2018-07-14,210,86985,ggforce
2018-07-15,216,87201,ggforce
2018-07-16,487,87688,ggforce
2018-07-17,514,88202,ggforce
2018-07-18,549,88751,ggforce
2018-07-19,507,89258,ggforce
2018-07-20,341,89599,ggforce
2018-07-21,209,89808,ggforce
2018-07-22,268,90076,ggforce
2018-07-23,485,90561,ggforce
2018-07-24,472,91033,ggforce
2018-07-25,421,91454,ggforce
2018-07-26,462,91916,ggforce
2018-07-27,401,92317,ggforce
2018-07-28,226,92543,ggforce
2018-07-29,207,92750,ggforce
2018-07-30,448,93198,ggforce
2018-07-31,576,93774,ggforce
2018-08-01,417,94191,ggforce
2018-08-02,454,94645,ggforce
2018-08-03,327,94972,ggforce
2018-08-04,198,95170,ggforce
2018-08-05,180,95350,ggforce
2018-08-06,419,95769,ggforce
2018-08-07,427,96196,ggforce
2018-08-08,423,96619,ggforce
2018-08-09,482,97101,ggforce
2018-08-10,479,97580,ggforce
2018-08-11,180,97760,ggforce
2018-08-12,170,97930,ggforce
2018-08-13,389,98319,ggforce
2018-08-14,406,98725,ggforce
2018-08-15,395,99120,ggforce
2018-08-16,455,99575,ggforce
2018-08-17,336,99911,ggforce
2018-08-18,180,100091,ggforce
2018-08-19,139,100230,ggforce
2018-08-20,393,100623,ggforce
2018-08-21,362,100985,ggforce
2018-08-22,410,101395,ggforce
2018-08-23,472,101867,ggforce
2018-08-24,434,102301,ggforce
2018-08-25,160,102461,ggforce
2018-08-26,170,102631,ggforce
2018-08-27,355,102986,ggforce
2018-08-28,429,103415,ggforce
2018-08-29,473,103888,ggforce
2018-08-30,443,104331,ggforce
2018-08-31,355,104686,ggforce
2018-09-01,140,104826,ggforce
2018-09-02,199,105025,ggforce
2018-09-03,358,105383,ggforce
2018-09-04,448,105831,ggforce
2018-09-05,398,106229,ggforce
2018-09-06,423,106652,ggforce
2018-09-07,402,107054,ggforce
2018-09-08,198,107252,ggforce
2018-09-09,158,107410,ggforce
2018-09-10,433,107843,ggforce
2018-09-11,414,108257,ggforce
2018-09-12,528,108785,ggforce
2018-09-13,689,109474,ggforce
2018-09-14,495,109969,ggforce
2018-09-15,266,110235,ggforce
2018-09-16,265,110500,ggforce
2018-09-17,736,111236,ggforce
2018-09-18,573,111809,ggforce
2018-09-19,591,112400,ggforce
2018-09-20,641,113041,ggforce
2018-09-21,418,113459,ggforce
2018-09-22,255,113714,ggforce
2018-09-23,246,113960,ggforce
2018-09-24,488,114448,ggforce
2018-09-25,503,114951,ggforce
2018-09-26,798,115749,ggforce
2018-09-27,759,116508,ggforce
2018-09-28,497,117005,ggforce
2018-09-29,294,117299,ggforce
2018-09-30,263,117562,ggforce
2018-10-01,524,118086,ggforce
2018-10-02,602,118688,ggforce
2018-10-03,563,119251,ggforce
2018-10-04,524,119775,ggforce
2018-10-05,440,120215,ggforce
2018-10-06,310,120525,ggforce
2018-10-07,238,120763,ggforce
2018-10-08,516,121279,ggforce
2018-10-09,564,121843,ggforce
2018-10-10,719,122562,ggforce
2018-10-11,539,123101,ggforce
2018-10-12,547,123648,ggforce
2018-10-13,251,123899,ggforce
2018-10-14,294,124193,ggforce
2018-10-15,580,124773,ggforce
2018-10-16,678,125451,ggforce
2018-10-17,647,126098,ggforce
2018-10-18,545,126643,ggforce
2018-10-19,574,127217,ggforce
2018-10-20,280,127497,ggforce
2018-10-21,357,127854,ggforce
2018-10-22,586,128440,ggforce
2018-10-23,582,129022,ggforce
2018-10-24,685,129707,ggforce
2018-10-25,610,130317,ggforce
2018-10-26,629,130946,ggforce
2018-10-27,308,131254,ggforce
2018-10-28,267,131521,ggforce
2018-10-29,635,132156,ggforce
2018-10-30,670,132826,ggforce
2018-10-31,659,133485,ggforce
2018-11-01,562,134047,ggforce
2018-11-02,543,134590,ggforce
2018-11-03,410,135000,ggforce
2018-11-04,282,135282,ggforce
2018-11-05,690,135972,ggforce
2018-11-06,826,136798,ggforce
2018-11-07,683,137481,ggforce
2018-11-08,756,138237,ggforce
2018-11-09,623,138860,ggforce
2018-11-10,356,139216,ggforce
2018-11-11,363,139579,ggforce
2018-11-12,768,140347,ggforce
2018-11-13,802,141149,ggforce
2018-11-14,783,141932,ggforce
2018-11-15,726,142658,ggforce
2018-11-16,693,143351,ggforce
2018-11-17,415,143766,ggforce
2018-11-18,376,144142,ggforce
2018-11-19,702,144844,ggforce
2018-11-20,658,145502,ggforce
2018-11-21,726,146228,ggforce
2018-11-22,616,146844,ggforce
2018-11-23,448,147292,ggforce
2018-11-24,350,147642,ggforce
2018-11-25,359,148001,ggforce
2018-11-26,716,148717,ggforce
2018-11-27,742,149459,ggforce
2018-11-28,750,150209,ggforce
2018-11-29,761,150970,ggforce
2018-11-30,774,151744,ggforce
2018-12-01,337,152081,ggforce
2018-12-02,336,152417,ggforce
2018-12-03,750,153167,ggforce
2018-12-04,888,154055,ggforce
2018-12-05,744,154799,ggforce
2018-12-06,731,155530,ggforce
2018-12-07,712,156242,ggforce
2018-12-08,390,156632,ggforce
2018-12-09,381,157013,ggforce
2018-12-10,653,157666,ggforce
2018-12-11,667,158333,ggforce
2018-12-12,655,158988,ggforce
2018-12-13,683,159671,ggforce
2018-12-14,627,160298,ggforce
2018-12-15,356,160654,ggforce
2018-12-16,349,161003,ggforce
2018-12-17,591,161594,ggforce
2018-12-18,692,162286,ggforce
2018-12-19,645,162931,ggforce
2018-12-20,642,163573,ggforce
2018-12-21,554,164127,ggforce
2018-12-22,327,164454,ggforce
2018-12-23,359,164813,ggforce
2018-12-24,381,165194,ggforce
2018-12-25,326,165520,ggforce
2018-12-26,414,165934,ggforce
2018-12-27,424,166358,ggforce
2018-12-28,421,166779,ggforce
2018-12-29,356,167135,ggforce
2018-12-30,308,167443,ggforce
2018-12-31,335,167778,ggforce
2019-01-01,347,168125,ggforce
2019-01-02,615,168740,ggforce
2019-01-03,699,169439,ggforce
2019-01-04,606,170045,ggforce
2019-01-05,413,170458,ggforce
2019-01-06,408,170866,ggforce
2019-01-07,807,171673,ggforce
2019-01-08,742,172415,ggforce
2019-01-09,779,173194,ggforce
2019-01-10,765,173959,ggforce
2019-01-11,618,174577,ggforce
2019-01-12,417,174994,ggforce
2019-01-13,447,175441,ggforce
2019-01-14,775,176216,ggforce
2019-01-15,864,177080,ggforce
2019-01-16,770,177850,ggforce
2019-01-17,970,178820,ggforce
2019-01-18,830,179650,ggforce
2019-01-19,566,180216,ggforce
2019-01-20,525,180741,ggforce
2019-01-21,786,181527,ggforce
2019-01-22,898,182425,ggforce
2019-01-23,1035,183460,ggforce
2019-01-24,997,184457,ggforce
2019-01-25,866,185323,ggforce
2019-01-26,578,185901,ggforce
2019-01-27,696,186597,ggforce
2019-01-28,1043,187640,ggforce
2019-01-29,1087,188727,ggforce
2019-01-30,952,189679,ggforce
2019-01-31,979,190658,ggforce
2019-02-01,933,191591,ggforce
2019-02-02,612,192203,ggforce
2019-02-03,676,192879,ggforce
2019-02-04,952,193831,ggforce
2019-02-05,930,194761,ggforce
2019-02-06,873,195634,ggforce
2019-02-07,1037,196671,ggforce
2019-02-08,836,197507,ggforce
2019-02-09,616,198123,ggforce
2019-02-10,680,198803,ggforce
2019-02-11,999,199802,ggforce
2019-02-12,1025,200827,ggforce
2019-02-13,1048,201875,ggforce
2019-02-14,1040,202915,ggforce
2019-02-15,1012,203927,ggforce
2019-02-16,718,204645,ggforce
2019-02-17,636,205281,ggforce
2019-02-18,1085,206366,ggforce
2019-02-19,1055,207421,ggforce
2019-02-20,1008,208429,ggforce
2019-02-21,1145,209574,ggforce
2019-02-22,976,210550,ggforce
2019-02-23,578,211128,ggforce
2019-02-24,565,211693,ggforce
2019-02-25,1013,212706,ggforce
2019-02-26,1053,213759,ggforce
2019-02-27,879,214638,ggforce
2019-02-28,927,215565,ggforce
2019-03-01,807,216372,ggforce
2019-03-02,400,216772,ggforce
2019-03-03,439,217211,ggforce
2019-03-04,639,217850,ggforce
2019-03-05,806,218656,ggforce
2019-03-06,903,219559,ggforce
2019-03-07,2030,221589,ggforce
2019-03-08,2196,223785,ggforce
2019-03-09,744,224529,ggforce
2019-03-10,676,225205,ggforce
2019-03-11,1372,226577,ggforce
2019-03-12,2486,229063,ggforce
2019-03-13,2421,231484,ggforce
2019-03-14,1812,233296,ggforce
2019-03-15,1355,234651,ggforce
2019-03-16,765,235416,ggforce
2019-03-17,759,236175,ggforce
2019-03-18,1410,237585,ggforce
2019-03-19,1414,238999,ggforce
2019-03-20,1272,240271,ggforce
2019-03-21,1229,241500,ggforce
2019-03-22,1085,242585,ggforce
2019-03-23,601,243186,ggforce
2019-03-24,615,243801,ggforce
2019-03-25,1172,244973,ggforce
2019-03-26,1291,246264,ggforce
2019-03-27,1221,247485,ggforce
2019-03-28,1248,248733,ggforce
2019-03-29,1038,249771,ggforce
2019-03-30,550,250321,ggforce
2019-03-31,539,250860,ggforce
2019-04-01,1026,251886,ggforce
2019-04-02,1089,252975,ggforce
2019-04-03,1117,254092,ggforce
2019-04-04,1112,255204,ggforce
2019-04-05,944,256148,ggforce
2019-04-06,573,256721,ggforce
2019-04-07,593,257314,ggforce
2019-04-08,1028,258342,ggforce
2019-04-09,1038,259380,ggforce
2019-04-10,1060,260440,ggforce
2019-04-11,1076,261516,ggforce
2019-04-12,939,262455,ggforce
2019-04-13,506,262961,ggforce
2019-04-14,561,263522,ggforce
2019-04-15,1098,264620,ggforce
2019-04-16,1002,265622,ggforce
2019-04-17,957,266579,ggforce
2019-04-18,962,267541,ggforce
2019-04-19,832,268373,ggforce
2019-04-20,539,268912,ggforce
2019-04-21,508,269420,ggforce
2019-04-22,785,270205,ggforce
2019-04-23,2024,272229,ggforce
2019-04-24,2366,274595,ggforce
2019-04-25,1825,276420,ggforce
2019-04-26,1438,277858,ggforce
2019-04-27,848,278706,ggforce
2019-04-28,877,279583,ggforce
2019-04-29,1591,281174,ggforce
2019-04-30,1465,282639,ggforce
2019-05-01,1220,283859,ggforce
2019-05-02,1513,285372,ggforce
2019-05-03,1280,286652,ggforce
2019-05-04,683,287335,ggforce
2019-05-05,687,288022,ggforce
2019-05-06,1399,289421,ggforce
2019-05-07,1316,290737,ggforce
2019-05-08,1364,292101,ggforce
2019-05-09,1299,293400,ggforce
2019-05-10,1156,294556,ggforce
2019-05-11,575,295131,ggforce
2019-05-12,593,295724,ggforce
2019-05-13,1238,296962,ggforce
2019-05-14,1251,298213,ggforce
2019-05-15,1333,299546,ggforce
2019-05-16,1173,300719,ggforce
2019-05-17,1066,301785,ggforce
2019-05-18,568,302353,ggforce
2019-05-19,614,302967,ggforce
2019-05-20,1133,304100,ggforce
2019-05-21,1180,305280,ggforce
2019-05-22,1119,306399,ggforce
2019-05-23,1054,307453,ggforce
2019-05-24,1032,308485,ggforce
2019-05-25,535,309020,ggforce
2019-05-26,520,309540,ggforce
2019-05-27,1065,310605,ggforce
2019-05-28,1071,311676,ggforce
2019-05-29,1089,312765,ggforce
2019-05-30,1016,313781,ggforce
2019-05-31,990,314771,ggforce
2019-06-01,539,315310,ggforce
2019-06-02,496,315806,ggforce
2019-06-03,1019,316825,ggforce
2019-06-04,1170,317995,ggforce
2019-06-05,999,318994,ggforce
2019-06-06,958,319952,ggforce
2019-06-07,933,320885,ggforce
2019-06-08,515,321400,ggforce
2019-06-09,533,321933,ggforce
2019-06-10,903,322836,ggforce
2019-06-11,1097,323933,ggforce
2019-06-12,1029,324962,ggforce
2019-06-13,971,325933,ggforce
2019-06-14,970,326903,ggforce
2019-06-15,479,327382,ggforce
2019-06-16,525,327907,ggforce
2019-06-17,1017,328924,ggforce
2019-06-18,1040,329964,ggforce
2019-06-19,1066,331030,ggforce
2019-06-20,1031,332061,ggforce
2019-06-21,934,332995,ggforce
2019-06-22,482,333477,ggforce
2019-06-23,499,333976,ggforce
2019-06-24,1106,335082,ggforce
2019-06-25,1116,336198,ggforce
2019-06-26,975,337173,ggforce
2019-06-27,1067,338240,ggforce
2019-06-28,963,339203,ggforce
2019-06-29,454,339657,ggforce
2019-06-30,465,340122,ggforce
2019-07-01,1028,341150,ggforce
2019-07-02,1053,342203,ggforce
2019-07-03,1122,343325,ggforce
2019-07-04,972,344297,ggforce
2019-07-05,816,345113,ggforce
2019-07-06,511,345624,ggforce
2019-07-07,462,346086,ggforce
2019-07-08,1001,347087,ggforce
2019-07-09,1087,348174,ggforce
2019-07-10,1081,349255,ggforce
2019-07-11,1021,350276,ggforce
2019-07-12,924,351200,ggforce
2019-07-13,476,351676,ggforce
2019-07-14,550,352226,ggforce
2019-07-15,920,353146,ggforce
2019-07-16,1012,354158,ggforce
2019-07-17,1223,355381,ggforce
2019-07-18,1057,356438,ggforce
2019-07-19,1167,357605,ggforce
2019-07-20,473,358078,ggforce
2019-07-21,502,358580,ggforce
2019-07-22,1023,359603,ggforce
2019-07-23,1156,360759,ggforce
2019-07-24,1229,361988,ggforce
2019-07-25,1037,363025,ggforce
2019-07-26,918,363943,ggforce
2019-07-27,525,364468,ggforce
2019-07-28,519,364987,ggforce
2019-07-29,963,365950,ggforce
2019-07-30,1030,366980,ggforce
2019-07-31,1106,368086,ggforce
2019-08-01,869,368955,ggforce
2019-08-02,890,369845,ggforce
2019-08-03,445,370290,ggforce
2019-08-04,415,370705,ggforce
2019-08-05,957,371662,ggforce
2019-08-06,1056,372718,ggforce
2019-08-07,1002,373720,ggforce
2019-08-08,1032,374752,ggforce
2019-08-09,2555,377307,ggforce
2019-08-10,1201,378508,ggforce
2019-08-11,993,379501,ggforce
2019-08-12,2066,381567,ggforce
2019-08-13,1831,383398,ggforce
2019-08-14,1655,385053,ggforce
2019-08-15,1367,386420,ggforce
2019-08-16,1268,387688,ggforce
2019-08-17,720,388408,ggforce
2019-08-18,610,389018,ggforce
2019-08-19,1523,390541,ggforce
2019-08-20,2369,392910,ggforce
2019-08-21,2670,395580,ggforce
2019-08-22,2262,397842,ggforce
2019-08-23,1840,399682,ggforce
2019-08-24,940,400622,ggforce
2019-08-25,837,401459,ggforce
2019-08-26,1496,402955,ggforce
2019-08-27,1622,404577,ggforce
2019-08-28,1571,406148,ggforce
2019-08-29,1346,407494,ggforce
2019-08-30,1229,408723,ggforce
2019-08-31,640,409363,ggforce
2019-09-01,628,409991,ggforce
2019-09-02,1153,411144,ggforce
2019-09-03,1474,412618,ggforce
2019-09-04,1412,414030,ggforce
2019-09-05,1467,415497,ggforce
2019-09-06,1226,416723,ggforce
2019-09-07,664,417387,ggforce
2019-09-08,682,418069,ggforce
2019-09-09,1562,419631,ggforce
2019-09-10,1337,420968,ggforce
2019-09-11,1380,422348,ggforce
2019-09-12,1313,423661,ggforce
2019-09-13,1143,424804,ggforce
2019-09-14,689,425493,ggforce
2019-09-15,604,426097,ggforce
2019-09-16,1260,427357,ggforce
2019-09-17,1394,428751,ggforce
2019-09-18,1398,430149,ggforce
2019-09-19,1339,431488,ggforce
2019-09-20,1272,432760,ggforce
2019-09-21,695,433455,ggforce
2019-09-22,660,434115,ggforce
2019-09-23,1317,435432,ggforce
2019-09-24,1333,436765,ggforce
2019-09-25,1487,438252,ggforce
2019-09-26,1446,439698,ggforce
2019-09-27,1191,440889,ggforce
2019-09-28,741,441630,ggforce
2019-09-29,763,442393,ggforce
2019-09-30,1361,443754,ggforce
2019-10-01,1241,444995,ggforce
2019-10-02,1406,446401,ggforce
2019-10-03,1325,447726,ggforce
2019-10-04,1281,449007,ggforce
2019-10-05,674,449681,ggforce
2019-10-06,699,450380,ggforce
2019-10-07,1274,451654,ggforce
2019-10-08,1581,453235,ggforce
2019-10-09,1427,454662,ggforce
2019-10-10,1264,455926,ggforce
2019-10-11,1175,457101,ggforce
2019-10-12,643,457744,ggforce
2019-10-13,582,458326,ggforce
2019-10-14,1111,459437,ggforce
2019-10-15,1399,460836,ggforce
2019-10-16,1173,462009,ggforce
2019-10-17,1231,463240,ggforce
2019-10-18,1077,464317,ggforce
2019-10-19,673,464990,ggforce
2019-10-20,596,465586,ggforce
2019-10-21,1322,466908,ggforce
2019-10-22,1398,468306,ggforce
2019-10-23,1285,469591,ggforce
2019-10-24,1266,470857,ggforce
2019-10-25,1092,471949,ggforce
2019-10-26,634,472583,ggforce
2019-10-27,665,473248,ggforce
2019-10-28,1334,474582,ggforce
2019-10-29,1360,475942,ggforce
2019-10-30,1386,477328,ggforce
2019-10-31,1160,478488,ggforce
2019-11-01,1084,479572,ggforce
2019-11-02,762,480334,ggforce
2019-11-03,644,480978,ggforce
2019-11-04,1310,482288,ggforce
2019-11-05,1281,483569,ggforce
2019-11-06,1320,484889,ggforce
2019-11-07,1277,486166,ggforce
2019-11-08,1145,487311,ggforce
2019-11-09,676,487987,ggforce
2019-11-10,671,488658,ggforce
2019-11-11,1177,489835,ggforce
2019-11-12,1297,491132,ggforce
2019-11-13,1336,492468,ggforce
2019-11-14,1498,493966,ggforce
2019-11-15,1497,495463,ggforce
2019-11-16,1081,496544,ggforce
2019-11-17,976,497520,ggforce
2019-11-18,1965,499485,ggforce
2019-11-19,2070,501555,ggforce
2019-11-20,2062,503617,ggforce
2019-11-21,2065,505682,ggforce
2019-11-22,1711,507393,ggforce
2019-11-23,909,508302,ggforce
2019-11-24,973,509275,ggforce
2019-11-25,1842,511117,ggforce
2019-11-26,2049,513166,ggforce
2019-11-27,1818,514984,ggforce
2019-11-28,1443,516427,ggforce
2019-11-29,1383,517810,ggforce
2019-11-30,843,518653,ggforce
2019-12-01,905,519558,ggforce
2019-12-02,2305,521863,ggforce
2019-12-03,2376,524239,ggforce
2019-12-04,2177,526416,ggforce
2019-12-05,2009,528425,ggforce
2019-12-06,2113,530538,ggforce
2019-12-07,923,531461,ggforce
2019-12-08,964,532425,ggforce
2019-12-09,1999,534424,ggforce
2019-12-10,2252,536676,ggforce
2019-12-11,2278,538954,ggforce
2019-12-12,2160,541114,ggforce
2019-12-13,1626,542740,ggforce
2019-12-14,962,543702,ggforce
2019-12-15,839,544541,ggforce
2019-12-16,1646,546187,ggforce
2019-12-17,1773,547960,ggforce
2019-12-18,1857,549817,ggforce
2019-12-19,1635,551452,ggforce
2019-12-20,1249,552701,ggforce
2019-12-21,672,553373,ggforce
2019-12-22,698,554071,ggforce
2019-12-23,901,554972,ggforce
2019-12-24,699,555671,ggforce
2019-12-25,542,556213,ggforce
2019-12-26,755,556968,ggforce
2019-12-27,787,557755,ggforce
2019-12-28,501,558256,ggforce
2019-12-29,502,558758,ggforce
2019-12-30,894,559652,ggforce
2019-12-31,615,560267,ggforce
2020-01-01,418,560685,ggforce
2020-01-02,1208,561893,ggforce
2020-01-03,1369,563262,ggforce
2020-01-04,1018,564280,ggforce
2020-01-05,725,565005,ggforce
2020-01-06,1408,566413,ggforce
2020-01-07,1972,568385,ggforce
2020-01-08,1635,570020,ggforce
2020-01-09,1605,571625,ggforce
2020-01-10,1439,573064,ggforce
2020-01-11,767,573831,ggforce
2020-01-12,698,574529,ggforce
2020-01-13,1513,576042,ggforce
2020-01-14,2110,578152,ggforce
2020-01-15,1775,579927,ggforce
2020-01-16,1587,581514,ggforce
2020-01-17,1289,582803,ggforce
2020-01-18,711,583514,ggforce
2020-01-19,633,584147,ggforce
2020-01-20,1567,585714,ggforce
2020-01-21,1999,587713,ggforce
2020-01-22,1856,589569,ggforce
2020-01-23,1733,591302,ggforce
2020-01-24,1459,592761,ggforce
2020-01-25,794,593555,ggforce
2020-01-26,811,594366,ggforce
2020-01-27,1541,595907,ggforce
2020-01-28,1864,597771,ggforce
2020-01-29,1721,599492,ggforce
2020-01-30,1753,601245,ggforce
2020-01-31,1687,602932,ggforce
2020-02-01,851,603783,ggforce
2020-02-02,887,604670,ggforce
2020-02-03,1547,606217,ggforce
2020-02-04,1784,608001,ggforce
2020-02-05,2093,610094,ggforce
2020-02-06,1910,612004,ggforce
2020-02-07,1698,613702,ggforce
2020-02-08,949,614651,ggforce
2020-02-09,959,615610,ggforce
2020-02-10,1860,617470,ggforce
2020-02-11,1813,619283,ggforce
2020-02-12,2762,622045,ggforce
2020-02-13,2625,624670,ggforce
2020-02-14,2590,627260,ggforce
2020-02-15,1268,628528,ggforce
2020-02-16,1303,629831,ggforce
2020-02-17,2301,632132,ggforce
2020-02-18,2843,634975,ggforce
2020-02-19,2648,637623,ggforce
2020-02-20,2767,640390,ggforce
2020-02-21,2540,642930,ggforce
2020-02-22,1741,644671,ggforce
2020-02-23,1697,646368,ggforce
2020-02-24,2783,649151,ggforce
2020-02-25,2715,651866,ggforce
2020-02-26,2637,654503,ggforce
2020-02-27,2660,657163,ggforce
2020-02-28,2380,659543,ggforce
2020-02-29,353,659896,ggforce
2020-03-01,1661,661557,ggforce
2020-03-02,2867,664424,ggforce
2020-03-03,2827,667251,ggforce
2020-03-04,2830,670081,ggforce
2020-03-05,2814,672895,ggforce
2020-03-06,2765,675660,ggforce
2020-03-07,1947,677607,ggforce
2020-03-08,1788,679395,ggforce
2020-03-09,2807,682202,ggforce
2020-03-10,2869,685071,ggforce
2020-03-11,2730,687801,ggforce
2020-03-12,2795,690596,ggforce
2020-03-13,2364,692960,ggforce
2020-03-14,1595,694555,ggforce
2020-03-15,1636,696191,ggforce
2020-03-16,2499,698690,ggforce
2020-03-17,2643,701333,ggforce
2020-03-18,2665,703998,ggforce
2020-03-19,2590,706588,ggforce
2020-03-20,2474,709062,ggforce
2020-03-21,1736,710798,ggforce
2020-03-22,1604,712402,ggforce
2020-03-23,2658,715060,ggforce
2020-03-24,2883,717943,ggforce
2020-03-25,2597,720540,ggforce
2020-03-26,2984,723524,ggforce
2020-03-27,2537,726061,ggforce
2020-03-28,1996,728057,ggforce
2020-03-29,1967,730024,ggforce
2020-03-30,3174,733198,ggforce
2020-03-31,2770,735968,ggforce
2020-04-01,3103,739071,ggforce
2020-04-02,3100,742171,ggforce
2020-04-03,2477,744648,ggforce
2020-04-04,1710,746358,ggforce
2020-04-05,1523,747881,ggforce
2020-04-06,3215,751096,ggforce
2020-04-07,2770,753866,ggforce
2020-04-08,2861,756727,ggforce
2020-04-09,2622,759349,ggforce
2020-04-10,2475,761824,ggforce
2020-04-11,2009,763833,ggforce
2020-04-12,1793,765626,ggforce
2020-04-13,2529,768155,ggforce
2020-04-14,2705,770860,ggforce
2020-04-15,2673,773533,ggforce
2020-04-16,2456,775989,ggforce
2020-04-17,2498,778487,ggforce
2020-04-18,1769,780256,ggforce
2020-04-19,1641,781897,ggforce
2020-04-20,2070,783967,ggforce
2020-04-21,2434,786401,ggforce
2020-04-22,2596,788997,ggforce
2020-04-23,2271,791268,ggforce
2020-04-24,2570,793838,ggforce
2020-04-25,1921,795759,ggforce
2020-04-26,1742,797501,ggforce
2020-04-27,3114,800615,ggforce
2020-04-28,3636,804251,ggforce
2020-04-29,3127,807378,ggforce
2020-04-30,2757,810135,ggforce
2020-05-01,2193,812328,ggforce
2020-05-02,1955,814283,ggforce
2020-05-03,2072,816355,ggforce
2020-05-04,3172,819527,ggforce
2020-05-05,3339,822866,ggforce
2020-05-06,3202,826068,ggforce
2020-05-07,2748,828816,ggforce
2020-05-08,2174,830990,ggforce
2020-05-09,2164,833154,ggforce
2020-05-10,1762,834916,ggforce
2020-05-11,3005,837921,ggforce
2020-05-12,2935,840856,ggforce
2020-05-13,3017,843873,ggforce
2020-05-14,2443,846316,ggforce
2020-05-15,2153,848469,ggforce
2020-05-16,1500,849969,ggforce
2020-05-17,1351,851320,ggforce
2020-05-18,2259,853579,ggforce
2020-05-19,2307,855886,ggforce
2020-05-20,1974,857860,ggforce
2020-05-21,1862,859722,ggforce
2020-05-22,1930,861652,ggforce
2020-05-23,1364,863016,ggforce
2020-05-24,1351,864367,ggforce
2020-05-25,1950,866317,ggforce
2020-05-26,2445,868762,ggforce
2020-05-27,2276,871038,ggforce
2020-05-28,2294,873332,ggforce
2020-05-29,2156,875488,ggforce
2020-05-30,1269,876757,ggforce
2020-05-31,1198,877955,ggforce
2020-06-01,2152,880107,ggforce
2020-06-02,2516,882623,ggforce
2020-06-03,2269,884892,ggforce
2020-06-04,1979,886871,ggforce
2020-06-05,1992,888863,ggforce
2020-06-06,1159,890022,ggforce
2020-06-07,1218,891240,ggforce
2020-06-08,2287,893527,ggforce
2020-06-09,2466,895993,ggforce
2020-06-10,2214,898207,ggforce
2020-06-11,2021,900228,ggforce
2020-06-12,1915,902143,ggforce
2020-06-13,1132,903275,ggforce
2020-06-14,1274,904549,ggforce
2020-06-15,2202,906751,ggforce
2020-06-16,2245,908996,ggforce
2020-06-17,2240,911236,ggforce
2020-06-18,2142,913378,ggforce
2020-06-19,2087,915465,ggforce
2020-06-20,1217,916682,ggforce
2020-06-21,1205,917887,ggforce
2020-06-22,2184,920071,ggforce
2020-06-23,4180,924251,ggforce
2020-06-24,4614,928865,ggforce
2020-06-25,4055,932920,ggforce
2020-06-26,3543,936463,ggforce
2020-06-27,1919,938382,ggforce
2020-06-28,1810,940192,ggforce
2020-06-29,3052,943244,ggforce
2020-06-30,3070,946314,ggforce
2020-07-01,2872,949186,ggforce
2020-07-02,2745,951931,ggforce
2020-07-03,2268,954199,ggforce
2020-07-04,1281,955480,ggforce
2020-07-05,1318,956798,ggforce
2020-07-06,2538,959336,ggforce
2020-07-07,2497,961833,ggforce
2020-07-08,2500,964333,ggforce
2020-07-09,2409,966742,ggforce
2020-07-10,2196,968938,ggforce
2020-07-11,1194,970132,ggforce
2020-07-12,1193,971325,ggforce
2020-07-13,2275,973600,ggforce
2020-07-14,2484,976084,ggforce
2020-07-15,2399,978483,ggforce
2020-07-16,2485,980968,ggforce
2020-07-17,2182,983150,ggforce
2020-07-18,1102,984252,ggforce
2020-07-19,1100,985352,ggforce
2020-07-20,2462,987814,ggforce
2020-07-21,2539,990353,ggforce
2020-07-22,2460,992813,ggforce
2020-07-23,2283,995096,ggforce
2020-07-24,2162,997258,ggforce
2020-07-25,1072,998330,ggforce
2020-07-26,1180,999510,ggforce
2020-07-27,2213,1001723,ggforce
2020-07-28,2269,1003992,ggforce
2020-07-29,2383,1006375,ggforce
2020-07-30,2174,1008549,ggforce
2020-07-31,1694,1010243,ggforce
2020-08-01,1003,1011246,ggforce
2020-08-02,1132,1012378,ggforce
2020-08-03,2106,1014484,ggforce
2020-08-04,2229,1016713,ggforce
2020-08-05,2268,1018981,ggforce
2020-08-06,2254,1021235,ggforce
2020-08-07,2000,1023235,ggforce
2020-08-08,1142,1024377,ggforce
2020-08-09,1150,1025527,ggforce
2020-08-10,2198,1027725,ggforce
2020-08-11,2122,1029847,ggforce
2020-08-12,2297,1032144,ggforce
2020-08-13,2128,1034272,ggforce
2020-08-14,1829,1036101,ggforce
2020-08-15,1126,1037227,ggforce
2020-08-16,1285,1038512,ggforce
2020-08-17,3080,1041592,ggforce
2020-08-18,4676,1046268,ggforce
2020-08-19,4245,1050513,ggforce
2020-08-20,2099,1052612,ggforce
2020-08-21,1941,1054553,ggforce
2020-08-22,1280,1055833,ggforce
2020-08-23,1305,1057138,ggforce
2020-08-24,2528,1059666,ggforce
2020-08-25,2505,1062171,ggforce
2020-08-26,2575,1064746,ggforce
2020-08-27,2854,1067600,ggforce
2020-08-28,2577,1070177,ggforce
2020-08-29,1209,1071386,ggforce
2020-08-30,1369,1072755,ggforce
2020-08-31,2778,1075533,ggforce
2020-09-01,2822,1078355,ggforce
2020-09-02,2658,1081013,ggforce
2020-09-03,3011,1084024,ggforce
2020-09-04,2278,1086302,ggforce
2020-09-05,1175,1087477,ggforce
2020-09-06,1463,1088940,ggforce
2020-09-07,2381,1091321,ggforce
2020-09-08,2735,1094056,ggforce
2020-09-09,2822,1096878,ggforce
2020-09-10,2812,1099690,ggforce
2020-09-11,2444,1102134,ggforce
2020-09-12,1350,1103484,ggforce
2020-09-13,1522,1105006,ggforce
2020-09-14,2965,1107971,ggforce
2020-09-15,3070,1111041,ggforce
2020-09-16,3057,1114098,ggforce
2020-09-17,2892,1116990,ggforce
2020-09-18,2655,1119645,ggforce
2020-09-19,1355,1121000,ggforce
2020-09-20,1386,1122386,ggforce
2020-09-21,3027,1125413,ggforce
2020-09-22,3167,1128580,ggforce
2020-09-23,3094,1131674,ggforce
2020-09-24,3047,1134721,ggforce
2020-09-25,2687,1137408,ggforce
2020-09-26,1607,1139015,ggforce
2020-09-27,1494,1140509,ggforce
2020-09-28,2738,1143247,ggforce
2020-09-29,3004,1146251,ggforce
2020-09-30,3041,1149292,ggforce
2020-10-01,2791,1152083,ggforce
2020-10-02,2346,1154429,ggforce
2020-10-03,1235,1155664,ggforce
2020-10-04,1476,1157140,ggforce
2020-10-05,2983,1160123,ggforce
2020-10-06,3150,1163273,ggforce
2020-10-07,2924,1166197,ggforce
2020-10-08,2903,1169100,ggforce
2020-10-09,2583,1171683,ggforce
2020-10-10,1420,1173103,ggforce
2020-10-11,1392,1174495,ggforce
2020-10-12,3092,1177587,ggforce
2020-10-13,3106,1180693,ggforce
2020-10-14,3137,1183830,ggforce
2020-10-15,2833,1186663,ggforce
2020-10-16,2720,1189383,ggforce
2020-10-17,1158,1190541,ggforce
2020-10-18,1208,1191749,ggforce
2020-10-19,2933,1194682,ggforce
2020-10-20,2844,1197526,ggforce
2020-10-21,2586,1200112,ggforce
2020-10-22,2745,1202857,ggforce
2020-10-23,2167,1205024,ggforce
2020-10-24,1313,1206337,ggforce
2020-10-25,1341,1207678,ggforce
2020-10-26,2513,1210191,ggforce
2020-10-27,2627,1212818,ggforce
2020-10-28,2281,1215099,ggforce
2020-10-29,2527,1217626,ggforce
2020-10-30,2032,1219658,ggforce
2020-10-31,1179,1220837,ggforce
2020-11-01,1370,1222207,ggforce
2020-11-02,2346,1224553,ggforce
2020-11-03,2586,1227139,ggforce
2020-11-04,2381,1229520,ggforce
2020-11-05,2553,1232073,ggforce
2020-11-06,2045,1234118,ggforce
2020-11-07,1272,1235390,ggforce
2020-11-08,1331,1236721,ggforce
2020-11-09,2614,1239335,ggforce
2020-11-10,2383,1241718,ggforce
2020-11-11,2388,1244106,ggforce
2020-11-12,2540,1246646,ggforce
2020-11-13,2108,1248754,ggforce
2020-11-14,1375,1250129,ggforce
2020-11-15,1394,1251523,ggforce
2020-11-16,2699,1254222,ggforce
2020-11-17,2794,1257016,ggforce
2020-11-18,2477,1259493,ggforce
2020-11-19,2556,1262049,ggforce
2020-11-20,2174,1264223,ggforce
2020-11-21,1260,1265483,ggforce
2020-11-22,1392,1266875,ggforce
2020-11-23,2428,1269303,ggforce
2020-11-24,2612,1271915,ggforce
2020-11-25,1948,1273863,ggforce
2020-11-26,1859,1275722,ggforce
2020-11-27,1939,1277661,ggforce
2020-11-28,1150,1278811,ggforce
2020-11-29,1301,1280112,ggforce
2020-11-30,2303,1282415,ggforce
2020-12-01,2312,1284727,ggforce
2020-12-02,2475,1287202,ggforce
2020-12-03,2484,1289686,ggforce
2020-12-04,2466,1292152,ggforce
2020-12-05,1233,1293385,ggforce
2020-12-06,1245,1294630,ggforce
2020-12-07,2236,1296866,ggforce
2020-12-08,2299,1299165,ggforce
2020-12-09,2235,1301400,ggforce
2020-12-10,2240,1303640,ggforce
2020-12-11,2225,1305865,ggforce
2020-12-12,1033,1306898,ggforce
2020-12-13,1201,1308099,ggforce
2020-12-14,2111,1310210,ggforce
2020-12-15,2205,1312415,ggforce
2020-12-16,2219,1314634,ggforce
2020-12-17,2155,1316789,ggforce
2020-12-18,1853,1318642,ggforce
2020-12-19,1041,1319683,ggforce
2020-12-20,1048,1320731,ggforce
2020-12-21,1995,1322726,ggforce
2020-12-22,1974,1324700,ggforce
2020-12-23,1428,1326128,ggforce
2020-12-24,908,1327036,ggforce
2020-12-25,663,1327699,ggforce
2020-12-26,697,1328396,ggforce
2020-12-27,842,1329238,ggforce
2020-12-28,1321,1330559,ggforce
2020-12-29,1274,1331833,ggforce
2020-12-30,1202,1333035,ggforce
2020-12-31,1016,1334051,ggforce
2021-01-01,702,1334753,ggforce
2021-01-02,983,1335736,ggforce
2021-01-03,944,1336680,ggforce
2021-01-04,1889,1338569,ggforce
2021-01-05,1872,1340441,ggforce
2021-01-06,1901,1342342,ggforce
2021-01-07,2053,1344395,ggforce
2021-01-08,2025,1346420,ggforce
2021-01-09,1028,1347448,ggforce
2021-01-10,1120,1348568,ggforce
2021-01-11,2151,1350719,ggforce
2021-01-12,2116,1352835,ggforce
2021-01-13,2501,1355336,ggforce
2021-01-14,2161,1357497,ggforce
2021-01-15,2070,1359567,ggforce
2021-01-16,1203,1360770,ggforce
2021-01-17,1245,1362015,ggforce
2021-01-18,2234,1364249,ggforce
2021-01-19,2732,1366981,ggforce
2021-01-20,2700,1369681,ggforce
2021-01-21,2902,1372583,ggforce
2021-01-22,2447,1375030,ggforce
2021-01-23,1236,1376266,ggforce
2021-01-24,1235,1377501,ggforce
2021-01-25,2235,1379736,ggforce
2021-01-26,2526,1382262,ggforce
2021-01-27,2646,1384908,ggforce
2021-01-28,2426,1387334,ggforce
2021-01-29,1846,1389180,ggforce
2021-01-30,1108,1390288,ggforce
2021-01-31,1041,1391329,ggforce
2021-02-01,2263,1393592,ggforce
2021-02-02,2153,1395745,ggforce
2021-02-03,2045,1397790,ggforce
2021-02-04,2375,1400165,ggforce
2021-02-05,2061,1402226,ggforce
2021-02-06,1065,1403291,ggforce
2021-02-07,1153,1404444,ggforce
2021-02-08,2024,1406468,ggforce
2021-02-09,2431,1408899,ggforce
2021-02-10,2273,1411172,ggforce
2021-02-11,2006,1413178,ggforce
2021-02-12,1768,1414946,ggforce
2021-02-13,984,1415930,ggforce
2021-02-14,875,1416805,ggforce
2021-02-15,1887,1418692,ggforce
2021-02-16,1894,1420586,ggforce
2021-02-17,1902,1422488,ggforce
2021-02-18,2081,1424569,ggforce
2021-02-19,1923,1426492,ggforce
2021-02-20,1129,1427621,ggforce
2021-02-21,1226,1428847,ggforce
2021-02-22,2230,1431077,ggforce
2021-02-23,2210,1433287,ggforce
2021-02-24,2426,1435713,ggforce
2021-02-25,2271,1437984,ggforce
2021-02-26,2031,1440015,ggforce
2021-02-27,1173,1441188,ggforce
2021-02-28,1317,1442505,ggforce
2021-03-01,2608,1445113,ggforce
2021-03-02,2530,1447643,ggforce
2021-03-03,2366,1450009,ggforce
2021-03-04,2422,1452431,ggforce
2021-03-05,4346,1456777,ggforce
2021-03-06,2942,1459719,ggforce
2021-03-07,2998,1462717,ggforce
2021-03-08,5781,1468498,ggforce
2021-03-09,5150,1473648,ggforce
2021-03-10,4840,1478488,ggforce
2021-03-11,4560,1483048,ggforce
2021-03-12,4127,1487175,ggforce
2021-03-13,2425,1489600,ggforce
2021-03-14,2329,1491929,ggforce
2021-03-15,4751,1496680,ggforce
2021-03-16,4654,1501334,ggforce
2021-03-17,4377,1505711,ggforce
2021-03-18,3755,1509466,ggforce
2021-03-19,2985,1512451,ggforce
2021-03-20,1726,1514177,ggforce
2021-03-21,1798,1515975,ggforce
2021-03-22,3530,1519505,ggforce
2021-03-23,3515,1523020,ggforce
2021-03-24,3287,1526307,ggforce
2021-03-25,3296,1529603,ggforce
2021-03-26,2668,1532271,ggforce
2021-03-27,1592,1533863,ggforce
2021-03-28,1560,1535423,ggforce
2021-03-29,3096,1538519,ggforce
2021-03-30,3227,1541746,ggforce
2021-03-31,3308,1545054,ggforce
2021-04-01,2721,1547775,ggforce
2021-04-02,2287,1550062,ggforce
2021-04-03,1414,1551476,ggforce
2021-04-04,1138,1552614,ggforce
2021-04-05,2229,1554843,ggforce
2021-04-06,2930,1557773,ggforce
2021-04-07,3222,1560995,ggforce
2021-04-08,2821,1563816,ggforce
2021-04-09,2615,1566431,ggforce
2021-04-10,1410,1567841,ggforce
2021-04-11,1313,1569154,ggforce
2021-04-12,2738,1571892,ggforce
2021-04-13,2928,1574820,ggforce
2021-04-14,2727,1577547,ggforce
2021-04-15,2627,1580174,ggforce
2021-04-16,2422,1582596,ggforce
2021-04-17,1191,1583787,ggforce
2021-04-18,1323,1585110,ggforce
2021-04-19,2627,1587737,ggforce
2021-04-20,2719,1590456,ggforce
2021-04-21,2765,1593221,ggforce
2021-04-22,2729,1595950,ggforce
2021-04-23,2357,1598307,ggforce
2021-04-24,1286,1599593,ggforce
2021-04-25,1259,1600852,ggforce
2021-04-26,2665,1603517,ggforce
2021-04-27,2423,1605940,ggforce
2021-04-28,2616,1608556,ggforce
2021-04-29,2462,1611018,ggforce
2021-04-30,2001,1613019,ggforce
2021-05-01,1067,1614086,ggforce
2021-05-02,1090,1615176,ggforce
2021-05-03,2145,1617321,ggforce
2021-05-04,2389,1619710,ggforce
2021-05-05,2254,1621964,ggforce
2021-05-06,2385,1624349,ggforce
2021-05-07,2071,1626420,ggforce
2021-05-08,1074,1627494,ggforce
2021-05-09,1016,1628510,ggforce
2021-05-10,2099,1630609,ggforce
2021-05-11,2039,1632648,ggforce
2021-05-12,2064,1634712,ggforce
2021-05-13,1882,1636594,ggforce
2021-05-14,1830,1638424,ggforce
2021-05-15,1117,1639541,ggforce
2021-05-16,1259,1640800,ggforce
2021-05-17,2534,1643334,ggforce
2021-05-18,2970,1646304,ggforce
2021-05-19,3031,1649335,ggforce
2021-05-20,2563,1651898,ggforce
2021-05-21,2346,1654244,ggforce
2021-05-22,1296,1655540,ggforce
2021-05-23,1289,1656829,ggforce
2021-05-24,2374,1659203,ggforce
2021-05-25,2527,1661730,ggforce
2021-05-26,2705,1664435,ggforce
2021-05-27,2502,1666937,ggforce
2021-05-28,1972,1668909,ggforce
2021-05-29,1145,1670054,ggforce
2021-05-30,1263,1671317,ggforce
2021-05-31,2145,1673462,ggforce
2021-06-01,2210,1675672,ggforce
2021-06-02,2371,1678043,ggforce
2021-06-03,2179,1680222,ggforce
2021-06-04,1936,1682158,ggforce
2021-06-05,1176,1683334,ggforce
2021-06-06,1162,1684496,ggforce
2021-06-07,2207,1686703,ggforce
2021-06-08,2404,1689107,ggforce
2021-06-09,2607,1691714,ggforce
2021-06-10,2277,1693991,ggforce
2021-06-11,2051,1696042,ggforce
2021-06-12,1033,1697075,ggforce
2021-06-13,1015,1698090,ggforce
2021-06-14,2383,1700473,ggforce
2021-06-15,2417,1702890,ggforce
2021-06-16,2277,1705167,ggforce
2021-06-17,2209,1707376,ggforce
2021-06-18,1855,1709231,ggforce
2021-06-19,1081,1710312,ggforce
2021-06-20,1085,1711397,ggforce
2021-06-21,2160,1713557,ggforce
2021-06-22,2223,1715780,ggforce
2021-06-23,2131,1717911,ggforce
2021-06-24,1880,1719791,ggforce
2021-06-25,1660,1721451,ggforce
2021-06-26,965,1722416,ggforce
2021-06-27,978,1723394,ggforce
2021-06-28,2145,1725539,ggforce
2021-06-29,2291,1727830,ggforce
2021-06-30,2012,1729842,ggforce
2021-07-01,1784,1731626,ggforce
2021-07-02,1804,1733430,ggforce
2021-07-03,880,1734310,ggforce
2021-07-04,920,1735230,ggforce
2021-07-05,1860,1737090,ggforce
2021-07-06,1995,1739085,ggforce
2021-07-07,2207,1741292,ggforce
2021-07-08,2290,1743582,ggforce
2021-07-09,1741,1745323,ggforce
2021-07-10,939,1746262,ggforce
2021-07-11,909,1747171,ggforce
2021-07-12,2046,1749217,ggforce
2021-07-13,2060,1751277,ggforce
2021-07-14,2045,1753322,ggforce
2021-07-15,2095,1755417,ggforce
2021-07-16,1770,1757187,ggforce
2021-07-17,979,1758166,ggforce
2021-07-18,948,1759114,ggforce
2021-07-19,1912,1761026,ggforce
2021-07-20,2199,1763225,ggforce
2021-07-21,2246,1765471,ggforce
2021-07-22,2053,1767524,ggforce
2021-07-23,1913,1769437,ggforce
2021-07-24,1002,1770439,ggforce
2021-07-25,1046,1771485,ggforce
2021-07-26,2157,1773642,ggforce
2021-07-27,3181,1776823,ggforce
2021-07-28,2368,1779191,ggforce
2021-07-29,2093,1781284,ggforce
2021-07-30,1740,1783024,ggforce
2021-07-31,973,1783997,ggforce
2021-08-01,1159,1785156,ggforce
2021-08-02,2062,1787218,ggforce
2021-08-03,2340,1789558,ggforce
2021-08-04,2209,1791767,ggforce
2021-08-05,1855,1793622,ggforce
2021-08-06,1507,1795129,ggforce
2021-08-07,841,1795970,ggforce
2021-08-08,911,1796881,ggforce
2021-08-09,1795,1798676,ggforce
2021-08-10,1880,1800556,ggforce
2021-08-11,1963,1802519,ggforce
2021-08-12,2089,1804608,ggforce
2021-08-13,1661,1806269,ggforce
2021-08-14,1089,1807358,ggforce
2021-08-15,1047,1808405,ggforce
2021-08-16,1796,1810201,ggforce
2021-08-17,2182,1812383,ggforce
2021-08-18,2167,1814550,ggforce
2021-08-19,2125,1816675,ggforce
2021-08-20,1917,1818592,ggforce
2021-08-21,904,1819496,ggforce
2021-08-22,1033,1820529,ggforce
2021-08-23,2170,1822699,ggforce
2021-08-24,2272,1824971,ggforce
2021-08-25,2319,1827290,ggforce
2021-08-26,2141,1829431,ggforce
2021-08-27,2033,1831464,ggforce
2021-08-28,1035,1832499,ggforce
2021-08-29,1036,1833535,ggforce
2021-08-30,2227,1835762,ggforce
2021-08-31,2779,1838541,ggforce
2021-09-01,2753,1841294,ggforce
2021-09-02,2532,1843826,ggforce
2021-09-03,2217,1846043,ggforce
2021-09-04,1076,1847119,ggforce
2021-09-05,1054,1848173,ggforce
2021-09-06,2003,1850176,ggforce
2021-09-07,2466,1852642,ggforce
2021-09-08,2561,1855203,ggforce
2021-09-09,2926,1858129,ggforce
2021-09-10,2212,1860341,ggforce
2021-09-11,1105,1861446,ggforce
2021-09-12,1243,1862689,ggforce
2021-09-13,2655,1865344,ggforce
2021-09-14,2793,1868137,ggforce
2021-09-15,2914,1871051,ggforce
2021-09-16,2812,1873863,ggforce
2021-09-17,2454,1876317,ggforce
2021-09-18,1455,1877772,ggforce
2021-09-19,1217,1878989,ggforce
2021-09-20,2175,1881164,ggforce
2021-09-21,2575,1883739,ggforce
2021-09-22,2395,1886134,ggforce
2021-09-23,2430,1888564,ggforce
2021-09-24,2338,1890902,ggforce
2021-09-25,1067,1891969,ggforce
2021-09-26,1211,1893180,ggforce
2021-09-27,3097,1896277,ggforce
2021-09-28,2700,1898977,ggforce
2021-09-29,3072,1902049,ggforce
2021-09-30,2610,1904659,ggforce
2021-10-01,2405,1907064,ggforce
2021-10-02,1207,1908271,ggforce
2021-10-03,1207,1909478,ggforce
2021-10-04,2513,1911991,ggforce
2021-10-05,2620,1914611,ggforce
2021-10-06,2719,1917330,ggforce
2021-10-07,2570,1919900,ggforce
2021-10-08,2276,1922176,ggforce
2021-10-09,1118,1923294,ggforce
2021-10-10,1168,1924462,ggforce
2021-10-11,2308,1926770,ggforce
2021-10-12,2763,1929533,ggforce
2021-10-13,2538,1932071,ggforce
2021-10-14,2301,1934372,ggforce
2021-10-15,2276,1936648,ggforce
2021-10-16,1161,1937809,ggforce
2021-10-17,1129,1938938,ggforce
2021-10-18,2402,1941340,ggforce
2021-10-19,2658,1943998,ggforce
2021-10-20,2389,1946387,ggforce
2021-10-21,2358,1948745,ggforce
2021-10-22,1968,1950713,ggforce
2021-10-23,1078,1951791,ggforce
2021-10-24,1073,1952864,ggforce
2021-10-25,2739,1955603,ggforce
2021-10-26,2724,1958327,ggforce
2021-10-27,2553,1960880,ggforce
2021-10-28,2427,1963307,ggforce
2021-10-29,2130,1965437,ggforce
2021-10-30,1082,1966519,ggforce
2021-10-31,979,1967498,ggforce
2021-11-01,2052,1969550,ggforce
2021-11-02,2382,1971932,ggforce
2021-11-03,2439,1974371,ggforce
2021-11-04,2447,1976818,ggforce
2021-11-05,2280,1979098,ggforce
2021-11-06,1099,1980197,ggforce
2021-11-07,1165,1981362,ggforce
2021-11-08,2452,1983814,ggforce
2021-11-09,2396,1986210,ggforce
2021-11-10,2564,1988774,ggforce
2021-11-11,2098,1990872,ggforce
2021-11-12,2021,1992893,ggforce
2021-11-13,1091,1993984,ggforce
2021-11-14,1141,1995125,ggforce
2021-11-15,2446,1997571,ggforce
2021-11-16,2412,1999983,ggforce
2021-11-17,2469,2002452,ggforce
2021-11-18,2284,2004736,ggforce
2021-11-19,2075,2006811,ggforce
2021-11-20,1453,2008264,ggforce
2021-11-21,1500,2009764,ggforce
2021-11-22,2884,2012648,ggforce
2021-11-23,2752,2015400,ggforce
2021-11-24,2569,2017969,ggforce
2021-11-25,2255,2020224,ggforce
2021-11-26,1928,2022152,ggforce
2021-11-27,1286,2023438,ggforce
2021-11-28,1219,2024657,ggforce
2021-11-29,2913,2027570,ggforce
2021-11-30,3337,2030907,ggforce
2021-12-01,3010,2033917,ggforce
2021-12-02,2901,2036818,ggforce
2021-12-03,2607,2039425,ggforce
2021-12-04,1420,2040845,ggforce
2021-12-05,1450,2042295,ggforce
2021-12-06,2568,2044863,ggforce
2021-12-07,2590,2047453,ggforce
2021-12-08,2620,2050073,ggforce
2021-12-09,2884,2052957,ggforce
2021-12-10,2563,2055520,ggforce
2021-12-11,1219,2056739,ggforce
2021-12-12,1224,2057963,ggforce
2021-12-13,2309,2060272,ggforce
2021-12-14,2480,2062752,ggforce
2021-12-15,2442,2065194,ggforce
2021-12-16,2231,2067425,ggforce
2021-12-17,2022,2069447,ggforce
2021-12-18,1002,2070449,ggforce
2021-12-19,1135,2071584,ggforce
2021-12-20,1989,2073573,ggforce
2021-12-21,1986,2075559,ggforce
2021-12-22,1712,2077271,ggforce
2021-12-23,1550,2078821,ggforce
2021-12-24,995,2079816,ggforce
2021-12-25,650,2080466,ggforce
2021-12-26,772,2081238,ggforce
2021-12-27,1252,2082490,ggforce
2021-12-28,1462,2083952,ggforce
2021-12-29,1425,2085377,ggforce
2021-12-30,1268,2086645,ggforce
2021-12-31,893,2087538,ggforce
2022-01-01,656,2088194,ggforce
2022-01-02,880,2089074,ggforce
2022-01-03,1762,2090836,ggforce
2022-01-04,2030,2092866,ggforce
2022-01-05,1990,2094856,ggforce
2022-01-06,2160,2097016,ggforce
2022-01-07,2169,2099185,ggforce
2022-01-08,1034,2100219,ggforce
2022-01-09,1051,2101270,ggforce
2022-01-10,2194,2103464,ggforce
2022-01-11,2652,2106116,ggforce
2022-01-12,2711,2108827,ggforce
2022-01-13,2430,2111257,ggforce
2022-01-14,2200,2113457,ggforce
2022-01-15,1285,2114742,ggforce
2022-01-16,1216,2115958,ggforce
2022-01-17,2106,2118064,ggforce
2022-01-18,2761,2120825,ggforce
2022-01-19,2732,2123557,ggforce
2022-01-20,2713,2126270,ggforce
2022-01-21,2427,2128697,ggforce
2022-01-22,1331,2130028,ggforce
2022-01-23,1378,2131406,ggforce
2022-01-24,2631,2134037,ggforce
2022-01-25,2627,2136664,ggforce
2022-01-26,2643,2139307,ggforce
2022-01-27,2587,2141894,ggforce
2022-01-28,2335,2144229,ggforce
2022-01-29,1128,2145357,ggforce
2022-01-30,1238,2146595,ggforce
2022-01-31,2160,2148755,ggforce
2022-02-01,2482,2151237,ggforce
2022-02-02,2391,2153628,ggforce
2022-02-03,2460,2156088,ggforce
2022-02-04,2163,2158251,ggforce
2022-02-05,1122,2159373,ggforce
2022-02-06,1184,2160557,ggforce
2022-02-07,2501,2163058,ggforce
2022-02-08,2758,2165816,ggforce
2022-02-09,2502,2168318,ggforce
2022-02-10,2452,2170770,ggforce
2022-02-11,2170,2172940,ggforce
2022-02-12,1075,2174015,ggforce
2022-02-13,1292,2175307,ggforce
2022-02-14,2464,2177771,ggforce
2022-02-15,3076,2180847,ggforce
2022-02-16,2543,2183390,ggforce
2022-02-17,2537,2185927,ggforce
2022-02-18,2137,2188064,ggforce
2022-02-19,1148,2189212,ggforce
2022-02-20,1231,2190443,ggforce
2022-02-21,2682,2193125,ggforce
2022-02-22,2737,2195862,ggforce
2022-02-23,2682,2198544,ggforce
2022-02-24,2581,2201125,ggforce
2022-02-25,2169,2203294,ggforce
2022-02-26,1109,2204403,ggforce
2022-02-27,1260,2205663,ggforce
2022-02-28,2483,2208146,ggforce
2022-03-01,2705,2210851,ggforce
2022-03-02,2938,2213789,ggforce
2022-03-03,2677,2216466,ggforce
2022-03-04,2340,2218806,ggforce
2022-03-05,1327,2220133,ggforce
2022-03-06,1264,2221397,ggforce
2022-03-07,2524,2223921,ggforce
2022-03-08,2742,2226663,ggforce
2022-03-09,2593,2229256,ggforce
2022-03-10,2480,2231736,ggforce
2022-03-11,2345,2234081,ggforce
2022-03-12,1446,2235527,ggforce
2022-03-13,1263,2236790,ggforce
2022-03-14,2626,2239416,ggforce
2022-03-15,2806,2242222,ggforce
2022-03-16,3033,2245255,ggforce
2022-03-17,2866,2248121,ggforce
2022-03-18,2393,2250514,ggforce
2022-03-19,1417,2251931,ggforce
2022-03-20,1295,2253226,ggforce
2022-03-21,3206,2256432,ggforce
2022-03-22,2819,2259251,ggforce
2022-03-23,3011,2262262,ggforce
2022-03-24,2964,2265226,ggforce
2022-03-25,2338,2267564,ggforce
2022-03-26,1355,2268919,ggforce
2022-03-27,1313,2270232,ggforce
2022-03-28,2678,2272910,ggforce
2022-03-29,2851,2275761,ggforce
2022-03-30,2989,2278750,ggforce
2022-03-31,2830,2281580,ggforce
2022-04-01,2474,2284054,ggforce
2022-04-02,1485,2285539,ggforce
2022-04-03,1388,2286927,ggforce
2022-04-04,2730,2289657,ggforce
2022-04-05,2960,2292617,ggforce
2022-04-06,3302,2295919,ggforce
2022-04-07,2723,2298642,ggforce
2022-04-08,2493,2301135,ggforce
2022-04-09,1507,2302642,ggforce
2022-04-10,1239,2303881,ggforce
2022-04-11,2647,2306528,ggforce
2022-04-12,2703,2309231,ggforce
2022-04-13,2655,2311886,ggforce
2022-04-14,2567,2314453,ggforce
2022-04-15,1776,2316229,ggforce
2022-04-16,1151,2317380,ggforce
2022-04-17,1322,2318702,ggforce
2022-04-18,2344,2321046,ggforce
2022-04-19,2746,2323792,ggforce
2022-04-20,2786,2326578,ggforce
2022-04-21,2495,2329073,ggforce
2022-04-22,2473,2331546,ggforce
2022-04-23,1579,2333125,ggforce
2022-04-24,1719,2334844,ggforce
2022-04-25,3036,2337880,ggforce
2022-04-26,3313,2341193,ggforce
2022-04-27,3009,2344202,ggforce
2022-04-28,2862,2347064,ggforce
2022-04-29,2610,2349674,ggforce
2022-04-30,1324,2350998,ggforce
2022-05-01,1416,2352414,ggforce
2022-05-02,2584,2354998,ggforce
2022-05-03,2752,2357750,ggforce
2022-05-04,2882,2360632,ggforce
2022-05-05,3082,2363714,ggforce
2022-05-06,2646,2366360,ggforce
2022-05-07,1517,2367877,ggforce
2022-05-08,1397,2369274,ggforce
2022-05-09,2692,2371966,ggforce
2022-05-10,2954,2374920,ggforce
2022-05-11,2980,2377900,ggforce
2022-05-12,2907,2380807,ggforce
2022-05-13,2476,2383283,ggforce
2022-05-14,1292,2384575,ggforce
2022-05-15,1369,2385944,ggforce
2022-05-16,2789,2388733,ggforce
2022-05-17,2903,2391636,ggforce
2022-05-18,2804,2394440,ggforce
2022-05-19,3012,2397452,ggforce
2022-05-20,2480,2399932,ggforce
2022-05-21,1328,2401260,ggforce
2022-05-22,1342,2402602,ggforce
2022-05-23,2524,2405126,ggforce
2022-05-24,2699,2407825,ggforce
2022-05-25,2490,2410315,ggforce
2022-05-26,2083,2412398,ggforce
2022-05-27,2128,2414526,ggforce
2022-05-28,1307,2415833,ggforce
2022-05-29,1418,2417251,ggforce
2022-05-30,2400,2419651,ggforce
2022-05-31,2547,2422198,ggforce
2022-06-01,2547,2424745,ggforce
2022-06-02,2278,2427023,ggforce
2022-06-03,2086,2429109,ggforce
2022-06-04,1326,2430435,ggforce
2022-06-05,1402,2431837,ggforce
2022-06-06,2239,2434076,ggforce
2022-06-07,2478,2436554,ggforce
2022-06-08,2859,2439413,ggforce
2022-06-09,2633,2442046,ggforce
2022-06-10,2307,2444353,ggforce
2022-06-11,1313,2445666,ggforce
2022-06-12,1283,2446949,ggforce
2022-06-13,2504,2449453,ggforce
2022-06-14,3147,2452600,ggforce
2022-06-15,2630,2455230,ggforce
2022-06-16,2962,2458192,ggforce
2022-06-17,2465,2460657,ggforce
2022-06-18,1306,2461963,ggforce
2022-06-19,1217,2463180,ggforce
2022-06-20,3048,2466228,ggforce
2022-06-21,2981,2469209,ggforce
2022-06-22,2763,2471972,ggforce
2022-06-23,3129,2475101,ggforce
2022-06-24,2194,2477295,ggforce
2022-06-25,1109,2478404,ggforce
2022-06-26,1150,2479554,ggforce
2022-06-27,2515,2482069,ggforce
2022-06-28,2611,2484680,ggforce
2022-06-29,2950,2487630,ggforce
2022-06-30,2254,2489884,ggforce
2022-07-01,2366,2492250,ggforce
2022-07-02,1180,2493430,ggforce
2022-07-03,1541,2494971,ggforce
2022-07-04,2114,2497085,ggforce
2022-07-05,2952,2500037,ggforce
2022-07-06,3084,2503121,ggforce
2022-07-07,2486,2505607,ggforce
2022-07-08,2497,2508104,ggforce
2022-07-09,1633,2509737,ggforce
2022-07-10,1137,2510874,ggforce
2022-07-11,2895,2513769,ggforce
2022-07-12,3068,2516837,ggforce
2022-07-13,2873,2519710,ggforce
2022-07-14,3105,2522815,ggforce
2022-07-15,3080,2525895,ggforce
2022-07-16,2119,2528014,ggforce
2022-07-17,1822,2529836,ggforce
2022-07-18,2385,2532221,ggforce
2022-07-19,2629,2534850,ggforce
2022-07-20,2941,2537791,ggforce
2022-07-21,2888,2540679,ggforce
2022-07-22,2480,2543159,ggforce
2022-07-23,1484,2544643,ggforce
2022-07-24,2055,2546698,ggforce
2022-07-25,2968,2549666,ggforce
2022-07-26,2258,2551924,ggforce
2022-07-27,2210,2554134,ggforce
2022-07-28,2059,2556193,ggforce
2022-07-29,1704,2557897,ggforce
2022-07-30,967,2558864,ggforce
2022-07-31,1015,2559879,ggforce
2022-08-01,2098,2561977,ggforce
2022-08-02,2267,2564244,ggforce
2022-08-03,2174,2566418,ggforce
2022-08-04,1959,2568377,ggforce
2022-08-05,1841,2570218,ggforce
2022-08-06,1056,2571274,ggforce
2022-08-07,1098,2572372,ggforce
2022-08-08,2507,2574879,ggforce
2022-08-09,2158,2577037,ggforce
2022-08-10,2188,2579225,ggforce
2022-08-11,2535,2581760,ggforce
2022-08-12,1950,2583710,ggforce
2022-08-13,937,2584647,ggforce
2022-08-14,907,2585554,ggforce
2022-08-15,1857,2587411,ggforce
2022-08-16,2345,2589756,ggforce
2022-08-17,2407,2592163,ggforce
2022-08-18,4435,2596598,ggforce
2022-08-19,4755,2601353,ggforce
2022-08-20,2274,2603627,ggforce
2022-08-21,2059,2605686,ggforce
2022-08-22,4455,2610141,ggforce
2022-08-23,6168,2616309,ggforce
2022-08-24,3938,2620247,ggforce
2022-08-25,3919,2624166,ggforce
2022-08-26,3218,2627384,ggforce
2022-08-27,1493,2628877,ggforce
2022-08-28,1596,2630473,ggforce
2022-08-29,3560,2634033,ggforce
2022-08-30,3568,2637601,ggforce
2022-08-31,3493,2641094,ggforce
2022-09-01,3330,2644424,ggforce
2022-09-02,2809,2647233,ggforce
2022-09-03,1388,2648621,ggforce
2022-09-04,1466,2650087,ggforce
2022-09-05,3104,2653191,ggforce
2022-09-06,3430,2656621,ggforce
2022-09-07,3358,2659979,ggforce
2022-09-08,3487,2663466,ggforce
2022-09-09,2744,2666210,ggforce
2022-09-10,1320,2667530,ggforce
2022-09-11,1557,2669087,ggforce
2022-09-12,3131,2672218,ggforce
2022-09-13,3824,2676042,ggforce
2022-09-14,3767,2679809,ggforce
2022-09-15,3674,2683483,ggforce
2022-09-16,3082,2686565,ggforce
2022-09-17,1468,2688033,ggforce
2022-09-18,1569,2689602,ggforce
2022-09-19,3298,2692900,ggforce
2022-09-20,3669,2696569,ggforce
2022-09-21,3494,2700063,ggforce
2022-09-22,3264,2703327,ggforce
2022-09-23,2780,2706107,ggforce
2022-09-24,1545,2707652,ggforce
2022-09-25,1567,2709219,ggforce
2022-09-26,3206,2712425,ggforce
2022-09-27,3840,2716265,ggforce
2022-09-28,3430,2719695,ggforce
2022-09-29,5619,2725314,ggforce
2022-09-30,5331,2730645,ggforce
2022-10-01,2522,2733167,ggforce
2022-10-02,2340,2735507,ggforce
2022-10-03,4744,2740251,ggforce
2022-10-04,7505,2747756,ggforce
2022-10-05,6497,2754253,ggforce
2022-10-06,5364,2759617,ggforce
2022-10-07,4192,2763809,ggforce
2022-10-08,2413,2766222,ggforce
2022-10-09,2214,2768436,ggforce
2022-10-10,4737,2773173,ggforce
2022-10-11,5943,2779116,ggforce
2022-10-12,4874,2783990,ggforce
2022-10-13,4380,2788370,ggforce
2022-10-14,3993,2792363,ggforce
2022-10-15,1992,2794355,ggforce
2022-10-16,1983,2796338,ggforce
2022-10-17,4620,2800958,ggforce
2022-10-18,4894,2805852,ggforce
2022-10-19,5089,2810941,ggforce
2022-10-20,4356,2815297,ggforce
2022-10-21,3883,2819180,ggforce
2022-10-22,1940,2821120,ggforce
2022-10-23,1830,2822950,ggforce
2022-10-24,4827,2827777,ggforce
2022-10-25,4963,2832740,ggforce
2022-10-26,4558,2837298,ggforce
2022-10-27,4082,2841380,ggforce
2022-10-28,3435,2844815,ggforce
2022-10-29,1546,2846361,ggforce
2022-10-30,1667,2848028,ggforce
2022-10-31,3328,2851356,ggforce
2022-11-01,3800,2855156,ggforce
2022-11-02,3537,2858693,ggforce
2022-11-03,4503,2863196,ggforce
2022-11-04,3611,2866807,ggforce
2022-11-05,1743,2868550,ggforce
2022-11-06,1745,2870295,ggforce
2022-11-07,3992,2874287,ggforce
2022-11-08,4378,2878665,ggforce
2022-11-09,3969,2882634,ggforce
2022-11-10,4191,2886825,ggforce
2022-11-11,3319,2890144,ggforce
2022-11-12,1816,2891960,ggforce
2022-11-13,1796,2893756,ggforce
2022-11-14,3736,2897492,ggforce
2022-11-15,4143,2901635,ggforce
2022-11-16,4210,2905845,ggforce
2022-11-17,3805,2909650,ggforce
2022-11-18,3137,2912787,ggforce
2022-11-19,1709,2914496,ggforce
2022-11-20,3436,2917932,ggforce
2022-11-21,4060,2921992,ggforce
2022-11-22,3899,2925891,ggforce
2022-11-23,3476,2929367,ggforce
2022-11-24,3052,2932419,ggforce
2022-11-25,2551,2934970,ggforce
2022-11-26,1710,2936680,ggforce
2022-11-27,1764,2938444,ggforce
2022-11-28,3638,2942082,ggforce
2022-11-29,3620,2945702,ggforce
2022-11-30,3823,2949525,ggforce
2022-12-01,3585,2953110,ggforce
2022-12-02,3337,2956447,ggforce
2022-12-03,2184,2958631,ggforce
2022-12-04,2092,2960723,ggforce
2022-12-05,3913,2964636,ggforce
2022-12-06,3651,2968287,ggforce
2022-12-07,3881,2972168,ggforce
2022-12-08,3403,2975571,ggforce
2022-12-09,2960,2978531,ggforce
2022-12-10,1786,2980317,ggforce
2022-12-11,1895,2982212,ggforce
2022-12-12,3259,2985471,ggforce
2022-12-13,3442,2988913,ggforce
2022-12-14,3038,2991951,ggforce
2022-12-15,2889,2994840,ggforce
2022-12-16,2530,2997370,ggforce
2022-12-17,1667,2999037,ggforce
2022-12-18,1394,3000431,ggforce
2022-12-19,2499,3002930,ggforce
2022-12-20,2681,3005611,ggforce
2022-12-21,2476,3008087,ggforce
2022-12-22,2296,3010383,ggforce
2022-12-23,2137,3012520,ggforce
2022-12-24,1287,3013807,ggforce
2022-12-25,1050,3014857,ggforce
2022-12-26,1397,3016254,ggforce
2022-12-27,1782,3018036,ggforce
2022-12-28,1727,3019763,ggforce
2022-12-29,1897,3021660,ggforce
2022-12-30,1400,3023060,ggforce
2022-12-31,1173,3024233,ggforce
2023-01-01,1035,3025268,ggforce
2023-01-02,1680,3026948,ggforce
2023-01-03,2698,3029646,ggforce
2023-01-04,2575,3032221,ggforce
2023-01-05,2598,3034819,ggforce
2023-01-06,2590,3037409,ggforce
2023-01-07,1630,3039039,ggforce
2023-01-08,1714,3040753,ggforce
2023-01-09,2849,3043602,ggforce
2023-01-10,4287,3047889,ggforce
2023-01-11,6371,3054260,ggforce
2023-01-12,5588,3059848,ggforce
2023-01-13,2696,3062544,ggforce
2023-01-14,1525,3064069,ggforce
2023-01-15,1615,3065684,ggforce
2023-01-16,2756,3068440,ggforce
2023-01-17,3723,3072163,ggforce
2023-01-18,3857,3076020,ggforce
2023-01-19,3301,3079321,ggforce
2023-01-20,3052,3082373,ggforce
2023-01-21,1390,3083763,ggforce
2023-01-22,1672,3085435,ggforce
2023-01-23,3477,3088912,ggforce
2023-01-24,3527,3092439,ggforce
2023-01-25,3063,3095502,ggforce
2023-01-26,2914,3098416,ggforce
2023-01-27,2656,3101072,ggforce
2023-01-28,1307,3102379,ggforce
2023-01-29,1456,3103835,ggforce
2023-01-30,2940,3106775,ggforce
2023-01-31,3186,3109961,ggforce
2023-02-01,3265,3113226,ggforce
2023-02-02,3286,3116512,ggforce
2023-02-03,2627,3119139,ggforce
2023-02-04,1405,3120544,ggforce
2023-02-05,1445,3121989,ggforce
2023-02-06,3143,3125132,ggforce
2023-02-07,3711,3128843,ggforce
2023-02-08,3393,3132236,ggforce
2023-02-09,3491,3135727,ggforce
2023-02-10,3057,3138784,ggforce
2023-02-11,1318,3140102,ggforce
2023-02-12,1434,3141536,ggforce
2023-02-13,3119,3144655,ggforce
2023-02-14,3345,3148000,ggforce
2023-02-15,3119,3151119,ggforce
2023-02-16,3089,3154208,ggforce
2023-02-17,2809,3157017,ggforce
2023-02-18,1220,3158237,ggforce
2023-02-19,1412,3159649,ggforce
2023-02-20,2824,3162473,ggforce
2023-02-21,3358,3165831,ggforce
2023-02-22,3381,3169212,ggforce
2023-02-23,3273,3172485,ggforce
2023-02-24,2910,3175395,ggforce
2023-02-25,1360,3176755,ggforce
2023-02-26,1495,3178250,ggforce
2023-02-27,3129,3181379,ggforce
2023-02-28,3580,3184959,ggforce
2023-03-01,3602,3188561,ggforce
2023-03-02,3428,3191989,ggforce
2023-03-03,2988,3194977,ggforce
2023-03-04,1472,3196449,ggforce
2023-03-05,1455,3197904,ggforce
2023-03-06,3335,3201239,ggforce
2023-03-07,3357,3204596,ggforce
2023-03-08,3185,3207781,ggforce
2023-03-09,3473,3211254,ggforce
2023-03-10,2823,3214077,ggforce
2023-03-11,1551,3215628,ggforce
2023-03-12,1556,3217184,ggforce
2023-03-13,3149,3220333,ggforce
2023-03-14,3412,3223745,ggforce
2023-03-15,3493,3227238,ggforce
2023-03-16,3272,3230510,ggforce
2023-03-17,2828,3233338,ggforce
2023-03-18,1332,3234670,ggforce
2023-03-19,1604,3236274,ggforce
2023-03-20,3502,3239776,ggforce
2023-03-21,4228,3244004,ggforce
2023-03-22,3526,3247530,ggforce
2023-03-23,3694,3251224,ggforce
2023-03-24,3924,3255148,ggforce
2023-03-25,1485,3256633,ggforce
2023-03-26,1585,3258218,ggforce
2023-03-27,3486,3261704,ggforce
2023-03-28,4293,3265997,ggforce
2023-03-29,3532,3269529,ggforce
2023-03-30,3642,3273171,ggforce
2023-03-31,2795,3275966,ggforce
2023-04-01,1643,3277609,ggforce
2023-04-02,1559,3279168,ggforce
2023-04-03,3203,3282371,ggforce
2023-04-04,3293,3285664,ggforce
2023-04-05,3157,3288821,ggforce
2023-04-06,4099,3292920,ggforce
2023-04-07,2714,3295634,ggforce
2023-04-08,1632,3297266,ggforce
2023-04-09,1296,3298562,ggforce
2023-04-10,2452,3301014,ggforce
2023-04-11,4211,3305225,ggforce
2023-04-12,4208,3309433,ggforce
2023-04-13,3312,3312745,ggforce
2023-04-14,4158,3316903,ggforce
2023-04-15,1680,3318583,ggforce
2023-04-16,1713,3320296,ggforce
2023-04-17,4844,3325140,ggforce
2023-04-18,5215,3330355,ggforce
2023-04-19,3674,3334029,ggforce
2023-04-20,3704,3337733,ggforce
2023-04-21,3936,3341669,ggforce
2023-04-22,1955,3343624,ggforce
2023-04-23,3742,3347366,ggforce
2023-04-24,4220,3351586,ggforce
2023-04-25,5185,3356771,ggforce
2023-04-26,4783,3361554,ggforce
2023-04-27,3643,3365197,ggforce
2023-04-28,3404,3368601,ggforce
2023-04-29,1887,3370488,ggforce
2023-04-30,1433,3371921,ggforce
2023-05-01,3375,3375296,ggforce
2023-05-02,3699,3378995,ggforce
2023-05-03,3923,3382918,ggforce
2023-05-04,4904,3387822,ggforce
2023-05-05,3026,3390848,ggforce
2023-05-06,1765,3392613,ggforce
2023-05-07,2102,3394715,ggforce
2023-05-08,3573,3398288,ggforce
2023-05-09,4928,3403216,ggforce
2023-05-10,3430,3406646,ggforce
2023-05-11,3466,3410112,ggforce
2023-05-12,2889,3413001,ggforce
2023-05-13,1615,3414616,ggforce
2023-05-14,1509,3416125,ggforce
2023-05-15,3601,3419726,ggforce
2023-05-16,5373,3425099,ggforce
2023-05-17,8461,3433560,ggforce
2023-05-18,3406,3436966,ggforce
2023-05-19,3717,3440683,ggforce
2023-05-20,1353,3442036,ggforce
2023-05-21,1379,3443415,ggforce
2023-05-22,3203,3446618,ggforce
2023-05-23,3282,3449900,ggforce
2023-05-24,3067,3452967,ggforce
2023-05-25,2917,3455884,ggforce
2023-05-26,2638,3458522,ggforce
2023-05-27,1342,3459864,ggforce
2023-05-28,1252,3461116,ggforce
2023-05-29,2166,3463282,ggforce
2023-05-30,3052,3466334,ggforce
2023-05-31,3012,3469346,ggforce
2023-06-01,2942,3472288,ggforce
2023-06-02,2547,3474835,ggforce
2023-06-03,1406,3476241,ggforce
2023-06-04,1386,3477627,ggforce
2023-06-05,3029,3480656,ggforce
2023-06-06,2894,3483550,ggforce
2023-06-07,2862,3486412,ggforce
2023-06-08,2745,3489157,ggforce
2023-06-09,2475,3491632,ggforce
2023-06-10,1569,3493201,ggforce
2023-06-11,1535,3494736,ggforce
2023-06-12,3079,3497815,ggforce
2023-06-13,3017,3500832,ggforce
2023-06-14,2886,3503718,ggforce
2023-06-15,2710,3506428,ggforce
2023-06-16,2271,3508699,ggforce
2023-06-17,1356,3510055,ggforce
2023-06-18,1446,3511501,ggforce
2023-06-19,2747,3514248,ggforce
2023-06-20,3130,3517378,ggforce
2023-06-21,2790,3520168,ggforce
2023-06-22,2678,3522846,ggforce
2023-06-23,2262,3525108,ggforce
2023-06-24,1302,3526410,ggforce
2023-06-25,1402,3527812,ggforce
2023-06-26,3018,3530830,ggforce
2023-06-27,3116,3533946,ggforce
2023-06-28,2849,3536795,ggforce
2023-06-29,2549,3539344,ggforce
2023-06-30,2181,3541525,ggforce
2023-07-01,1224,3542749,ggforce
2023-07-02,1241,3543990,ggforce
2023-07-03,2329,3546319,ggforce
2023-07-04,2331,3548650,ggforce
2023-07-05,2657,3551307,ggforce
2023-07-06,2819,3554126,ggforce
2023-07-07,2386,3556512,ggforce
2023-07-08,1182,3557694,ggforce
2023-07-09,1187,3558881,ggforce
2023-07-10,2754,3561635,ggforce
2023-07-11,2884,3564519,ggforce
2023-07-12,2950,3567469,ggforce
2023-07-13,2555,3570024,ggforce
2023-07-14,2418,3572442,ggforce
2023-07-15,1196,3573638,ggforce
2023-07-16,1276,3574914,ggforce
2023-07-17,2727,3577641,ggforce
2023-07-18,2915,3580556,ggforce
2023-07-19,3392,3583948,ggforce
2023-07-20,3110,3587058,ggforce
2023-07-21,2198,3589256,ggforce
2023-07-22,1198,3590454,ggforce
2023-07-23,1177,3591631,ggforce
2023-07-24,2586,3594217,ggforce
2023-07-25,3000,3597217,ggforce
2023-07-26,2707,3599924,ggforce
2023-07-27,2341,3602265,ggforce
2023-07-28,2206,3604471,ggforce
2023-07-29,1161,3605632,ggforce
2023-07-30,1155,3606787,ggforce
2023-07-31,2730,3609517,ggforce
2023-08-01,3596,3613113,ggforce
2023-08-02,2485,3615598,ggforce
2023-08-03,2868,3618466,ggforce
2023-08-04,2487,3620953,ggforce
2023-08-05,1313,3622266,ggforce
2023-08-06,1435,3623701,ggforce
2023-08-07,2476,3626177,ggforce
2023-08-08,2780,3628957,ggforce
2023-08-09,2832,3631789,ggforce
2023-08-10,2718,3634507,ggforce
2023-08-11,2480,3636987,ggforce
2023-08-12,1136,3638123,ggforce
2023-08-13,1183,3639306,ggforce
2023-08-14,2756,3642062,ggforce
2023-08-15,2632,3644694,ggforce
2023-08-16,2911,3647605,ggforce
2023-08-17,2670,3650275,ggforce
2023-08-18,2364,3652639,ggforce
2023-08-19,1254,3653893,ggforce
2023-08-20,1331,3655224,ggforce
2023-08-21,2711,3657935,ggforce
2023-08-22,3004,3660939,ggforce
2023-08-23,3004,3663943,ggforce
2023-08-24,3022,3666965,ggforce
2023-08-25,2745,3669710,ggforce
2023-08-26,1362,3671072,ggforce
2023-08-27,1460,3672532,ggforce
2023-08-28,2981,3675513,ggforce
2023-08-29,3234,3678747,ggforce
2023-08-30,3337,3682084,ggforce
2023-08-31,3464,3685548,ggforce
2023-09-01,2565,3688113,ggforce
2023-09-02,1306,3689419,ggforce
2023-09-03,1391,3690810,ggforce
2023-09-04,2488,3693298,ggforce
2023-09-05,2994,3696292,ggforce
2023-09-06,3454,3699746,ggforce
2023-09-07,3265,3703011,ggforce
2023-09-08,3228,3706239,ggforce
2023-09-09,1339,3707578,ggforce
2023-09-10,1498,3709076,ggforce
2023-09-11,3375,3712451,ggforce
2023-09-12,3557,3716008,ggforce
2023-09-13,3653,3719661,ggforce
2023-09-14,3286,3722947,ggforce
2023-09-15,2897,3725844,ggforce
2023-09-16,1434,3727278,ggforce
2023-09-17,1672,3728950,ggforce
2023-09-18,3052,3732002,ggforce
2023-09-19,3561,3735563,ggforce
2023-09-20,3609,3739172,ggforce
2023-09-21,3836,3743008,ggforce
2023-09-22,3036,3746044,ggforce
2023-09-23,1500,3747544,ggforce
2023-09-24,1496,3749040,ggforce
2023-09-25,3146,3752186,ggforce
2023-09-26,3524,3755710,ggforce
2023-09-27,3529,3759239,ggforce
2023-09-28,2968,3762207,ggforce
2023-09-29,2721,3764928,ggforce
2023-09-30,1380,3766308,ggforce
2023-10-01,1487,3767795,ggforce
2023-10-02,3094,3770889,ggforce
2023-10-03,3120,3774009,ggforce
2023-10-04,3939,3777948,ggforce
2023-10-05,3670,3781618,ggforce
2023-10-06,3062,3784680,ggforce
2023-10-07,1660,3786340,ggforce
2023-10-08,1617,3787957,ggforce
2023-10-09,3363,3791320,ggforce
2023-10-10,3878,3795198,ggforce
2023-10-11,3740,3798938,ggforce
2023-10-12,3337,3802275,ggforce
2023-10-13,2991,3805266,ggforce
2023-10-14,1707,3806973,ggforce
2023-10-15,1493,3808466,ggforce
2023-10-16,3461,3811927,ggforce
2023-10-17,3930,3815857,ggforce
2023-10-18,3683,3819540,ggforce
2023-10-19,3036,3822576,ggforce
2023-10-20,3135,3825711,ggforce
2023-10-21,1754,3827465,ggforce
2023-10-22,1699,3829164,ggforce
2023-10-23,3165,3832329,ggforce
2023-10-24,3588,3835917,ggforce
2023-10-25,3485,3839402,ggforce
2023-10-26,3518,3842920,ggforce
2023-10-27,2833,3845753,ggforce
2023-10-28,1577,3847330,ggforce
2023-10-29,1535,3848865,ggforce
2023-10-30,3156,3852021,ggforce
2023-10-31,3446,3855467,ggforce
2023-11-01,3144,3858611,ggforce
2023-11-02,3745,3862356,ggforce
2023-11-03,2784,3865140,ggforce
2023-11-04,2063,3867203,ggforce
2023-11-05,1474,3868677,ggforce
2023-11-06,3461,3872138,ggforce
2023-11-07,3532,3875670,ggforce
2023-11-08,3603,3879273,ggforce
2023-11-09,3025,3882298,ggforce
2023-11-10,2301,3884599,ggforce
2023-11-11,1262,3885861,ggforce
2023-11-12,1169,3887030,ggforce
2023-11-13,2646,3889676,ggforce
2023-11-14,2888,3892564,ggforce
2023-11-15,2966,3895530,ggforce
2023-11-16,2977,3898507,ggforce
2023-11-17,2205,3900712,ggforce
2023-11-18,1386,3902098,ggforce
2023-11-19,1679,3903777,ggforce
2023-11-20,3110,3906887,ggforce
2023-11-21,3101,3909988,ggforce
2023-11-22,2706,3912694,ggforce
2023-11-23,2348,3915042,ggforce
2023-11-24,2094,3917136,ggforce
2023-11-25,1286,3918422,ggforce
2023-11-26,1398,3919820,ggforce
2023-11-27,2933,3922753,ggforce
2023-11-28,3230,3925983,ggforce
2023-11-29,3093,3929076,ggforce
2023-11-30,3108,3932184,ggforce
2023-12-01,2625,3934809,ggforce
2023-12-02,1529,3936338,ggforce
2023-12-03,1612,3937950,ggforce
2023-12-04,3276,3941226,ggforce
2023-12-05,3036,3944262,ggforce
2023-12-06,2766,3947028,ggforce
2023-12-07,2821,3949849,ggforce
2023-12-08,2514,3952363,ggforce
2023-12-09,1369,3953732,ggforce
2023-12-10,1378,3955110,ggforce
2023-12-11,2659,3957769,ggforce
2023-12-12,2866,3960635,ggforce
2023-12-13,2857,3963492,ggforce
2023-12-14,2829,3966321,ggforce
2023-12-15,2033,3968354,ggforce
2023-12-16,1298,3969652,ggforce
2023-12-17,1537,3971189,ggforce
2023-12-18,2167,3973356,ggforce
2023-12-19,2617,3975973,ggforce
2023-12-20,2349,3978322,ggforce
2023-12-21,2035,3980357,ggforce
2023-12-22,1629,3981986,ggforce
2023-12-23,954,3982940,ggforce
2023-12-24,876,3983816,ggforce
2023-12-25,983,3984799,ggforce
2023-12-26,1285,3986084,ggforce
2023-12-27,1369,3987453,ggforce
2023-12-28,1457,3988910,ggforce
2023-12-29,1270,3990180,ggforce
2023-12-30,943,3991123,ggforce
2023-12-31,809,3991932,ggforce
2024-01-01,803,3992735,ggforce
2024-01-02,1767,3994502,ggforce
2024-01-03,2354,3996856,ggforce
2024-01-04,2275,3999131,ggforce
2024-01-05,1861,4000992,ggforce
2024-01-06,1073,4002065,ggforce
2024-01-07,1169,4003234,ggforce
2024-01-08,2307,4005541,ggforce
2024-01-09,2220,4007761,ggforce
2024-01-10,2443,4010204,ggforce
2024-01-11,2413,4012617,ggforce
2024-01-12,2104,4014721,ggforce
2024-01-13,1252,4015973,ggforce
2024-01-14,1303,4017276,ggforce
2024-01-15,2165,4019441,ggforce
2024-01-16,2538,4021979,ggforce
2024-01-17,2673,4024652,ggforce
2024-01-18,2394,4027046,ggforce
2024-01-19,3403,4030449,ggforce
2024-01-20,1294,4031743,ggforce
2024-01-21,3033,4034776,ggforce
2024-01-22,2279,4037055,ggforce
2024-01-23,2652,4039707,ggforce
2024-01-24,2714,4042421,ggforce
2024-01-25,2316,4044737,ggforce
2024-01-26,1891,4046628,ggforce
2024-01-27,1155,4047783,ggforce
2024-01-28,1328,4049111,ggforce
2024-01-29,2258,4051369,ggforce
2024-01-30,2433,4053802,ggforce
2024-01-31,2545,4056347,ggforce
2024-02-01,2396,4058743,ggforce
2024-02-02,2061,4060804,ggforce
2024-02-03,1188,4061992,ggforce
2024-02-04,1250,4063242,ggforce
2024-02-05,2460,4065702,ggforce
2024-02-06,2785,4068487,ggforce
2024-02-07,2338,4070825,ggforce
2024-02-08,2260,4073085,ggforce
2024-02-09,1802,4074887,ggforce
2024-02-10,960,4075847,ggforce
2024-02-11,1062,4076909,ggforce
2024-02-12,2255,4079164,ggforce
2024-02-13,2569,4081733,ggforce
2024-02-14,2248,4083981,ggforce
2024-02-15,2364,4086345,ggforce
2024-02-16,2126,4088471,ggforce
2024-02-17,1157,4089628,ggforce
2024-02-18,1410,4091038,ggforce
2024-02-19,5161,4096199,ggforce
2024-02-20,5795,4101994,ggforce
2024-02-21,5549,4107543,ggforce
2024-02-22,4470,4112013,ggforce
2024-02-23,3827,4115840,ggforce
2024-02-24,1662,4117502,ggforce
2024-02-25,1972,4119474,ggforce
2024-02-26,4644,4124118,ggforce
2024-02-27,4778,4128896,ggforce
2024-02-28,4384,4133280,ggforce
2024-02-29,4077,4137357,ggforce
2024-03-01,3577,4140934,ggforce
2024-03-02,1945,4142879,ggforce
2024-03-03,2106,4144985,ggforce
2024-03-04,4410,4149395,ggforce
2024-03-05,4380,4153775,ggforce
2024-03-06,4406,4158181,ggforce
2024-03-07,4079,4162260,ggforce
2024-03-08,3668,4165928,ggforce
2024-03-09,1756,4167684,ggforce
2024-03-10,1919,4169603,ggforce
2024-03-11,4119,4173722,ggforce
2024-03-12,3848,4177570,ggforce
2024-03-13,4099,4181669,ggforce
2024-03-14,4062,4185731,ggforce
2024-03-15,3496,4189227,ggforce
2024-03-16,1634,4190861,ggforce
2024-03-17,1706,4192567,ggforce
2024-03-18,4078,4196645,ggforce
2024-03-19,4228,4200873,ggforce
2024-03-20,3976,4204849,ggforce
2024-03-21,3779,4208628,ggforce
2024-03-22,3225,4211853,ggforce
2024-03-23,1660,4213513,ggforce
2024-03-24,1770,4215283,ggforce
2024-03-25,3519,4218802,ggforce
2024-03-26,3978,4222780,ggforce
2024-03-27,4101,4226881,ggforce
2024-03-28,3421,4230302,ggforce
2024-03-29,2615,4232917,ggforce
2024-03-30,1674,4234591,ggforce
2024-03-31,1554,4236145,ggforce
2024-04-01,2981,4239126,ggforce
2024-04-02,4005,4243131,ggforce
2024-04-03,4083,4247214,ggforce
2024-04-04,3148,4250362,ggforce
2024-04-05,2927,4253289,ggforce
2024-04-06,1535,4254824,ggforce
2024-04-07,2012,4256836,ggforce
2024-04-08,3469,4260305,ggforce
2024-04-09,3666,4263971,ggforce
2024-04-10,3476,4267447,ggforce
2024-04-11,3757,4271204,ggforce
2024-04-12,3198,4274402,ggforce
2024-04-13,1530,4275932,ggforce
2024-04-14,1729,4277661,ggforce
2024-04-15,3560,4281221,ggforce
2024-04-16,3672,4284893,ggforce
2024-04-17,3702,4288595,ggforce
2024-04-18,4059,4292654,ggforce
2024-04-19,2937,4295591,ggforce
2024-04-20,1435,4297026,ggforce
2024-04-21,1794,4298820,ggforce
2024-04-22,3750,4302570,ggforce
2024-04-23,3917,4306487,ggforce
2024-04-24,3872,4310359,ggforce
2024-04-25,3921,4314280,ggforce
2024-04-26,3408,4317688,ggforce
2024-04-27,1685,4319373,ggforce
2024-04-28,2032,4321405,ggforce
2024-04-29,3861,4325266,ggforce
2024-04-30,3674,4328940,ggforce
2024-05-01,3575,4332515,ggforce
2024-05-02,3808,4336323,ggforce
2024-05-03,3190,4339513,ggforce
2024-05-04,1830,4341343,ggforce
2024-05-05,1758,4343101,ggforce
2024-05-06,3719,4346820,ggforce
2024-05-07,3830,4350650,ggforce
2024-05-08,3739,4354389,ggforce
2024-05-09,3206,4357595,ggforce
2024-05-10,2882,4360477,ggforce
2024-05-11,1484,4361961,ggforce
2024-05-12,1370,4363331,ggforce
2024-05-13,3791,4367122,ggforce
2024-05-14,3855,4370977,ggforce
2024-05-15,3468,4374445,ggforce
2024-05-16,3288,4377733,ggforce
2024-05-17,2838,4380571,ggforce
2024-05-18,1669,4382240,ggforce
2024-05-19,1667,4383907,ggforce
2024-05-20,3106,4387013,ggforce
2024-05-21,3871,4390884,ggforce
2024-05-22,3515,4394399,ggforce
2024-05-23,3115,4397514,ggforce
2024-05-24,2815,4400329,ggforce
2024-05-25,1457,4401786,ggforce
2024-05-26,1768,4403554,ggforce
2024-05-27,3166,4406720,ggforce
2024-05-28,3391,4410111,ggforce
2024-05-29,3509,4413620,ggforce
2024-05-30,3137,4416757,ggforce
2024-05-31,2742,4419499,ggforce
2024-06-01,1390,4420889,ggforce
2024-06-02,1613,4422502,ggforce
2024-06-03,3177,4425679,ggforce
2024-06-04,3275,4428954,ggforce
2024-06-05,3095,4432049,ggforce
2024-06-06,3006,4435055,ggforce
2024-06-07,2587,4437642,ggforce
2024-06-08,1352,4438994,ggforce
2024-06-09,1430,4440424,ggforce
2024-06-10,3000,4443424,ggforce
2024-06-11,3469,4446893,ggforce
2024-06-12,3059,4449952,ggforce
2024-06-13,3053,4453005,ggforce
2024-06-14,2699,4455704,ggforce
2024-06-15,1320,4457024,ggforce
2024-06-16,1650,4458674,ggforce
2024-06-17,3017,4461691,ggforce
2024-06-18,3374,4465065,ggforce
2024-06-19,2949,4468014,ggforce
2024-06-20,3017,4471031,ggforce
2024-06-21,2623,4473654,ggforce
2024-06-22,1435,4475089,ggforce
2024-06-23,1359,4476448,ggforce
2024-06-24,3172,4479620,ggforce
2024-06-25,2974,4482594,ggforce
2024-06-26,2865,4485459,ggforce
2024-06-27,2853,4488312,ggforce
2024-06-28,2409,4490721,ggforce
2024-06-29,1124,4491845,ggforce
2024-06-30,1333,4493178,ggforce
2024-07-01,2690,4495868,ggforce
2024-07-02,3190,4499058,ggforce
2024-07-03,3009,4502067,ggforce
2024-07-04,2792,4504859,ggforce
2024-07-05,2798,4507657,ggforce
2024-07-06,1585,4509242,ggforce
2024-07-07,1725,4510967,ggforce
2024-07-08,3183,4514150,ggforce
2024-07-09,3214,4517364,ggforce
2024-07-10,3147,4520511,ggforce
2024-07-11,3184,4523695,ggforce
2024-07-12,2664,4526359,ggforce
2024-07-13,1412,4527771,ggforce
2024-07-14,1523,4529294,ggforce
2024-07-15,2751,4532045,ggforce
2024-07-16,3288,4535333,ggforce
2024-07-17,3486,4538819,ggforce
2024-07-18,3440,4542259,ggforce
2024-07-19,3030,4545289,ggforce
2024-07-20,1677,4546966,ggforce
2024-07-21,1667,4548633,ggforce
2024-07-22,3347,4551980,ggforce
2024-07-23,3165,4555145,ggforce
2024-07-24,3361,4558506,ggforce
2024-07-25,3307,4561813,ggforce
2024-07-26,2735,4564548,ggforce
2024-07-27,1529,4566077,ggforce
2024-07-28,1517,4567594,ggforce
2024-07-29,2830,4570424,ggforce
2024-07-30,3131,4573555,ggforce
2024-07-31,2897,4576452,ggforce
2024-08-01,3227,4579679,ggforce
2024-08-02,3130,4582809,ggforce
2024-08-03,1964,4584773,ggforce
2024-08-04,1961,4586734,ggforce
2024-08-05,3050,4589784,ggforce
2024-08-06,3418,4593202,ggforce
2024-08-07,3193,4596395,ggforce
2024-08-08,3042,4599437,ggforce
2024-08-09,2310,4601747,ggforce
2024-08-10,1470,4603217,ggforce
2024-08-11,1432,4604649,ggforce
2024-08-12,2765,4607414,ggforce
2024-08-13,2733,4610147,ggforce
2024-08-14,2572,4612719,ggforce
2024-08-15,2268,4614987,ggforce
2024-08-16,2315,4617302,ggforce
2024-08-17,1288,4618590,ggforce
2024-08-18,1208,4619798,ggforce
2024-08-19,2555,4622353,ggforce
2024-08-20,2668,4625021,ggforce
2024-08-21,2789,4627810,ggforce
2024-08-22,2715,4630525,ggforce
2024-08-23,2276,4632801,ggforce
2024-08-24,1231,4634032,ggforce
2024-08-25,1293,4635325,ggforce
2024-08-26,2466,4637791,ggforce
2024-08-27,2681,4640472,ggforce
2024-08-28,2611,4643083,ggforce
2024-08-29,2580,4645663,ggforce
2024-08-30,2382,4648045,ggforce
2024-08-31,1289,4649334,ggforce
2024-09-01,1303,4650637,ggforce
2024-09-02,2860,4653497,ggforce
2024-09-03,2844,4656341,ggforce
2024-09-04,2656,4658997,ggforce
2024-09-05,2532,4661529,ggforce
2024-09-06,2439,4663968,ggforce
2024-09-07,1241,4665209,ggforce
2024-09-08,1462,4666671,ggforce
2024-09-09,2858,4669529,ggforce
2024-09-10,2902,4672431,ggforce
2024-09-11,2835,4675266,ggforce
2024-09-12,2812,4678078,ggforce
2024-09-13,2631,4680709,ggforce
2024-09-14,1355,4682064,ggforce
2024-09-15,1306,4683370,ggforce
2024-09-16,2662,4686032,ggforce
2024-09-17,2690,4688722,ggforce
2024-09-18,3125,4691847,ggforce
2024-09-19,2826,4694673,ggforce
2024-09-20,2649,4697322,ggforce
2024-09-21,1322,4698644,ggforce
2024-09-22,1453,4700097,ggforce
2024-09-23,2940,4703037,ggforce
2024-09-24,3077,4706114,ggforce
2024-09-25,2958,4709072,ggforce
2024-09-26,3221,4712293,ggforce
2024-09-27,2528,4714821,ggforce
2024-09-28,1620,4716441,ggforce
2024-09-29,1578,4718019,ggforce
2024-09-30,2506,4720525,ggforce
2024-10-01,2776,4723301,ggforce
2024-10-02,2618,4725919,ggforce
2024-10-03,2583,4728502,ggforce
2024-10-04,2278,4730780,ggforce
2024-10-05,1467,4732247,ggforce
2024-10-06,1394,4733641,ggforce
2024-10-07,2778,4736419,ggforce
2024-10-08,3254,4739673,ggforce
2024-10-09,3412,4743085,ggforce
2024-10-10,3183,4746268,ggforce
2024-10-11,2625,4748893,ggforce
2024-10-12,1611,4750504,ggforce
2024-10-13,1539,4752043,ggforce
2024-10-14,3003,4755046,ggforce
2024-10-15,3304,4758350,ggforce
2024-10-16,3250,4761600,ggforce
2024-10-17,3355,4764955,ggforce
2024-10-18,2848,4767803,ggforce
2024-10-19,1386,4769189,ggforce
2024-10-20,1402,4770591,ggforce
2024-10-21,3112,4773703,ggforce
2024-10-22,3516,4777219,ggforce
2024-10-23,3465,4780684,ggforce
2024-10-24,3426,4784110,ggforce
2024-10-25,2970,4787080,ggforce
2024-10-26,1416,4788496,ggforce
2024-10-27,1555,4790051,ggforce
2024-10-28,3275,4793326,ggforce
2024-10-29,3188,4796514,ggforce
2024-10-30,3424,4799938,ggforce
2024-10-31,3468,4803406,ggforce
2024-11-01,2319,4805725,ggforce
2024-11-02,1428,4807153,ggforce
2024-11-03,1378,4808531,ggforce
2024-11-04,3287,4811818,ggforce
2024-11-05,3489,4815307,ggforce
2024-11-06,3286,4818593,ggforce
2024-11-07,3166,4821759,ggforce
2024-11-08,2723,4824482,ggforce
2024-11-09,1566,4826048,ggforce
2024-11-10,1645,4827693,ggforce
2024-11-11,3026,4830719,ggforce
2024-11-12,3292,4834011,ggforce
2024-11-13,3276,4837287,ggforce
2024-11-14,3212,4840499,ggforce
2024-11-15,2796,4843295,ggforce
2024-11-16,1507,4844802,ggforce
2024-11-17,1573,4846375,ggforce
2024-11-18,3435,4849810,ggforce
2024-11-19,3396,4853206,ggforce
2024-11-20,3422,4856628,ggforce
2024-11-21,3304,4859932,ggforce
2024-11-22,2891,4862823,ggforce
2024-11-23,1483,4864306,ggforce
2024-11-24,1725,4866031,ggforce
2024-11-25,3335,4869366,ggforce
2024-11-26,3332,4872698,ggforce
2024-11-27,3081,4875779,ggforce
2024-11-28,2742,4878521,ggforce
2024-11-29,2552,4881073,ggforce
2024-11-30,1542,4882615,ggforce
2024-12-01,1602,4884217,ggforce
2024-12-02,3150,4887367,ggforce
2024-12-03,3137,4890504,ggforce
2024-12-04,3354,4893858,ggforce
2024-12-05,3162,4897020,ggforce
2024-12-06,3268,4900288,ggforce
2024-12-07,1613,4901901,ggforce
2024-12-08,1483,4903384,ggforce
2024-12-09,3047,4906431,ggforce
2024-12-10,3161,4909592,ggforce
2024-12-11,3020,4912612,ggforce
2024-12-12,2624,4915236,ggforce
2024-12-13,2323,4917559,ggforce
2024-12-14,1385,4918944,ggforce
2024-12-15,1474,4920418,ggforce
2024-12-16,2610,4923028,ggforce
2024-12-17,2958,4925986,ggforce
2024-12-18,2731,4928717,ggforce
2024-12-19,2772,4931489,ggforce
2024-12-20,1995,4933484,ggforce
2024-12-21,1261,4934745,ggforce
2024-12-22,1436,4936181,ggforce
2024-12-23,1672,4937853,ggforce
2024-12-24,1403,4939256,ggforce
2024-12-25,1192,4940448,ggforce
2024-12-26,1321,4941769,ggforce
2024-12-27,1427,4943196,ggforce
2024-12-28,991,4944187,ggforce
2024-12-29,1221,4945408,ggforce
2024-12-30,1738,4947146,ggforce
2024-12-31,1791,4948937,ggforce
2025-01-01,892,4949829,ggforce
2025-01-02,1662,4951491,ggforce
2025-01-03,1919,4953410,ggforce
2025-01-04,1220,4954630,ggforce
2025-01-05,1157,4955787,ggforce
2025-01-06,2150,4957937,ggforce
2025-01-07,2304,4960241,ggforce
2025-01-08,2328,4962569,ggforce
2025-01-09,2467,4965036,ggforce
2025-01-10,2630,4967666,ggforce
2025-01-11,1135,4968801,ggforce
2025-01-12,1243,4970044,ggforce
2025-01-13,2394,4972438,ggforce
2025-01-14,2722,4975160,ggforce
2025-01-15,2519,4977679,ggforce
2025-01-16,2542,4980221,ggforce
2025-01-17,2224,4982445,ggforce
2025-01-18,1208,4983653,ggforce
2025-01-19,1282,4984935,ggforce
2025-01-20,2460,4987395,ggforce
2025-01-21,2297,4989692,ggforce
2025-01-22,2452,4992144,ggforce
2025-01-23,2460,4994604,ggforce
2025-01-24,2149,4996753,ggforce
2025-01-25,1109,4997862,ggforce
2025-01-26,1088,4998950,ggforce
2025-01-27,2284,5001234,ggforce
2025-01-28,2556,5003790,ggforce
2025-01-29,2319,5006109,ggforce
2025-01-30,2717,5008826,ggforce
2025-01-31,2201,5011027,ggforce
2025-02-01,1241,5012268,ggforce
2025-02-02,1341,5013609,ggforce
2025-02-03,2405,5016014,ggforce
2025-02-04,2814,5018828,ggforce
2025-02-05,2996,5021824,ggforce
2025-02-06,2744,5024568,ggforce
2025-02-07,2963,5027531,ggforce
2025-02-08,1487,5029018,ggforce
2025-02-09,1576,5030594,ggforce
2025-02-10,3017,5033611,ggforce
2025-02-11,3165,5036776,ggforce
2025-02-12,3233,5040009,ggforce
2025-02-13,3325,5043334,ggforce
2025-02-14,3184,5046518,ggforce
2025-02-15,1525,5048043,ggforce
2025-02-16,1663,5049706,ggforce
2025-02-17,3010,5052716,ggforce
2025-02-18,3345,5056061,ggforce
2025-02-19,3322,5059383,ggforce
2025-02-20,4864,5064247,ggforce
2025-02-21,3177,5067424,ggforce
2025-02-22,1826,5069250,ggforce
2025-02-23,1508,5070758,ggforce
2025-02-24,4541,5075299,ggforce
2025-02-25,3302,5078601,ggforce
2025-02-26,4058,5082659,ggforce
2025-02-27,5374,5088033,ggforce
2025-02-28,3414,5091447,ggforce
2025-03-01,1516,5092963,ggforce
2025-03-02,1515,5094478,ggforce
2025-03-03,3044,5097522,ggforce
2025-03-04,3711,5101233,ggforce
2025-03-05,3429,5104662,ggforce
2025-03-06,3589,5108251,ggforce
2025-03-07,2816,5111067,ggforce
2025-03-08,2025,5113092,ggforce
2025-03-09,2014,5115106,ggforce
2025-03-10,3924,5119030,ggforce
2025-03-11,4132,5123162,ggforce
2025-03-12,3702,5126864,ggforce
2025-03-13,3868,5130732,ggforce
2025-03-14,3522,5134254,ggforce
2025-03-15,1825,5136079,ggforce
2025-03-16,1550,5137629,ggforce
2025-03-17,3345,5140974,ggforce
2025-03-18,3432,5144406,ggforce
2025-03-19,3406,5147812,ggforce
2025-03-20,4041,5151853,ggforce
2025-03-21,3853,5155706,ggforce
2025-03-22,1953,5157659,ggforce
2025-03-23,1817,5159476,ggforce
2025-03-24,3681,5163157,ggforce
2025-03-25,3654,5166811,ggforce
2025-03-26,4389,5171200,ggforce
2025-03-27,4902,5176102,ggforce
2025-03-28,3150,5179252,ggforce
2025-03-29,1714,5180966,ggforce
2025-03-30,1676,5182642,ggforce
2016-11-22,304,304,ggforce
2016-11-23,225,529,ggforce
2016-11-24,153,682,ggforce
2016-11-25,73,755,ggforce
2016-11-26,39,794,ggforce
2016-11-27,40,834,ggforce
2016-11-28,251,1085,ggforce
2016-11-29,158,1243,ggforce
2016-11-30,127,1370,ggforce
2016-12-01,106,1476,ggforce
2016-12-02,69,1545,ggforce
2016-12-03,56,1601,ggforce
2016-12-04,50,1651,ggforce
2016-12-05,67,1718,ggforce
2016-12-06,100,1818,ggforce
2016-12-07,150,1968,ggforce
2016-12-08,116,2084,ggforce
2016-12-09,57,2141,ggforce
2016-12-10,36,2177,ggforce
2016-12-11,42,2219,ggforce
2016-12-12,90,2309,ggforce
2016-12-13,82,2391,ggforce
2016-12-14,41,2432,ggforce
2016-12-15,44,2476,ggforce
2016-12-16,45,2521,ggforce
2016-12-17,19,2540,ggforce
2016-12-18,15,2555,ggforce
2016-12-19,59,2614,ggforce
2016-12-20,40,2654,ggforce
2016-12-21,82,2736,ggforce
2016-12-22,86,2822,ggforce
2016-12-23,36,2858,ggforce
2016-12-24,25,2883,ggforce
2016-12-25,40,2923,ggforce
2016-12-26,35,2958,ggforce
2016-12-27,47,3005,ggforce
2016-12-28,30,3035,ggforce
2016-12-29,25,3060,ggforce
2016-12-30,12,3072,ggforce
2016-12-31,24,3096,ggforce
2017-01-01,5,3101,ggforce
2017-01-02,25,3126,ggforce
2017-01-03,48,3174,ggforce
2017-01-04,50,3224,ggforce
2017-01-05,41,3265,ggforce
2017-01-06,24,3289,ggforce
2017-01-07,17,3306,ggforce
2017-01-08,16,3322,ggforce
2017-01-09,40,3362,ggforce
2017-01-10,36,3398,ggforce
2017-01-11,28,3426,ggforce
2017-01-12,41,3467,ggforce
2017-01-13,29,3496,ggforce
2017-01-14,29,3525,ggforce
2017-01-15,9,3534,ggforce
2017-01-16,55,3589,ggforce
2017-01-17,46,3635,ggforce
2017-01-18,47,3682,ggforce
2017-01-19,35,3717,ggforce
2017-01-20,42,3759,ggforce
2017-01-21,13,3772,ggforce
2017-01-22,15,3787,ggforce
2017-01-23,38,3825,ggforce
2017-01-24,33,3858,ggforce
2017-01-25,56,3914,ggforce
2017-01-26,57,3971,ggforce
2017-01-27,42,4013,ggforce
2017-01-28,16,4029,ggforce
2017-01-29,29,4058,ggforce
2017-01-30,39,4097,ggforce
2017-01-31,34,4131,ggforce
2017-02-01,39,4170,ggforce
2017-02-02,34,4204,ggforce
2017-02-03,76,4280,ggforce
2017-02-04,24,4304,ggforce
2017-02-05,33,4337,ggforce
2017-02-06,50,4387,ggforce
2017-02-07,55,4442,ggforce
2017-02-08,53,4495,ggforce
2017-02-09,60,4555,ggforce
2017-02-10,73,4628,ggforce
2017-02-11,10,4638,ggforce
2017-02-12,21,4659,ggforce
2017-02-13,42,4701,ggforce
2017-02-14,71,4772,ggforce
2017-02-15,96,4868,ggforce
2017-02-16,46,4914,ggforce
2017-02-17,42,4956,ggforce
2017-02-18,23,4979,ggforce
2017-02-19,49,5028,ggforce
2017-02-20,52,5080,ggforce
2017-02-21,111,5191,ggforce
2017-02-22,72,5263,ggforce
2017-02-23,62,5325,ggforce
2017-02-24,194,5519,ggforce
2017-02-25,112,5631,ggforce
2017-02-26,86,5717,ggforce
2017-02-27,139,5856,ggforce
2017-02-28,272,6128,ggforce
2017-03-01,91,6219,ggforce
2017-03-02,159,6378,ggforce
2017-03-03,175,6553,ggforce
2017-03-04,68,6621,ggforce
2017-03-05,53,6674,ggforce
2017-03-06,123,6797,ggforce
2017-03-07,86,6883,ggforce
2017-03-08,105,6988,ggforce
2017-03-09,81,7069,ggforce
2017-03-10,110,7179,ggforce
2017-03-11,49,7228,ggforce
2017-03-12,55,7283,ggforce
2017-03-13,95,7378,ggforce
2017-03-14,105,7483,ggforce
2017-03-15,91,7574,ggforce
2017-03-16,65,7639,ggforce
2017-03-17,97,7736,ggforce
2017-03-18,33,7769,ggforce
2017-03-19,48,7817,ggforce
2017-03-20,125,7942,ggforce
2017-03-21,96,8038,ggforce
2017-03-22,156,8194,ggforce
2017-03-23,166,8360,ggforce
2017-03-24,123,8483,ggforce
2017-03-25,53,8536,ggforce
2017-03-26,52,8588,ggforce
2017-03-27,90,8678,ggforce
2017-03-28,90,8768,ggforce
2017-03-29,98,8866,ggforce
2017-03-30,94,8960,ggforce
2017-03-31,83,9043,ggforce
2017-04-01,39,9082,ggforce
2017-04-02,47,9129,ggforce
2017-04-03,123,9252,ggforce
2017-04-04,199,9451,ggforce
2017-04-05,158,9609,ggforce
2017-04-06,123,9732,ggforce
2017-04-07,62,9794,ggforce
2017-04-08,50,9844,ggforce
2017-04-09,81,9925,ggforce
2017-04-10,100,10025,ggforce
2017-04-11,97,10122,ggforce
2017-04-12,97,10219,ggforce
2017-04-13,68,10287,ggforce
2017-04-14,43,10330,ggforce
2017-04-15,41,10371,ggforce
2017-04-16,29,10400,ggforce
2017-04-17,75,10475,ggforce
2017-04-18,66,10541,ggforce
2017-04-19,58,10599,ggforce
2017-04-20,73,10672,ggforce
2017-04-21,79,10751,ggforce
2017-04-22,69,10820,ggforce
2017-04-23,45,10865,ggforce
2017-04-24,118,10983,ggforce
2017-04-25,130,11113,ggforce
2017-04-26,126,11239,ggforce
2017-04-27,105,11344,ggforce
2017-04-28,94,11438,ggforce
2017-04-29,30,11468,ggforce
2017-04-30,40,11508,ggforce
2017-05-01,78,11586,ggforce
2017-05-02,136,11722,ggforce
2017-05-03,109,11831,ggforce
2017-05-04,109,11940,ggforce
2017-05-05,115,12055,ggforce
2017-05-06,66,12121,ggforce
2017-05-07,64,12185,ggforce
2017-05-08,85,12270,ggforce
2017-05-09,133,12403,ggforce
2017-05-10,161,12564,ggforce
2017-05-11,148,12712,ggforce
2017-05-12,57,12769,ggforce
2017-05-13,45,12814,ggforce
2017-05-14,40,12854,ggforce
2017-05-15,80,12934,ggforce
2017-05-16,93,13027,ggforce
2017-05-17,85,13112,ggforce
2017-05-18,82,13194,ggforce
2017-05-19,99,13293,ggforce
2017-05-20,40,13333,ggforce
2017-05-21,50,13383,ggforce
2017-05-22,98,13481,ggforce
2017-05-23,120,13601,ggforce
2017-05-24,105,13706,ggforce
2017-05-25,136,13842,ggforce
2017-05-26,108,13950,ggforce
2017-05-27,32,13982,ggforce
2017-05-28,53,14035,ggforce
2017-05-29,67,14102,ggforce
2017-05-30,98,14200,ggforce
2017-05-31,108,14308,ggforce
2017-06-01,106,14414,ggforce
2017-06-02,99,14513,ggforce
2017-06-03,54,14567,ggforce
2017-06-04,29,14596,ggforce
2017-06-05,132,14728,ggforce
2017-06-06,95,14823,ggforce
2017-06-07,84,14907,ggforce
2017-06-08,98,15005,ggforce
2017-06-09,84,15089,ggforce
2017-06-10,59,15148,ggforce
2017-06-11,63,15211,ggforce
2017-06-12,92,15303,ggforce
2017-06-13,86,15389,ggforce
2017-06-14,115,15504,ggforce
2017-06-15,120,15624,ggforce
2017-06-16,131,15755,ggforce
2017-06-17,30,15785,ggforce
2017-06-18,56,15841,ggforce
2017-06-19,121,15962,ggforce
2017-06-20,142,16104,ggforce
2017-06-21,81,16185,ggforce
2017-06-22,84,16269,ggforce
2017-06-23,101,16370,ggforce
2017-06-24,41,16411,ggforce
2017-06-25,33,16444,ggforce
2017-06-26,144,16588,ggforce
2017-06-27,111,16699,ggforce
2017-06-28,136,16835,ggforce
2017-06-29,83,16918,ggforce
2017-06-30,60,16978,ggforce
2017-07-01,45,17023,ggforce
2017-07-02,28,17051,ggforce
2017-07-03,66,17117,ggforce
2017-07-04,62,17179,ggforce
2017-07-05,107,17286,ggforce
2017-07-06,90,17376,ggforce
2017-07-07,123,17499,ggforce
2017-07-08,44,17543,ggforce
2017-07-09,34,17577,ggforce
2017-07-10,130,17707,ggforce
2017-07-11,68,17775,ggforce
2017-07-12,112,17887,ggforce
2017-07-13,114,18001,ggforce
2017-07-14,64,18065,ggforce
2017-07-15,43,18108,ggforce
2017-07-16,56,18164,ggforce
2017-07-17,68,18232,ggforce
2017-07-18,82,18314,ggforce
2017-07-19,84,18398,ggforce
2017-07-20,129,18527,ggforce
2017-07-21,92,18619,ggforce
2017-07-22,65,18684,ggforce
2017-07-23,30,18714,ggforce
2017-07-24,111,18825,ggforce
2017-07-25,106,18931,ggforce
2017-07-26,72,19003,ggforce
2017-07-27,90,19093,ggforce
2017-07-28,74,19167,ggforce
2017-07-29,32,19199,ggforce
2017-07-30,34,19233,ggforce
2017-07-31,66,19299,ggforce
2017-08-01,87,19386,ggforce
2017-08-02,67,19453,ggforce
2017-08-03,85,19538,ggforce
2017-08-04,90,19628,ggforce
2017-08-05,52,19680,ggforce
2017-08-06,31,19711,ggforce
2017-08-07,72,19783,ggforce
2017-08-08,72,19855,ggforce
2017-08-09,89,19944,ggforce
2017-08-10,67,20011,ggforce
2017-08-11,113,20124,ggforce
2017-08-12,40,20164,ggforce
2017-08-13,34,20198,ggforce
2017-08-14,79,20277,ggforce
2017-08-15,81,20358,ggforce
2017-08-16,68,20426,ggforce
2017-08-17,79,20505,ggforce
2017-08-18,79,20584,ggforce
2017-08-19,44,20628,ggforce
2017-08-20,50,20678,ggforce
2017-08-21,78,20756,ggforce
2017-08-22,113,20869,ggforce
2017-08-23,143,21012,ggforce
2017-08-24,117,21129,ggforce
2017-08-25,72,21201,ggforce
2017-08-26,42,21243,ggforce
2017-08-27,38,21281,ggforce
2017-08-28,176,21457,ggforce
2017-08-29,177,21634,ggforce
2017-08-30,142,21776,ggforce
2017-08-31,165,21941,ggforce
2017-09-01,120,22061,ggforce
2017-09-02,38,22099,ggforce
2017-09-03,26,22125,ggforce
2017-09-04,96,22221,ggforce
2017-09-05,141,22362,ggforce
2017-09-06,144,22506,ggforce
2017-09-07,106,22612,ggforce
2017-09-08,126,22738,ggforce
2017-09-09,45,22783,ggforce
2017-09-10,62,22845,ggforce
2017-09-11,77,22922,ggforce
2017-09-12,136,23058,ggforce
2017-09-13,117,23175,ggforce
2017-09-14,112,23287,ggforce
2017-09-15,88,23375,ggforce
2017-09-16,55,23430,ggforce
2017-09-17,81,23511,ggforce
2017-09-18,119,23630,ggforce
2017-09-19,110,23740,ggforce
2017-09-20,148,23888,ggforce
2017-09-21,160,24048,ggforce
2017-09-22,105,24153,ggforce
2017-09-23,62,24215,ggforce
2017-09-24,46,24261,ggforce
2017-09-25,119,24380,ggforce
2017-09-26,121,24501,ggforce
2017-09-27,164,24665,ggforce
2017-09-28,114,24779,ggforce
2017-09-29,107,24886,ggforce
2017-09-30,47,24933,ggforce
2017-10-01,58,24991,ggforce
2017-10-02,121,25112,ggforce
2017-10-03,176,25288,ggforce
2017-10-04,184,25472,ggforce
2017-10-05,151,25623,ggforce
2017-10-06,114,25737,ggforce
2017-10-07,107,25844,ggforce
2017-10-08,61,25905,ggforce
2017-10-09,135,26040,ggforce
2017-10-10,136,26176,ggforce
2017-10-11,127,26303,ggforce
2017-10-12,92,26395,ggforce
2017-10-13,109,26504,ggforce
2017-10-14,49,26553,ggforce
2017-10-15,61,26614,ggforce
2017-10-16,146,26760,ggforce
2017-10-17,168,26928,ggforce
2017-10-18,102,27030,ggforce
2017-10-19,131,27161,ggforce
2017-10-20,136,27297,ggforce
2017-10-21,63,27360,ggforce
2017-10-22,71,27431,ggforce
2017-10-23,123,27554,ggforce
2017-10-24,145,27699,ggforce
2017-10-25,148,27847,ggforce
2017-10-26,191,28038,ggforce
2017-10-27,151,28189,ggforce
2017-10-28,78,28267,ggforce
2017-10-29,78,28345,ggforce
2017-10-30,144,28489,ggforce
2017-10-31,140,28629,ggforce
2017-11-01,169,28798,ggforce
2017-11-02,161,28959,ggforce
2017-11-03,130,29089,ggforce
2017-11-04,67,29156,ggforce
2017-11-05,71,29227,ggforce
2017-11-06,205,29432,ggforce
2017-11-07,163,29595,ggforce
2017-11-08,224,29819,ggforce
2017-11-09,195,30014,ggforce
2017-11-10,163,30177,ggforce
2017-11-11,74,30251,ggforce
2017-11-12,71,30322,ggforce
2017-11-13,136,30458,ggforce
2017-11-14,154,30612,ggforce
2017-11-15,138,30750,ggforce
2017-11-16,128,30878,ggforce
2017-11-17,147,31025,ggforce
2017-11-18,105,31130,ggforce
2017-11-19,69,31199,ggforce
2017-11-20,128,31327,ggforce
2017-11-21,219,31546,ggforce
2017-11-22,187,31733,ggforce
2017-11-23,157,31890,ggforce
2017-11-24,122,32012,ggforce
2017-11-25,59,32071,ggforce
2017-11-26,66,32137,ggforce
2017-11-27,171,32308,ggforce
2017-11-28,217,32525,ggforce
2017-11-29,172,32697,ggforce
2017-11-30,178,32875,ggforce
2017-12-01,145,33020,ggforce
2017-12-02,117,33137,ggforce
2017-12-03,77,33214,ggforce
2017-12-04,195,33409,ggforce
2017-12-05,186,33595,ggforce
2017-12-06,169,33764,ggforce
2017-12-07,120,33884,ggforce
2017-12-08,137,34021,ggforce
2017-12-09,76,34097,ggforce
2017-12-10,63,34160,ggforce
2017-12-11,170,34330,ggforce
2017-12-12,147,34477,ggforce
2017-12-13,134,34611,ggforce
2017-12-14,171,34782,ggforce
2017-12-15,136,34918,ggforce
2017-12-16,62,34980,ggforce
2017-12-17,58,35038,ggforce
2017-12-18,126,35164,ggforce
2017-12-19,164,35328,ggforce
2017-12-20,142,35470,ggforce
2017-12-21,121,35591,ggforce
2017-12-22,85,35676,ggforce
2017-12-23,36,35712,ggforce
2017-12-24,42,35754,ggforce
2017-12-25,44,35798,ggforce
2017-12-26,124,35922,ggforce
2017-12-27,91,36013,ggforce
2017-12-28,108,36121,ggforce
2017-12-29,90,36211,ggforce
2017-12-30,51,36262,ggforce
2017-12-31,39,36301,ggforce
2018-01-01,35,36336,ggforce
2018-01-02,106,36442,ggforce
2018-01-03,89,36531,ggforce
2018-01-04,155,36686,ggforce
2018-01-05,129,36815,ggforce
2018-01-06,83,36898,ggforce
2018-01-07,74,36972,ggforce
2018-01-08,163,37135,ggforce
2018-01-09,166,37301,ggforce
2018-01-10,193,37494,ggforce
2018-01-11,234,37728,ggforce
2018-01-12,116,37844,ggforce
2018-01-13,95,37939,ggforce
2018-01-14,137,38076,ggforce
2018-01-15,119,38195,ggforce
2018-01-16,137,38332,ggforce
2018-01-17,153,38485,ggforce
2018-01-18,159,38644,ggforce
2018-01-19,123,38767,ggforce
2018-01-20,45,38812,ggforce
2018-01-21,72,38884,ggforce
2018-01-22,141,39025,ggforce
2018-01-23,152,39177,ggforce
2018-01-24,167,39344,ggforce
2018-01-25,215,39559,ggforce
2018-01-26,255,39814,ggforce
2018-01-27,110,39924,ggforce
2018-01-28,91,40015,ggforce
2018-01-29,211,40226,ggforce
2018-01-30,752,40978,ggforce
2018-01-31,224,41202,ggforce
2018-02-01,198,41400,ggforce
2018-02-02,184,41584,ggforce
2018-02-03,99,41683,ggforce
2018-02-04,97,41780,ggforce
2018-02-05,173,41953,ggforce
2018-02-06,198,42151,ggforce
2018-02-07,175,42326,ggforce
2018-02-08,179,42505,ggforce
2018-02-09,163,42668,ggforce
2018-02-10,70,42738,ggforce
2018-02-11,77,42815,ggforce
2018-02-12,190,43005,ggforce
2018-02-13,168,43173,ggforce
2018-02-14,173,43346,ggforce
2018-02-15,163,43509,ggforce
2018-02-16,161,43670,ggforce
2018-02-17,51,43721,ggforce
2018-02-18,57,43778,ggforce
2018-02-19,191,43969,ggforce
2018-02-20,178,44147,ggforce
2018-02-21,171,44318,ggforce
2018-02-22,167,44485,ggforce
2018-02-23,192,44677,ggforce
2018-02-24,93,44770,ggforce
2018-02-25,94,44864,ggforce
2018-02-26,179,45043,ggforce
2018-02-27,226,45269,ggforce
2018-02-28,182,45451,ggforce
2018-03-01,250,45701,ggforce
2018-03-02,161,45862,ggforce
2018-03-03,110,45972,ggforce
2018-03-04,100,46072,ggforce
2018-03-05,222,46294,ggforce
2018-03-06,297,46591,ggforce
2018-03-07,284,46875,ggforce
2018-03-08,224,47099,ggforce
2018-03-09,166,47265,ggforce
2018-03-10,94,47359,ggforce
2018-03-11,89,47448,ggforce
2018-03-12,207,47655,ggforce
2018-03-13,190,47845,ggforce
2018-03-14,214,48059,ggforce
2018-03-15,189,48248,ggforce
2018-03-16,167,48415,ggforce
2018-03-17,122,48537,ggforce
2018-03-18,100,48637,ggforce
2018-03-19,181,48818,ggforce
2018-03-20,274,49092,ggforce
2018-03-21,207,49299,ggforce
2018-03-22,240,49539,ggforce
2018-03-23,177,49716,ggforce
2018-03-24,91,49807,ggforce
2018-03-25,101,49908,ggforce
2018-03-26,169,50077,ggforce
2018-03-27,158,50235,ggforce
2018-03-28,206,50441,ggforce
2018-03-29,158,50599,ggforce
2018-03-30,123,50722,ggforce
2018-03-31,72,50794,ggforce
2018-04-01,70,50864,ggforce
2018-04-02,173,51037,ggforce
2018-04-03,245,51282,ggforce
2018-04-04,303,51585,ggforce
2018-04-05,226,51811,ggforce
2018-04-06,191,52002,ggforce
2018-04-07,121,52123,ggforce
2018-04-08,95,52218,ggforce
2018-04-09,247,52465,ggforce
2018-04-10,318,52783,ggforce
2018-04-11,315,53098,ggforce
2018-04-12,210,53308,ggforce
2018-04-13,173,53481,ggforce
2018-04-14,147,53628,ggforce
2018-04-15,115,53743,ggforce
2018-04-16,224,53967,ggforce
2018-04-17,239,54206,ggforce
2018-04-18,280,54486,ggforce
2018-04-19,227,54713,ggforce
2018-04-20,274,54987,ggforce
2018-04-21,85,55072,ggforce
2018-04-22,102,55174,ggforce
2018-04-23,241,55415,ggforce
2018-04-24,387,55802,ggforce
2018-04-25,431,56233,ggforce
2018-04-26,376,56609,ggforce
2018-04-27,345,56954,ggforce
2018-04-28,166,57120,ggforce
2018-04-29,155,57275,ggforce
2018-04-30,298,57573,ggforce
2018-05-01,265,57838,ggforce
2018-05-02,325,58163,ggforce
2018-05-03,361,58524,ggforce
2018-05-04,291,58815,ggforce
2018-05-05,170,58985,ggforce
2018-05-06,178,59163,ggforce
2018-05-07,332,59495,ggforce
2018-05-08,329,59824,ggforce
2018-05-09,379,60203,ggforce
2018-05-10,338,60541,ggforce
2018-05-11,247,60788,ggforce
2018-05-12,150,60938,ggforce
2018-05-13,124,61062,ggforce
2018-05-14,327,61389,ggforce
2018-05-15,325,61714,ggforce
2018-05-16,287,62001,ggforce
2018-05-17,291,62292,ggforce
2018-05-18,251,62543,ggforce
2018-05-19,132,62675,ggforce
2018-05-20,109,62784,ggforce
2018-05-21,226,63010,ggforce
2018-05-22,305,63315,ggforce
2018-05-23,352,63667,ggforce
2018-05-24,261,63928,ggforce
2018-05-25,260,64188,ggforce
2018-05-26,112,64300,ggforce
2018-05-27,204,64504,ggforce
2018-05-28,1229,65733,ggforce
2018-05-29,984,66717,ggforce
2018-05-30,603,67320,ggforce
2018-05-31,487,67807,ggforce
2018-06-01,483,68290,ggforce
2018-06-02,201,68491,ggforce
2018-06-03,171,68662,ggforce
2018-06-04,454,69116,ggforce
2018-06-05,402,69518,ggforce
2018-06-06,424,69942,ggforce
2018-06-07,432,70374,ggforce
2018-06-08,341,70715,ggforce
2018-06-09,175,70890,ggforce
2018-06-10,200,71090,ggforce
2018-06-11,418,71508,ggforce
2018-06-12,412,71920,ggforce
2018-06-13,466,72386,ggforce
2018-06-14,438,72824,ggforce
2018-06-15,313,73137,ggforce
2018-06-16,176,73313,ggforce
2018-06-17,141,73454,ggforce
2018-06-18,356,73810,ggforce
2018-06-19,374,74184,ggforce
2018-06-20,465,74649,ggforce
2018-06-21,439,75088,ggforce
2018-06-22,341,75429,ggforce
2018-06-23,198,75627,ggforce
2018-06-24,160,75787,ggforce
2018-06-25,388,76175,ggforce
2018-06-26,802,76977,ggforce
2018-06-27,764,77741,ggforce
2018-06-28,458,78199,ggforce
2018-06-29,546,78745,ggforce
2018-06-30,158,78903,ggforce
2018-07-01,114,79017,ggforce
2018-07-02,317,79334,ggforce
2018-07-03,674,80008,ggforce
2018-07-04,702,80710,ggforce
2018-07-05,637,81347,ggforce
2018-07-06,329,81676,ggforce
2018-07-07,486,82162,ggforce
2018-07-08,1013,83175,ggforce
2018-07-09,917,84092,ggforce
2018-07-10,845,84937,ggforce
2018-07-11,745,85682,ggforce
2018-07-12,605,86287,ggforce
2018-07-13,488,86775,ggforce
2018-07-14,210,86985,ggforce
2018-07-15,216,87201,ggforce
2018-07-16,487,87688,ggforce
2018-07-17,514,88202,ggforce
2018-07-18,549,88751,ggforce
2018-07-19,507,89258,ggforce
2018-07-20,341,89599,ggforce
2018-07-21,209,89808,ggforce
2018-07-22,268,90076,ggforce
2018-07-23,485,90561,ggforce
2018-07-24,472,91033,ggforce
2018-07-25,421,91454,ggforce
2018-07-26,462,91916,ggforce
2018-07-27,401,92317,ggforce
2018-07-28,226,92543,ggforce
2018-07-29,207,92750,ggforce
2018-07-30,448,93198,ggforce
2018-07-31,576,93774,ggforce
2018-08-01,417,94191,ggforce
2018-08-02,454,94645,ggforce
2018-08-03,327,94972,ggforce
2018-08-04,198,95170,ggforce
2018-08-05,180,95350,ggforce
2018-08-06,419,95769,ggforce
2018-08-07,427,96196,ggforce
2018-08-08,423,96619,ggforce
2018-08-09,482,97101,ggforce
2018-08-10,479,97580,ggforce
2018-08-11,180,97760,ggforce
2018-08-12,170,97930,ggforce
2018-08-13,389,98319,ggforce
2018-08-14,406,98725,ggforce
2018-08-15,395,99120,ggforce
2018-08-16,455,99575,ggforce
2018-08-17,336,99911,ggforce
2018-08-18,180,100091,ggforce
2018-08-19,139,100230,ggforce
2018-08-20,393,100623,ggforce
2018-08-21,362,100985,ggforce
2018-08-22,410,101395,ggforce
2018-08-23,472,101867,ggforce
2018-08-24,434,102301,ggforce
2018-08-25,160,102461,ggforce
2018-08-26,170,102631,ggforce
2018-08-27,355,102986,ggforce
2018-08-28,429,103415,ggforce
2018-08-29,473,103888,ggforce
2018-08-30,443,104331,ggforce
2018-08-31,355,104686,ggforce
2018-09-01,140,104826,ggforce
2018-09-02,199,105025,ggforce
2018-09-03,358,105383,ggforce
2018-09-04,448,105831,ggforce
2018-09-05,398,106229,ggforce
2018-09-06,423,106652,ggforce
2018-09-07,402,107054,ggforce
2018-09-08,198,107252,ggforce
2018-09-09,158,107410,ggforce
2018-09-10,433,107843,ggforce
2018-09-11,414,108257,ggforce
2018-09-12,528,108785,ggforce
2018-09-13,689,109474,ggforce
2018-09-14,495,109969,ggforce
2018-09-15,266,110235,ggforce
2018-09-16,265,110500,ggforce
2018-09-17,736,111236,ggforce
2018-09-18,573,111809,ggforce
2018-09-19,591,112400,ggforce
2018-09-20,641,113041,ggforce
2018-09-21,418,113459,ggforce
2018-09-22,255,113714,ggforce
2018-09-23,246,113960,ggforce
2018-09-24,488,114448,ggforce
2018-09-25,503,114951,ggforce
2018-09-26,798,115749,ggforce
2018-09-27,759,116508,ggforce
2018-09-28,497,117005,ggforce
2018-09-29,294,117299,ggforce
2018-09-30,263,117562,ggforce
2018-10-01,524,118086,ggforce
2018-10-02,602,118688,ggforce
2018-10-03,563,119251,ggforce
2018-10-04,524,119775,ggforce
2018-10-05,440,120215,ggforce
2018-10-06,310,120525,ggforce
2018-10-07,238,120763,ggforce
2018-10-08,516,121279,ggforce
2018-10-09,564,121843,ggforce
2018-10-10,719,122562,ggforce
2018-10-11,539,123101,ggforce
2018-10-12,547,123648,ggforce
2018-10-13,251,123899,ggforce
2018-10-14,294,124193,ggforce
2018-10-15,580,124773,ggforce
2018-10-16,678,125451,ggforce
2018-10-17,647,126098,ggforce
2018-10-18,545,126643,ggforce
2018-10-19,574,127217,ggforce
2018-10-20,280,127497,ggforce
2018-10-21,357,127854,ggforce
2018-10-22,586,128440,ggforce
2018-10-23,582,129022,ggforce
2018-10-24,685,129707,ggforce
2018-10-25,610,130317,ggforce
2018-10-26,629,130946,ggforce
2018-10-27,308,131254,ggforce
2018-10-28,267,131521,ggforce
2018-10-29,635,132156,ggforce
2018-10-30,670,132826,ggforce
2018-10-31,659,133485,ggforce
2018-11-01,562,134047,ggforce
2018-11-02,543,134590,ggforce
2018-11-03,410,135000,ggforce
2018-11-04,282,135282,ggforce
2018-11-05,690,135972,ggforce
2018-11-06,826,136798,ggforce
2018-11-07,683,137481,ggforce
2018-11-08,756,138237,ggforce
2018-11-09,623,138860,ggforce
2018-11-10,356,139216,ggforce
2018-11-11,363,139579,ggforce
2018-11-12,768,140347,ggforce
2018-11-13,802,141149,ggforce
2018-11-14,783,141932,ggforce
2018-11-15,726,142658,ggforce
2018-11-16,693,143351,ggforce
2018-11-17,415,143766,ggforce
2018-11-18,376,144142,ggforce
2018-11-19,702,144844,ggforce
2018-11-20,658,145502,ggforce
2018-11-21,726,146228,ggforce
2018-11-22,616,146844,ggforce
2018-11-23,448,147292,ggforce
2018-11-24,350,147642,ggforce
2018-11-25,359,148001,ggforce
2018-11-26,716,148717,ggforce
2018-11-27,742,149459,ggforce
2018-11-28,750,150209,ggforce
2018-11-29,761,150970,ggforce
2018-11-30,774,151744,ggforce
2018-12-01,337,152081,ggforce
2018-12-02,336,152417,ggforce
2018-12-03,750,153167,ggforce
2018-12-04,888,154055,ggforce
2018-12-05,744,154799,ggforce
2018-12-06,731,155530,ggforce
2018-12-07,712,156242,ggforce
2018-12-08,390,156632,ggforce
2018-12-09,381,157013,ggforce
2018-12-10,653,157666,ggforce
2018-12-11,667,158333,ggforce
2018-12-12,655,158988,ggforce
2018-12-13,683,159671,ggforce
2018-12-14,627,160298,ggforce
2018-12-15,356,160654,ggforce
2018-12-16,349,161003,ggforce
2018-12-17,591,161594,ggforce
2018-12-18,692,162286,ggforce
2018-12-19,645,162931,ggforce
2018-12-20,642,163573,ggforce
2018-12-21,554,164127,ggforce
2018-12-22,327,164454,ggforce
2018-12-23,359,164813,ggforce
2018-12-24,381,165194,ggforce
2018-12-25,326,165520,ggforce
2018-12-26,414,165934,ggforce
2018-12-27,424,166358,ggforce
2018-12-28,421,166779,ggforce
2018-12-29,356,167135,ggforce
2018-12-30,308,167443,ggforce
2018-12-31,335,167778,ggforce
2019-01-01,347,168125,ggforce
2019-01-02,615,168740,ggforce
2019-01-03,699,169439,ggforce
2019-01-04,606,170045,ggforce
2019-01-05,413,170458,ggforce
2019-01-06,408,170866,ggforce
2019-01-07,807,171673,ggforce
2019-01-08,742,172415,ggforce
2019-01-09,779,173194,ggforce
2019-01-10,765,173959,ggforce
2019-01-11,618,174577,ggforce
2019-01-12,417,174994,ggforce
2019-01-13,447,175441,ggforce
2019-01-14,775,176216,ggforce
2019-01-15,864,177080,ggforce
2019-01-16,770,177850,ggforce
2019-01-17,970,178820,ggforce
2019-01-18,830,179650,ggforce
2019-01-19,566,180216,ggforce
2019-01-20,525,180741,ggforce
2019-01-21,786,181527,ggforce
2019-01-22,898,182425,ggforce
2019-01-23,1035,183460,ggforce
2019-01-24,997,184457,ggforce
2019-01-25,866,185323,ggforce
2019-01-26,578,185901,ggforce
2019-01-27,696,186597,ggforce
2019-01-28,1043,187640,ggforce
2019-01-29,1087,188727,ggforce
2019-01-30,952,189679,ggforce
2019-01-31,979,190658,ggforce
2019-02-01,933,191591,ggforce
2019-02-02,612,192203,ggforce
2019-02-03,676,192879,ggforce
2019-02-04,952,193831,ggforce
2019-02-05,930,194761,ggforce
2019-02-06,873,195634,ggforce
2019-02-07,1037,196671,ggforce
2019-02-08,836,197507,ggforce
2019-02-09,616,198123,ggforce
2019-02-10,680,198803,ggforce
2019-02-11,999,199802,ggforce
2019-02-12,1025,200827,ggforce
2019-02-13,1048,201875,ggforce
2019-02-14,1040,202915,ggforce
2019-02-15,1012,203927,ggforce
2019-02-16,718,204645,ggforce
2019-02-17,636,205281,ggforce
2019-02-18,1085,206366,ggforce
2019-02-19,1055,207421,ggforce
2019-02-20,1008,208429,ggforce
2019-02-21,1145,209574,ggforce
2019-02-22,976,210550,ggforce
2019-02-23,578,211128,ggforce
2019-02-24,565,211693,ggforce
2019-02-25,1013,212706,ggforce
2019-02-26,1053,213759,ggforce
2019-02-27,879,214638,ggforce
2019-02-28,927,215565,ggforce
2019-03-01,807,216372,ggforce
2019-03-02,400,216772,ggforce
2019-03-03,439,217211,ggforce
2019-03-04,639,217850,ggforce
2019-03-05,806,218656,ggforce
2019-03-06,903,219559,ggforce
2019-03-07,2030,221589,ggforce
2019-03-08,2196,223785,ggforce
2019-03-09,744,224529,ggforce
2019-03-10,676,225205,ggforce
2019-03-11,1372,226577,ggforce
2019-03-12,2486,229063,ggforce
2019-03-13,2421,231484,ggforce
2019-03-14,1812,233296,ggforce
2019-03-15,1355,234651,ggforce
2019-03-16,765,235416,ggforce
2019-03-17,759,236175,ggforce
2019-03-18,1410,237585,ggforce
2019-03-19,1414,238999,ggforce
2019-03-20,1272,240271,ggforce
2019-03-21,1229,241500,ggforce
2019-03-22,1085,242585,ggforce
2019-03-23,601,243186,ggforce
2019-03-24,615,243801,ggforce
2019-03-25,1172,244973,ggforce
2019-03-26,1291,246264,ggforce
2019-03-27,1221,247485,ggforce
2019-03-28,1248,248733,ggforce
2019-03-29,1038,249771,ggforce
2019-03-30,550,250321,ggforce
2019-03-31,539,250860,ggforce
2019-04-01,1026,251886,ggforce
2019-04-02,1089,252975,ggforce
2019-04-03,1117,254092,ggforce
2019-04-04,1112,255204,ggforce
2019-04-05,944,256148,ggforce
2019-04-06,573,256721,ggforce
2019-04-07,593,257314,ggforce
2019-04-08,1028,258342,ggforce
2019-04-09,1038,259380,ggforce
2019-04-10,1060,260440,ggforce
2019-04-11,1076,261516,ggforce
2019-04-12,939,262455,ggforce
2019-04-13,506,262961,ggforce
2019-04-14,561,263522,ggforce
2019-04-15,1098,264620,ggforce
2019-04-16,1002,265622,ggforce
2019-04-17,957,266579,ggforce
2019-04-18,962,267541,ggforce
2019-04-19,832,268373,ggforce
2019-04-20,539,268912,ggforce
2019-04-21,508,269420,ggforce
2019-04-22,785,270205,ggforce
2019-04-23,2024,272229,ggforce
2019-04-24,2366,274595,ggforce
2019-04-25,1825,276420,ggforce
2019-04-26,1438,277858,ggforce
2019-04-27,848,278706,ggforce
2019-04-28,877,279583,ggforce
2019-04-29,1591,281174,ggforce
2019-04-30,1465,282639,ggforce
2019-05-01,1220,283859,ggforce
2019-05-02,1513,285372,ggforce
2019-05-03,1280,286652,ggforce
2019-05-04,683,287335,ggforce
2019-05-05,687,288022,ggforce
2019-05-06,1399,289421,ggforce
2019-05-07,1316,290737,ggforce
2019-05-08,1364,292101,ggforce
2019-05-09,1299,293400,ggforce
2019-05-10,1156,294556,ggforce
2019-05-11,575,295131,ggforce
2019-05-12,593,295724,ggforce
2019-05-13,1238,296962,ggforce
2019-05-14,1251,298213,ggforce
2019-05-15,1333,299546,ggforce
2019-05-16,1173,300719,ggforce
2019-05-17,1066,301785,ggforce
2019-05-18,568,302353,ggforce
2019-05-19,614,302967,ggforce
2019-05-20,1133,304100,ggforce
2019-05-21,1180,305280,ggforce
2019-05-22,1119,306399,ggforce
2019-05-23,1054,307453,ggforce
2019-05-24,1032,308485,ggforce
2019-05-25,535,309020,ggforce
2019-05-26,520,309540,ggforce
2019-05-27,1065,310605,ggforce
2019-05-28,1071,311676,ggforce
2019-05-29,1089,312765,ggforce
2019-05-30,1016,313781,ggforce
2019-05-31,990,314771,ggforce
2019-06-01,539,315310,ggforce
2019-06-02,496,315806,ggforce
2019-06-03,1019,316825,ggforce
2019-06-04,1170,317995,ggforce
2019-06-05,999,318994,ggforce
2019-06-06,958,319952,ggforce
2019-06-07,933,320885,ggforce
2019-06-08,515,321400,ggforce
2019-06-09,533,321933,ggforce
2019-06-10,903,322836,ggforce
2019-06-11,1097,323933,ggforce
2019-06-12,1029,324962,ggforce
2019-06-13,971,325933,ggforce
2019-06-14,970,326903,ggforce
2019-06-15,479,327382,ggforce
2019-06-16,525,327907,ggforce
2019-06-17,1017,328924,ggforce
2019-06-18,1040,329964,ggforce
2019-06-19,1066,331030,ggforce
2019-06-20,1031,332061,ggforce
2019-06-21,934,332995,ggforce
2019-06-22,482,333477,ggforce
2019-06-23,499,333976,ggforce
2019-06-24,1106,335082,ggforce
2019-06-25,1116,336198,ggforce
2019-06-26,975,337173,ggforce
2019-06-27,1067,338240,ggforce
2019-06-28,963,339203,ggforce
2019-06-29,454,339657,ggforce
2019-06-30,465,340122,ggforce
2019-07-01,1028,341150,ggforce
2019-07-02,1053,342203,ggforce
2019-07-03,1122,343325,ggforce
2019-07-04,972,344297,ggforce
2019-07-05,816,345113,ggforce
2019-07-06,511,345624,ggforce
2019-07-07,462,346086,ggforce
2019-07-08,1001,347087,ggforce
2019-07-09,1087,348174,ggforce
2019-07-10,1081,349255,ggforce
2019-07-11,1021,350276,ggforce
2019-07-12,924,351200,ggforce
2019-07-13,476,351676,ggforce
2019-07-14,550,352226,ggforce
2019-07-15,920,353146,ggforce
2019-07-16,1012,354158,ggforce
2019-07-17,1223,355381,ggforce
2019-07-18,1057,356438,ggforce
2019-07-19,1167,357605,ggforce
2019-07-20,473,358078,ggforce
2019-07-21,502,358580,ggforce
2019-07-22,1023,359603,ggforce
2019-07-23,1156,360759,ggforce
2019-07-24,1229,361988,ggforce
2019-07-25,1037,363025,ggforce
2019-07-26,918,363943,ggforce
2019-07-27,525,364468,ggforce
2019-07-28,519,364987,ggforce
2019-07-29,963,365950,ggforce
2019-07-30,1030,366980,ggforce
2019-07-31,1106,368086,ggforce
2019-08-01,869,368955,ggforce
2019-08-02,890,369845,ggforce
2019-08-03,445,370290,ggforce
2019-08-04,415,370705,ggforce
2019-08-05,957,371662,ggforce
2019-08-06,1056,372718,ggforce
2019-08-07,1002,373720,ggforce
2019-08-08,1032,374752,ggforce
2019-08-09,2555,377307,ggforce
2019-08-10,1201,378508,ggforce
2019-08-11,993,379501,ggforce
2019-08-12,2066,381567,ggforce
2019-08-13,1831,383398,ggforce
2019-08-14,1655,385053,ggforce
2019-08-15,1367,386420,ggforce
2019-08-16,1268,387688,ggforce
2019-08-17,720,388408,ggforce
2019-08-18,610,389018,ggforce
2019-08-19,1523,390541,ggforce
2019-08-20,2369,392910,ggforce
2019-08-21,2670,395580,ggforce
2019-08-22,2262,397842,ggforce
2019-08-23,1840,399682,ggforce
2019-08-24,940,400622,ggforce
2019-08-25,837,401459,ggforce
2019-08-26,1496,402955,ggforce
2019-08-27,1622,404577,ggforce
2019-08-28,1571,406148,ggforce
2019-08-29,1346,407494,ggforce
2019-08-30,1229,408723,ggforce
2019-08-31,640,409363,ggforce
2019-09-01,628,409991,ggforce
2019-09-02,1153,411144,ggforce
2019-09-03,1474,412618,ggforce
2019-09-04,1412,414030,ggforce
2019-09-05,1467,415497,ggforce
2019-09-06,1226,416723,ggforce
2019-09-07,664,417387,ggforce
2019-09-08,682,418069,ggforce
2019-09-09,1562,419631,ggforce
2019-09-10,1337,420968,ggforce
2019-09-11,1380,422348,ggforce
2019-09-12,1313,423661,ggforce
2019-09-13,1143,424804,ggforce
2019-09-14,689,425493,ggforce
2019-09-15,604,426097,ggforce
2019-09-16,1260,427357,ggforce
2019-09-17,1394,428751,ggforce
2019-09-18,1398,430149,ggforce
2019-09-19,1339,431488,ggforce
2019-09-20,1272,432760,ggforce
2019-09-21,695,433455,ggforce
2019-09-22,660,434115,ggforce
2019-09-23,1317,435432,ggforce
2019-09-24,1333,436765,ggforce
2019-09-25,1487,438252,ggforce
2019-09-26,1446,439698,ggforce
2019-09-27,1191,440889,ggforce
2019-09-28,741,441630,ggforce
2019-09-29,763,442393,ggforce
2019-09-30,1361,443754,ggforce
2019-10-01,1241,444995,ggforce
2019-10-02,1406,446401,ggforce
2019-10-03,1325,447726,ggforce
2019-10-04,1281,449007,ggforce
2019-10-05,674,449681,ggforce
2019-10-06,699,450380,ggforce
2019-10-07,1274,451654,ggforce
2019-10-08,1581,453235,ggforce
2019-10-09,1427,454662,ggforce
2019-10-10,1264,455926,ggforce
2019-10-11,1175,457101,ggforce
2019-10-12,643,457744,ggforce
2019-10-13,582,458326,ggforce
2019-10-14,1111,459437,ggforce
2019-10-15,1399,460836,ggforce
2019-10-16,1173,462009,ggforce
2019-10-17,1231,463240,ggforce
2019-10-18,1077,464317,ggforce
2019-10-19,673,464990,ggforce
2019-10-20,596,465586,ggforce
2019-10-21,1322,466908,ggforce
2019-10-22,1398,468306,ggforce
2019-10-23,1285,469591,ggforce
2019-10-24,1266,470857,ggforce
2019-10-25,1092,471949,ggforce
2019-10-26,634,472583,ggforce
2019-10-27,665,473248,ggforce
2019-10-28,1334,474582,ggforce
2019-10-29,1360,475942,ggforce
2019-10-30,1386,477328,ggforce
2019-10-31,1160,478488,ggforce
2019-11-01,1084,479572,ggforce
2019-11-02,762,480334,ggforce
2019-11-03,644,480978,ggforce
2019-11-04,1310,482288,ggforce
2019-11-05,1281,483569,ggforce
2019-11-06,1320,484889,ggforce
2019-11-07,1277,486166,ggforce
2019-11-08,1145,487311,ggforce
2019-11-09,676,487987,ggforce
2019-11-10,671,488658,ggforce
2019-11-11,1177,489835,ggforce
2019-11-12,1297,491132,ggforce
2019-11-13,1336,492468,ggforce
2019-11-14,1498,493966,ggforce
2019-11-15,1497,495463,ggforce
2019-11-16,1081,496544,ggforce
2019-11-17,976,497520,ggforce
2019-11-18,1965,499485,ggforce
2019-11-19,2070,501555,ggforce
2019-11-20,2062,503617,ggforce
2019-11-21,2065,505682,ggforce
2019-11-22,1711,507393,ggforce
2019-11-23,909,508302,ggforce
2019-11-24,973,509275,ggforce
2019-11-25,1842,511117,ggforce
2019-11-26,2049,513166,ggforce
2019-11-27,1818,514984,ggforce
2019-11-28,1443,516427,ggforce
2019-11-29,1383,517810,ggforce
2019-11-30,843,518653,ggforce
2019-12-01,905,519558,ggforce
2019-12-02,2305,521863,ggforce
2019-12-03,2376,524239,ggforce
2019-12-04,2177,526416,ggforce
2019-12-05,2009,528425,ggforce
2019-12-06,2113,530538,ggforce
2019-12-07,923,531461,ggforce
2019-12-08,964,532425,ggforce
2019-12-09,1999,534424,ggforce
2019-12-10,2252,536676,ggforce
2019-12-11,2278,538954,ggforce
2019-12-12,2160,541114,ggforce
2019-12-13,1626,542740,ggforce
2019-12-14,962,543702,ggforce
2019-12-15,839,544541,ggforce
2019-12-16,1646,546187,ggforce
2019-12-17,1773,547960,ggforce
2019-12-18,1857,549817,ggforce
2019-12-19,1635,551452,ggforce
2019-12-20,1249,552701,ggforce
2019-12-21,672,553373,ggforce
2019-12-22,698,554071,ggforce
2019-12-23,901,554972,ggforce
2019-12-24,699,555671,ggforce
2019-12-25,542,556213,ggforce
2019-12-26,755,556968,ggforce
2019-12-27,787,557755,ggforce
2019-12-28,501,558256,ggforce
2019-12-29,502,558758,ggforce
2019-12-30,894,559652,ggforce
2019-12-31,615,560267,ggforce
2020-01-01,418,560685,ggforce
2020-01-02,1208,561893,ggforce
2020-01-03,1369,563262,ggforce
2020-01-04,1018,564280,ggforce
2020-01-05,725,565005,ggforce
2020-01-06,1408,566413,ggforce
2020-01-07,1972,568385,ggforce
2020-01-08,1635,570020,ggforce
2020-01-09,1605,571625,ggforce
2020-01-10,1439,573064,ggforce
2020-01-11,767,573831,ggforce
2020-01-12,698,574529,ggforce
2020-01-13,1513,576042,ggforce
2020-01-14,2110,578152,ggforce
2020-01-15,1775,579927,ggforce
2020-01-16,1587,581514,ggforce
2020-01-17,1289,582803,ggforce
2020-01-18,711,583514,ggforce
2020-01-19,633,584147,ggforce
2020-01-20,1567,585714,ggforce
2020-01-21,1999,587713,ggforce
2020-01-22,1856,589569,ggforce
2020-01-23,1733,591302,ggforce
2020-01-24,1459,592761,ggforce
2020-01-25,794,593555,ggforce
2020-01-26,811,594366,ggforce
2020-01-27,1541,595907,ggforce
2020-01-28,1864,597771,ggforce
2020-01-29,1721,599492,ggforce
2020-01-30,1753,601245,ggforce
2020-01-31,1687,602932,ggforce
2020-02-01,851,603783,ggforce
2020-02-02,887,604670,ggforce
2020-02-03,1547,606217,ggforce
2020-02-04,1784,608001,ggforce
2020-02-05,2093,610094,ggforce
2020-02-06,1910,612004,ggforce
2020-02-07,1698,613702,ggforce
2020-02-08,949,614651,ggforce
2020-02-09,959,615610,ggforce
2020-02-10,1860,617470,ggforce
2020-02-11,1813,619283,ggforce
2020-02-12,2762,622045,ggforce
2020-02-13,2625,624670,ggforce
2020-02-14,2590,627260,ggforce
2020-02-15,1268,628528,ggforce
2020-02-16,1303,629831,ggforce
2020-02-17,2301,632132,ggforce
2020-02-18,2843,634975,ggforce
2020-02-19,2648,637623,ggforce
2020-02-20,2767,640390,ggforce
2020-02-21,2540,642930,ggforce
2020-02-22,1741,644671,ggforce
2020-02-23,1697,646368,ggforce
2020-02-24,2783,649151,ggforce
2020-02-25,2715,651866,ggforce
2020-02-26,2637,654503,ggforce
2020-02-27,2660,657163,ggforce
2020-02-28,2380,659543,ggforce
2020-02-29,353,659896,ggforce
2020-03-01,1661,661557,ggforce
2020-03-02,2867,664424,ggforce
2020-03-03,2827,667251,ggforce
2020-03-04,2830,670081,ggforce
2020-03-05,2814,672895,ggforce
2020-03-06,2765,675660,ggforce
2020-03-07,1947,677607,ggforce
2020-03-08,1788,679395,ggforce
2020-03-09,2807,682202,ggforce
2020-03-10,2869,685071,ggforce
2020-03-11,2730,687801,ggforce
2020-03-12,2795,690596,ggforce
2020-03-13,2364,692960,ggforce
2020-03-14,1595,694555,ggforce
2020-03-15,1636,696191,ggforce
2020-03-16,2499,698690,ggforce
2020-03-17,2643,701333,ggforce
2020-03-18,2665,703998,ggforce
2020-03-19,2590,706588,ggforce
2020-03-20,2474,709062,ggforce
2020-03-21,1736,710798,ggforce
2020-03-22,1604,712402,ggforce
2020-03-23,2658,715060,ggforce
2020-03-24,2883,717943,ggforce
2020-03-25,2597,720540,ggforce
2020-03-26,2984,723524,ggforce
2020-03-27,2537,726061,ggforce
2020-03-28,1996,728057,ggforce
2020-03-29,1967,730024,ggforce
2020-03-30,3174,733198,ggforce
2020-03-31,2770,735968,ggforce
2020-04-01,3103,739071,ggforce
2020-04-02,3100,742171,ggforce
2020-04-03,2477,744648,ggforce
2020-04-04,1710,746358,ggforce
2020-04-05,1523,747881,ggforce
2020-04-06,3215,751096,ggforce
2020-04-07,2770,753866,ggforce
2020-04-08,2861,756727,ggforce
2020-04-09,2622,759349,ggforce
2020-04-10,2475,761824,ggforce
2020-04-11,2009,763833,ggforce
2020-04-12,1793,765626,ggforce
2020-04-13,2529,768155,ggforce
2020-04-14,2705,770860,ggforce
2020-04-15,2673,773533,ggforce
2020-04-16,2456,775989,ggforce
2020-04-17,2498,778487,ggforce
2020-04-18,1769,780256,ggforce
2020-04-19,1641,781897,ggforce
2020-04-20,2070,783967,ggforce
2020-04-21,2434,786401,ggforce
2020-04-22,2596,788997,ggforce
2020-04-23,2271,791268,ggforce
2020-04-24,2570,793838,ggforce
2020-04-25,1921,795759,ggforce
2020-04-26,1742,797501,ggforce
2020-04-27,3114,800615,ggforce
2020-04-28,3636,804251,ggforce
2020-04-29,3127,807378,ggforce
2020-04-30,2757,810135,ggforce
2020-05-01,2193,812328,ggforce
2020-05-02,1955,814283,ggforce
2020-05-03,2072,816355,ggforce
2020-05-04,3172,819527,ggforce
2020-05-05,3339,822866,ggforce
2020-05-06,3202,826068,ggforce
2020-05-07,2748,828816,ggforce
2020-05-08,2174,830990,ggforce
2020-05-09,2164,833154,ggforce
2020-05-10,1762,834916,ggforce
2020-05-11,3005,837921,ggforce
2020-05-12,2935,840856,ggforce
2020-05-13,3017,843873,ggforce
2020-05-14,2443,846316,ggforce
2020-05-15,2153,848469,ggforce
2020-05-16,1500,849969,ggforce
2020-05-17,1351,851320,ggforce
2020-05-18,2259,853579,ggforce
2020-05-19,2307,855886,ggforce
2020-05-20,1974,857860,ggforce
2020-05-21,1862,859722,ggforce
2020-05-22,1930,861652,ggforce
2020-05-23,1364,863016,ggforce
2020-05-24,1351,864367,ggforce
2020-05-25,1950,866317,ggforce
2020-05-26,2445,868762,ggforce
2020-05-27,2276,871038,ggforce
2020-05-28,2294,873332,ggforce
2020-05-29,2156,875488,ggforce
2020-05-30,1269,876757,ggforce
2020-05-31,1198,877955,ggforce
2020-06-01,2152,880107,ggforce
2020-06-02,2516,882623,ggforce
2020-06-03,2269,884892,ggforce
2020-06-04,1979,886871,ggforce
2020-06-05,1992,888863,ggforce
2020-06-06,1159,890022,ggforce
2020-06-07,1218,891240,ggforce
2020-06-08,2287,893527,ggforce
2020-06-09,2466,895993,ggforce
2020-06-10,2214,898207,ggforce
2020-06-11,2021,900228,ggforce
2020-06-12,1915,902143,ggforce
2020-06-13,1132,903275,ggforce
2020-06-14,1274,904549,ggforce
2020-06-15,2202,906751,ggforce
2020-06-16,2245,908996,ggforce
2020-06-17,2240,911236,ggforce
2020-06-18,2142,913378,ggforce
2020-06-19,2087,915465,ggforce
2020-06-20,1217,916682,ggforce
2020-06-21,1205,917887,ggforce
2020-06-22,2184,920071,ggforce
2020-06-23,4180,924251,ggforce
2020-06-24,4614,928865,ggforce
2020-06-25,4055,932920,ggforce
2020-06-26,3543,936463,ggforce
2020-06-27,1919,938382,ggforce
2020-06-28,1810,940192,ggforce
2020-06-29,3052,943244,ggforce
2020-06-30,3070,946314,ggforce
2020-07-01,2872,949186,ggforce
2020-07-02,2745,951931,ggforce
2020-07-03,2268,954199,ggforce
2020-07-04,1281,955480,ggforce
2020-07-05,1318,956798,ggforce
2020-07-06,2538,959336,ggforce
2020-07-07,2497,961833,ggforce
2020-07-08,2500,964333,ggforce
2020-07-09,2409,966742,ggforce
2020-07-10,2196,968938,ggforce
2020-07-11,1194,970132,ggforce
2020-07-12,1193,971325,ggforce
2020-07-13,2275,973600,ggforce
2020-07-14,2484,976084,ggforce
2020-07-15,2399,978483,ggforce
2020-07-16,2485,980968,ggforce
2020-07-17,2182,983150,ggforce
2020-07-18,1102,984252,ggforce
2020-07-19,1100,985352,ggforce
2020-07-20,2462,987814,ggforce
2020-07-21,2539,990353,ggforce
2020-07-22,2460,992813,ggforce
2020-07-23,2283,995096,ggforce
2020-07-24,2162,997258,ggforce
2020-07-25,1072,998330,ggforce
2020-07-26,1180,999510,ggforce
2020-07-27,2213,1001723,ggforce
2020-07-28,2269,1003992,ggforce
2020-07-29,2383,1006375,ggforce
2020-07-30,2174,1008549,ggforce
2020-07-31,1694,1010243,ggforce
2020-08-01,1003,1011246,ggforce
2020-08-02,1132,1012378,ggforce
2020-08-03,2106,1014484,ggforce
2020-08-04,2229,1016713,ggforce
2020-08-05,2268,1018981,ggforce
2020-08-06,2254,1021235,ggforce
2020-08-07,2000,1023235,ggforce
2020-08-08,1142,1024377,ggforce
2020-08-09,1150,1025527,ggforce
2020-08-10,2198,1027725,ggforce
2020-08-11,2122,1029847,ggforce
2020-08-12,2297,1032144,ggforce
2020-08-13,2128,1034272,ggforce
2020-08-14,1829,1036101,ggforce
2020-08-15,1126,1037227,ggforce
2020-08-16,1285,1038512,ggforce
2020-08-17,3080,1041592,ggforce
2020-08-18,4676,1046268,ggforce
2020-08-19,4245,1050513,ggforce
2020-08-20,2099,1052612,ggforce
2020-08-21,1941,1054553,ggforce
2020-08-22,1280,1055833,ggforce
2020-08-23,1305,1057138,ggforce
2020-08-24,2528,1059666,ggforce
2020-08-25,2505,1062171,ggforce
2020-08-26,2575,1064746,ggforce
2020-08-27,2854,1067600,ggforce
2020-08-28,2577,1070177,ggforce
2020-08-29,1209,1071386,ggforce
2020-08-30,1369,1072755,ggforce
2020-08-31,2778,1075533,ggforce
2020-09-01,2822,1078355,ggforce
2020-09-02,2658,1081013,ggforce
2020-09-03,3011,1084024,ggforce
2020-09-04,2278,1086302,ggforce
2020-09-05,1175,1087477,ggforce
2020-09-06,1463,1088940,ggforce
2020-09-07,2381,1091321,ggforce
2020-09-08,2735,1094056,ggforce
2020-09-09,2822,1096878,ggforce
2020-09-10,2812,1099690,ggforce
2020-09-11,2444,1102134,ggforce
2020-09-12,1350,1103484,ggforce
2020-09-13,1522,1105006,ggforce
2020-09-14,2965,1107971,ggforce
2020-09-15,3070,1111041,ggforce
2020-09-16,3057,1114098,ggforce
2020-09-17,2892,1116990,ggforce
2020-09-18,2655,1119645,ggforce
2020-09-19,1355,1121000,ggforce
2020-09-20,1386,1122386,ggforce
2020-09-21,3027,1125413,ggforce
2020-09-22,3167,1128580,ggforce
2020-09-23,3094,1131674,ggforce
2020-09-24,3047,1134721,ggforce
2020-09-25,2687,1137408,ggforce
2020-09-26,1607,1139015,ggforce
2020-09-27,1494,1140509,ggforce
2020-09-28,2738,1143247,ggforce
2020-09-29,3004,1146251,ggforce
2020-09-30,3041,1149292,ggforce
2020-10-01,2791,1152083,ggforce
2020-10-02,2346,1154429,ggforce
2020-10-03,1235,1155664,ggforce
2020-10-04,1476,1157140,ggforce
2020-10-05,2983,1160123,ggforce
2020-10-06,3150,1163273,ggforce
2020-10-07,2924,1166197,ggforce
2020-10-08,2903,1169100,ggforce
2020-10-09,2583,1171683,ggforce
2020-10-10,1420,1173103,ggforce
2020-10-11,1392,1174495,ggforce
2020-10-12,3092,1177587,ggforce
2020-10-13,3106,1180693,ggforce
2020-10-14,3137,1183830,ggforce
2020-10-15,2833,1186663,ggforce
2020-10-16,2720,1189383,ggforce
2020-10-17,1158,1190541,ggforce
2020-10-18,1208,1191749,ggforce
2020-10-19,2933,1194682,ggforce
2020-10-20,2844,1197526,ggforce
2020-10-21,2586,1200112,ggforce
2020-10-22,2745,1202857,ggforce
2020-10-23,2167,1205024,ggforce
2020-10-24,1313,1206337,ggforce
2020-10-25,1341,1207678,ggforce
2020-10-26,2513,1210191,ggforce
2020-10-27,2627,1212818,ggforce
2020-10-28,2281,1215099,ggforce
2020-10-29,2527,1217626,ggforce
2020-10-30,2032,1219658,ggforce
2020-10-31,1179,1220837,ggforce
2020-11-01,1370,1222207,ggforce
2020-11-02,2346,1224553,ggforce
2020-11-03,2586,1227139,ggforce
2020-11-04,2381,1229520,ggforce
2020-11-05,2553,1232073,ggforce
2020-11-06,2045,1234118,ggforce
2020-11-07,1272,1235390,ggforce
2020-11-08,1331,1236721,ggforce
2020-11-09,2614,1239335,ggforce
2020-11-10,2383,1241718,ggforce
2020-11-11,2388,1244106,ggforce
2020-11-12,2540,1246646,ggforce
2020-11-13,2108,1248754,ggforce
2020-11-14,1375,1250129,ggforce
2020-11-15,1394,1251523,ggforce
2020-11-16,2699,1254222,ggforce
2020-11-17,2794,1257016,ggforce
2020-11-18,2477,1259493,ggforce
2020-11-19,2556,1262049,ggforce
2020-11-20,2174,1264223,ggforce
2020-11-21,1260,1265483,ggforce
2020-11-22,1392,1266875,ggforce
2020-11-23,2428,1269303,ggforce
2020-11-24,2612,1271915,ggforce
2020-11-25,1948,1273863,ggforce
2020-11-26,1859,1275722,ggforce
2020-11-27,1939,1277661,ggforce
2020-11-28,1150,1278811,ggforce
2020-11-29,1301,1280112,ggforce
2020-11-30,2303,1282415,ggforce
2020-12-01,2312,1284727,ggforce
2020-12-02,2475,1287202,ggforce
2020-12-03,2484,1289686,ggforce
2020-12-04,2466,1292152,ggforce
2020-12-05,1233,1293385,ggforce
2020-12-06,1245,1294630,ggforce
2020-12-07,2236,1296866,ggforce
2020-12-08,2299,1299165,ggforce
2020-12-09,2235,1301400,ggforce
2020-12-10,2240,1303640,ggforce
2020-12-11,2225,1305865,ggforce
2020-12-12,1033,1306898,ggforce
2020-12-13,1201,1308099,ggforce
2020-12-14,2111,1310210,ggforce
2020-12-15,2205,1312415,ggforce
2020-12-16,2219,1314634,ggforce
2020-12-17,2155,1316789,ggforce
2020-12-18,1853,1318642,ggforce
2020-12-19,1041,1319683,ggforce
2020-12-20,1048,1320731,ggforce
2020-12-21,1995,1322726,ggforce
2020-12-22,1974,1324700,ggforce
2020-12-23,1428,1326128,ggforce
2020-12-24,908,1327036,ggforce
2020-12-25,663,1327699,ggforce
2020-12-26,697,1328396,ggforce
2020-12-27,842,1329238,ggforce
2020-12-28,1321,1330559,ggforce
2020-12-29,1274,1331833,ggforce
2020-12-30,1202,1333035,ggforce
2020-12-31,1016,1334051,ggforce
2021-01-01,702,1334753,ggforce
2021-01-02,983,1335736,ggforce
2021-01-03,944,1336680,ggforce
2021-01-04,1889,1338569,ggforce
2021-01-05,1872,1340441,ggforce
2021-01-06,1901,1342342,ggforce
2021-01-07,2053,1344395,ggforce
2021-01-08,2025,1346420,ggforce
2021-01-09,1028,1347448,ggforce
2021-01-10,1120,1348568,ggforce
2021-01-11,2151,1350719,ggforce
2021-01-12,2116,1352835,ggforce
2021-01-13,2501,1355336,ggforce
2021-01-14,2161,1357497,ggforce
2021-01-15,2070,1359567,ggforce
2021-01-16,1203,1360770,ggforce
2021-01-17,1245,1362015,ggforce
2021-01-18,2234,1364249,ggforce
2021-01-19,2732,1366981,ggforce
2021-01-20,2700,1369681,ggforce
2021-01-21,2902,1372583,ggforce
2021-01-22,2447,1375030,ggforce
2021-01-23,1236,1376266,ggforce
2021-01-24,1235,1377501,ggforce
2021-01-25,2235,1379736,ggforce
2021-01-26,2526,1382262,ggforce
2021-01-27,2646,1384908,ggforce
2021-01-28,2426,1387334,ggforce
2021-01-29,1846,1389180,ggforce
2021-01-30,1108,1390288,ggforce
2021-01-31,1041,1391329,ggforce
2021-02-01,2263,1393592,ggforce
2021-02-02,2153,1395745,ggforce
2021-02-03,2045,1397790,ggforce
2021-02-04,2375,1400165,ggforce
2021-02-05,2061,1402226,ggforce
2021-02-06,1065,1403291,ggforce
2021-02-07,1153,1404444,ggforce
2021-02-08,2024,1406468,ggforce
2021-02-09,2431,1408899,ggforce
2021-02-10,2273,1411172,ggforce
2021-02-11,2006,1413178,ggforce
2021-02-12,1768,1414946,ggforce
2021-02-13,984,1415930,ggforce
2021-02-14,875,1416805,ggforce
2021-02-15,1887,1418692,ggforce
2021-02-16,1894,1420586,ggforce
2021-02-17,1902,1422488,ggforce
2021-02-18,2081,1424569,ggforce
2021-02-19,1923,1426492,ggforce
2021-02-20,1129,1427621,ggforce
2021-02-21,1226,1428847,ggforce
2021-02-22,2230,1431077,ggforce
2021-02-23,2210,1433287,ggforce
2021-02-24,2426,1435713,ggforce
2021-02-25,2271,1437984,ggforce
2021-02-26,2031,1440015,ggforce
2021-02-27,1173,1441188,ggforce
2021-02-28,1317,1442505,ggforce
2021-03-01,2608,1445113,ggforce
2021-03-02,2530,1447643,ggforce
2021-03-03,2366,1450009,ggforce
2021-03-04,2422,1452431,ggforce
2021-03-05,4346,1456777,ggforce
2021-03-06,2942,1459719,ggforce
2021-03-07,2998,1462717,ggforce
2021-03-08,5781,1468498,ggforce
2021-03-09,5150,1473648,ggforce
2021-03-10,4840,1478488,ggforce
2021-03-11,4560,1483048,ggforce
2021-03-12,4127,1487175,ggforce
2021-03-13,2425,1489600,ggforce
2021-03-14,2329,1491929,ggforce
2021-03-15,4751,1496680,ggforce
2021-03-16,4654,1501334,ggforce
2021-03-17,4377,1505711,ggforce
2021-03-18,3755,1509466,ggforce
2021-03-19,2985,1512451,ggforce
2021-03-20,1726,1514177,ggforce
2021-03-21,1798,1515975,ggforce
2021-03-22,3530,1519505,ggforce
2021-03-23,3515,1523020,ggforce
2021-03-24,3287,1526307,ggforce
2021-03-25,3296,1529603,ggforce
2021-03-26,2668,1532271,ggforce
2021-03-27,1592,1533863,ggforce
2021-03-28,1560,1535423,ggforce
2021-03-29,3096,1538519,ggforce
2021-03-30,3227,1541746,ggforce
2021-03-31,3308,1545054,ggforce
2021-04-01,2721,1547775,ggforce
2021-04-02,2287,1550062,ggforce
2021-04-03,1414,1551476,ggforce
2021-04-04,1138,1552614,ggforce
2021-04-05,2229,1554843,ggforce
2021-04-06,2930,1557773,ggforce
2021-04-07,3222,1560995,ggforce
2021-04-08,2821,1563816,ggforce
2021-04-09,2615,1566431,ggforce
2021-04-10,1410,1567841,ggforce
2021-04-11,1313,1569154,ggforce
2021-04-12,2738,1571892,ggforce
2021-04-13,2928,1574820,ggforce
2021-04-14,2727,1577547,ggforce
2021-04-15,2627,1580174,ggforce
2021-04-16,2422,1582596,ggforce
2021-04-17,1191,1583787,ggforce
2021-04-18,1323,1585110,ggforce
2021-04-19,2627,1587737,ggforce
2021-04-20,2719,1590456,ggforce
2021-04-21,2765,1593221,ggforce
2021-04-22,2729,1595950,ggforce
2021-04-23,2357,1598307,ggforce
2021-04-24,1286,1599593,ggforce
2021-04-25,1259,1600852,ggforce
2021-04-26,2665,1603517,ggforce
2021-04-27,2423,1605940,ggforce
2021-04-28,2616,1608556,ggforce
2021-04-29,2462,1611018,ggforce
2021-04-30,2001,1613019,ggforce
2021-05-01,1067,1614086,ggforce
2021-05-02,1090,1615176,ggforce
2021-05-03,2145,1617321,ggforce
2021-05-04,2389,1619710,ggforce
2021-05-05,2254,1621964,ggforce
2021-05-06,2385,1624349,ggforce
2021-05-07,2071,1626420,ggforce
2021-05-08,1074,1627494,ggforce
2021-05-09,1016,1628510,ggforce
2021-05-10,2099,1630609,ggforce
2021-05-11,2039,1632648,ggforce
2021-05-12,2064,1634712,ggforce
2021-05-13,1882,1636594,ggforce
2021-05-14,1830,1638424,ggforce
2021-05-15,1117,1639541,ggforce
2021-05-16,1259,1640800,ggforce
2021-05-17,2534,1643334,ggforce
2021-05-18,2970,1646304,ggforce
2021-05-19,3031,1649335,ggforce
2021-05-20,2563,1651898,ggforce
2021-05-21,2346,1654244,ggforce
2021-05-22,1296,1655540,ggforce
2021-05-23,1289,1656829,ggforce
2021-05-24,2374,1659203,ggforce
2021-05-25,2527,1661730,ggforce
2021-05-26,2705,1664435,ggforce
2021-05-27,2502,1666937,ggforce
2021-05-28,1972,1668909,ggforce
2021-05-29,1145,1670054,ggforce
2021-05-30,1263,1671317,ggforce
2021-05-31,2145,1673462,ggforce
2021-06-01,2210,1675672,ggforce
2021-06-02,2371,1678043,ggforce
2021-06-03,2179,1680222,ggforce
2021-06-04,1936,1682158,ggforce
2021-06-05,1176,1683334,ggforce
2021-06-06,1162,1684496,ggforce
2021-06-07,2207,1686703,ggforce
2021-06-08,2404,1689107,ggforce
2021-06-09,2607,1691714,ggforce
2021-06-10,2277,1693991,ggforce
2021-06-11,2051,1696042,ggforce
2021-06-12,1033,1697075,ggforce
2021-06-13,1015,1698090,ggforce
2021-06-14,2383,1700473,ggforce
2021-06-15,2417,1702890,ggforce
2021-06-16,2277,1705167,ggforce
2021-06-17,2209,1707376,ggforce
2021-06-18,1855,1709231,ggforce
2021-06-19,1081,1710312,ggforce
2021-06-20,1085,1711397,ggforce
2021-06-21,2160,1713557,ggforce
2021-06-22,2223,1715780,ggforce
2021-06-23,2131,1717911,ggforce
2021-06-24,1880,1719791,ggforce
2021-06-25,1660,1721451,ggforce
2021-06-26,965,1722416,ggforce
2021-06-27,978,1723394,ggforce
2021-06-28,2145,1725539,ggforce
2021-06-29,2291,1727830,ggforce
2021-06-30,2012,1729842,ggforce
2021-07-01,1784,1731626,ggforce
2021-07-02,1804,1733430,ggforce
2021-07-03,880,1734310,ggforce
2021-07-04,920,1735230,ggforce
2021-07-05,1860,1737090,ggforce
2021-07-06,1995,1739085,ggforce
2021-07-07,2207,1741292,ggforce
2021-07-08,2290,1743582,ggforce
2021-07-09,1741,1745323,ggforce
2021-07-10,939,1746262,ggforce
2021-07-11,909,1747171,ggforce
2021-07-12,2046,1749217,ggforce
2021-07-13,2060,1751277,ggforce
2021-07-14,2045,1753322,ggforce
2021-07-15,2095,1755417,ggforce
2021-07-16,1770,1757187,ggforce
2021-07-17,979,1758166,ggforce
2021-07-18,948,1759114,ggforce
2021-07-19,1912,1761026,ggforce
2021-07-20,2199,1763225,ggforce
2021-07-21,2246,1765471,ggforce
2021-07-22,2053,1767524,ggforce
2021-07-23,1913,1769437,ggforce
2021-07-24,1002,1770439,ggforce
2021-07-25,1046,1771485,ggforce
2021-07-26,2157,1773642,ggforce
2021-07-27,3181,1776823,ggforce
2021-07-28,2368,1779191,ggforce
2021-07-29,2093,1781284,ggforce
2021-07-30,1740,1783024,ggforce
2021-07-31,973,1783997,ggforce
2021-08-01,1159,1785156,ggforce
2021-08-02,2062,1787218,ggforce
2021-08-03,2340,1789558,ggforce
2021-08-04,2209,1791767,ggforce
2021-08-05,1855,1793622,ggforce
2021-08-06,1507,1795129,ggforce
2021-08-07,841,1795970,ggforce
2021-08-08,911,1796881,ggforce
2021-08-09,1795,1798676,ggforce
2021-08-10,1880,1800556,ggforce
2021-08-11,1963,1802519,ggforce
2021-08-12,2089,1804608,ggforce
2021-08-13,1661,1806269,ggforce
2021-08-14,1089,1807358,ggforce
2021-08-15,1047,1808405,ggforce
2021-08-16,1796,1810201,ggforce
2021-08-17,2182,1812383,ggforce
2021-08-18,2167,1814550,ggforce
2021-08-19,2125,1816675,ggforce
2021-08-20,1917,1818592,ggforce
2021-08-21,904,1819496,ggforce
2021-08-22,1033,1820529,ggforce
2021-08-23,2170,1822699,ggforce
2021-08-24,2272,1824971,ggforce
2021-08-25,2319,1827290,ggforce
2021-08-26,2141,1829431,ggforce
2021-08-27,2033,1831464,ggforce
2021-08-28,1035,1832499,ggforce
2021-08-29,1036,1833535,ggforce
2021-08-30,2227,1835762,ggforce
2021-08-31,2779,1838541,ggforce
2021-09-01,2753,1841294,ggforce
2021-09-02,2532,1843826,ggforce
2021-09-03,2217,1846043,ggforce
2021-09-04,1076,1847119,ggforce
2021-09-05,1054,1848173,ggforce
2021-09-06,2003,1850176,ggforce
2021-09-07,2466,1852642,ggforce
2021-09-08,2561,1855203,ggforce
2021-09-09,2926,1858129,ggforce
2021-09-10,2212,1860341,ggforce
2021-09-11,1105,1861446,ggforce
2021-09-12,1243,1862689,ggforce
2021-09-13,2655,1865344,ggforce
2021-09-14,2793,1868137,ggforce
2021-09-15,2914,1871051,ggforce
2021-09-16,2812,1873863,ggforce
2021-09-17,2454,1876317,ggforce
2021-09-18,1455,1877772,ggforce
2021-09-19,1217,1878989,ggforce
2021-09-20,2175,1881164,ggforce
2021-09-21,2575,1883739,ggforce
2021-09-22,2395,1886134,ggforce
2021-09-23,2430,1888564,ggforce
2021-09-24,2338,1890902,ggforce
2021-09-25,1067,1891969,ggforce
2021-09-26,1211,1893180,ggforce
2021-09-27,3097,1896277,ggforce
2021-09-28,2700,1898977,ggforce
2021-09-29,3072,1902049,ggforce
2021-09-30,2610,1904659,ggforce
2021-10-01,2405,1907064,ggforce
2021-10-02,1207,1908271,ggforce
2021-10-03,1207,1909478,ggforce
2021-10-04,2513,1911991,ggforce
2021-10-05,2620,1914611,ggforce
2021-10-06,2719,1917330,ggforce
2021-10-07,2570,1919900,ggforce
2021-10-08,2276,1922176,ggforce
2021-10-09,1118,1923294,ggforce
2021-10-10,1168,1924462,ggforce
2021-10-11,2308,1926770,ggforce
2021-10-12,2763,1929533,ggforce
2021-10-13,2538,1932071,ggforce
2021-10-14,2301,1934372,ggforce
2021-10-15,2276,1936648,ggforce
2021-10-16,1161,1937809,ggforce
2021-10-17,1129,1938938,ggforce
2021-10-18,2402,1941340,ggforce
2021-10-19,2658,1943998,ggforce
2021-10-20,2389,1946387,ggforce
2021-10-21,2358,1948745,ggforce
2021-10-22,1968,1950713,ggforce
2021-10-23,1078,1951791,ggforce
2021-10-24,1073,1952864,ggforce
2021-10-25,2739,1955603,ggforce
2021-10-26,2724,1958327,ggforce
2021-10-27,2553,1960880,ggforce
2021-10-28,2427,1963307,ggforce
2021-10-29,2130,1965437,ggforce
2021-10-30,1082,1966519,ggforce
2021-10-31,979,1967498,ggforce
2021-11-01,2052,1969550,ggforce
2021-11-02,2382,1971932,ggforce
2021-11-03,2439,1974371,ggforce
2021-11-04,2447,1976818,ggforce
2021-11-05,2280,1979098,ggforce
2021-11-06,1099,1980197,ggforce
2021-11-07,1165,1981362,ggforce
2021-11-08,2452,1983814,ggforce
2021-11-09,2396,1986210,ggforce
2021-11-10,2564,1988774,ggforce
2021-11-11,2098,1990872,ggforce
2021-11-12,2021,1992893,ggforce
2021-11-13,1091,1993984,ggforce
2021-11-14,1141,1995125,ggforce
2021-11-15,2446,1997571,ggforce
2021-11-16,2412,1999983,ggforce
2021-11-17,2469,2002452,ggforce
2021-11-18,2284,2004736,ggforce
2021-11-19,2075,2006811,ggforce
2021-11-20,1453,2008264,ggforce
2021-11-21,1500,2009764,ggforce
2021-11-22,2884,2012648,ggforce
2021-11-23,2752,2015400,ggforce
2021-11-24,2569,2017969,ggforce
2021-11-25,2255,2020224,ggforce
2021-11-26,1928,2022152,ggforce
2021-11-27,1286,2023438,ggforce
2021-11-28,1219,2024657,ggforce
2021-11-29,2913,2027570,ggforce
2021-11-30,3337,2030907,ggforce
2021-12-01,3010,2033917,ggforce
2021-12-02,2901,2036818,ggforce
2021-12-03,2607,2039425,ggforce
2021-12-04,1420,2040845,ggforce
2021-12-05,1450,2042295,ggforce
2021-12-06,2568,2044863,ggforce
2021-12-07,2590,2047453,ggforce
2021-12-08,2620,2050073,ggforce
2021-12-09,2884,2052957,ggforce
2021-12-10,2563,2055520,ggforce
2021-12-11,1219,2056739,ggforce
2021-12-12,1224,2057963,ggforce
2021-12-13,2309,2060272,ggforce
2021-12-14,2480,2062752,ggforce
2021-12-15,2442,2065194,ggforce
2021-12-16,2231,2067425,ggforce
2021-12-17,2022,2069447,ggforce
2021-12-18,1002,2070449,ggforce
2021-12-19,1135,2071584,ggforce
2021-12-20,1989,2073573,ggforce
2021-12-21,1986,2075559,ggforce
2021-12-22,1712,2077271,ggforce
2021-12-23,1550,2078821,ggforce
2021-12-24,995,2079816,ggforce
2021-12-25,650,2080466,ggforce
2021-12-26,772,2081238,ggforce
2021-12-27,1252,2082490,ggforce
2021-12-28,1462,2083952,ggforce
2021-12-29,1425,2085377,ggforce
2021-12-30,1268,2086645,ggforce
2021-12-31,893,2087538,ggforce
2022-01-01,656,2088194,ggforce
2022-01-02,880,2089074,ggforce
2022-01-03,1762,2090836,ggforce
2022-01-04,2030,2092866,ggforce
2022-01-05,1990,2094856,ggforce
2022-01-06,2160,2097016,ggforce
2022-01-07,2169,2099185,ggforce
2022-01-08,1034,2100219,ggforce
2022-01-09,1051,2101270,ggforce
2022-01-10,2194,2103464,ggforce
2022-01-11,2652,2106116,ggforce
2022-01-12,2711,2108827,ggforce
2022-01-13,2430,2111257,ggforce
2022-01-14,2200,2113457,ggforce
2022-01-15,1285,2114742,ggforce
2022-01-16,1216,2115958,ggforce
2022-01-17,2106,2118064,ggforce
2022-01-18,2761,2120825,ggforce
2022-01-19,2732,2123557,ggforce
2022-01-20,2713,2126270,ggforce
2022-01-21,2427,2128697,ggforce
2022-01-22,1331,2130028,ggforce
2022-01-23,1378,2131406,ggforce
2022-01-24,2631,2134037,ggforce
2022-01-25,2627,2136664,ggforce
2022-01-26,2643,2139307,ggforce
2022-01-27,2587,2141894,ggforce
2022-01-28,2335,2144229,ggforce
2022-01-29,1128,2145357,ggforce
2022-01-30,1238,2146595,ggforce
2022-01-31,2160,2148755,ggforce
2022-02-01,2482,2151237,ggforce
2022-02-02,2391,2153628,ggforce
2022-02-03,2460,2156088,ggforce
2022-02-04,2163,2158251,ggforce
2022-02-05,1122,2159373,ggforce
2022-02-06,1184,2160557,ggforce
2022-02-07,2501,2163058,ggforce
2022-02-08,2758,2165816,ggforce
2022-02-09,2502,2168318,ggforce
2022-02-10,2452,2170770,ggforce
2022-02-11,2170,2172940,ggforce
2022-02-12,1075,2174015,ggforce
2022-02-13,1292,2175307,ggforce
2022-02-14,2464,2177771,ggforce
2022-02-15,3076,2180847,ggforce
2022-02-16,2543,2183390,ggforce
2022-02-17,2537,2185927,ggforce
2022-02-18,2137,2188064,ggforce
2022-02-19,1148,2189212,ggforce
2022-02-20,1231,2190443,ggforce
2022-02-21,2682,2193125,ggforce
2022-02-22,2737,2195862,ggforce
2022-02-23,2682,2198544,ggforce
2022-02-24,2581,2201125,ggforce
2022-02-25,2169,2203294,ggforce
2022-02-26,1109,2204403,ggforce
2022-02-27,1260,2205663,ggforce
2022-02-28,2483,2208146,ggforce
2022-03-01,2705,2210851,ggforce
2022-03-02,2938,2213789,ggforce
2022-03-03,2677,2216466,ggforce
2022-03-04,2340,2218806,ggforce
2022-03-05,1327,2220133,ggforce
2022-03-06,1264,2221397,ggforce
2022-03-07,2524,2223921,ggforce
2022-03-08,2742,2226663,ggforce
2022-03-09,2593,2229256,ggforce
2022-03-10,2480,2231736,ggforce
2022-03-11,2345,2234081,ggforce
2022-03-12,1446,2235527,ggforce
2022-03-13,1263,2236790,ggforce
2022-03-14,2626,2239416,ggforce
2022-03-15,2806,2242222,ggforce
2022-03-16,3033,2245255,ggforce
2022-03-17,2866,2248121,ggforce
2022-03-18,2393,2250514,ggforce
2022-03-19,1417,2251931,ggforce
2022-03-20,1295,2253226,ggforce
2022-03-21,3206,2256432,ggforce
2022-03-22,2819,2259251,ggforce
2022-03-23,3011,2262262,ggforce
2022-03-24,2964,2265226,ggforce
2022-03-25,2338,2267564,ggforce
2022-03-26,1355,2268919,ggforce
2022-03-27,1313,2270232,ggforce
2022-03-28,2678,2272910,ggforce
2022-03-29,2851,2275761,ggforce
2022-03-30,2989,2278750,ggforce
2022-03-31,2830,2281580,ggforce
2022-04-01,2474,2284054,ggforce
2022-04-02,1485,2285539,ggforce
2022-04-03,1388,2286927,ggforce
2022-04-04,2730,2289657,ggforce
2022-04-05,2960,2292617,ggforce
2022-04-06,3302,2295919,ggforce
2022-04-07,2723,2298642,ggforce
2022-04-08,2493,2301135,ggforce
2022-04-09,1507,2302642,ggforce
2022-04-10,1239,2303881,ggforce
2022-04-11,2647,2306528,ggforce
2022-04-12,2703,2309231,ggforce
2022-04-13,2655,2311886,ggforce
2022-04-14,2567,2314453,ggforce
2022-04-15,1776,2316229,ggforce
2022-04-16,1151,2317380,ggforce
2022-04-17,1322,2318702,ggforce
2022-04-18,2344,2321046,ggforce
2022-04-19,2746,2323792,ggforce
2022-04-20,2786,2326578,ggforce
2022-04-21,2495,2329073,ggforce
2022-04-22,2473,2331546,ggforce
2022-04-23,1579,2333125,ggforce
2022-04-24,1719,2334844,ggforce
2022-04-25,3036,2337880,ggforce
2022-04-26,3313,2341193,ggforce
2022-04-27,3009,2344202,ggforce
2022-04-28,2862,2347064,ggforce
2022-04-29,2610,2349674,ggforce
2022-04-30,1324,2350998,ggforce
2022-05-01,1416,2352414,ggforce
2022-05-02,2584,2354998,ggforce
2022-05-03,2752,2357750,ggforce
2022-05-04,2882,2360632,ggforce
2022-05-05,3082,2363714,ggforce
2022-05-06,2646,2366360,ggforce
2022-05-07,1517,2367877,ggforce
2022-05-08,1397,2369274,ggforce
2022-05-09,2692,2371966,ggforce
2022-05-10,2954,2374920,ggforce
2022-05-11,2980,2377900,ggforce
2022-05-12,2907,2380807,ggforce
2022-05-13,2476,2383283,ggforce
2022-05-14,1292,2384575,ggforce
2022-05-15,1369,2385944,ggforce
2022-05-16,2789,2388733,ggforce
2022-05-17,2903,2391636,ggforce
2022-05-18,2804,2394440,ggforce
2022-05-19,3012,2397452,ggforce
2022-05-20,2480,2399932,ggforce
2022-05-21,1328,2401260,ggforce
2022-05-22,1342,2402602,ggforce
2022-05-23,2524,2405126,ggforce
2022-05-24,2699,2407825,ggforce
2022-05-25,2490,2410315,ggforce
2022-05-26,2083,2412398,ggforce
2022-05-27,2128,2414526,ggforce
2022-05-28,1307,2415833,ggforce
2022-05-29,1418,2417251,ggforce
2022-05-30,2400,2419651,ggforce
2022-05-31,2547,2422198,ggforce
2022-06-01,2547,2424745,ggforce
2022-06-02,2278,2427023,ggforce
2022-06-03,2086,2429109,ggforce
2022-06-04,1326,2430435,ggforce
2022-06-05,1402,2431837,ggforce
2022-06-06,2239,2434076,ggforce
2022-06-07,2478,2436554,ggforce
2022-06-08,2859,2439413,ggforce
2022-06-09,2633,2442046,ggforce
2022-06-10,2307,2444353,ggforce
2022-06-11,1313,2445666,ggforce
2022-06-12,1283,2446949,ggforce
2022-06-13,2504,2449453,ggforce
2022-06-14,3147,2452600,ggforce
2022-06-15,2630,2455230,ggforce
2022-06-16,2962,2458192,ggforce
2022-06-17,2465,2460657,ggforce
2022-06-18,1306,2461963,ggforce
2022-06-19,1217,2463180,ggforce
2022-06-20,3048,2466228,ggforce
2022-06-21,2981,2469209,ggforce
2022-06-22,2763,2471972,ggforce
2022-06-23,3129,2475101,ggforce
2022-06-24,2194,2477295,ggforce
2022-06-25,1109,2478404,ggforce
2022-06-26,1150,2479554,ggforce
2022-06-27,2515,2482069,ggforce
2022-06-28,2611,2484680,ggforce
2022-06-29,2950,2487630,ggforce
2022-06-30,2254,2489884,ggforce
2022-07-01,2366,2492250,ggforce
2022-07-02,1180,2493430,ggforce
2022-07-03,1541,2494971,ggforce
2022-07-04,2114,2497085,ggforce
2022-07-05,2952,2500037,ggforce
2022-07-06,3084,2503121,ggforce
2022-07-07,2486,2505607,ggforce
2022-07-08,2497,2508104,ggforce
2022-07-09,1633,2509737,ggforce
2022-07-10,1137,2510874,ggforce
2022-07-11,2895,2513769,ggforce
2022-07-12,3068,2516837,ggforce
2022-07-13,2873,2519710,ggforce
2022-07-14,3105,2522815,ggforce
2022-07-15,3080,2525895,ggforce
2022-07-16,2119,2528014,ggforce
2022-07-17,1822,2529836,ggforce
2022-07-18,2385,2532221,ggforce
2022-07-19,2629,2534850,ggforce
2022-07-20,2941,2537791,ggforce
2022-07-21,2888,2540679,ggforce
2022-07-22,2480,2543159,ggforce
2022-07-23,1484,2544643,ggforce
2022-07-24,2055,2546698,ggforce
2022-07-25,2968,2549666,ggforce
2022-07-26,2258,2551924,ggforce
2022-07-27,2210,2554134,ggforce
2022-07-28,2059,2556193,ggforce
2022-07-29,1704,2557897,ggforce
2022-07-30,967,2558864,ggforce
2022-07-31,1015,2559879,ggforce
2022-08-01,2098,2561977,ggforce
2022-08-02,2267,2564244,ggforce
2022-08-03,2174,2566418,ggforce
2022-08-04,1959,2568377,ggforce
2022-08-05,1841,2570218,ggforce
2022-08-06,1056,2571274,ggforce
2022-08-07,1098,2572372,ggforce
2022-08-08,2507,2574879,ggforce
2022-08-09,2158,2577037,ggforce
2022-08-10,2188,2579225,ggforce
2022-08-11,2535,2581760,ggforce
2022-08-12,1950,2583710,ggforce
2022-08-13,937,2584647,ggforce
2022-08-14,907,2585554,ggforce
2022-08-15,1857,2587411,ggforce
2022-08-16,2345,2589756,ggforce
2022-08-17,2407,2592163,ggforce
2022-08-18,4435,2596598,ggforce
2022-08-19,4755,2601353,ggforce
2022-08-20,2274,2603627,ggforce
2022-08-21,2059,2605686,ggforce
2022-08-22,4455,2610141,ggforce
2022-08-23,6168,2616309,ggforce
2022-08-24,3938,2620247,ggforce
2022-08-25,3919,2624166,ggforce
2022-08-26,3218,2627384,ggforce
2022-08-27,1493,2628877,ggforce
2022-08-28,1596,2630473,ggforce
2022-08-29,3560,2634033,ggforce
2022-08-30,3568,2637601,ggforce
2022-08-31,3493,2641094,ggforce
2022-09-01,3330,2644424,ggforce
2022-09-02,2809,2647233,ggforce
2022-09-03,1388,2648621,ggforce
2022-09-04,1466,2650087,ggforce
2022-09-05,3104,2653191,ggforce
2022-09-06,3430,2656621,ggforce
2022-09-07,3358,2659979,ggforce
2022-09-08,3487,2663466,ggforce
2022-09-09,2744,2666210,ggforce
2022-09-10,1320,2667530,ggforce
2022-09-11,1557,2669087,ggforce
2022-09-12,3131,2672218,ggforce
2022-09-13,3824,2676042,ggforce
2022-09-14,3767,2679809,ggforce
2022-09-15,3674,2683483,ggforce
2022-09-16,3082,2686565,ggforce
2022-09-17,1468,2688033,ggforce
2022-09-18,1569,2689602,ggforce
2022-09-19,3298,2692900,ggforce
2022-09-20,3669,2696569,ggforce
2022-09-21,3494,2700063,ggforce
2022-09-22,3264,2703327,ggforce
2022-09-23,2780,2706107,ggforce
2022-09-24,1545,2707652,ggforce
2022-09-25,1567,2709219,ggforce
2022-09-26,3206,2712425,ggforce
2022-09-27,3840,2716265,ggforce
2022-09-28,3430,2719695,ggforce
2022-09-29,5619,2725314,ggforce
2022-09-30,5331,2730645,ggforce
2022-10-01,2522,2733167,ggforce
2022-10-02,2340,2735507,ggforce
2022-10-03,4744,2740251,ggforce
2022-10-04,7505,2747756,ggforce
2022-10-05,6497,2754253,ggforce
2022-10-06,5364,2759617,ggforce
2022-10-07,4192,2763809,ggforce
2022-10-08,2413,2766222,ggforce
2022-10-09,2214,2768436,ggforce
2022-10-10,4737,2773173,ggforce
2022-10-11,5943,2779116,ggforce
2022-10-12,4874,2783990,ggforce
2022-10-13,4380,2788370,ggforce
2022-10-14,3993,2792363,ggforce
2022-10-15,1992,2794355,ggforce
2022-10-16,1983,2796338,ggforce
2022-10-17,4620,2800958,ggforce
2022-10-18,4894,2805852,ggforce
2022-10-19,5089,2810941,ggforce
2022-10-20,4356,2815297,ggforce
2022-10-21,3883,2819180,ggforce
2022-10-22,1940,2821120,ggforce
2022-10-23,1830,2822950,ggforce
2022-10-24,4827,2827777,ggforce
2022-10-25,4963,2832740,ggforce
2022-10-26,4558,2837298,ggforce
2022-10-27,4082,2841380,ggforce
2022-10-28,3435,2844815,ggforce
2022-10-29,1546,2846361,ggforce
2022-10-30,1667,2848028,ggforce
2022-10-31,3328,2851356,ggforce
2022-11-01,3800,2855156,ggforce
2022-11-02,3537,2858693,ggforce
2022-11-03,4503,2863196,ggforce
2022-11-04,3611,2866807,ggforce
2022-11-05,1743,2868550,ggforce
2022-11-06,1745,2870295,ggforce
2022-11-07,3992,2874287,ggforce
2022-11-08,4378,2878665,ggforce
2022-11-09,3969,2882634,ggforce
2022-11-10,4191,2886825,ggforce
2022-11-11,3319,2890144,ggforce
2022-11-12,1816,2891960,ggforce
2022-11-13,1796,2893756,ggforce
2022-11-14,3736,2897492,ggforce
2022-11-15,4143,2901635,ggforce
2022-11-16,4210,2905845,ggforce
2022-11-17,3805,2909650,ggforce
2022-11-18,3137,2912787,ggforce
2022-11-19,1709,2914496,ggforce
2022-11-20,3436,2917932,ggforce
2022-11-21,4060,2921992,ggforce
2022-11-22,3899,2925891,ggforce
2022-11-23,3476,2929367,ggforce
2022-11-24,3052,2932419,ggforce
2022-11-25,2551,2934970,ggforce
2022-11-26,1710,2936680,ggforce
2022-11-27,1764,2938444,ggforce
2022-11-28,3638,2942082,ggforce
2022-11-29,3620,2945702,ggforce
2022-11-30,3823,2949525,ggforce
2022-12-01,3585,2953110,ggforce
2022-12-02,3337,2956447,ggforce
2022-12-03,2184,2958631,ggforce
2022-12-04,2092,2960723,ggforce
2022-12-05,3913,2964636,ggforce
2022-12-06,3651,2968287,ggforce
2022-12-07,3881,2972168,ggforce
2022-12-08,3403,2975571,ggforce
2022-12-09,2960,2978531,ggforce
2022-12-10,1786,2980317,ggforce
2022-12-11,1895,2982212,ggforce
2022-12-12,3259,2985471,ggforce
2022-12-13,3442,2988913,ggforce
2022-12-14,3038,2991951,ggforce
2022-12-15,2889,2994840,ggforce
2022-12-16,2530,2997370,ggforce
2022-12-17,1667,2999037,ggforce
2022-12-18,1394,3000431,ggforce
2022-12-19,2499,3002930,ggforce
2022-12-20,2681,3005611,ggforce
2022-12-21,2476,3008087,ggforce
2022-12-22,2296,3010383,ggforce
2022-12-23,2137,3012520,ggforce
2022-12-24,1287,3013807,ggforce
2022-12-25,1050,3014857,ggforce
2022-12-26,1397,3016254,ggforce
2022-12-27,1782,3018036,ggforce
2022-12-28,1727,3019763,ggforce
2022-12-29,1897,3021660,ggforce
2022-12-30,1400,3023060,ggforce
2022-12-31,1173,3024233,ggforce
2023-01-01,1035,3025268,ggforce
2023-01-02,1680,3026948,ggforce
2023-01-03,2698,3029646,ggforce
2023-01-04,2575,3032221,ggforce
2023-01-05,2598,3034819,ggforce
2023-01-06,2590,3037409,ggforce
2023-01-07,1630,3039039,ggforce
2023-01-08,1714,3040753,ggforce
2023-01-09,2849,3043602,ggforce
2023-01-10,4287,3047889,ggforce
2023-01-11,6371,3054260,ggforce
2023-01-12,5588,3059848,ggforce
2023-01-13,2696,3062544,ggforce
2023-01-14,1525,3064069,ggforce
2023-01-15,1615,3065684,ggforce
2023-01-16,2756,3068440,ggforce
2023-01-17,3723,3072163,ggforce
2023-01-18,3857,3076020,ggforce
2023-01-19,3301,3079321,ggforce
2023-01-20,3052,3082373,ggforce
2023-01-21,1390,3083763,ggforce
2023-01-22,1672,3085435,ggforce
2023-01-23,3477,3088912,ggforce
2023-01-24,3527,3092439,ggforce
2023-01-25,3063,3095502,ggforce
2023-01-26,2914,3098416,ggforce
2023-01-27,2656,3101072,ggforce
2023-01-28,1307,3102379,ggforce
2023-01-29,1456,3103835,ggforce
2023-01-30,2940,3106775,ggforce
2023-01-31,3186,3109961,ggforce
2023-02-01,3265,3113226,ggforce
2023-02-02,3286,3116512,ggforce
2023-02-03,2627,3119139,ggforce
2023-02-04,1405,3120544,ggforce
2023-02-05,1445,3121989,ggforce
2023-02-06,3143,3125132,ggforce
2023-02-07,3711,3128843,ggforce
2023-02-08,3393,3132236,ggforce
2023-02-09,3491,3135727,ggforce
2023-02-10,3057,3138784,ggforce
2023-02-11,1318,3140102,ggforce
2023-02-12,1434,3141536,ggforce
2023-02-13,3119,3144655,ggforce
2023-02-14,3345,3148000,ggforce
2023-02-15,3119,3151119,ggforce
2023-02-16,3089,3154208,ggforce
2023-02-17,2809,3157017,ggforce
2023-02-18,1220,3158237,ggforce
2023-02-19,1412,3159649,ggforce
2023-02-20,2824,3162473,ggforce
2023-02-21,3358,3165831,ggforce
2023-02-22,3381,3169212,ggforce
2023-02-23,3273,3172485,ggforce
2023-02-24,2910,3175395,ggforce
2023-02-25,1360,3176755,ggforce
2023-02-26,1495,3178250,ggforce
2023-02-27,3129,3181379,ggforce
2023-02-28,3580,3184959,ggforce
2023-03-01,3602,3188561,ggforce
2023-03-02,3428,3191989,ggforce
2023-03-03,2988,3194977,ggforce
2023-03-04,1472,3196449,ggforce
2023-03-05,1455,3197904,ggforce
2023-03-06,3335,3201239,ggforce
2023-03-07,3357,3204596,ggforce
2023-03-08,3185,3207781,ggforce
2023-03-09,3473,3211254,ggforce
2023-03-10,2823,3214077,ggforce
2023-03-11,1551,3215628,ggforce
2023-03-12,1556,3217184,ggforce
2023-03-13,3149,3220333,ggforce
2023-03-14,3412,3223745,ggforce
2023-03-15,3493,3227238,ggforce
2023-03-16,3272,3230510,ggforce
2023-03-17,2828,3233338,ggforce
2023-03-18,1332,3234670,ggforce
2023-03-19,1604,3236274,ggforce
2023-03-20,3502,3239776,ggforce
2023-03-21,4228,3244004,ggforce
2023-03-22,3526,3247530,ggforce
2023-03-23,3694,3251224,ggforce
2023-03-24,3924,3255148,ggforce
2023-03-25,1485,3256633,ggforce
2023-03-26,1585,3258218,ggforce
2023-03-27,3486,3261704,ggforce
2023-03-28,4293,3265997,ggforce
2023-03-29,3532,3269529,ggforce
2023-03-30,3642,3273171,ggforce
2023-03-31,2795,3275966,ggforce
2023-04-01,1643,3277609,ggforce
2023-04-02,1559,3279168,ggforce
2023-04-03,3203,3282371,ggforce
2023-04-04,3293,3285664,ggforce
2023-04-05,3157,3288821,ggforce
2023-04-06,4099,3292920,ggforce
2023-04-07,2714,3295634,ggforce
2023-04-08,1632,3297266,ggforce
2023-04-09,1296,3298562,ggforce
2023-04-10,2452,3301014,ggforce
2023-04-11,4211,3305225,ggforce
2023-04-12,4208,3309433,ggforce
2023-04-13,3312,3312745,ggforce
2023-04-14,4158,3316903,ggforce
2023-04-15,1680,3318583,ggforce
2023-04-16,1713,3320296,ggforce
2023-04-17,4844,3325140,ggforce
2023-04-18,5215,3330355,ggforce
2023-04-19,3674,3334029,ggforce
2023-04-20,3704,3337733,ggforce
2023-04-21,3936,3341669,ggforce
2023-04-22,1955,3343624,ggforce
2023-04-23,3742,3347366,ggforce
2023-04-24,4220,3351586,ggforce
2023-04-25,5185,3356771,ggforce
2023-04-26,4783,3361554,ggforce
2023-04-27,3643,3365197,ggforce
2023-04-28,3404,3368601,ggforce
2023-04-29,1887,3370488,ggforce
2023-04-30,1433,3371921,ggforce
2023-05-01,3375,3375296,ggforce
2023-05-02,3699,3378995,ggforce
2023-05-03,3923,3382918,ggforce
2023-05-04,4904,3387822,ggforce
2023-05-05,3026,3390848,ggforce
2023-05-06,1765,3392613,ggforce
2023-05-07,2102,3394715,ggforce
2023-05-08,3573,3398288,ggforce
2023-05-09,4928,3403216,ggforce
2023-05-10,3430,3406646,ggforce
2023-05-11,3466,3410112,ggforce
2023-05-12,2889,3413001,ggforce
2023-05-13,1615,3414616,ggforce
2023-05-14,1509,3416125,ggforce
2023-05-15,3601,3419726,ggforce
2023-05-16,5373,3425099,ggforce
2023-05-17,8461,3433560,ggforce
2023-05-18,3406,3436966,ggforce
2023-05-19,3717,3440683,ggforce
2023-05-20,1353,3442036,ggforce
2023-05-21,1379,3443415,ggforce
2023-05-22,3203,3446618,ggforce
2023-05-23,3282,3449900,ggforce
2023-05-24,3067,3452967,ggforce
2023-05-25,2917,3455884,ggforce
2023-05-26,2638,3458522,ggforce
2023-05-27,1342,3459864,ggforce
2023-05-28,1252,3461116,ggforce
2023-05-29,2166,3463282,ggforce
2023-05-30,3052,3466334,ggforce
2023-05-31,3012,3469346,ggforce
2023-06-01,2942,3472288,ggforce
2023-06-02,2547,3474835,ggforce
2023-06-03,1406,3476241,ggforce
2023-06-04,1386,3477627,ggforce
2023-06-05,3029,3480656,ggforce
2023-06-06,2894,3483550,ggforce
2023-06-07,2862,3486412,ggforce
2023-06-08,2745,3489157,ggforce
2023-06-09,2475,3491632,ggforce
2023-06-10,1569,3493201,ggforce
2023-06-11,1535,3494736,ggforce
2023-06-12,3079,3497815,ggforce
2023-06-13,3017,3500832,ggforce
2023-06-14,2886,3503718,ggforce
2023-06-15,2710,3506428,ggforce
2023-06-16,2271,3508699,ggforce
2023-06-17,1356,3510055,ggforce
2023-06-18,1446,3511501,ggforce
2023-06-19,2747,3514248,ggforce
2023-06-20,3130,3517378,ggforce
2023-06-21,2790,3520168,ggforce
2023-06-22,2678,3522846,ggforce
2023-06-23,2262,3525108,ggforce
2023-06-24,1302,3526410,ggforce
2023-06-25,1402,3527812,ggforce
2023-06-26,3018,3530830,ggforce
2023-06-27,3116,3533946,ggforce
2023-06-28,2849,3536795,ggforce
2023-06-29,2549,3539344,ggforce
2023-06-30,2181,3541525,ggforce
2023-07-01,1224,3542749,ggforce
2023-07-02,1241,3543990,ggforce
2023-07-03,2329,3546319,ggforce
2023-07-04,2331,3548650,ggforce
2023-07-05,2657,3551307,ggforce
2023-07-06,2819,3554126,ggforce
2023-07-07,2386,3556512,ggforce
2023-07-08,1182,3557694,ggforce
2023-07-09,1187,3558881,ggforce
2023-07-10,2754,3561635,ggforce
2023-07-11,2884,3564519,ggforce
2023-07-12,2950,3567469,ggforce
2023-07-13,2555,3570024,ggforce
2023-07-14,2418,3572442,ggforce
2023-07-15,1196,3573638,ggforce
2023-07-16,1276,3574914,ggforce
2023-07-17,2727,3577641,ggforce
2023-07-18,2915,3580556,ggforce
2023-07-19,3392,3583948,ggforce
2023-07-20,3110,3587058,ggforce
2023-07-21,2198,3589256,ggforce
2023-07-22,1198,3590454,ggforce
2023-07-23,1177,3591631,ggforce
2023-07-24,2586,3594217,ggforce
2023-07-25,3000,3597217,ggforce
2023-07-26,2707,3599924,ggforce
2023-07-27,2341,3602265,ggforce
2023-07-28,2206,3604471,ggforce
2023-07-29,1161,3605632,ggforce
2023-07-30,1155,3606787,ggforce
2023-07-31,2730,3609517,ggforce
2023-08-01,3596,3613113,ggforce
2023-08-02,2485,3615598,ggforce
2023-08-03,2868,3618466,ggforce
2023-08-04,2487,3620953,ggforce
2023-08-05,1313,3622266,ggforce
2023-08-06,1435,3623701,ggforce
2023-08-07,2476,3626177,ggforce
2023-08-08,2780,3628957,ggforce
2023-08-09,2832,3631789,ggforce
2023-08-10,2718,3634507,ggforce
2023-08-11,2480,3636987,ggforce
2023-08-12,1136,3638123,ggforce
2023-08-13,1183,3639306,ggforce
2023-08-14,2756,3642062,ggforce
2023-08-15,2632,3644694,ggforce
2023-08-16,2911,3647605,ggforce
2023-08-17,2670,3650275,ggforce
2023-08-18,2364,3652639,ggforce
2023-08-19,1254,3653893,ggforce
2023-08-20,1331,3655224,ggforce
2023-08-21,2711,3657935,ggforce
2023-08-22,3004,3660939,ggforce
2023-08-23,3004,3663943,ggforce
2023-08-24,3022,3666965,ggforce
2023-08-25,2745,3669710,ggforce
2023-08-26,1362,3671072,ggforce
2023-08-27,1460,3672532,ggforce
2023-08-28,2981,3675513,ggforce
2023-08-29,3234,3678747,ggforce
2023-08-30,3337,3682084,ggforce
2023-08-31,3464,3685548,ggforce
2023-09-01,2565,3688113,ggforce
2023-09-02,1306,3689419,ggforce
2023-09-03,1391,3690810,ggforce
2023-09-04,2488,3693298,ggforce
2023-09-05,2994,3696292,ggforce
2023-09-06,3454,3699746,ggforce
2023-09-07,3265,3703011,ggforce
2023-09-08,3228,3706239,ggforce
2023-09-09,1339,3707578,ggforce
2023-09-10,1498,3709076,ggforce
2023-09-11,3375,3712451,ggforce
2023-09-12,3557,3716008,ggforce
2023-09-13,3653,3719661,ggforce
2023-09-14,3286,3722947,ggforce
2023-09-15,2897,3725844,ggforce
2023-09-16,1434,3727278,ggforce
2023-09-17,1672,3728950,ggforce
2023-09-18,3052,3732002,ggforce
2023-09-19,3561,3735563,ggforce
2023-09-20,3609,3739172,ggforce
2023-09-21,3836,3743008,ggforce
2023-09-22,3036,3746044,ggforce
2023-09-23,1500,3747544,ggforce
2023-09-24,1496,3749040,ggforce
2023-09-25,3146,3752186,ggforce
2023-09-26,3524,3755710,ggforce
2023-09-27,3529,3759239,ggforce
2023-09-28,2968,3762207,ggforce
2023-09-29,2721,3764928,ggforce
2023-09-30,1380,3766308,ggforce
2023-10-01,1487,3767795,ggforce
2023-10-02,3094,3770889,ggforce
2023-10-03,3120,3774009,ggforce
2023-10-04,3939,3777948,ggforce
2023-10-05,3670,3781618,ggforce
2023-10-06,3062,3784680,ggforce
2023-10-07,1660,3786340,ggforce
2023-10-08,1617,3787957,ggforce
2023-10-09,3363,3791320,ggforce
2023-10-10,3878,3795198,ggforce
2023-10-11,3740,3798938,ggforce
2023-10-12,3337,3802275,ggforce
2023-10-13,2991,3805266,ggforce
2023-10-14,1707,3806973,ggforce
2023-10-15,1493,3808466,ggforce
2023-10-16,3461,3811927,ggforce
2023-10-17,3930,3815857,ggforce
2023-10-18,3683,3819540,ggforce
2023-10-19,3036,3822576,ggforce
2023-10-20,3135,3825711,ggforce
2023-10-21,1754,3827465,ggforce
2023-10-22,1699,3829164,ggforce
2023-10-23,3165,3832329,ggforce
2023-10-24,3588,3835917,ggforce
2023-10-25,3485,3839402,ggforce
2023-10-26,3518,3842920,ggforce
2023-10-27,2833,3845753,ggforce
2023-10-28,1577,3847330,ggforce
2023-10-29,1535,3848865,ggforce
2023-10-30,3156,3852021,ggforce
2023-10-31,3446,3855467,ggforce
2023-11-01,3144,3858611,ggforce
2023-11-02,3745,3862356,ggforce
2023-11-03,2784,3865140,ggforce
2023-11-04,2063,3867203,ggforce
2023-11-05,1474,3868677,ggforce
2023-11-06,3461,3872138,ggforce
2023-11-07,3532,3875670,ggforce
2023-11-08,3603,3879273,ggforce
2023-11-09,3025,3882298,ggforce
2023-11-10,2301,3884599,ggforce
2023-11-11,1262,3885861,ggforce
2023-11-12,1169,3887030,ggforce
2023-11-13,2646,3889676,ggforce
2023-11-14,2888,3892564,ggforce
2023-11-15,2966,3895530,ggforce
2023-11-16,2977,3898507,ggforce
2023-11-17,2205,3900712,ggforce
2023-11-18,1386,3902098,ggforce
2023-11-19,1679,3903777,ggforce
2023-11-20,3110,3906887,ggforce
2023-11-21,3101,3909988,ggforce
2023-11-22,2706,3912694,ggforce
2023-11-23,2348,3915042,ggforce
2023-11-24,2094,3917136,ggforce
2023-11-25,1286,3918422,ggforce
2023-11-26,1398,3919820,ggforce
2023-11-27,2933,3922753,ggforce
2023-11-28,3230,3925983,ggforce
2023-11-29,3093,3929076,ggforce
2023-11-30,3108,3932184,ggforce
2023-12-01,2625,3934809,ggforce
2023-12-02,1529,3936338,ggforce
2023-12-03,1612,3937950,ggforce
2023-12-04,3276,3941226,ggforce
2023-12-05,3036,3944262,ggforce
2023-12-06,2766,3947028,ggforce
2023-12-07,2821,3949849,ggforce
2023-12-08,2514,3952363,ggforce
2023-12-09,1369,3953732,ggforce
2023-12-10,1378,3955110,ggforce
2023-12-11,2659,3957769,ggforce
2023-12-12,2866,3960635,ggforce
2023-12-13,2857,3963492,ggforce
2023-12-14,2829,3966321,ggforce
2023-12-15,2033,3968354,ggforce
2023-12-16,1298,3969652,ggforce
2023-12-17,1537,3971189,ggforce
2023-12-18,2167,3973356,ggforce
2023-12-19,2617,3975973,ggforce
2023-12-20,2349,3978322,ggforce
2023-12-21,2035,3980357,ggforce
2023-12-22,1629,3981986,ggforce
2023-12-23,954,3982940,ggforce
2023-12-24,876,3983816,ggforce
2023-12-25,983,3984799,ggforce
2023-12-26,1285,3986084,ggforce
2023-12-27,1369,3987453,ggforce
2023-12-28,1457,3988910,ggforce
2023-12-29,1270,3990180,ggforce
2023-12-30,943,3991123,ggforce
2023-12-31,809,3991932,ggforce
2024-01-01,803,3992735,ggforce
2024-01-02,1767,3994502,ggforce
2024-01-03,2354,3996856,ggforce
2024-01-04,2275,3999131,ggforce
2024-01-05,1861,4000992,ggforce
2024-01-06,1073,4002065,ggforce
2024-01-07,1169,4003234,ggforce
2024-01-08,2307,4005541,ggforce
2024-01-09,2220,4007761,ggforce
2024-01-10,2443,4010204,ggforce
2024-01-11,2413,4012617,ggforce
2024-01-12,2104,4014721,ggforce
2024-01-13,1252,4015973,ggforce
2024-01-14,1303,4017276,ggforce
2024-01-15,2165,4019441,ggforce
2024-01-16,2538,4021979,ggforce
2024-01-17,2673,4024652,ggforce
2024-01-18,2394,4027046,ggforce
2024-01-19,3403,4030449,ggforce
2024-01-20,1294,4031743,ggforce
2024-01-21,3033,4034776,ggforce
2024-01-22,2279,4037055,ggforce
2024-01-23,2652,4039707,ggforce
2024-01-24,2714,4042421,ggforce
2024-01-25,2316,4044737,ggforce
2024-01-26,1891,4046628,ggforce
2024-01-27,1155,4047783,ggforce
2024-01-28,1328,4049111,ggforce
2024-01-29,2258,4051369,ggforce
2024-01-30,2433,4053802,ggforce
2024-01-31,2545,4056347,ggforce
2024-02-01,2396,4058743,ggforce
2024-02-02,2061,4060804,ggforce
2024-02-03,1188,4061992,ggforce
2024-02-04,1250,4063242,ggforce
2024-02-05,2460,4065702,ggforce
2024-02-06,2785,4068487,ggforce
2024-02-07,2338,4070825,ggforce
2024-02-08,2260,4073085,ggforce
2024-02-09,1802,4074887,ggforce
2024-02-10,960,4075847,ggforce
2024-02-11,1062,4076909,ggforce
2024-02-12,2255,4079164,ggforce
2024-02-13,2569,4081733,ggforce
2024-02-14,2248,4083981,ggforce
2024-02-15,2364,4086345,ggforce
2024-02-16,2126,4088471,ggforce
2024-02-17,1157,4089628,ggforce
2024-02-18,1410,4091038,ggforce
2024-02-19,5161,4096199,ggforce
2024-02-20,5795,4101994,ggforce
2024-02-21,5549,4107543,ggforce
2024-02-22,4470,4112013,ggforce
2024-02-23,3827,4115840,ggforce
2024-02-24,1662,4117502,ggforce
2024-02-25,1972,4119474,ggforce
2024-02-26,4644,4124118,ggforce
2024-02-27,4778,4128896,ggforce
2024-02-28,4384,4133280,ggforce
2024-02-29,4077,4137357,ggforce
2024-03-01,3577,4140934,ggforce
2024-03-02,1945,4142879,ggforce
2024-03-03,2106,4144985,ggforce
2024-03-04,4410,4149395,ggforce
2024-03-05,4380,4153775,ggforce
2024-03-06,4406,4158181,ggforce
2024-03-07,4079,4162260,ggforce
2024-03-08,3668,4165928,ggforce
2024-03-09,1756,4167684,ggforce
2024-03-10,1919,4169603,ggforce
2024-03-11,4119,4173722,ggforce
2024-03-12,3848,4177570,ggforce
2024-03-13,4099,4181669,ggforce
2024-03-14,4062,4185731,ggforce
2024-03-15,3496,4189227,ggforce
2024-03-16,1634,4190861,ggforce
2024-03-17,1706,4192567,ggforce
2024-03-18,4078,4196645,ggforce
2024-03-19,4228,4200873,ggforce
2024-03-20,3976,4204849,ggforce
2024-03-21,3779,4208628,ggforce
2024-03-22,3225,4211853,ggforce
2024-03-23,1660,4213513,ggforce
2024-03-24,1770,4215283,ggforce
2024-03-25,3519,4218802,ggforce
2024-03-26,3978,4222780,ggforce
2024-03-27,4101,4226881,ggforce
2024-03-28,3421,4230302,ggforce
2024-03-29,2615,4232917,ggforce
2024-03-30,1674,4234591,ggforce
2024-03-31,1554,4236145,ggforce
2024-04-01,2981,4239126,ggforce
2024-04-02,4005,4243131,ggforce
2024-04-03,4083,4247214,ggforce
2024-04-04,3148,4250362,ggforce
2024-04-05,2927,4253289,ggforce
2024-04-06,1535,4254824,ggforce
2024-04-07,2012,4256836,ggforce
2024-04-08,3469,4260305,ggforce
2024-04-09,3666,4263971,ggforce
2024-04-10,3476,4267447,ggforce
2024-04-11,3757,4271204,ggforce
2024-04-12,3198,4274402,ggforce
2024-04-13,1530,4275932,ggforce
2024-04-14,1729,4277661,ggforce
2024-04-15,3560,4281221,ggforce
2024-04-16,3672,4284893,ggforce
2024-04-17,3702,4288595,ggforce
2024-04-18,4059,4292654,ggforce
2024-04-19,2937,4295591,ggforce
2024-04-20,1435,4297026,ggforce
2024-04-21,1794,4298820,ggforce
2024-04-22,3750,4302570,ggforce
2024-04-23,3917,4306487,ggforce
2024-04-24,3872,4310359,ggforce
2024-04-25,3921,4314280,ggforce
2024-04-26,3408,4317688,ggforce
2024-04-27,1685,4319373,ggforce
2024-04-28,2032,4321405,ggforce
2024-04-29,3861,4325266,ggforce
2024-04-30,3674,4328940,ggforce
2024-05-01,3575,4332515,ggforce
2024-05-02,3808,4336323,ggforce
2024-05-03,3190,4339513,ggforce
2024-05-04,1830,4341343,ggforce
2024-05-05,1758,4343101,ggforce
2024-05-06,3719,4346820,ggforce
2024-05-07,3830,4350650,ggforce
2024-05-08,3739,4354389,ggforce
2024-05-09,3206,4357595,ggforce
2024-05-10,2882,4360477,ggforce
2024-05-11,1484,4361961,ggforce
2024-05-12,1370,4363331,ggforce
2024-05-13,3791,4367122,ggforce
2024-05-14,3855,4370977,ggforce
2024-05-15,3468,4374445,ggforce
2024-05-16,3288,4377733,ggforce
2024-05-17,2838,4380571,ggforce
2024-05-18,1669,4382240,ggforce
2024-05-19,1667,4383907,ggforce
2024-05-20,3106,4387013,ggforce
2024-05-21,3871,4390884,ggforce
2024-05-22,3515,4394399,ggforce
2024-05-23,3115,4397514,ggforce
2024-05-24,2815,4400329,ggforce
2024-05-25,1457,4401786,ggforce
2024-05-26,1768,4403554,ggforce
2024-05-27,3166,4406720,ggforce
2024-05-28,3391,4410111,ggforce
2024-05-29,3509,4413620,ggforce
2024-05-30,3137,4416757,ggforce
2024-05-31,2742,4419499,ggforce
2024-06-01,1390,4420889,ggforce
2024-06-02,1613,4422502,ggforce
2024-06-03,3177,4425679,ggforce
2024-06-04,3275,4428954,ggforce
2024-06-05,3095,4432049,ggforce
2024-06-06,3006,4435055,ggforce
2024-06-07,2587,4437642,ggforce
2024-06-08,1352,4438994,ggforce
2024-06-09,1430,4440424,ggforce
2024-06-10,3000,4443424,ggforce
2024-06-11,3469,4446893,ggforce
2024-06-12,3059,4449952,ggforce
2024-06-13,3053,4453005,ggforce
2024-06-14,2699,4455704,ggforce
2024-06-15,1320,4457024,ggforce
2024-06-16,1650,4458674,ggforce
2024-06-17,3017,4461691,ggforce
2024-06-18,3374,4465065,ggforce
2024-06-19,2949,4468014,ggforce
2024-06-20,3017,4471031,ggforce
2024-06-21,2623,4473654,ggforce
2024-06-22,1435,4475089,ggforce
2024-06-23,1359,4476448,ggforce
2024-06-24,3172,4479620,ggforce
2024-06-25,2974,4482594,ggforce
2024-06-26,2865,4485459,ggforce
2024-06-27,2853,4488312,ggforce
2024-06-28,2409,4490721,ggforce
2024-06-29,1124,4491845,ggforce
2024-06-30,1333,4493178,ggforce
2024-07-01,2690,4495868,ggforce
2024-07-02,3190,4499058,ggforce
2024-07-03,3009,4502067,ggforce
2024-07-04,2792,4504859,ggforce
2024-07-05,2798,4507657,ggforce
2024-07-06,1585,4509242,ggforce
2024-07-07,1725,4510967,ggforce
2024-07-08,3183,4514150,ggforce
2024-07-09,3214,4517364,ggforce
2024-07-10,3147,4520511,ggforce
2024-07-11,3184,4523695,ggforce
2024-07-12,2664,4526359,ggforce
2024-07-13,1412,4527771,ggforce
2024-07-14,1523,4529294,ggforce
2024-07-15,2751,4532045,ggforce
2024-07-16,3288,4535333,ggforce
2024-07-17,3486,4538819,ggforce
2024-07-18,3440,4542259,ggforce
2024-07-19,3030,4545289,ggforce
2024-07-20,1677,4546966,ggforce
2024-07-21,1667,4548633,ggforce
2024-07-22,3347,4551980,ggforce
2024-07-23,3165,4555145,ggforce
2024-07-24,3361,4558506,ggforce
2024-07-25,3307,4561813,ggforce
2024-07-26,2735,4564548,ggforce
2024-07-27,1529,4566077,ggforce
2024-07-28,1517,4567594,ggforce
2024-07-29,2830,4570424,ggforce
2024-07-30,3131,4573555,ggforce
2024-07-31,2897,4576452,ggforce
2024-08-01,3227,4579679,ggforce
2024-08-02,3130,4582809,ggforce
2024-08-03,1964,4584773,ggforce
2024-08-04,1961,4586734,ggforce
2024-08-05,3050,4589784,ggforce
2024-08-06,3418,4593202,ggforce
2024-08-07,3193,4596395,ggforce
2024-08-08,3042,4599437,ggforce
2024-08-09,2310,4601747,ggforce
2024-08-10,1470,4603217,ggforce
2024-08-11,1432,4604649,ggforce
2024-08-12,2765,4607414,ggforce
2024-08-13,2733,4610147,ggforce
2024-08-14,2572,4612719,ggforce
2024-08-15,2268,4614987,ggforce
2024-08-16,2315,4617302,ggforce
2024-08-17,1288,4618590,ggforce
2024-08-18,1208,4619798,ggforce
2024-08-19,2555,4622353,ggforce
2024-08-20,2668,4625021,ggforce
2024-08-21,2789,4627810,ggforce
2024-08-22,2715,4630525,ggforce
2024-08-23,2276,4632801,ggforce
2024-08-24,1231,4634032,ggforce
2024-08-25,1293,4635325,ggforce
2024-08-26,2466,4637791,ggforce
2024-08-27,2681,4640472,ggforce
2024-08-28,2611,4643083,ggforce
2024-08-29,2580,4645663,ggforce
2024-08-30,2382,4648045,ggforce
2024-08-31,1289,4649334,ggforce
2024-09-01,1303,4650637,ggforce
2024-09-02,2860,4653497,ggforce
2024-09-03,2844,4656341,ggforce
2024-09-04,2656,4658997,ggforce
2024-09-05,2532,4661529,ggforce
2024-09-06,2439,4663968,ggforce
2024-09-07,1241,4665209,ggforce
2024-09-08,1462,4666671,ggforce
2024-09-09,2858,4669529,ggforce
2024-09-10,2902,4672431,ggforce
2024-09-11,2835,4675266,ggforce
2024-09-12,2812,4678078,ggforce
2024-09-13,2631,4680709,ggforce
2024-09-14,1355,4682064,ggforce
2024-09-15,1306,4683370,ggforce
2024-09-16,2662,4686032,ggforce
2024-09-17,2690,4688722,ggforce
2024-09-18,3125,4691847,ggforce
2024-09-19,2826,4694673,ggforce
2024-09-20,2649,4697322,ggforce
2024-09-21,1322,4698644,ggforce
2024-09-22,1453,4700097,ggforce
2024-09-23,2940,4703037,ggforce
2024-09-24,3077,4706114,ggforce
2024-09-25,2958,4709072,ggforce
2024-09-26,3221,4712293,ggforce
2024-09-27,2528,4714821,ggforce
2024-09-28,1620,4716441,ggforce
2024-09-29,1578,4718019,ggforce
2024-09-30,2506,4720525,ggforce
2024-10-01,2776,4723301,ggforce
2024-10-02,2618,4725919,ggforce
2024-10-03,2583,4728502,ggforce
2024-10-04,2278,4730780,ggforce
2024-10-05,1467,4732247,ggforce
2024-10-06,1394,4733641,ggforce
2024-10-07,2778,4736419,ggforce
2024-10-08,3254,4739673,ggforce
2024-10-09,3412,4743085,ggforce
2024-10-10,3183,4746268,ggforce
2024-10-11,2625,4748893,ggforce
2024-10-12,1611,4750504,ggforce
2024-10-13,1539,4752043,ggforce
2024-10-14,3003,4755046,ggforce
2024-10-15,3304,4758350,ggforce
2024-10-16,3250,4761600,ggforce
2024-10-17,3355,4764955,ggforce
2024-10-18,2848,4767803,ggforce
2024-10-19,1386,4769189,ggforce
2024-10-20,1402,4770591,ggforce
2024-10-21,3112,4773703,ggforce
2024-10-22,3516,4777219,ggforce
2024-10-23,3465,4780684,ggforce
2024-10-24,3426,4784110,ggforce
2024-10-25,2970,4787080,ggforce
2024-10-26,1416,4788496,ggforce
2024-10-27,1555,4790051,ggforce
2024-10-28,3275,4793326,ggforce
2024-10-29,3188,4796514,ggforce
2024-10-30,3424,4799938,ggforce
2024-10-31,3468,4803406,ggforce
2024-11-01,2319,4805725,ggforce
2024-11-02,1428,4807153,ggforce
2024-11-03,1378,4808531,ggforce
2024-11-04,3287,4811818,ggforce
2024-11-05,3489,4815307,ggforce
2024-11-06,3286,4818593,ggforce
2024-11-07,3166,4821759,ggforce
2024-11-08,2723,4824482,ggforce
2024-11-09,1566,4826048,ggforce
2024-11-10,1645,4827693,ggforce
2024-11-11,3026,4830719,ggforce
2024-11-12,3292,4834011,ggforce
2024-11-13,3276,4837287,ggforce
2024-11-14,3212,4840499,ggforce
2024-11-15,2796,4843295,ggforce
2024-11-16,1507,4844802,ggforce
2024-11-17,1573,4846375,ggforce
2024-11-18,3435,4849810,ggforce
2024-11-19,3396,4853206,ggforce
2024-11-20,3422,4856628,ggforce
2024-11-21,3304,4859932,ggforce
2024-11-22,2891,4862823,ggforce
2024-11-23,1483,4864306,ggforce
2024-11-24,1725,4866031,ggforce
2024-11-25,3335,4869366,ggforce
2024-11-26,3332,4872698,ggforce
2024-11-27,3081,4875779,ggforce
2024-11-28,2742,4878521,ggforce
2024-11-29,2552,4881073,ggforce
2024-11-30,1542,4882615,ggforce
2024-12-01,1602,4884217,ggforce
2024-12-02,3150,4887367,ggforce
2024-12-03,3137,4890504,ggforce
2024-12-04,3354,4893858,ggforce
2024-12-05,3162,4897020,ggforce
2024-12-06,3268,4900288,ggforce
2024-12-07,1613,4901901,ggforce
2024-12-08,1483,4903384,ggforce
2024-12-09,3047,4906431,ggforce
2024-12-10,3161,4909592,ggforce
2024-12-11,3020,4912612,ggforce
2024-12-12,2624,4915236,ggforce
2024-12-13,2323,4917559,ggforce
2024-12-14,1385,4918944,ggforce
2024-12-15,1474,4920418,ggforce
2024-12-16,2610,4923028,ggforce
2024-12-17,2958,4925986,ggforce
2024-12-18,2731,4928717,ggforce
2024-12-19,2772,4931489,ggforce
2024-12-20,1995,4933484,ggforce
2024-12-21,1261,4934745,ggforce
2024-12-22,1436,4936181,ggforce
2024-12-23,1672,4937853,ggforce
2024-12-24,1403,4939256,ggforce
2024-12-25,1192,4940448,ggforce
2024-12-26,1321,4941769,ggforce
2024-12-27,1427,4943196,ggforce
2024-12-28,991,4944187,ggforce
2024-12-29,1221,4945408,ggforce
2024-12-30,1738,4947146,ggforce
2024-12-31,1791,4948937,ggforce
2025-01-01,892,4949829,ggforce
2025-01-02,1662,4951491,ggforce
2025-01-03,1919,4953410,ggforce
2025-01-04,1220,4954630,ggforce
2025-01-05,1157,4955787,ggforce
2025-01-06,2150,4957937,ggforce
2025-01-07,2304,4960241,ggforce
2025-01-08,2328,4962569,ggforce
2025-01-09,2467,4965036,ggforce
2025-01-10,2630,4967666,ggforce
2025-01-11,1135,4968801,ggforce
2025-01-12,1243,4970044,ggforce
2025-01-13,2394,4972438,ggforce
2025-01-14,2722,4975160,ggforce
2025-01-15,2519,4977679,ggforce
2025-01-16,2542,4980221,ggforce
2025-01-17,2224,4982445,ggforce
2025-01-18,1208,4983653,ggforce
2025-01-19,1282,4984935,ggforce
2025-01-20,2460,4987395,ggforce
2025-01-21,2297,4989692,ggforce
2025-01-22,2452,4992144,ggforce
2025-01-23,2460,4994604,ggforce
2025-01-24,2149,4996753,ggforce
2025-01-25,1109,4997862,ggforce
2025-01-26,1088,4998950,ggforce
2025-01-27,2284,5001234,ggforce
2025-01-28,2556,5003790,ggforce
2025-01-29,2319,5006109,ggforce
2025-01-30,2717,5008826,ggforce
2025-01-31,2201,5011027,ggforce
2025-02-01,1241,5012268,ggforce
2025-02-02,1341,5013609,ggforce
2025-02-03,2405,5016014,ggforce
2025-02-04,2814,5018828,ggforce
2025-02-05,2996,5021824,ggforce
2025-02-06,2744,5024568,ggforce
2025-02-07,2963,5027531,ggforce
2025-02-08,1487,5029018,ggforce
2025-02-09,1576,5030594,ggforce
2025-02-10,3017,5033611,ggforce
2025-02-11,3165,5036776,ggforce
2025-02-12,3233,5040009,ggforce
2025-02-13,3325,5043334,ggforce
2025-02-14,3184,5046518,ggforce
2025-02-15,1525,5048043,ggforce
2025-02-16,1663,5049706,ggforce
2025-02-17,3010,5052716,ggforce
2025-02-18,3345,5056061,ggforce
2025-02-19,3322,5059383,ggforce
2025-02-20,4864,5064247,ggforce
2025-02-21,3177,5067424,ggforce
2025-02-22,1826,5069250,ggforce
2025-02-23,1508,5070758,ggforce
2025-02-24,4541,5075299,ggforce
2025-02-25,3302,5078601,ggforce
2025-02-26,4058,5082659,ggforce
2025-02-27,5374,5088033,ggforce
2025-02-28,3414,5091447,ggforce
2025-03-01,1516,5092963,ggforce
2025-03-02,1515,5094478,ggforce
2025-03-03,3044,5097522,ggforce
2025-03-04,3711,5101233,ggforce
2025-03-05,3429,5104662,ggforce
2025-03-06,3589,5108251,ggforce
2025-03-07,2816,5111067,ggforce
2025-03-08,2025,5113092,ggforce
2025-03-09,2014,5115106,ggforce
2025-03-10,3924,5119030,ggforce
2025-03-11,4132,5123162,ggforce
2025-03-12,3702,5126864,ggforce
2025-03-13,3868,5130732,ggforce
2025-03-14,3522,5134254,ggforce
2025-03-15,1825,5136079,ggforce
2025-03-16,1550,5137629,ggforce
2025-03-17,3345,5140974,ggforce
2025-03-18,3432,5144406,ggforce
2025-03-19,3406,5147812,ggforce
2025-03-20,4041,5151853,ggforce
2025-03-21,3853,5155706,ggforce
2025-03-22,1953,5157659,ggforce
2025-03-23,1817,5159476,ggforce
2025-03-24,3681,5163157,ggforce
2025-03-25,3654,5166811,ggforce
2025-03-26,4389,5171200,ggforce
2025-03-27,4902,5176102,ggforce
2025-03-28,3150,5179252,ggforce
2025-03-29,1714,5180966,ggforce
2025-03-30,1676,5182642,ggforce
2017-09-14,70,70,ggridges
2017-09-15,720,790,ggridges
2017-09-16,309,1099,ggridges
2017-09-17,160,1259,ggridges
2017-09-18,393,1652,ggridges
2017-09-19,350,2002,ggridges
2017-09-20,314,2316,ggridges
2017-09-21,335,2651,ggridges
2017-09-22,223,2874,ggridges
2017-09-23,98,2972,ggridges
2017-09-24,91,3063,ggridges
2017-09-25,232,3295,ggridges
2017-09-26,231,3526,ggridges
2017-09-27,291,3817,ggridges
2017-09-28,196,4013,ggridges
2017-09-29,203,4216,ggridges
2017-09-30,71,4287,ggridges
2017-10-01,61,4348,ggridges
2017-10-02,319,4667,ggridges
2017-10-03,197,4864,ggridges
2017-10-04,217,5081,ggridges
2017-10-05,243,5324,ggridges
2017-10-06,173,5497,ggridges
2017-10-07,77,5574,ggridges
2017-10-08,86,5660,ggridges
2017-10-09,231,5891,ggridges
2017-10-10,262,6153,ggridges
2017-10-11,217,6370,ggridges
2017-10-12,190,6560,ggridges
2017-10-13,222,6782,ggridges
2017-10-14,72,6854,ggridges
2017-10-15,85,6939,ggridges
2017-10-16,194,7133,ggridges
2017-10-17,247,7380,ggridges
2017-10-18,196,7576,ggridges
2017-10-19,239,7815,ggridges
2017-10-20,190,8005,ggridges
2017-10-21,92,8097,ggridges
2017-10-22,88,8185,ggridges
2017-10-23,221,8406,ggridges
2017-10-24,230,8636,ggridges
2017-10-25,216,8852,ggridges
2017-10-26,282,9134,ggridges
2017-10-27,234,9368,ggridges
2017-10-28,82,9450,ggridges
2017-10-29,111,9561,ggridges
2017-10-30,198,9759,ggridges
2017-10-31,177,9936,ggridges
2017-11-01,191,10127,ggridges
2017-11-02,214,10341,ggridges
2017-11-03,211,10552,ggridges
2017-11-04,75,10627,ggridges
2017-11-05,106,10733,ggridges
2017-11-06,226,10959,ggridges
2017-11-07,178,11137,ggridges
2017-11-08,221,11358,ggridges
2017-11-09,250,11608,ggridges
2017-11-10,190,11798,ggridges
2017-11-11,93,11891,ggridges
2017-11-12,83,11974,ggridges
2017-11-13,198,12172,ggridges
2017-11-14,214,12386,ggridges
2017-11-15,206,12592,ggridges
2017-11-16,217,12809,ggridges
2017-11-17,183,12992,ggridges
2017-11-18,98,13090,ggridges
2017-11-19,115,13205,ggridges
2017-11-20,228,13433,ggridges
2017-11-21,203,13636,ggridges
2017-11-22,164,13800,ggridges
2017-11-23,143,13943,ggridges
2017-11-24,121,14064,ggridges
2017-11-25,121,14185,ggridges
2017-11-26,68,14253,ggridges
2017-11-27,233,14486,ggridges
2017-11-28,226,14712,ggridges
2017-11-29,223,14935,ggridges
2017-11-30,259,15194,ggridges
2017-12-01,195,15389,ggridges
2017-12-02,104,15493,ggridges
2017-12-03,109,15602,ggridges
2017-12-04,223,15825,ggridges
2017-12-05,223,16048,ggridges
2017-12-06,229,16277,ggridges
2017-12-07,246,16523,ggridges
2017-12-08,276,16799,ggridges
2017-12-09,82,16881,ggridges
2017-12-10,83,16964,ggridges
2017-12-11,268,17232,ggridges
2017-12-12,206,17438,ggridges
2017-12-13,302,17740,ggridges
2017-12-14,257,17997,ggridges
2017-12-15,196,18193,ggridges
2017-12-16,63,18256,ggridges
2017-12-17,104,18360,ggridges
2017-12-18,177,18537,ggridges
2017-12-19,192,18729,ggridges
2017-12-20,155,18884,ggridges
2017-12-21,130,19014,ggridges
2017-12-22,85,19099,ggridges
2017-12-23,63,19162,ggridges
2017-12-24,57,19219,ggridges
2017-12-25,37,19256,ggridges
2017-12-26,66,19322,ggridges
2017-12-27,86,19408,ggridges
2017-12-28,93,19501,ggridges
2017-12-29,108,19609,ggridges
2017-12-30,52,19661,ggridges
2017-12-31,33,19694,ggridges
2018-01-01,35,19729,ggridges
2018-01-02,134,19863,ggridges
2018-01-03,129,19992,ggridges
2018-01-04,181,20173,ggridges
2018-01-05,137,20310,ggridges
2018-01-06,60,20370,ggridges
2018-01-07,67,20437,ggridges
2018-01-08,170,20607,ggridges
2018-01-09,165,20772,ggridges
2018-01-10,197,20969,ggridges
2018-01-11,193,21162,ggridges
2018-01-12,160,21322,ggridges
2018-01-13,54,21376,ggridges
2018-01-14,84,21460,ggridges
2018-01-15,134,21594,ggridges
2018-01-16,228,21822,ggridges
2018-01-17,201,22023,ggridges
2018-01-18,240,22263,ggridges
2018-01-19,184,22447,ggridges
2018-01-20,78,22525,ggridges
2018-01-21,63,22588,ggridges
2018-01-22,199,22787,ggridges
2018-01-23,259,23046,ggridges
2018-01-24,264,23310,ggridges
2018-01-25,226,23536,ggridges
2018-01-26,238,23774,ggridges
2018-01-27,95,23869,ggridges
2018-01-28,95,23964,ggridges
2018-01-29,234,24198,ggridges
2018-01-30,238,24436,ggridges
2018-01-31,246,24682,ggridges
2018-02-01,222,24904,ggridges
2018-02-02,156,25060,ggridges
2018-02-03,95,25155,ggridges
2018-02-04,89,25244,ggridges
2018-02-05,247,25491,ggridges
2018-02-06,205,25696,ggridges
2018-02-07,215,25911,ggridges
2018-02-08,208,26119,ggridges
2018-02-09,186,26305,ggridges
2018-02-10,109,26414,ggridges
2018-02-11,89,26503,ggridges
2018-02-12,200,26703,ggridges
2018-02-13,220,26923,ggridges
2018-02-14,261,27184,ggridges
2018-02-15,210,27394,ggridges
2018-02-16,174,27568,ggridges
2018-02-17,69,27637,ggridges
2018-02-18,74,27711,ggridges
2018-02-19,196,27907,ggridges
2018-02-20,213,28120,ggridges
2018-02-21,221,28341,ggridges
2018-02-22,214,28555,ggridges
2018-02-23,193,28748,ggridges
2018-02-24,166,28914,ggridges
2018-02-25,82,28996,ggridges
2018-02-26,251,29247,ggridges
2018-02-27,238,29485,ggridges
2018-02-28,291,29776,ggridges
2018-03-01,263,30039,ggridges
2018-03-02,242,30281,ggridges
2018-03-03,122,30403,ggridges
2018-03-04,96,30499,ggridges
2018-03-05,270,30769,ggridges
2018-03-06,217,30986,ggridges
2018-03-07,218,31204,ggridges
2018-03-08,253,31457,ggridges
2018-03-09,246,31703,ggridges
2018-03-10,91,31794,ggridges
2018-03-11,77,31871,ggridges
2018-03-12,254,32125,ggridges
2018-03-13,306,32431,ggridges
2018-03-14,318,32749,ggridges
2018-03-15,308,33057,ggridges
2018-03-16,236,33293,ggridges
2018-03-17,127,33420,ggridges
2018-03-18,113,33533,ggridges
2018-03-19,225,33758,ggridges
2018-03-20,280,34038,ggridges
2018-03-21,211,34249,ggridges
2018-03-22,243,34492,ggridges
2018-03-23,218,34710,ggridges
2018-03-24,100,34810,ggridges
2018-03-25,111,34921,ggridges
2018-03-26,209,35130,ggridges
2018-03-27,231,35361,ggridges
2018-03-28,289,35650,ggridges
2018-03-29,240,35890,ggridges
2018-03-30,308,36198,ggridges
2018-03-31,358,36556,ggridges
2018-04-01,320,36876,ggridges
2018-04-02,693,37569,ggridges
2018-04-03,840,38409,ggridges
2018-04-04,841,39250,ggridges
2018-04-05,1868,41118,ggridges
2018-04-06,1059,42177,ggridges
2018-04-07,580,42757,ggridges
2018-04-08,463,43220,ggridges
2018-04-09,1091,44311,ggridges
2018-04-10,1006,45317,ggridges
2018-04-11,1006,46323,ggridges
2018-04-12,880,47203,ggridges
2018-04-13,793,47996,ggridges
2018-04-14,373,48369,ggridges
2018-04-15,407,48776,ggridges
2018-04-16,877,49653,ggridges
2018-04-17,963,50616,ggridges
2018-04-18,902,51518,ggridges
2018-04-19,810,52328,ggridges
2018-04-20,704,53032,ggridges
2018-04-21,377,53409,ggridges
2018-04-22,395,53804,ggridges
2018-04-23,882,54686,ggridges
2018-04-24,1302,55988,ggridges
2018-04-25,1303,57291,ggridges
2018-04-26,1110,58401,ggridges
2018-04-27,900,59301,ggridges
2018-04-28,447,59748,ggridges
2018-04-29,456,60204,ggridges
2018-04-30,880,61084,ggridges
2018-05-01,810,61894,ggridges
2018-05-02,1141,63035,ggridges
2018-05-03,982,64017,ggridges
2018-05-04,687,64704,ggridges
2018-05-05,423,65127,ggridges
2018-05-06,388,65515,ggridges
2018-05-07,818,66333,ggridges
2018-05-08,1227,67560,ggridges
2018-05-09,1055,68615,ggridges
2018-05-10,830,69445,ggridges
2018-05-11,838,70283,ggridges
2018-05-12,372,70655,ggridges
2018-05-13,393,71048,ggridges
2018-05-14,998,72046,ggridges
2018-05-15,1024,73070,ggridges
2018-05-16,976,74046,ggridges
2018-05-17,1012,75058,ggridges
2018-05-18,916,75974,ggridges
2018-05-19,385,76359,ggridges
2018-05-20,395,76754,ggridges
2018-05-21,732,77486,ggridges
2018-05-22,877,78363,ggridges
2018-05-23,1082,79445,ggridges
2018-05-24,901,80346,ggridges
2018-05-25,705,81051,ggridges
2018-05-26,326,81377,ggridges
2018-05-27,317,81694,ggridges
2018-05-28,570,82264,ggridges
2018-05-29,890,83154,ggridges
2018-05-30,841,83995,ggridges
2018-05-31,766,84761,ggridges
2018-06-01,680,85441,ggridges
2018-06-02,334,85775,ggridges
2018-06-03,325,86100,ggridges
2018-06-04,763,86863,ggridges
2018-06-05,802,87665,ggridges
2018-06-06,759,88424,ggridges
2018-06-07,860,89284,ggridges
2018-06-08,718,90002,ggridges
2018-06-09,369,90371,ggridges
2018-06-10,309,90680,ggridges
2018-06-11,759,91439,ggridges
2018-06-12,870,92309,ggridges
2018-06-13,737,93046,ggridges
2018-06-14,793,93839,ggridges
2018-06-15,603,94442,ggridges
2018-06-16,338,94780,ggridges
2018-06-17,279,95059,ggridges
2018-06-18,707,95766,ggridges
2018-06-19,727,96493,ggridges
2018-06-20,773,97266,ggridges
2018-06-21,683,97949,ggridges
2018-06-22,630,98579,ggridges
2018-06-23,289,98868,ggridges
2018-06-24,251,99119,ggridges
2018-06-25,708,99827,ggridges
2018-06-26,721,100548,ggridges
2018-06-27,713,101261,ggridges
2018-06-28,768,102029,ggridges
2018-06-29,564,102593,ggridges
2018-06-30,267,102860,ggridges
2018-07-01,246,103106,ggridges
2018-07-02,604,103710,ggridges
2018-07-03,666,104376,ggridges
2018-07-04,603,104979,ggridges
2018-07-05,733,105712,ggridges
2018-07-06,652,106364,ggridges
2018-07-07,304,106668,ggridges
2018-07-08,318,106986,ggridges
2018-07-09,687,107673,ggridges
2018-07-10,732,108405,ggridges
2018-07-11,691,109096,ggridges
2018-07-12,717,109813,ggridges
2018-07-13,567,110380,ggridges
2018-07-14,290,110670,ggridges
2018-07-15,299,110969,ggridges
2018-07-16,636,111605,ggridges
2018-07-17,769,112374,ggridges
2018-07-18,646,113020,ggridges
2018-07-19,760,113780,ggridges
2018-07-20,622,114402,ggridges
2018-07-21,289,114691,ggridges
2018-07-22,315,115006,ggridges
2018-07-23,618,115624,ggridges
2018-07-24,735,116359,ggridges
2018-07-25,739,117098,ggridges
2018-07-26,681,117779,ggridges
2018-07-27,571,118350,ggridges
2018-07-28,350,118700,ggridges
2018-07-29,303,119003,ggridges
2018-07-30,683,119686,ggridges
2018-07-31,637,120323,ggridges
2018-08-01,590,120913,ggridges
2018-08-02,666,121579,ggridges
2018-08-03,602,122181,ggridges
2018-08-04,289,122470,ggridges
2018-08-05,267,122737,ggridges
2018-08-06,700,123437,ggridges
2018-08-07,754,124191,ggridges
2018-08-08,721,124912,ggridges
2018-08-09,716,125628,ggridges
2018-08-10,589,126217,ggridges
2018-08-11,332,126549,ggridges
2018-08-12,311,126860,ggridges
2018-08-13,600,127460,ggridges
2018-08-14,704,128164,ggridges
2018-08-15,606,128770,ggridges
2018-08-16,647,129417,ggridges
2018-08-17,555,129972,ggridges
2018-08-18,257,130229,ggridges
2018-08-19,252,130481,ggridges
2018-08-20,700,131181,ggridges
2018-08-21,659,131840,ggridges
2018-08-22,607,132447,ggridges
2018-08-23,737,133184,ggridges
2018-08-24,660,133844,ggridges
2018-08-25,320,134164,ggridges
2018-08-26,252,134416,ggridges
2018-08-27,626,135042,ggridges
2018-08-28,946,135988,ggridges
2018-08-29,719,136707,ggridges
2018-08-30,783,137490,ggridges
2018-08-31,557,138047,ggridges
2018-09-01,244,138291,ggridges
2018-09-02,285,138576,ggridges
2018-09-03,591,139167,ggridges
2018-09-04,854,140021,ggridges
2018-09-05,822,140843,ggridges
2018-09-06,893,141736,ggridges
2018-09-07,649,142385,ggridges
2018-09-08,359,142744,ggridges
2018-09-09,343,143087,ggridges
2018-09-10,793,143880,ggridges
2018-09-11,850,144730,ggridges
2018-09-12,907,145637,ggridges
2018-09-13,1082,146719,ggridges
2018-09-14,884,147603,ggridges
2018-09-15,381,147984,ggridges
2018-09-16,453,148437,ggridges
2018-09-17,1189,149626,ggridges
2018-09-18,1051,150677,ggridges
2018-09-19,1073,151750,ggridges
2018-09-20,1055,152805,ggridges
2018-09-21,833,153638,ggridges
2018-09-22,416,154054,ggridges
2018-09-23,436,154490,ggridges
2018-09-24,867,155357,ggridges
2018-09-25,1005,156362,ggridges
2018-09-26,1076,157438,ggridges
2018-09-27,1186,158624,ggridges
2018-09-28,2087,160711,ggridges
2018-09-29,844,161555,ggridges
2018-09-30,788,162343,ggridges
2018-10-01,1867,164210,ggridges
2018-10-02,1578,165788,ggridges
2018-10-03,1682,167470,ggridges
2018-10-04,1442,168912,ggridges
2018-10-05,1254,170166,ggridges
2018-10-06,575,170741,ggridges
2018-10-07,575,171316,ggridges
2018-10-08,1282,172598,ggridges
2018-10-09,1431,174029,ggridges
2018-10-10,1380,175409,ggridges
2018-10-11,1544,176953,ggridges
2018-10-12,1293,178246,ggridges
2018-10-13,644,178890,ggridges
2018-10-14,621,179511,ggridges
2018-10-15,1346,180857,ggridges
2018-10-16,1503,182360,ggridges
2018-10-17,1424,183784,ggridges
2018-10-18,1332,185116,ggridges
2018-10-19,1228,186344,ggridges
2018-10-20,655,186999,ggridges
2018-10-21,611,187610,ggridges
2018-10-22,1248,188858,ggridges
2018-10-23,1360,190218,ggridges
2018-10-24,1427,191645,ggridges
2018-10-25,1354,192999,ggridges
2018-10-26,1139,194138,ggridges
2018-10-27,548,194686,ggridges
2018-10-28,502,195188,ggridges
2018-10-29,1391,196579,ggridges
2018-10-30,1562,198141,ggridges
2018-10-31,1322,199463,ggridges
2018-11-01,1240,200703,ggridges
2018-11-02,1168,201871,ggridges
2018-11-03,610,202481,ggridges
2018-11-04,607,203088,ggridges
2018-11-05,1221,204309,ggridges
2018-11-06,1364,205673,ggridges
2018-11-07,1293,206966,ggridges
2018-11-08,1327,208293,ggridges
2018-11-09,1236,209529,ggridges
2018-11-10,661,210190,ggridges
2018-11-11,707,210897,ggridges
2018-11-12,1234,212131,ggridges
2018-11-13,1582,213713,ggridges
2018-11-14,1465,215178,ggridges
2018-11-15,1344,216522,ggridges
2018-11-16,1165,217687,ggridges
2018-11-17,699,218386,ggridges
2018-11-18,613,218999,ggridges
2018-11-19,1214,220213,ggridges
2018-11-20,1391,221604,ggridges
2018-11-21,1211,222815,ggridges
2018-11-22,1020,223835,ggridges
2018-11-23,793,224628,ggridges
2018-11-24,535,225163,ggridges
2018-11-25,645,225808,ggridges
2018-11-26,1235,227043,ggridges
2018-11-27,1493,228536,ggridges
2018-11-28,1393,229929,ggridges
2018-11-29,1375,231304,ggridges
2018-11-30,1309,232613,ggridges
2018-12-01,763,233376,ggridges
2018-12-02,723,234099,ggridges
2018-12-03,1563,235662,ggridges
2018-12-04,1501,237163,ggridges
2018-12-05,1391,238554,ggridges
2018-12-06,1317,239871,ggridges
2018-12-07,1271,241142,ggridges
2018-12-08,822,241964,ggridges
2018-12-09,760,242724,ggridges
2018-12-10,1349,244073,ggridges
2018-12-11,1373,245446,ggridges
2018-12-12,1384,246830,ggridges
2018-12-13,1284,248114,ggridges
2018-12-14,1100,249214,ggridges
2018-12-15,592,249806,ggridges
2018-12-16,595,250401,ggridges
2018-12-17,1191,251592,ggridges
2018-12-18,1296,252888,ggridges
2018-12-19,1066,253954,ggridges
2018-12-20,1015,254969,ggridges
2018-12-21,997,255966,ggridges
2018-12-22,540,256506,ggridges
2018-12-23,571,257077,ggridges
2018-12-24,552,257629,ggridges
2018-12-25,461,258090,ggridges
2018-12-26,611,258701,ggridges
2018-12-27,654,259355,ggridges
2018-12-28,741,260096,ggridges
2018-12-29,388,260484,ggridges
2018-12-30,391,260875,ggridges
2018-12-31,417,261292,ggridges
2019-01-01,392,261684,ggridges
2019-01-02,841,262525,ggridges
2019-01-03,976,263501,ggridges
2019-01-04,969,264470,ggridges
2019-01-05,581,265051,ggridges
2019-01-06,597,265648,ggridges
2019-01-07,1056,266704,ggridges
2019-01-08,1133,267837,ggridges
2019-01-09,1176,269013,ggridges
2019-01-10,1176,270189,ggridges
2019-01-11,1094,271283,ggridges
2019-01-12,449,271732,ggridges
2019-01-13,452,272184,ggridges
2019-01-14,1117,273301,ggridges
2019-01-15,1253,274554,ggridges
2019-01-16,1127,275681,ggridges
2019-01-17,1567,277248,ggridges
2019-01-18,1049,278297,ggridges
2019-01-19,503,278800,ggridges
2019-01-20,491,279291,ggridges
2019-01-21,1065,280356,ggridges
2019-01-22,1163,281519,ggridges
2019-01-23,1268,282787,ggridges
2019-01-24,1222,284009,ggridges
2019-01-25,1188,285197,ggridges
2019-01-26,463,285660,ggridges
2019-01-27,443,286103,ggridges
2019-01-28,1040,287143,ggridges
2019-01-29,1130,288273,ggridges
2019-01-30,1182,289455,ggridges
2019-01-31,1146,290601,ggridges
2019-02-01,994,291595,ggridges
2019-02-02,478,292073,ggridges
2019-02-03,553,292626,ggridges
2019-02-04,1021,293647,ggridges
2019-02-05,1071,294718,ggridges
2019-02-06,1237,295955,ggridges
2019-02-07,1191,297146,ggridges
2019-02-08,997,298143,ggridges
2019-02-09,510,298653,ggridges
2019-02-10,551,299204,ggridges
2019-02-11,1037,300241,ggridges
2019-02-12,1375,301616,ggridges
2019-02-13,1317,302933,ggridges
2019-02-14,1308,304241,ggridges
2019-02-15,1038,305279,ggridges
2019-02-16,591,305870,ggridges
2019-02-17,635,306505,ggridges
2019-02-18,1345,307850,ggridges
2019-02-19,1319,309169,ggridges
2019-02-20,1249,310418,ggridges
2019-02-21,1268,311686,ggridges
2019-02-22,1132,312818,ggridges
2019-02-23,625,313443,ggridges
2019-02-24,554,313997,ggridges
2019-02-25,1214,315211,ggridges
2019-02-26,1208,316419,ggridges
2019-02-27,1194,317613,ggridges
2019-02-28,1228,318841,ggridges
2019-03-01,1214,320055,ggridges
2019-03-02,629,320684,ggridges
2019-03-03,604,321288,ggridges
2019-03-04,1180,322468,ggridges
2019-03-05,1360,323828,ggridges
2019-03-06,1398,325226,ggridges
2019-03-07,1289,326515,ggridges
2019-03-08,1177,327692,ggridges
2019-03-09,573,328265,ggridges
2019-03-10,647,328912,ggridges
2019-03-11,1259,330171,ggridges
2019-03-12,1474,331645,ggridges
2019-03-13,1279,332924,ggridges
2019-03-14,1425,334349,ggridges
2019-03-15,1132,335481,ggridges
2019-03-16,570,336051,ggridges
2019-03-17,553,336604,ggridges
2019-03-18,1164,337768,ggridges
2019-03-19,1098,338866,ggridges
2019-03-20,1104,339970,ggridges
2019-03-21,1131,341101,ggridges
2019-03-22,995,342096,ggridges
2019-03-23,439,342535,ggridges
2019-03-24,431,342966,ggridges
2019-03-25,932,343898,ggridges
2019-03-26,1207,345105,ggridges
2019-03-27,1003,346108,ggridges
2019-03-28,1054,347162,ggridges
2019-03-29,920,348082,ggridges
2019-03-30,453,348535,ggridges
2019-03-31,488,349023,ggridges
2019-04-01,974,349997,ggridges
2019-04-02,1024,351021,ggridges
2019-04-03,1097,352118,ggridges
2019-04-04,1044,353162,ggridges
2019-04-05,1023,354185,ggridges
2019-04-06,452,354637,ggridges
2019-04-07,462,355099,ggridges
2019-04-08,1104,356203,ggridges
2019-04-09,1106,357309,ggridges
2019-04-10,1178,358487,ggridges
2019-04-11,1156,359643,ggridges
2019-04-12,890,360533,ggridges
2019-04-13,446,360979,ggridges
2019-04-14,493,361472,ggridges
2019-04-15,1056,362528,ggridges
2019-04-16,1069,363597,ggridges
2019-04-17,1015,364612,ggridges
2019-04-18,1028,365640,ggridges
2019-04-19,628,366268,ggridges
2019-04-20,389,366657,ggridges
2019-04-21,446,367103,ggridges
2019-04-22,737,367840,ggridges
2019-04-23,983,368823,ggridges
2019-04-24,1092,369915,ggridges
2019-04-25,1154,371069,ggridges
2019-04-26,928,371997,ggridges
2019-04-27,581,372578,ggridges
2019-04-28,673,373251,ggridges
2019-04-29,1492,374743,ggridges
2019-04-30,1526,376269,ggridges
2019-05-01,1174,377443,ggridges
2019-05-02,1578,379021,ggridges
2019-05-03,1154,380175,ggridges
2019-05-04,632,380807,ggridges
2019-05-05,658,381465,ggridges
2019-05-06,1600,383065,ggridges
2019-05-07,1393,384458,ggridges
2019-05-08,1280,385738,ggridges
2019-05-09,1366,387104,ggridges
2019-05-10,1099,388203,ggridges
2019-05-11,550,388753,ggridges
2019-05-12,687,389440,ggridges
2019-05-13,1361,390801,ggridges
2019-05-14,1313,392114,ggridges
2019-05-15,1389,393503,ggridges
2019-05-16,1426,394929,ggridges
2019-05-17,1304,396233,ggridges
2019-05-18,636,396869,ggridges
2019-05-19,661,397530,ggridges
2019-05-20,1261,398791,ggridges
2019-05-21,1235,400026,ggridges
2019-05-22,1300,401326,ggridges
2019-05-23,1277,402603,ggridges
2019-05-24,1131,403734,ggridges
2019-05-25,521,404255,ggridges
2019-05-26,491,404746,ggridges
2019-05-27,1032,405778,ggridges
2019-05-28,1374,407152,ggridges
2019-05-29,1184,408336,ggridges
2019-05-30,1120,409456,ggridges
2019-05-31,1154,410610,ggridges
2019-06-01,548,411158,ggridges
2019-06-02,459,411617,ggridges
2019-06-03,1144,412761,ggridges
2019-06-04,1244,414005,ggridges
2019-06-05,1296,415301,ggridges
2019-06-06,1306,416607,ggridges
2019-06-07,1089,417696,ggridges
2019-06-08,490,418186,ggridges
2019-06-09,502,418688,ggridges
2019-06-10,1041,419729,ggridges
2019-06-11,1200,420929,ggridges
2019-06-12,1220,422149,ggridges
2019-06-13,1174,423323,ggridges
2019-06-14,1036,424359,ggridges
2019-06-15,478,424837,ggridges
2019-06-16,461,425298,ggridges
2019-06-17,1198,426496,ggridges
2019-06-18,1248,427744,ggridges
2019-06-19,1227,428971,ggridges
2019-06-20,1277,430248,ggridges
2019-06-21,1048,431296,ggridges
2019-06-22,517,431813,ggridges
2019-06-23,479,432292,ggridges
2019-06-24,1142,433434,ggridges
2019-06-25,1287,434721,ggridges
2019-06-26,1101,435822,ggridges
2019-06-27,1163,436985,ggridges
2019-06-28,1065,438050,ggridges
2019-06-29,456,438506,ggridges
2019-06-30,410,438916,ggridges
2019-07-01,1144,440060,ggridges
2019-07-02,1093,441153,ggridges
2019-07-03,1308,442461,ggridges
2019-07-04,910,443371,ggridges
2019-07-05,911,444282,ggridges
2019-07-06,486,444768,ggridges
2019-07-07,471,445239,ggridges
2019-07-08,1209,446448,ggridges
2019-07-09,1358,447806,ggridges
2019-07-10,1194,449000,ggridges
2019-07-11,1213,450213,ggridges
2019-07-12,1012,451225,ggridges
2019-07-13,424,451649,ggridges
2019-07-14,401,452050,ggridges
2019-07-15,1253,453303,ggridges
2019-07-16,1219,454522,ggridges
2019-07-17,1312,455834,ggridges
2019-07-18,1171,457005,ggridges
2019-07-19,1097,458102,ggridges
2019-07-20,493,458595,ggridges
2019-07-21,481,459076,ggridges
2019-07-22,1084,460160,ggridges
2019-07-23,1262,461422,ggridges
2019-07-24,1287,462709,ggridges
2019-07-25,1239,463948,ggridges
2019-07-26,1091,465039,ggridges
2019-07-27,587,465626,ggridges
2019-07-28,485,466111,ggridges
2019-07-29,1203,467314,ggridges
2019-07-30,1272,468586,ggridges
2019-07-31,1228,469814,ggridges
2019-08-01,1132,470946,ggridges
2019-08-02,1045,471991,ggridges
2019-08-03,378,472369,ggridges
2019-08-04,425,472794,ggridges
2019-08-05,1198,473992,ggridges
2019-08-06,1292,475284,ggridges
2019-08-07,1252,476536,ggridges
2019-08-08,1189,477725,ggridges
2019-08-09,980,478705,ggridges
2019-08-10,416,479121,ggridges
2019-08-11,392,479513,ggridges
2019-08-12,1049,480562,ggridges
2019-08-13,1080,481642,ggridges
2019-08-14,1146,482788,ggridges
2019-08-15,1032,483820,ggridges
2019-08-16,918,484738,ggridges
2019-08-17,529,485267,ggridges
2019-08-18,432,485699,ggridges
2019-08-19,1181,486880,ggridges
2019-08-20,1224,488104,ggridges
2019-08-21,1274,489378,ggridges
2019-08-22,1103,490481,ggridges
2019-08-23,1101,491582,ggridges
2019-08-24,654,492236,ggridges
2019-08-25,495,492731,ggridges
2019-08-26,1387,494118,ggridges
2019-08-27,1954,496072,ggridges
2019-08-28,1675,497747,ggridges
2019-08-29,1632,499379,ggridges
2019-08-30,1232,500611,ggridges
2019-08-31,591,501202,ggridges
2019-09-01,656,501858,ggridges
2019-09-02,1410,503268,ggridges
2019-09-03,1890,505158,ggridges
2019-09-04,2055,507213,ggridges
2019-09-05,1566,508779,ggridges
2019-09-06,1287,510066,ggridges
2019-09-07,628,510694,ggridges
2019-09-08,714,511408,ggridges
2019-09-09,1681,513089,ggridges
2019-09-10,1701,514790,ggridges
2019-09-11,1615,516405,ggridges
2019-09-12,1540,517945,ggridges
2019-09-13,1289,519234,ggridges
2019-09-14,654,519888,ggridges
2019-09-15,631,520519,ggridges
2019-09-16,1542,522061,ggridges
2019-09-17,1540,523601,ggridges
2019-09-18,1524,525125,ggridges
2019-09-19,1375,526500,ggridges
2019-09-20,1235,527735,ggridges
2019-09-21,603,528338,ggridges
2019-09-22,665,529003,ggridges
2019-09-23,1610,530613,ggridges
2019-09-24,1638,532251,ggridges
2019-09-25,1648,533899,ggridges
2019-09-26,1454,535353,ggridges
2019-09-27,1302,536655,ggridges
2019-09-28,612,537267,ggridges
2019-09-29,662,537929,ggridges
2019-09-30,1428,539357,ggridges
2019-10-01,1381,540738,ggridges
2019-10-02,1476,542214,ggridges
2019-10-03,1252,543466,ggridges
2019-10-04,1242,544708,ggridges
2019-10-05,529,545237,ggridges
2019-10-06,569,545806,ggridges
2019-10-07,1539,547345,ggridges
2019-10-08,1637,548982,ggridges
2019-10-09,1834,550816,ggridges
2019-10-10,1651,552467,ggridges
2019-10-11,1455,553922,ggridges
2019-10-12,720,554642,ggridges
2019-10-13,700,555342,ggridges
2019-10-14,1452,556794,ggridges
2019-10-15,1466,558260,ggridges
2019-10-16,1604,559864,ggridges
2019-10-17,1467,561331,ggridges
2019-10-18,1269,562600,ggridges
2019-10-19,657,563257,ggridges
2019-10-20,650,563907,ggridges
2019-10-21,1563,565470,ggridges
2019-10-22,1718,567188,ggridges
2019-10-23,1663,568851,ggridges
2019-10-24,1734,570585,ggridges
2019-10-25,1223,571808,ggridges
2019-10-26,662,572470,ggridges
2019-10-27,688,573158,ggridges
2019-10-28,1421,574579,ggridges
2019-10-29,1729,576308,ggridges
2019-10-30,1585,577893,ggridges
2019-10-31,1556,579449,ggridges
2019-11-01,1309,580758,ggridges
2019-11-02,632,581390,ggridges
2019-11-03,716,582106,ggridges
2019-11-04,1625,583731,ggridges
2019-11-05,1625,585356,ggridges
2019-11-06,1596,586952,ggridges
2019-11-07,1479,588431,ggridges
2019-11-08,1354,589785,ggridges
2019-11-09,794,590579,ggridges
2019-11-10,704,591283,ggridges
2019-11-11,1469,592752,ggridges
2019-11-12,1632,594384,ggridges
2019-11-13,1610,595994,ggridges
2019-11-14,1625,597619,ggridges
2019-11-15,1409,599028,ggridges
2019-11-16,622,599650,ggridges
2019-11-17,763,600413,ggridges
2019-11-18,1540,601953,ggridges
2019-11-19,1603,603556,ggridges
2019-11-20,1550,605106,ggridges
2019-11-21,1591,606697,ggridges
2019-11-22,1277,607974,ggridges
2019-11-23,699,608673,ggridges
2019-11-24,754,609427,ggridges
2019-11-25,1522,610949,ggridges
2019-11-26,1619,612568,ggridges
2019-11-27,1422,613990,ggridges
2019-11-28,1072,615062,ggridges
2019-11-29,1006,616068,ggridges
2019-11-30,501,616569,ggridges
2019-12-01,649,617218,ggridges
2019-12-02,1385,618603,ggridges
2019-12-03,1551,620154,ggridges
2019-12-04,1682,621836,ggridges
2019-12-05,1584,623420,ggridges
2019-12-06,1365,624785,ggridges
2019-12-07,625,625410,ggridges
2019-12-08,677,626087,ggridges
2019-12-09,1442,627529,ggridges
2019-12-10,1380,628909,ggridges
2019-12-11,1457,630366,ggridges
2019-12-12,1466,631832,ggridges
2019-12-13,1224,633056,ggridges
2019-12-14,614,633670,ggridges
2019-12-15,574,634244,ggridges
2019-12-16,1327,635571,ggridges
2019-12-17,1421,636992,ggridges
2019-12-18,1317,638309,ggridges
2019-12-19,1225,639534,ggridges
2019-12-20,1037,640571,ggridges
2019-12-21,505,641076,ggridges
2019-12-22,461,641537,ggridges
2019-12-23,721,642258,ggridges
2019-12-24,595,642853,ggridges
2019-12-25,452,643305,ggridges
2019-12-26,636,643941,ggridges
2019-12-27,554,644495,ggridges
2019-12-28,459,644954,ggridges
2019-12-29,551,645505,ggridges
2019-12-30,655,646160,ggridges
2019-12-31,584,646744,ggridges
2020-01-01,416,647160,ggridges
2020-01-02,905,648065,ggridges
2020-01-03,957,649022,ggridges
2020-01-04,634,649656,ggridges
2020-01-05,596,650252,ggridges
2020-01-06,1268,651520,ggridges
2020-01-07,1519,653039,ggridges
2020-01-08,1530,654569,ggridges
2020-01-09,1497,656066,ggridges
2020-01-10,1318,657384,ggridges
2020-01-11,790,658174,ggridges
2020-01-12,1478,659652,ggridges
2020-01-13,3360,663012,ggridges
2020-01-14,3085,666097,ggridges
2020-01-15,2670,668767,ggridges
2020-01-16,3003,671770,ggridges
2020-01-17,2276,674046,ggridges
2020-01-18,1064,675110,ggridges
2020-01-19,989,676099,ggridges
2020-01-20,2137,678236,ggridges
2020-01-21,2466,680702,ggridges
2020-01-22,2288,682990,ggridges
2020-01-23,2416,685406,ggridges
2020-01-24,1953,687359,ggridges
2020-01-25,860,688219,ggridges
2020-01-26,949,689168,ggridges
2020-01-27,2264,691432,ggridges
2020-01-28,2592,694024,ggridges
2020-01-29,2278,696302,ggridges
2020-01-30,2181,698483,ggridges
2020-01-31,1767,700250,ggridges
2020-02-01,878,701128,ggridges
2020-02-02,927,702055,ggridges
2020-02-03,2106,704161,ggridges
2020-02-04,2150,706311,ggridges
2020-02-05,2211,708522,ggridges
2020-02-06,2029,710551,ggridges
2020-02-07,1741,712292,ggridges
2020-02-08,949,713241,ggridges
2020-02-09,824,714065,ggridges
2020-02-10,1850,715915,ggridges
2020-02-11,2010,717925,ggridges
2020-02-12,2285,720210,ggridges
2020-02-13,1962,722172,ggridges
2020-02-14,1808,723980,ggridges
2020-02-15,922,724902,ggridges
2020-02-16,952,725854,ggridges
2020-02-17,1960,727814,ggridges
2020-02-18,2279,730093,ggridges
2020-02-19,2372,732465,ggridges
2020-02-20,2414,734879,ggridges
2020-02-21,1932,736811,ggridges
2020-02-22,1144,737955,ggridges
2020-02-23,1115,739070,ggridges
2020-02-24,2174,741244,ggridges
2020-02-25,2110,743354,ggridges
2020-02-26,2179,745533,ggridges
2020-02-27,2213,747746,ggridges
2020-02-28,1726,749472,ggridges
2020-02-29,210,749682,ggridges
2020-03-01,993,750675,ggridges
2020-03-02,2079,752754,ggridges
2020-03-03,2165,754919,ggridges
2020-03-04,2236,757155,ggridges
2020-03-05,2147,759302,ggridges
2020-03-06,1981,761283,ggridges
2020-03-07,935,762218,ggridges
2020-03-08,964,763182,ggridges
2020-03-09,1999,765181,ggridges
2020-03-10,2117,767298,ggridges
2020-03-11,2117,769415,ggridges
2020-03-12,1864,771279,ggridges
2020-03-13,1578,772857,ggridges
2020-03-14,802,773659,ggridges
2020-03-15,856,774515,ggridges
2020-03-16,1755,776270,ggridges
2020-03-17,1800,778070,ggridges
2020-03-18,1811,779881,ggridges
2020-03-19,1824,781705,ggridges
2020-03-20,1649,783354,ggridges
2020-03-21,929,784283,ggridges
2020-03-22,1049,785332,ggridges
2020-03-23,1853,787185,ggridges
2020-03-24,1867,789052,ggridges
2020-03-25,1759,790811,ggridges
2020-03-26,1929,792740,ggridges
2020-03-27,1738,794478,ggridges
2020-03-28,1050,795528,ggridges
2020-03-29,1129,796657,ggridges
2020-03-30,1880,798537,ggridges
2020-03-31,2117,800654,ggridges
2020-04-01,2135,802789,ggridges
2020-04-02,2028,804817,ggridges
2020-04-03,1692,806509,ggridges
2020-04-04,1051,807560,ggridges
2020-04-05,1106,808666,ggridges
2020-04-06,1930,810596,ggridges
2020-04-07,1960,812556,ggridges
2020-04-08,1979,814535,ggridges
2020-04-09,1988,816523,ggridges
2020-04-10,1550,818073,ggridges
2020-04-11,1020,819093,ggridges
2020-04-12,993,820086,ggridges
2020-04-13,1619,821705,ggridges
2020-04-14,1990,823695,ggridges
2020-04-15,1992,825687,ggridges
2020-04-16,1994,827681,ggridges
2020-04-17,1928,829609,ggridges
2020-04-18,1063,830672,ggridges
2020-04-19,1077,831749,ggridges
2020-04-20,1888,833637,ggridges
2020-04-21,1933,835570,ggridges
2020-04-22,2299,837869,ggridges
2020-04-23,2103,839972,ggridges
2020-04-24,2341,842313,ggridges
2020-04-25,1612,843925,ggridges
2020-04-26,1488,845413,ggridges
2020-04-27,2561,847974,ggridges
2020-04-28,2740,850714,ggridges
2020-04-29,2543,853257,ggridges
2020-04-30,2383,855640,ggridges
2020-05-01,1935,857575,ggridges
2020-05-02,1239,858814,ggridges
2020-05-03,1458,860272,ggridges
2020-05-04,2253,862525,ggridges
2020-05-05,2266,864791,ggridges
2020-05-06,2266,867057,ggridges
2020-05-07,2084,869141,ggridges
2020-05-08,1775,870916,ggridges
2020-05-09,1183,872099,ggridges
2020-05-10,1182,873281,ggridges
2020-05-11,1997,875278,ggridges
2020-05-12,2232,877510,ggridges
2020-05-13,2180,879690,ggridges
2020-05-14,2253,881943,ggridges
2020-05-15,1990,883933,ggridges
2020-05-16,1191,885124,ggridges
2020-05-17,1180,886304,ggridges
2020-05-18,2149,888453,ggridges
2020-05-19,2090,890543,ggridges
2020-05-20,2269,892812,ggridges
2020-05-21,1867,894679,ggridges
2020-05-22,1856,896535,ggridges
2020-05-23,1066,897601,ggridges
2020-05-24,1222,898823,ggridges
2020-05-25,2017,900840,ggridges
2020-05-26,2069,902909,ggridges
2020-05-27,2248,905157,ggridges
2020-05-28,2285,907442,ggridges
2020-05-29,1775,909217,ggridges
2020-05-30,1004,910221,ggridges
2020-05-31,1042,911263,ggridges
2020-06-01,1633,912896,ggridges
2020-06-02,2068,914964,ggridges
2020-06-03,2027,916991,ggridges
2020-06-04,1867,918858,ggridges
2020-06-05,1730,920588,ggridges
2020-06-06,939,921527,ggridges
2020-06-07,1073,922600,ggridges
2020-06-08,1918,924518,ggridges
2020-06-09,2039,926557,ggridges
2020-06-10,1994,928551,ggridges
2020-06-11,1947,930498,ggridges
2020-06-12,1811,932309,ggridges
2020-06-13,897,933206,ggridges
2020-06-14,933,934139,ggridges
2020-06-15,1953,936092,ggridges
2020-06-16,1907,937999,ggridges
2020-06-17,1944,939943,ggridges
2020-06-18,2079,942022,ggridges
2020-06-19,1827,943849,ggridges
2020-06-20,917,944766,ggridges
2020-06-21,805,945571,ggridges
2020-06-22,1745,947316,ggridges
2020-06-23,1998,949314,ggridges
2020-06-24,1750,951064,ggridges
2020-06-25,1743,952807,ggridges
2020-06-26,1650,954457,ggridges
2020-06-27,935,955392,ggridges
2020-06-28,990,956382,ggridges
2020-06-29,1777,958159,ggridges
2020-06-30,1814,959973,ggridges
2020-07-01,1768,961741,ggridges
2020-07-02,1735,963476,ggridges
2020-07-03,1564,965040,ggridges
2020-07-04,785,965825,ggridges
2020-07-05,837,966662,ggridges
2020-07-06,1893,968555,ggridges
2020-07-07,1884,970439,ggridges
2020-07-08,1920,972359,ggridges
2020-07-09,1856,974215,ggridges
2020-07-10,1600,975815,ggridges
2020-07-11,836,976651,ggridges
2020-07-12,822,977473,ggridges
2020-07-13,1685,979158,ggridges
2020-07-14,1616,980774,ggridges
2020-07-15,1574,982348,ggridges
2020-07-16,1613,983961,ggridges
2020-07-17,1407,985368,ggridges
2020-07-18,798,986166,ggridges
2020-07-19,830,986996,ggridges
2020-07-20,1551,988547,ggridges
2020-07-21,1655,990202,ggridges
2020-07-22,1711,991913,ggridges
2020-07-23,1510,993423,ggridges
2020-07-24,1395,994818,ggridges
2020-07-25,647,995465,ggridges
2020-07-26,838,996303,ggridges
2020-07-27,1573,997876,ggridges
2020-07-28,1557,999433,ggridges
2020-07-29,1459,1000892,ggridges
2020-07-30,1489,1002381,ggridges
2020-07-31,1324,1003705,ggridges
2020-08-01,695,1004400,ggridges
2020-08-02,728,1005128,ggridges
2020-08-03,1623,1006751,ggridges
2020-08-04,1554,1008305,ggridges
2020-08-05,1530,1009835,ggridges
2020-08-06,1504,1011339,ggridges
2020-08-07,1419,1012758,ggridges
2020-08-08,707,1013465,ggridges
2020-08-09,667,1014132,ggridges
2020-08-10,1334,1015466,ggridges
2020-08-11,1397,1016863,ggridges
2020-08-12,1448,1018311,ggridges
2020-08-13,1518,1019829,ggridges
2020-08-14,1283,1021112,ggridges
2020-08-15,649,1021761,ggridges
2020-08-16,758,1022519,ggridges
2020-08-17,1484,1024003,ggridges
2020-08-18,1692,1025695,ggridges
2020-08-19,1666,1027361,ggridges
2020-08-20,1445,1028806,ggridges
2020-08-21,1391,1030197,ggridges
2020-08-22,635,1030832,ggridges
2020-08-23,918,1031750,ggridges
2020-08-24,1445,1033195,ggridges
2020-08-25,1674,1034869,ggridges
2020-08-26,1518,1036387,ggridges
2020-08-27,1545,1037932,ggridges
2020-08-28,1286,1039218,ggridges
2020-08-29,736,1039954,ggridges
2020-08-30,784,1040738,ggridges
2020-08-31,1650,1042388,ggridges
2020-09-01,1784,1044172,ggridges
2020-09-02,1606,1045778,ggridges
2020-09-03,1556,1047334,ggridges
2020-09-04,1264,1048598,ggridges
2020-09-05,587,1049185,ggridges
2020-09-06,676,1049861,ggridges
2020-09-07,1454,1051315,ggridges
2020-09-08,1757,1053072,ggridges
2020-09-09,1925,1054997,ggridges
2020-09-10,1978,1056975,ggridges
2020-09-11,1553,1058528,ggridges
2020-09-12,805,1059333,ggridges
2020-09-13,967,1060300,ggridges
2020-09-14,1879,1062179,ggridges
2020-09-15,2059,1064238,ggridges
2020-09-16,2908,1067146,ggridges
2020-09-17,2833,1069979,ggridges
2020-09-18,2266,1072245,ggridges
2020-09-19,1268,1073513,ggridges
2020-09-20,1253,1074766,ggridges
2020-09-21,2470,1077236,ggridges
2020-09-22,2716,1079952,ggridges
2020-09-23,2719,1082671,ggridges
2020-09-24,2546,1085217,ggridges
2020-09-25,2416,1087633,ggridges
2020-09-26,1260,1088893,ggridges
2020-09-27,1372,1090265,ggridges
2020-09-28,2409,1092674,ggridges
2020-09-29,2360,1095034,ggridges
2020-09-30,2422,1097456,ggridges
2020-10-01,2423,1099879,ggridges
2020-10-02,2071,1101950,ggridges
2020-10-03,1006,1102956,ggridges
2020-10-04,1182,1104138,ggridges
2020-10-05,2615,1106753,ggridges
2020-10-06,2540,1109293,ggridges
2020-10-07,2636,1111929,ggridges
2020-10-08,2586,1114515,ggridges
2020-10-09,2258,1116773,ggridges
2020-10-10,1233,1118006,ggridges
2020-10-11,1280,1119286,ggridges
2020-10-12,2489,1121775,ggridges
2020-10-13,2468,1124243,ggridges
2020-10-14,2659,1126902,ggridges
2020-10-15,2579,1129481,ggridges
2020-10-16,2177,1131658,ggridges
2020-10-17,1278,1132936,ggridges
2020-10-18,1138,1134074,ggridges
2020-10-19,2545,1136619,ggridges
2020-10-20,2688,1139307,ggridges
2020-10-21,2402,1141709,ggridges
2020-10-22,2633,1144342,ggridges
2020-10-23,2115,1146457,ggridges
2020-10-24,1267,1147724,ggridges
2020-10-25,1174,1148898,ggridges
2020-10-26,2383,1151281,ggridges
2020-10-27,2655,1153936,ggridges
2020-10-28,2285,1156221,ggridges
2020-10-29,2219,1158440,ggridges
2020-10-30,1888,1160328,ggridges
2020-10-31,1027,1161355,ggridges
2020-11-01,1104,1162459,ggridges
2020-11-02,2125,1164584,ggridges
2020-11-03,2172,1166756,ggridges
2020-11-04,2143,1168899,ggridges
2020-11-05,2222,1171121,ggridges
2020-11-06,1849,1172970,ggridges
2020-11-07,1068,1174038,ggridges
2020-11-08,1181,1175219,ggridges
2020-11-09,2267,1177486,ggridges
2020-11-10,2088,1179574,ggridges
2020-11-11,2078,1181652,ggridges
2020-11-12,2239,1183891,ggridges
2020-11-13,1798,1185689,ggridges
2020-11-14,1146,1186835,ggridges
2020-11-15,1176,1188011,ggridges
2020-11-16,2186,1190197,ggridges
2020-11-17,2190,1192387,ggridges
2020-11-18,2030,1194417,ggridges
2020-11-19,1973,1196390,ggridges
2020-11-20,1966,1198356,ggridges
2020-11-21,955,1199311,ggridges
2020-11-22,1109,1200420,ggridges
2020-11-23,2021,1202441,ggridges
2020-11-24,2182,1204623,ggridges
2020-11-25,1595,1206218,ggridges
2020-11-26,1457,1207675,ggridges
2020-11-27,1459,1209134,ggridges
2020-11-28,918,1210052,ggridges
2020-11-29,1070,1211122,ggridges
2020-11-30,1921,1213043,ggridges
2020-12-01,2056,1215099,ggridges
2020-12-02,2213,1217312,ggridges
2020-12-03,2239,1219551,ggridges
2020-12-04,2019,1221570,ggridges
2020-12-05,1045,1222615,ggridges
2020-12-06,1080,1223695,ggridges
2020-12-07,1913,1225608,ggridges
2020-12-08,1967,1227575,ggridges
2020-12-09,1952,1229527,ggridges
2020-12-10,1783,1231310,ggridges
2020-12-11,1799,1233109,ggridges
2020-12-12,931,1234040,ggridges
2020-12-13,988,1235028,ggridges
2020-12-14,1769,1236797,ggridges
2020-12-15,1967,1238764,ggridges
2020-12-16,1893,1240657,ggridges
2020-12-17,1860,1242517,ggridges
2020-12-18,1556,1244073,ggridges
2020-12-19,924,1244997,ggridges
2020-12-20,855,1245852,ggridges
2020-12-21,1419,1247271,ggridges
2020-12-22,1530,1248801,ggridges
2020-12-23,1227,1250028,ggridges
2020-12-24,704,1250732,ggridges
2020-12-25,506,1251238,ggridges
2020-12-26,702,1251940,ggridges
2020-12-27,634,1252574,ggridges
2020-12-28,1023,1253597,ggridges
2020-12-29,1103,1254700,ggridges
2020-12-30,1028,1255728,ggridges
2020-12-31,796,1256524,ggridges
2021-01-01,576,1257100,ggridges
2021-01-02,844,1257944,ggridges
2021-01-03,802,1258746,ggridges
2021-01-04,1778,1260524,ggridges
2021-01-05,1739,1262263,ggridges
2021-01-06,1672,1263935,ggridges
2021-01-07,1809,1265744,ggridges
2021-01-08,2641,1268385,ggridges
2021-01-09,2026,1270411,ggridges
2021-01-10,1961,1272372,ggridges
2021-01-11,3906,1276278,ggridges
2021-01-12,3588,1279866,ggridges
2021-01-13,3923,1283789,ggridges
2021-01-14,3688,1287477,ggridges
2021-01-15,3142,1290619,ggridges
2021-01-16,1772,1292391,ggridges
2021-01-17,2038,1294429,ggridges
2021-01-18,3159,1297588,ggridges
2021-01-19,3815,1301403,ggridges
2021-01-20,3777,1305180,ggridges
2021-01-21,4103,1309283,ggridges
2021-01-22,3072,1312355,ggridges
2021-01-23,1651,1314006,ggridges
2021-01-24,1680,1315686,ggridges
2021-01-25,3085,1318771,ggridges
2021-01-26,3371,1322142,ggridges
2021-01-27,3368,1325510,ggridges
2021-01-28,3195,1328705,ggridges
2021-01-29,2533,1331238,ggridges
2021-01-30,1386,1332624,ggridges
2021-01-31,1553,1334177,ggridges
2021-02-01,3209,1337386,ggridges
2021-02-02,3394,1340780,ggridges
2021-02-03,3096,1343876,ggridges
2021-02-04,3180,1347056,ggridges
2021-02-05,2656,1349712,ggridges
2021-02-06,1380,1351092,ggridges
2021-02-07,1644,1352736,ggridges
2021-02-08,2932,1355668,ggridges
2021-02-09,3251,1358919,ggridges
2021-02-10,2924,1361843,ggridges
2021-02-11,2663,1364506,ggridges
2021-02-12,2254,1366760,ggridges
2021-02-13,1267,1368027,ggridges
2021-02-14,1224,1369251,ggridges
2021-02-15,2483,1371734,ggridges
2021-02-16,2619,1374353,ggridges
2021-02-17,2629,1376982,ggridges
2021-02-18,2451,1379433,ggridges
2021-02-19,2426,1381859,ggridges
2021-02-20,1259,1383118,ggridges
2021-02-21,1476,1384594,ggridges
2021-02-22,2777,1387371,ggridges
2021-02-23,2685,1390056,ggridges
2021-02-24,2882,1392938,ggridges
2021-02-25,2537,1395475,ggridges
2021-02-26,2356,1397831,ggridges
2021-02-27,1368,1399199,ggridges
2021-02-28,1453,1400652,ggridges
2021-03-01,2663,1403315,ggridges
2021-03-02,2883,1406198,ggridges
2021-03-03,2977,1409175,ggridges
2021-03-04,2749,1411924,ggridges
2021-03-05,2747,1414671,ggridges
2021-03-06,1236,1415907,ggridges
2021-03-07,1620,1417527,ggridges
2021-03-08,2846,1420373,ggridges
2021-03-09,2999,1423372,ggridges
2021-03-10,3207,1426579,ggridges
2021-03-11,2975,1429554,ggridges
2021-03-12,2656,1432210,ggridges
2021-03-13,1545,1433755,ggridges
2021-03-14,1635,1435390,ggridges
2021-03-15,3088,1438478,ggridges
2021-03-16,2957,1441435,ggridges
2021-03-17,2910,1444345,ggridges
2021-03-18,2854,1447199,ggridges
2021-03-19,2430,1449629,ggridges
2021-03-20,1397,1451026,ggridges
2021-03-21,1457,1452483,ggridges
2021-03-22,2979,1455462,ggridges
2021-03-23,2975,1458437,ggridges
2021-03-24,2691,1461128,ggridges
2021-03-25,2774,1463902,ggridges
2021-03-26,2328,1466230,ggridges
2021-03-27,1350,1467580,ggridges
2021-03-28,1304,1468884,ggridges
2021-03-29,2593,1471477,ggridges
2021-03-30,2657,1474134,ggridges
2021-03-31,2647,1476781,ggridges
2021-04-01,2478,1479259,ggridges
2021-04-02,2017,1481276,ggridges
2021-04-03,1428,1482704,ggridges
2021-04-04,1204,1483908,ggridges
2021-04-05,2084,1485992,ggridges
2021-04-06,2622,1488614,ggridges
2021-04-07,2859,1491473,ggridges
2021-04-08,2684,1494157,ggridges
2021-04-09,2540,1496697,ggridges
2021-04-10,1441,1498138,ggridges
2021-04-11,1308,1499446,ggridges
2021-04-12,2652,1502098,ggridges
2021-04-13,2790,1504888,ggridges
2021-04-14,2431,1507319,ggridges
2021-04-15,2514,1509833,ggridges
2021-04-16,2206,1512039,ggridges
2021-04-17,1193,1513232,ggridges
2021-04-18,1279,1514511,ggridges
2021-04-19,2364,1516875,ggridges
2021-04-20,2739,1519614,ggridges
2021-04-21,2676,1522290,ggridges
2021-04-22,2571,1524861,ggridges
2021-04-23,2320,1527181,ggridges
2021-04-24,1179,1528360,ggridges
2021-04-25,1218,1529578,ggridges
2021-04-26,2334,1531912,ggridges
2021-04-27,2325,1534237,ggridges
2021-04-28,2177,1536414,ggridges
2021-04-29,2112,1538526,ggridges
2021-04-30,1778,1540304,ggridges
2021-05-01,901,1541205,ggridges
2021-05-02,916,1542121,ggridges
2021-05-03,1991,1544112,ggridges
2021-05-04,2216,1546328,ggridges
2021-05-05,2185,1548513,ggridges
2021-05-06,2243,1550756,ggridges
2021-05-07,2068,1552824,ggridges
2021-05-08,942,1553766,ggridges
2021-05-09,938,1554704,ggridges
2021-05-10,2161,1556865,ggridges
2021-05-11,2343,1559208,ggridges
2021-05-12,2310,1561518,ggridges
2021-05-13,1883,1563401,ggridges
2021-05-14,1930,1565331,ggridges
2021-05-15,1023,1566354,ggridges
2021-05-16,1333,1567687,ggridges
2021-05-17,2579,1570266,ggridges
2021-05-18,2913,1573179,ggridges
2021-05-19,3141,1576320,ggridges
2021-05-20,2870,1579190,ggridges
2021-05-21,2534,1581724,ggridges
2021-05-22,1262,1582986,ggridges
2021-05-23,1292,1584278,ggridges
2021-05-24,2335,1586613,ggridges
2021-05-25,2668,1589281,ggridges
2021-05-26,2634,1591915,ggridges
2021-05-27,2616,1594531,ggridges
2021-05-28,1973,1596504,ggridges
2021-05-29,1269,1597773,ggridges
2021-05-30,1202,1598975,ggridges
2021-05-31,1990,1600965,ggridges
2021-06-01,2336,1603301,ggridges
2021-06-02,2454,1605755,ggridges
2021-06-03,2489,1608244,ggridges
2021-06-04,2013,1610257,ggridges
2021-06-05,1062,1611319,ggridges
2021-06-06,1093,1612412,ggridges
2021-06-07,2309,1614721,ggridges
2021-06-08,2520,1617241,ggridges
2021-06-09,2506,1619747,ggridges
2021-06-10,2283,1622030,ggridges
2021-06-11,2098,1624128,ggridges
2021-06-12,945,1625073,ggridges
2021-06-13,946,1626019,ggridges
2021-06-14,2357,1628376,ggridges
2021-06-15,2153,1630529,ggridges
2021-06-16,2313,1632842,ggridges
2021-06-17,2146,1634988,ggridges
2021-06-18,1912,1636900,ggridges
2021-06-19,932,1637832,ggridges
2021-06-20,1088,1638920,ggridges
2021-06-21,2208,1641128,ggridges
2021-06-22,2185,1643313,ggridges
2021-06-23,2181,1645494,ggridges
2021-06-24,2047,1647541,ggridges
2021-06-25,1798,1649339,ggridges
2021-06-26,917,1650256,ggridges
2021-06-27,896,1651152,ggridges
2021-06-28,2224,1653376,ggridges
2021-06-29,2346,1655722,ggridges
2021-06-30,2045,1657767,ggridges
2021-07-01,1877,1659644,ggridges
2021-07-02,1831,1661475,ggridges
2021-07-03,882,1662357,ggridges
2021-07-04,932,1663289,ggridges
2021-07-05,1837,1665126,ggridges
2021-07-06,2085,1667211,ggridges
2021-07-07,2160,1669371,ggridges
2021-07-08,2083,1671454,ggridges
2021-07-09,1873,1673327,ggridges
2021-07-10,817,1674144,ggridges
2021-07-11,857,1675001,ggridges
2021-07-12,2101,1677102,ggridges
2021-07-13,3114,1680216,ggridges
2021-07-14,2172,1682388,ggridges
2021-07-15,2003,1684391,ggridges
2021-07-16,1757,1686148,ggridges
2021-07-17,929,1687077,ggridges
2021-07-18,1017,1688094,ggridges
2021-07-19,1950,1690044,ggridges
2021-07-20,2162,1692206,ggridges
2021-07-21,2043,1694249,ggridges
2021-07-22,1968,1696217,ggridges
2021-07-23,1743,1697960,ggridges
2021-07-24,954,1698914,ggridges
2021-07-25,957,1699871,ggridges
2021-07-26,2027,1701898,ggridges
2021-07-27,2180,1704078,ggridges
2021-07-28,2028,1706106,ggridges
2021-07-29,1839,1707945,ggridges
2021-07-30,1466,1709411,ggridges
2021-07-31,754,1710165,ggridges
2021-08-01,1013,1711178,ggridges
2021-08-02,1873,1713051,ggridges
2021-08-03,2129,1715180,ggridges
2021-08-04,2133,1717313,ggridges
2021-08-05,1857,1719170,ggridges
2021-08-06,1508,1720678,ggridges
2021-08-07,808,1721486,ggridges
2021-08-08,903,1722389,ggridges
2021-08-09,2009,1724398,ggridges
2021-08-10,2186,1726584,ggridges
2021-08-11,1998,1728582,ggridges
2021-08-12,2156,1730738,ggridges
2021-08-13,1764,1732502,ggridges
2021-08-14,857,1733359,ggridges
2021-08-15,884,1734243,ggridges
2021-08-16,1747,1735990,ggridges
2021-08-17,1885,1737875,ggridges
2021-08-18,2013,1739888,ggridges
2021-08-19,1810,1741698,ggridges
2021-08-20,1768,1743466,ggridges
2021-08-21,899,1744365,ggridges
2021-08-22,906,1745271,ggridges
2021-08-23,2106,1747377,ggridges
2021-08-24,2202,1749579,ggridges
2021-08-25,2241,1751820,ggridges
2021-08-26,2112,1753932,ggridges
2021-08-27,1964,1755896,ggridges
2021-08-28,903,1756799,ggridges
2021-08-29,959,1757758,ggridges
2021-08-30,2091,1759849,ggridges
2021-08-31,2494,1762343,ggridges
2021-09-01,2625,1764968,ggridges
2021-09-02,2331,1767299,ggridges
2021-09-03,2111,1769410,ggridges
2021-09-04,1008,1770418,ggridges
2021-09-05,1033,1771451,ggridges
2021-09-06,2036,1773487,ggridges
2021-09-07,2777,1776264,ggridges
2021-09-08,2538,1778802,ggridges
2021-09-09,3014,1781816,ggridges
2021-09-10,2288,1784104,ggridges
2021-09-11,1123,1785227,ggridges
2021-09-12,1317,1786544,ggridges
2021-09-13,2701,1789245,ggridges
2021-09-14,2753,1791998,ggridges
2021-09-15,2780,1794778,ggridges
2021-09-16,2617,1797395,ggridges
2021-09-17,2457,1799852,ggridges
2021-09-18,1200,1801052,ggridges
2021-09-19,1200,1802252,ggridges
2021-09-20,2566,1804818,ggridges
2021-09-21,3127,1807945,ggridges
2021-09-22,2517,1810462,ggridges
2021-09-23,2347,1812809,ggridges
2021-09-24,2175,1814984,ggridges
2021-09-25,975,1815959,ggridges
2021-09-26,1109,1817068,ggridges
2021-09-27,3083,1820151,ggridges
2021-09-28,2797,1822948,ggridges
2021-09-29,3135,1826083,ggridges
2021-09-30,2939,1829022,ggridges
2021-10-01,2482,1831504,ggridges
2021-10-02,1146,1832650,ggridges
2021-10-03,1122,1833772,ggridges
2021-10-04,2629,1836401,ggridges
2021-10-05,2900,1839301,ggridges
2021-10-06,2771,1842072,ggridges
2021-10-07,2839,1844911,ggridges
2021-10-08,2075,1846986,ggridges
2021-10-09,1081,1848067,ggridges
2021-10-10,1210,1849277,ggridges
2021-10-11,2473,1851750,ggridges
2021-10-12,3123,1854873,ggridges
2021-10-13,2764,1857637,ggridges
2021-10-14,2404,1860041,ggridges
2021-10-15,2160,1862201,ggridges
2021-10-16,1249,1863450,ggridges
2021-10-17,1281,1864731,ggridges
2021-10-18,2622,1867353,ggridges
2021-10-19,2863,1870216,ggridges
2021-10-20,2882,1873098,ggridges
2021-10-21,3031,1876129,ggridges
2021-10-22,2199,1878328,ggridges
2021-10-23,1268,1879596,ggridges
2021-10-24,1339,1880935,ggridges
2021-10-25,2798,1883733,ggridges
2021-10-26,3060,1886793,ggridges
2021-10-27,2715,1889508,ggridges
2021-10-28,2661,1892169,ggridges
2021-10-29,2354,1894523,ggridges
2021-10-30,1289,1895812,ggridges
2021-10-31,1104,1896916,ggridges
2021-11-01,2515,1899431,ggridges
2021-11-02,2603,1902034,ggridges
2021-11-03,2529,1904563,ggridges
2021-11-04,2694,1907257,ggridges
2021-11-05,2560,1909817,ggridges
2021-11-06,1328,1911145,ggridges
2021-11-07,1540,1912685,ggridges
2021-11-08,2779,1915464,ggridges
2021-11-09,2740,1918204,ggridges
2021-11-10,2991,1921195,ggridges
2021-11-11,2597,1923792,ggridges
2021-11-12,2391,1926183,ggridges
2021-11-13,1169,1927352,ggridges
2021-11-14,1289,1928641,ggridges
2021-11-15,2724,1931365,ggridges
2021-11-16,2590,1933955,ggridges
2021-11-17,2490,1936445,ggridges
2021-11-18,2532,1938977,ggridges
2021-11-19,2031,1941008,ggridges
2021-11-20,986,1941994,ggridges
2021-11-21,1078,1943072,ggridges
2021-11-22,2299,1945371,ggridges
2021-11-23,2524,1947895,ggridges
2021-11-24,2222,1950117,ggridges
2021-11-25,1936,1952053,ggridges
2021-11-26,1550,1953603,ggridges
2021-11-27,1049,1954652,ggridges
2021-11-28,1004,1955656,ggridges
2021-11-29,2345,1958001,ggridges
2021-11-30,2699,1960700,ggridges
2021-12-01,2394,1963094,ggridges
2021-12-02,2293,1965387,ggridges
2021-12-03,2095,1967482,ggridges
2021-12-04,1270,1968752,ggridges
2021-12-05,1088,1969840,ggridges
2021-12-06,2291,1972131,ggridges
2021-12-07,2452,1974583,ggridges
2021-12-08,2290,1976873,ggridges
2021-12-09,2498,1979371,ggridges
2021-12-10,2018,1981389,ggridges
2021-12-11,1067,1982456,ggridges
2021-12-12,1082,1983538,ggridges
2021-12-13,2156,1985694,ggridges
2021-12-14,1979,1987673,ggridges
2021-12-15,2036,1989709,ggridges
2021-12-16,1709,1991418,ggridges
2021-12-17,1651,1993069,ggridges
2021-12-18,790,1993859,ggridges
2021-12-19,757,1994616,ggridges
2021-12-20,1535,1996151,ggridges
2021-12-21,1614,1997765,ggridges
2021-12-22,1532,1999297,ggridges
2021-12-23,1168,2000465,ggridges
2021-12-24,868,2001333,ggridges
2021-12-25,501,2001834,ggridges
2021-12-26,575,2002409,ggridges
2021-12-27,998,2003407,ggridges
2021-12-28,1147,2004554,ggridges
2021-12-29,994,2005548,ggridges
2021-12-30,881,2006429,ggridges
2021-12-31,660,2007089,ggridges
2022-01-01,431,2007520,ggridges
2022-01-02,775,2008295,ggridges
2022-01-03,1393,2009688,ggridges
2022-01-04,1949,2011637,ggridges
2022-01-05,1835,2013472,ggridges
2022-01-06,2082,2015554,ggridges
2022-01-07,1992,2017546,ggridges
2022-01-08,896,2018442,ggridges
2022-01-09,986,2019428,ggridges
2022-01-10,2166,2021594,ggridges
2022-01-11,2514,2024108,ggridges
2022-01-12,2641,2026749,ggridges
2022-01-13,2714,2029463,ggridges
2022-01-14,2327,2031790,ggridges
2022-01-15,1060,2032850,ggridges
2022-01-16,1177,2034027,ggridges
2022-01-17,2184,2036211,ggridges
2022-01-18,2765,2038976,ggridges
2022-01-19,2863,2041839,ggridges
2022-01-20,2699,2044538,ggridges
2022-01-21,2274,2046812,ggridges
2022-01-22,1237,2048049,ggridges
2022-01-23,1164,2049213,ggridges
2022-01-24,2464,2051677,ggridges
2022-01-25,2592,2054269,ggridges
2022-01-26,2560,2056829,ggridges
2022-01-27,2461,2059290,ggridges
2022-01-28,2372,2061662,ggridges
2022-01-29,1194,2062856,ggridges
2022-01-30,1025,2063881,ggridges
2022-01-31,2235,2066116,ggridges
2022-02-01,2592,2068708,ggridges
2022-02-02,2520,2071228,ggridges
2022-02-03,2489,2073717,ggridges
2022-02-04,2054,2075771,ggridges
2022-02-05,982,2076753,ggridges
2022-02-06,1198,2077951,ggridges
2022-02-07,2618,2080569,ggridges
2022-02-08,2728,2083297,ggridges
2022-02-09,2584,2085881,ggridges
2022-02-10,2441,2088322,ggridges
2022-02-11,2266,2090588,ggridges
2022-02-12,1000,2091588,ggridges
2022-02-13,1052,2092640,ggridges
2022-02-14,2497,2095137,ggridges
2022-02-15,2506,2097643,ggridges
2022-02-16,2288,2099931,ggridges
2022-02-17,2410,2102341,ggridges
2022-02-18,1857,2104198,ggridges
2022-02-19,1011,2105209,ggridges
2022-02-20,1055,2106264,ggridges
2022-02-21,2457,2108721,ggridges
2022-02-22,2426,2111147,ggridges
2022-02-23,2389,2113536,ggridges
2022-02-24,2319,2115855,ggridges
2022-02-25,2095,2117950,ggridges
2022-02-26,1070,2119020,ggridges
2022-02-27,1072,2120092,ggridges
2022-02-28,2285,2122377,ggridges
2022-03-01,2892,2125269,ggridges
2022-03-02,2645,2127914,ggridges
2022-03-03,2436,2130350,ggridges
2022-03-04,2230,2132580,ggridges
2022-03-05,1176,2133756,ggridges
2022-03-06,1187,2134943,ggridges
2022-03-07,2441,2137384,ggridges
2022-03-08,2673,2140057,ggridges
2022-03-09,2561,2142618,ggridges
2022-03-10,2555,2145173,ggridges
2022-03-11,2098,2147271,ggridges
2022-03-12,1194,2148465,ggridges
2022-03-13,1186,2149651,ggridges
2022-03-14,2719,2152370,ggridges
2022-03-15,2784,2155154,ggridges
2022-03-16,2845,2157999,ggridges
2022-03-17,2725,2160724,ggridges
2022-03-18,2364,2163088,ggridges
2022-03-19,1184,2164272,ggridges
2022-03-20,1284,2165556,ggridges
2022-03-21,2802,2168358,ggridges
2022-03-22,2435,2170793,ggridges
2022-03-23,2475,2173268,ggridges
2022-03-24,2397,2175665,ggridges
2022-03-25,2548,2178213,ggridges
2022-03-26,1119,2179332,ggridges
2022-03-27,1276,2180608,ggridges
2022-03-28,2406,2183014,ggridges
2022-03-29,2704,2185718,ggridges
2022-03-30,2768,2188486,ggridges
2022-03-31,2689,2191175,ggridges
2022-04-01,2259,2193434,ggridges
2022-04-02,1227,2194661,ggridges
2022-04-03,1198,2195859,ggridges
2022-04-04,2401,2198260,ggridges
2022-04-05,2667,2200927,ggridges
2022-04-06,2896,2203823,ggridges
2022-04-07,2387,2206210,ggridges
2022-04-08,1999,2208209,ggridges
2022-04-09,1144,2209353,ggridges
2022-04-10,1066,2210419,ggridges
2022-04-11,2358,2212777,ggridges
2022-04-12,2403,2215180,ggridges
2022-04-13,2253,2217433,ggridges
2022-04-14,2227,2219660,ggridges
2022-04-15,1373,2221033,ggridges
2022-04-16,885,2221918,ggridges
2022-04-17,900,2222818,ggridges
2022-04-18,1894,2224712,ggridges
2022-04-19,2178,2226890,ggridges
2022-04-20,2491,2229381,ggridges
2022-04-21,2595,2231976,ggridges
2022-04-22,2154,2234130,ggridges
2022-04-23,1452,2235582,ggridges
2022-04-24,1419,2237001,ggridges
2022-04-25,2603,2239604,ggridges
2022-04-26,2736,2242340,ggridges
2022-04-27,2490,2244830,ggridges
2022-04-28,2940,2247770,ggridges
2022-04-29,2340,2250110,ggridges
2022-04-30,1176,2251286,ggridges
2022-05-01,1217,2252503,ggridges
2022-05-02,2428,2254931,ggridges
2022-05-03,2605,2257536,ggridges
2022-05-04,2614,2260150,ggridges
2022-05-05,2529,2262679,ggridges
2022-05-06,2317,2264996,ggridges
2022-05-07,1118,2266114,ggridges
2022-05-08,1043,2267157,ggridges
2022-05-09,2380,2269537,ggridges
2022-05-10,2682,2272219,ggridges
2022-05-11,2488,2274707,ggridges
2022-05-12,2405,2277112,ggridges
2022-05-13,2204,2279316,ggridges
2022-05-14,1047,2280363,ggridges
2022-05-15,1090,2281453,ggridges
2022-05-16,2424,2283877,ggridges
2022-05-17,2468,2286345,ggridges
2022-05-18,2547,2288892,ggridges
2022-05-19,2492,2291384,ggridges
2022-05-20,1957,2293341,ggridges
2022-05-21,935,2294276,ggridges
2022-05-22,869,2295145,ggridges
2022-05-23,2087,2297232,ggridges
2022-05-24,2433,2299665,ggridges
2022-05-25,2534,2302199,ggridges
2022-05-26,2398,2304597,ggridges
2022-05-27,1700,2306297,ggridges
2022-05-28,872,2307169,ggridges
2022-05-29,1147,2308316,ggridges
2022-05-30,1789,2310105,ggridges
2022-05-31,2306,2312411,ggridges
2022-06-01,2081,2314492,ggridges
2022-06-02,2416,2316908,ggridges
2022-06-03,2377,2319285,ggridges
2022-06-04,992,2320277,ggridges
2022-06-05,967,2321244,ggridges
2022-06-06,2190,2323434,ggridges
2022-06-07,2406,2325840,ggridges
2022-06-08,2379,2328219,ggridges
2022-06-09,2469,2330688,ggridges
2022-06-10,2047,2332735,ggridges
2022-06-11,1026,2333761,ggridges
2022-06-12,1163,2334924,ggridges
2022-06-13,2193,2337117,ggridges
2022-06-14,2310,2339427,ggridges
2022-06-15,2255,2341682,ggridges
2022-06-16,1925,2343607,ggridges
2022-06-17,1904,2345511,ggridges
2022-06-18,920,2346431,ggridges
2022-06-19,911,2347342,ggridges
2022-06-20,1994,2349336,ggridges
2022-06-21,2215,2351551,ggridges
2022-06-22,2085,2353636,ggridges
2022-06-23,2106,2355742,ggridges
2022-06-24,1851,2357593,ggridges
2022-06-25,977,2358570,ggridges
2022-06-26,898,2359468,ggridges
2022-06-27,2164,2361632,ggridges
2022-06-28,2298,2363930,ggridges
2022-06-29,2190,2366120,ggridges
2022-06-30,1910,2368030,ggridges
2022-07-01,1672,2369702,ggridges
2022-07-02,809,2370511,ggridges
2022-07-03,862,2371373,ggridges
2022-07-04,1615,2372988,ggridges
2022-07-05,2231,2375219,ggridges
2022-07-06,2260,2377479,ggridges
2022-07-07,2049,2379528,ggridges
2022-07-08,1798,2381326,ggridges
2022-07-09,817,2382143,ggridges
2022-07-10,830,2382973,ggridges
2022-07-11,1988,2384961,ggridges
2022-07-12,2207,2387168,ggridges
2022-07-13,2084,2389252,ggridges
2022-07-14,2092,2391344,ggridges
2022-07-15,1842,2393186,ggridges
2022-07-16,837,2394023,ggridges
2022-07-17,912,2394935,ggridges
2022-07-18,1992,2396927,ggridges
2022-07-19,2304,2399231,ggridges
2022-07-20,2131,2401362,ggridges
2022-07-21,2337,2403699,ggridges
2022-07-22,1800,2405499,ggridges
2022-07-23,865,2406364,ggridges
2022-07-24,997,2407361,ggridges
2022-07-25,2195,2409556,ggridges
2022-07-26,2026,2411582,ggridges
2022-07-27,2073,2413655,ggridges
2022-07-28,1871,2415526,ggridges
2022-07-29,1648,2417174,ggridges
2022-07-30,823,2417997,ggridges
2022-07-31,883,2418880,ggridges
2022-08-01,1975,2420855,ggridges
2022-08-02,2158,2423013,ggridges
2022-08-03,2272,2425285,ggridges
2022-08-04,2279,2427564,ggridges
2022-08-05,1851,2429415,ggridges
2022-08-06,827,2430242,ggridges
2022-08-07,1009,2431251,ggridges
2022-08-08,2107,2433358,ggridges
2022-08-09,2160,2435518,ggridges
2022-08-10,2130,2437648,ggridges
2022-08-11,2286,2439934,ggridges
2022-08-12,1626,2441560,ggridges
2022-08-13,818,2442378,ggridges
2022-08-14,843,2443221,ggridges
2022-08-15,1914,2445135,ggridges
2022-08-16,2049,2447184,ggridges
2022-08-17,2429,2449613,ggridges
2022-08-18,2035,2451648,ggridges
2022-08-19,1946,2453594,ggridges
2022-08-20,948,2454542,ggridges
2022-08-21,1053,2455595,ggridges
2022-08-22,2356,2457951,ggridges
2022-08-23,2661,2460612,ggridges
2022-08-24,2540,2463152,ggridges
2022-08-25,2833,2465985,ggridges
2022-08-26,2043,2468028,ggridges
2022-08-27,880,2468908,ggridges
2022-08-28,1003,2469911,ggridges
2022-08-29,2428,2472339,ggridges
2022-08-30,2442,2474781,ggridges
2022-08-31,2284,2477065,ggridges
2022-09-01,2309,2479374,ggridges
2022-09-02,1945,2481319,ggridges
2022-09-03,817,2482136,ggridges
2022-09-04,996,2483132,ggridges
2022-09-05,2192,2485324,ggridges
2022-09-06,2587,2487911,ggridges
2022-09-07,2629,2490540,ggridges
2022-09-08,2821,2493361,ggridges
2022-09-09,2125,2495486,ggridges
2022-09-10,941,2496427,ggridges
2022-09-11,1076,2497503,ggridges
2022-09-12,2543,2500046,ggridges
2022-09-13,2923,2502969,ggridges
2022-09-14,2790,2505759,ggridges
2022-09-15,2984,2508743,ggridges
2022-09-16,2172,2510915,ggridges
2022-09-17,1052,2511967,ggridges
2022-09-18,1228,2513195,ggridges
2022-09-19,2560,2515755,ggridges
2022-09-20,2892,2518647,ggridges
2022-09-21,2867,2521514,ggridges
2022-09-22,2594,2524108,ggridges
2022-09-23,2272,2526380,ggridges
2022-09-24,1097,2527477,ggridges
2022-09-25,1196,2528673,ggridges
2022-09-26,5039,2533712,ggridges
2022-09-27,6064,2539776,ggridges
2022-09-28,4472,2544248,ggridges
2022-09-29,4239,2548487,ggridges
2022-09-30,3500,2551987,ggridges
2022-10-01,1624,2553611,ggridges
2022-10-02,1733,2555344,ggridges
2022-10-03,3573,2558917,ggridges
2022-10-04,4686,2563603,ggridges
2022-10-05,3877,2567480,ggridges
2022-10-06,3761,2571241,ggridges
2022-10-07,3096,2574337,ggridges
2022-10-08,1648,2575985,ggridges
2022-10-09,1609,2577594,ggridges
2022-10-10,3601,2581195,ggridges
2022-10-11,3825,2585020,ggridges
2022-10-12,3653,2588673,ggridges
2022-10-13,3625,2592298,ggridges
2022-10-14,3279,2595577,ggridges
2022-10-15,1371,2596948,ggridges
2022-10-16,1511,2598459,ggridges
2022-10-17,3538,2601997,ggridges
2022-10-18,3385,2605382,ggridges
2022-10-19,3398,2608780,ggridges
2022-10-20,3691,2612471,ggridges
2022-10-21,2995,2615466,ggridges
2022-10-22,1478,2616944,ggridges
2022-10-23,1550,2618494,ggridges
2022-10-24,3636,2622130,ggridges
2022-10-25,3616,2625746,ggridges
2022-10-26,3494,2629240,ggridges
2022-10-27,3462,2632702,ggridges
2022-10-28,2596,2635298,ggridges
2022-10-29,1221,2636519,ggridges
2022-10-30,1309,2637828,ggridges
2022-10-31,2845,2640673,ggridges
2022-11-01,2826,2643499,ggridges
2022-11-02,3194,2646693,ggridges
2022-11-03,3259,2649952,ggridges
2022-11-04,2538,2652490,ggridges
2022-11-05,1392,2653882,ggridges
2022-11-06,1491,2655373,ggridges
2022-11-07,3639,2659012,ggridges
2022-11-08,3683,2662695,ggridges
2022-11-09,3389,2666084,ggridges
2022-11-10,3643,2669727,ggridges
2022-11-11,2635,2672362,ggridges
2022-11-12,1355,2673717,ggridges
2022-11-13,1403,2675120,ggridges
2022-11-14,3128,2678248,ggridges
2022-11-15,3750,2681998,ggridges
2022-11-16,3521,2685519,ggridges
2022-11-17,3443,2688962,ggridges
2022-11-18,2950,2691912,ggridges
2022-11-19,1473,2693385,ggridges
2022-11-20,3420,2696805,ggridges
2022-11-21,3399,2700204,ggridges
2022-11-22,3201,2703405,ggridges
2022-11-23,2823,2706228,ggridges
2022-11-24,2309,2708537,ggridges
2022-11-25,2198,2710735,ggridges
2022-11-26,1203,2711938,ggridges
2022-11-27,1351,2713289,ggridges
2022-11-28,3098,2716387,ggridges
2022-11-29,3339,2719726,ggridges
2022-11-30,3078,2722804,ggridges
2022-12-01,2818,2725622,ggridges
2022-12-02,2661,2728283,ggridges
2022-12-03,1321,2729604,ggridges
2022-12-04,1373,2730977,ggridges
2022-12-05,2922,2733899,ggridges
2022-12-06,3090,2736989,ggridges
2022-12-07,3022,2740011,ggridges
2022-12-08,2598,2742609,ggridges
2022-12-09,2317,2744926,ggridges
2022-12-10,1189,2746115,ggridges
2022-12-11,1223,2747338,ggridges
2022-12-12,2437,2749775,ggridges
2022-12-13,2611,2752386,ggridges
2022-12-14,2331,2754717,ggridges
2022-12-15,2237,2756954,ggridges
2022-12-16,1986,2758940,ggridges
2022-12-17,963,2759903,ggridges
2022-12-18,961,2760864,ggridges
2022-12-19,2132,2762996,ggridges
2022-12-20,2039,2765035,ggridges
2022-12-21,1949,2766984,ggridges
2022-12-22,1709,2768693,ggridges
2022-12-23,1344,2770037,ggridges
2022-12-24,629,2770666,ggridges
2022-12-25,620,2771286,ggridges
2022-12-26,1023,2772309,ggridges
2022-12-27,1129,2773438,ggridges
2022-12-28,1200,2774638,ggridges
2022-12-29,1136,2775774,ggridges
2022-12-30,1023,2776797,ggridges
2022-12-31,556,2777353,ggridges
2023-01-01,663,2778016,ggridges
2023-01-02,1252,2779268,ggridges
2023-01-03,1803,2781071,ggridges
2023-01-04,1947,2783018,ggridges
2023-01-05,2171,2785189,ggridges
2023-01-06,2002,2787191,ggridges
2023-01-07,1536,2788727,ggridges
2023-01-08,1609,2790336,ggridges
2023-01-09,2887,2793223,ggridges
2023-01-10,2850,2796073,ggridges
2023-01-11,3393,2799466,ggridges
2023-01-12,2858,2802324,ggridges
2023-01-13,2193,2804517,ggridges
2023-01-14,1059,2805576,ggridges
2023-01-15,1221,2806797,ggridges
2023-01-16,2484,2809281,ggridges
2023-01-17,3359,2812640,ggridges
2023-01-18,3244,2815884,ggridges
2023-01-19,3227,2819111,ggridges
2023-01-20,2675,2821786,ggridges
2023-01-21,1009,2822795,ggridges
2023-01-22,1189,2823984,ggridges
2023-01-23,2800,2826784,ggridges
2023-01-24,3420,2830204,ggridges
2023-01-25,2866,2833070,ggridges
2023-01-26,2601,2835671,ggridges
2023-01-27,2533,2838204,ggridges
2023-01-28,1267,2839471,ggridges
2023-01-29,1312,2840783,ggridges
2023-01-30,2773,2843556,ggridges
2023-01-31,3066,2846622,ggridges
2023-02-01,3052,2849674,ggridges
2023-02-02,3081,2852755,ggridges
2023-02-03,2638,2855393,ggridges
2023-02-04,1202,2856595,ggridges
2023-02-05,1215,2857810,ggridges
2023-02-06,3006,2860816,ggridges
2023-02-07,3495,2864311,ggridges
2023-02-08,3385,2867696,ggridges
2023-02-09,3154,2870850,ggridges
2023-02-10,2917,2873767,ggridges
2023-02-11,1243,2875010,ggridges
2023-02-12,1295,2876305,ggridges
2023-02-13,2710,2879015,ggridges
2023-02-14,2961,2881976,ggridges
2023-02-15,2803,2884779,ggridges
2023-02-16,2939,2887718,ggridges
2023-02-17,2593,2890311,ggridges
2023-02-18,1035,2891346,ggridges
2023-02-19,1176,2892522,ggridges
2023-02-20,2360,2894882,ggridges
2023-02-21,3066,2897948,ggridges
2023-02-22,2960,2900908,ggridges
2023-02-23,2762,2903670,ggridges
2023-02-24,2522,2906192,ggridges
2023-02-25,1097,2907289,ggridges
2023-02-26,1295,2908584,ggridges
2023-02-27,2571,2911155,ggridges
2023-02-28,2832,2913987,ggridges
2023-03-01,2865,2916852,ggridges
2023-03-02,2837,2919689,ggridges
2023-03-03,2534,2922223,ggridges
2023-03-04,1120,2923343,ggridges
2023-03-05,1215,2924558,ggridges
2023-03-06,2636,2927194,ggridges
2023-03-07,2892,2930086,ggridges
2023-03-08,2661,2932747,ggridges
2023-03-09,2903,2935650,ggridges
2023-03-10,2481,2938131,ggridges
2023-03-11,1124,2939255,ggridges
2023-03-12,1227,2940482,ggridges
2023-03-13,2814,2943296,ggridges
2023-03-14,3161,2946457,ggridges
2023-03-15,3119,2949576,ggridges
2023-03-16,2767,2952343,ggridges
2023-03-17,2340,2954683,ggridges
2023-03-18,1236,2955919,ggridges
2023-03-19,1302,2957221,ggridges
2023-03-20,2876,2960097,ggridges
2023-03-21,3005,2963102,ggridges
2023-03-22,2973,2966075,ggridges
2023-03-23,2816,2968891,ggridges
2023-03-24,2765,2971656,ggridges
2023-03-25,1251,2972907,ggridges
2023-03-26,1239,2974146,ggridges
2023-03-27,2769,2976915,ggridges
2023-03-28,2782,2979697,ggridges
2023-03-29,2796,2982493,ggridges
2023-03-30,2828,2985321,ggridges
2023-03-31,2393,2987714,ggridges
2023-04-01,1227,2988941,ggridges
2023-04-02,1104,2990045,ggridges
2023-04-03,2998,2993043,ggridges
2023-04-04,2752,2995795,ggridges
2023-04-05,2434,2998229,ggridges
2023-04-06,2341,3000570,ggridges
2023-04-07,1866,3002436,ggridges
2023-04-08,1343,3003779,ggridges
2023-04-09,1202,3004981,ggridges
2023-04-10,2182,3007163,ggridges
2023-04-11,3344,3010507,ggridges
2023-04-12,2939,3013446,ggridges
2023-04-13,2852,3016298,ggridges
2023-04-14,2607,3018905,ggridges
2023-04-15,1279,3020184,ggridges
2023-04-16,1223,3021407,ggridges
2023-04-17,2787,3024194,ggridges
2023-04-18,2948,3027142,ggridges
2023-04-19,3110,3030252,ggridges
2023-04-20,2725,3032977,ggridges
2023-04-21,2251,3035228,ggridges
2023-04-22,1472,3036700,ggridges
2023-04-23,1603,3038303,ggridges
2023-04-24,3232,3041535,ggridges
2023-04-25,3187,3044722,ggridges
2023-04-26,3157,3047879,ggridges
2023-04-27,3611,3051490,ggridges
2023-04-28,2385,3053875,ggridges
2023-04-29,1253,3055128,ggridges
2023-04-30,1184,3056312,ggridges
2023-05-01,1994,3058306,ggridges
2023-05-02,2584,3060890,ggridges
2023-05-03,2820,3063710,ggridges
2023-05-04,2771,3066481,ggridges
2023-05-05,2141,3068622,ggridges
2023-05-06,1411,3070033,ggridges
2023-05-07,1186,3071219,ggridges
2023-05-08,2623,3073842,ggridges
2023-05-09,2757,3076599,ggridges
2023-05-10,2832,3079431,ggridges
2023-05-11,2743,3082174,ggridges
2023-05-12,2474,3084648,ggridges
2023-05-13,1343,3085991,ggridges
2023-05-14,1202,3087193,ggridges
2023-05-15,2945,3090138,ggridges
2023-05-16,2911,3093049,ggridges
2023-05-17,2666,3095715,ggridges
2023-05-18,2352,3098067,ggridges
2023-05-19,2180,3100247,ggridges
2023-05-20,1188,3101435,ggridges
2023-05-21,1226,3102661,ggridges
2023-05-22,2641,3105302,ggridges
2023-05-23,2994,3108296,ggridges
2023-05-24,2730,3111026,ggridges
2023-05-25,2623,3113649,ggridges
2023-05-26,2402,3116051,ggridges
2023-05-27,1166,3117217,ggridges
2023-05-28,1109,3118326,ggridges
2023-05-29,1736,3120062,ggridges
2023-05-30,2768,3122830,ggridges
2023-05-31,2598,3125428,ggridges
2023-06-01,2465,3127893,ggridges
2023-06-02,2228,3130121,ggridges
2023-06-03,1114,3131235,ggridges
2023-06-04,1154,3132389,ggridges
2023-06-05,2601,3134990,ggridges
2023-06-06,2611,3137601,ggridges
2023-06-07,2538,3140139,ggridges
2023-06-08,2348,3142487,ggridges
2023-06-09,2264,3144751,ggridges
2023-06-10,1055,3145806,ggridges
2023-06-11,1109,3146915,ggridges
2023-06-12,2496,3149411,ggridges
2023-06-13,2603,3152014,ggridges
2023-06-14,2614,3154628,ggridges
2023-06-15,2356,3156984,ggridges
2023-06-16,2117,3159101,ggridges
2023-06-17,1071,3160172,ggridges
2023-06-18,1031,3161203,ggridges
2023-06-19,2179,3163382,ggridges
2023-06-20,2721,3166103,ggridges
2023-06-21,2486,3168589,ggridges
2023-06-22,2243,3170832,ggridges
2023-06-23,1929,3172761,ggridges
2023-06-24,934,3173695,ggridges
2023-06-25,1014,3174709,ggridges
2023-06-26,2387,3177096,ggridges
2023-06-27,2572,3179668,ggridges
2023-06-28,2524,3182192,ggridges
2023-06-29,2240,3184432,ggridges
2023-06-30,2033,3186465,ggridges
2023-07-01,951,3187416,ggridges
2023-07-02,1077,3188493,ggridges
2023-07-03,2065,3190558,ggridges
2023-07-04,2010,3192568,ggridges
2023-07-05,2411,3194979,ggridges
2023-07-06,2319,3197298,ggridges
2023-07-07,2051,3199349,ggridges
2023-07-08,912,3200261,ggridges
2023-07-09,1036,3201297,ggridges
2023-07-10,2371,3203668,ggridges
2023-07-11,2543,3206211,ggridges
2023-07-12,2378,3208589,ggridges
2023-07-13,2403,3210992,ggridges
2023-07-14,2038,3213030,ggridges
2023-07-15,981,3214011,ggridges
2023-07-16,1096,3215107,ggridges
2023-07-17,2263,3217370,ggridges
2023-07-18,2447,3219817,ggridges
2023-07-19,2496,3222313,ggridges
2023-07-20,2467,3224780,ggridges
2023-07-21,1854,3226634,ggridges
2023-07-22,840,3227474,ggridges
2023-07-23,915,3228389,ggridges
2023-07-24,2265,3230654,ggridges
2023-07-25,2411,3233065,ggridges
2023-07-26,2301,3235366,ggridges
2023-07-27,2229,3237595,ggridges
2023-07-28,1831,3239426,ggridges
2023-07-29,859,3240285,ggridges
2023-07-30,996,3241281,ggridges
2023-07-31,2205,3243486,ggridges
2023-08-01,2171,3245657,ggridges
2023-08-02,2171,3247828,ggridges
2023-08-03,2264,3250092,ggridges
2023-08-04,1859,3251951,ggridges
2023-08-05,950,3252901,ggridges
2023-08-06,981,3253882,ggridges
2023-08-07,2231,3256113,ggridges
2023-08-08,2377,3258490,ggridges
2023-08-09,2502,3260992,ggridges
2023-08-10,2729,3263721,ggridges
2023-08-11,2218,3265939,ggridges
2023-08-12,1026,3266965,ggridges
2023-08-13,1074,3268039,ggridges
2023-08-14,2280,3270319,ggridges
2023-08-15,2381,3272700,ggridges
2023-08-16,2380,3275080,ggridges
2023-08-17,2389,3277469,ggridges
2023-08-18,2058,3279527,ggridges
2023-08-19,905,3280432,ggridges
2023-08-20,1013,3281445,ggridges
2023-08-21,2321,3283766,ggridges
2023-08-22,2584,3286350,ggridges
2023-08-23,2830,3289180,ggridges
2023-08-24,2902,3292082,ggridges
2023-08-25,2613,3294695,ggridges
2023-08-26,1142,3295837,ggridges
2023-08-27,1295,3297132,ggridges
2023-08-28,2922,3300054,ggridges
2023-08-29,3178,3303232,ggridges
2023-08-30,3055,3306287,ggridges
2023-08-31,2884,3309171,ggridges
2023-09-01,2059,3311230,ggridges
2023-09-02,1217,3312447,ggridges
2023-09-03,1334,3313781,ggridges
2023-09-04,2443,3316224,ggridges
2023-09-05,3540,3319764,ggridges
2023-09-06,3392,3323156,ggridges
2023-09-07,3050,3326206,ggridges
2023-09-08,2838,3329044,ggridges
2023-09-09,1510,3330554,ggridges
2023-09-10,1545,3332099,ggridges
2023-09-11,3216,3335315,ggridges
2023-09-12,3551,3338866,ggridges
2023-09-13,3380,3342246,ggridges
2023-09-14,3067,3345313,ggridges
2023-09-15,2498,3347811,ggridges
2023-09-16,1393,3349204,ggridges
2023-09-17,1326,3350530,ggridges
2023-09-18,2921,3353451,ggridges
2023-09-19,3061,3356512,ggridges
2023-09-20,2832,3359344,ggridges
2023-09-21,2894,3362238,ggridges
2023-09-22,2518,3364756,ggridges
2023-09-23,1291,3366047,ggridges
2023-09-24,1441,3367488,ggridges
2023-09-25,3066,3370554,ggridges
2023-09-26,3605,3374159,ggridges
2023-09-27,3260,3377419,ggridges
2023-09-28,3430,3380849,ggridges
2023-09-29,2230,3383079,ggridges
2023-09-30,1234,3384313,ggridges
2023-10-01,1055,3385368,ggridges
2023-10-02,2680,3388048,ggridges
2023-10-03,2659,3390707,ggridges
2023-10-04,3174,3393881,ggridges
2023-10-05,2938,3396819,ggridges
2023-10-06,2417,3399236,ggridges
2023-10-07,1304,3400540,ggridges
2023-10-08,1468,3402008,ggridges
2023-10-09,2848,3404856,ggridges
2023-10-10,3201,3408057,ggridges
2023-10-11,3398,3411455,ggridges
2023-10-12,3293,3414748,ggridges
2023-10-13,2912,3417660,ggridges
2023-10-14,1495,3419155,ggridges
2023-10-15,1363,3420518,ggridges
2023-10-16,3117,3423635,ggridges
2023-10-17,3252,3426887,ggridges
2023-10-18,3101,3429988,ggridges
2023-10-19,2998,3432986,ggridges
2023-10-20,2551,3435537,ggridges
2023-10-21,1486,3437023,ggridges
2023-10-22,1520,3438543,ggridges
2023-10-23,3013,3441556,ggridges
2023-10-24,3186,3444742,ggridges
2023-10-25,3181,3447923,ggridges
2023-10-26,3279,3451202,ggridges
2023-10-27,2512,3453714,ggridges
2023-10-28,1359,3455073,ggridges
2023-10-29,1177,3456250,ggridges
2023-10-30,2966,3459216,ggridges
2023-10-31,2957,3462173,ggridges
2023-11-01,2823,3464996,ggridges
2023-11-02,4168,3469164,ggridges
2023-11-03,3611,3472775,ggridges
2023-11-04,1306,3474081,ggridges
2023-11-05,1328,3475409,ggridges
2023-11-06,3176,3478585,ggridges
2023-11-07,3193,3481778,ggridges
2023-11-08,3624,3485402,ggridges
2023-11-09,3049,3488451,ggridges
2023-11-10,2596,3491047,ggridges
2023-11-11,1393,3492440,ggridges
2023-11-12,1177,3493617,ggridges
2023-11-13,2884,3496501,ggridges
2023-11-14,3301,3499802,ggridges
2023-11-15,2976,3502778,ggridges
2023-11-16,2991,3505769,ggridges
2023-11-17,2861,3508630,ggridges
2023-11-18,1128,3509758,ggridges
2023-11-19,1216,3510974,ggridges
2023-11-20,3781,3514755,ggridges
2023-11-21,3538,3518293,ggridges
2023-11-22,2615,3520908,ggridges
2023-11-23,2444,3523352,ggridges
2023-11-24,2343,3525695,ggridges
2023-11-25,1152,3526847,ggridges
2023-11-26,1245,3528092,ggridges
2023-11-27,3433,3531525,ggridges
2023-11-28,3809,3535334,ggridges
2023-11-29,3194,3538528,ggridges
2023-11-30,3565,3542093,ggridges
2023-12-01,3473,3545566,ggridges
2023-12-02,1545,3547111,ggridges
2023-12-03,1422,3548533,ggridges
2023-12-04,3526,3552059,ggridges
2023-12-05,3346,3555405,ggridges
2023-12-06,3622,3559027,ggridges
2023-12-07,3585,3562612,ggridges
2023-12-08,2944,3565556,ggridges
2023-12-09,1525,3567081,ggridges
2023-12-10,1379,3568460,ggridges
2023-12-11,3104,3571564,ggridges
2023-12-12,2921,3574485,ggridges
2023-12-13,3202,3577687,ggridges
2023-12-14,3058,3580745,ggridges
2023-12-15,4896,3585641,ggridges
2023-12-16,2057,3587698,ggridges
2023-12-17,2091,3589789,ggridges
2023-12-18,5454,3595243,ggridges
2023-12-19,4542,3599785,ggridges
2023-12-20,4144,3603929,ggridges
2023-12-21,3356,3607285,ggridges
2023-12-22,2361,3609646,ggridges
2023-12-23,1200,3610846,ggridges
2023-12-24,1050,3611896,ggridges
2023-12-25,1237,3613133,ggridges
2023-12-26,1735,3614868,ggridges
2023-12-27,2251,3617119,ggridges
2023-12-28,1973,3619092,ggridges
2023-12-29,1614,3620706,ggridges
2023-12-30,1003,3621709,ggridges
2023-12-31,892,3622601,ggridges
2024-01-01,953,3623554,ggridges
2024-01-02,3388,3626942,ggridges
2024-01-03,3021,3629963,ggridges
2024-01-04,3420,3633383,ggridges
2024-01-05,3052,3636435,ggridges
2024-01-06,1316,3637751,ggridges
2024-01-07,1328,3639079,ggridges
2024-01-08,3681,3642760,ggridges
2024-01-09,4179,3646939,ggridges
2024-01-10,3795,3650734,ggridges
2024-01-11,3709,3654443,ggridges
2024-01-12,3284,3657727,ggridges
2024-01-13,1283,3659010,ggridges
2024-01-14,1528,3660538,ggridges
2024-01-15,3260,3663798,ggridges
2024-01-16,3945,3667743,ggridges
2024-01-17,4593,3672336,ggridges
2024-01-18,4746,3677082,ggridges
2024-01-19,3331,3680413,ggridges
2024-01-20,1575,3681988,ggridges
2024-01-21,1602,3683590,ggridges
2024-01-22,4273,3687863,ggridges
2024-01-23,6652,3694515,ggridges
2024-01-24,6209,3700724,ggridges
2024-01-25,5548,3706272,ggridges
2024-01-26,3962,3710234,ggridges
2024-01-27,1678,3711912,ggridges
2024-01-28,1805,3713717,ggridges
2024-01-29,4627,3718344,ggridges
2024-01-30,4906,3723250,ggridges
2024-01-31,4576,3727826,ggridges
2024-02-01,4603,3732429,ggridges
2024-02-02,3583,3736012,ggridges
2024-02-03,1566,3737578,ggridges
2024-02-04,1672,3739250,ggridges
2024-02-05,4428,3743678,ggridges
2024-02-06,4186,3747864,ggridges
2024-02-07,4039,3751903,ggridges
2024-02-08,3975,3755878,ggridges
2024-02-09,3026,3758904,ggridges
2024-02-10,1303,3760207,ggridges
2024-02-11,1510,3761717,ggridges
2024-02-12,3502,3765219,ggridges
2024-02-13,3406,3768625,ggridges
2024-02-14,3234,3771859,ggridges
2024-02-15,3424,3775283,ggridges
2024-02-16,2960,3778243,ggridges
2024-02-17,1689,3779932,ggridges
2024-02-18,1578,3781510,ggridges
2024-02-19,3035,3784545,ggridges
2024-02-20,3411,3787956,ggridges
2024-02-21,3890,3791846,ggridges
2024-02-22,4015,3795861,ggridges
2024-02-23,2871,3798732,ggridges
2024-02-24,1346,3800078,ggridges
2024-02-25,1504,3801582,ggridges
2024-02-26,3470,3805052,ggridges
2024-02-27,3749,3808801,ggridges
2024-02-28,3644,3812445,ggridges
2024-02-29,3821,3816266,ggridges
2024-03-01,3316,3819582,ggridges
2024-03-02,1715,3821297,ggridges
2024-03-03,2082,3823379,ggridges
2024-03-04,3605,3826984,ggridges
2024-03-05,3618,3830602,ggridges
2024-03-06,3635,3834237,ggridges
2024-03-07,3546,3837783,ggridges
2024-03-08,2966,3840749,ggridges
2024-03-09,1426,3842175,ggridges
2024-03-10,1503,3843678,ggridges
2024-03-11,3514,3847192,ggridges
2024-03-12,3748,3850940,ggridges
2024-03-13,3359,3854299,ggridges
2024-03-14,3768,3858067,ggridges
2024-03-15,2982,3861049,ggridges
2024-03-16,1438,3862487,ggridges
2024-03-17,1558,3864045,ggridges
2024-03-18,3457,3867502,ggridges
2024-03-19,4060,3871562,ggridges
2024-03-20,3602,3875164,ggridges
2024-03-21,3449,3878613,ggridges
2024-03-22,2819,3881432,ggridges
2024-03-23,1397,3882829,ggridges
2024-03-24,1523,3884352,ggridges
2024-03-25,3180,3887532,ggridges
2024-03-26,3294,3890826,ggridges
2024-03-27,3169,3893995,ggridges
2024-03-28,2997,3896992,ggridges
2024-03-29,2196,3899188,ggridges
2024-03-30,1415,3900603,ggridges
2024-03-31,1335,3901938,ggridges
2024-04-01,2535,3904473,ggridges
2024-04-02,3662,3908135,ggridges
2024-04-03,3690,3911825,ggridges
2024-04-04,3347,3915172,ggridges
2024-04-05,2820,3917992,ggridges
2024-04-06,1416,3919408,ggridges
2024-04-07,1756,3921164,ggridges
2024-04-08,3405,3924569,ggridges
2024-04-09,3542,3928111,ggridges
2024-04-10,3519,3931630,ggridges
2024-04-11,3260,3934890,ggridges
2024-04-12,3087,3937977,ggridges
2024-04-13,1526,3939503,ggridges
2024-04-14,1500,3941003,ggridges
2024-04-15,3456,3944459,ggridges
2024-04-16,3579,3948038,ggridges
2024-04-17,3440,3951478,ggridges
2024-04-18,3574,3955052,ggridges
2024-04-19,3061,3958113,ggridges
2024-04-20,1618,3959731,ggridges
2024-04-21,1617,3961348,ggridges
2024-04-22,3426,3964774,ggridges
2024-04-23,3853,3968627,ggridges
2024-04-24,3457,3972084,ggridges
2024-04-25,3659,3975743,ggridges
2024-04-26,3191,3978934,ggridges
2024-04-27,1551,3980485,ggridges
2024-04-28,1913,3982398,ggridges
2024-04-29,3760,3986158,ggridges
2024-04-30,3474,3989632,ggridges
2024-05-01,3199,3992831,ggridges
2024-05-02,3774,3996605,ggridges
2024-05-03,3049,3999654,ggridges
2024-05-04,1875,4001529,ggridges
2024-05-05,1803,4003332,ggridges
2024-05-06,3626,4006958,ggridges
2024-05-07,3799,4010757,ggridges
2024-05-08,3568,4014325,ggridges
2024-05-09,3288,4017613,ggridges
2024-05-10,3132,4020745,ggridges
2024-05-11,1486,4022231,ggridges
2024-05-12,1508,4023739,ggridges
2024-05-13,3477,4027216,ggridges
2024-05-14,3481,4030697,ggridges
2024-05-15,3476,4034173,ggridges
2024-05-16,3731,4037904,ggridges
2024-05-17,2938,4040842,ggridges
2024-05-18,1790,4042632,ggridges
2024-05-19,1615,4044247,ggridges
2024-05-20,3203,4047450,ggridges
2024-05-21,3294,4050744,ggridges
2024-05-22,3635,4054379,ggridges
2024-05-23,3545,4057924,ggridges
2024-05-24,3085,4061009,ggridges
2024-05-25,1448,4062457,ggridges
2024-05-26,1633,4064090,ggridges
2024-05-27,2898,4066988,ggridges
2024-05-28,3514,4070502,ggridges
2024-05-29,3412,4073914,ggridges
2024-05-30,2925,4076839,ggridges
2024-05-31,3219,4080058,ggridges
2024-06-01,1250,4081308,ggridges
2024-06-02,1359,4082667,ggridges
2024-06-03,3426,4086093,ggridges
2024-06-04,3262,4089355,ggridges
2024-06-05,3076,4092431,ggridges
2024-06-06,2976,4095407,ggridges
2024-06-07,2529,4097936,ggridges
2024-06-08,1260,4099196,ggridges
2024-06-09,1300,4100496,ggridges
2024-06-10,2963,4103459,ggridges
2024-06-11,3146,4106605,ggridges
2024-06-12,3295,4109900,ggridges
2024-06-13,3062,4112962,ggridges
2024-06-14,2580,4115542,ggridges
2024-06-15,1092,4116634,ggridges
2024-06-16,1216,4117850,ggridges
2024-06-17,2904,4120754,ggridges
2024-06-18,2953,4123707,ggridges
2024-06-19,2767,4126474,ggridges
2024-06-20,2893,4129367,ggridges
2024-06-21,2316,4131683,ggridges
2024-06-22,1234,4132917,ggridges
2024-06-23,1219,4134136,ggridges
2024-06-24,2716,4136852,ggridges
2024-06-25,2992,4139844,ggridges
2024-06-26,2840,4142684,ggridges
2024-06-27,2719,4145403,ggridges
2024-06-28,2404,4147807,ggridges
2024-06-29,1162,4148969,ggridges
2024-06-30,1249,4150218,ggridges
2024-07-01,2634,4152852,ggridges
2024-07-02,2847,4155699,ggridges
2024-07-03,2805,4158504,ggridges
2024-07-04,2375,4160879,ggridges
2024-07-05,2147,4163026,ggridges
2024-07-06,1215,4164241,ggridges
2024-07-07,1214,4165455,ggridges
2024-07-08,2609,4168064,ggridges
2024-07-09,2890,4170954,ggridges
2024-07-10,2541,4173495,ggridges
2024-07-11,2919,4176414,ggridges
2024-07-12,2454,4178868,ggridges
2024-07-13,1122,4179990,ggridges
2024-07-14,1145,4181135,ggridges
2024-07-15,2516,4183651,ggridges
2024-07-16,2640,4186291,ggridges
2024-07-17,2537,4188828,ggridges
2024-07-18,2405,4191233,ggridges
2024-07-19,2105,4193338,ggridges
2024-07-20,1064,4194402,ggridges
2024-07-21,1101,4195503,ggridges
2024-07-22,2623,4198126,ggridges
2024-07-23,2648,4200774,ggridges
2024-07-24,2477,4203251,ggridges
2024-07-25,2472,4205723,ggridges
2024-07-26,2086,4207809,ggridges
2024-07-27,1095,4208904,ggridges
2024-07-28,1052,4209956,ggridges
2024-07-29,2263,4212219,ggridges
2024-07-30,2781,4215000,ggridges
2024-07-31,2254,4217254,ggridges
2024-08-01,2359,4219613,ggridges
2024-08-02,1962,4221575,ggridges
2024-08-03,1112,4222687,ggridges
2024-08-04,1186,4223873,ggridges
2024-08-05,2286,4226159,ggridges
2024-08-06,2478,4228637,ggridges
2024-08-07,2285,4230922,ggridges
2024-08-08,2562,4233484,ggridges
2024-08-09,2020,4235504,ggridges
2024-08-10,1188,4236692,ggridges
2024-08-11,1033,4237725,ggridges
2024-08-12,2446,4240171,ggridges
2024-08-13,2730,4242901,ggridges
2024-08-14,2557,4245458,ggridges
2024-08-15,2287,4247745,ggridges
2024-08-16,2039,4249784,ggridges
2024-08-17,894,4250678,ggridges
2024-08-18,1033,4251711,ggridges
2024-08-19,2491,4254202,ggridges
2024-08-20,2621,4256823,ggridges
2024-08-21,2753,4259576,ggridges
2024-08-22,2642,4262218,ggridges
2024-08-23,2268,4264486,ggridges
2024-08-24,1151,4265637,ggridges
2024-08-25,1233,4266870,ggridges
2024-08-26,2807,4269677,ggridges
2024-08-27,3193,4272870,ggridges
2024-08-28,3736,4276606,ggridges
2024-08-29,3395,4280001,ggridges
2024-08-30,2513,4282514,ggridges
2024-08-31,1270,4283784,ggridges
2024-09-01,1546,4285330,ggridges
2024-09-02,2736,4288066,ggridges
2024-09-03,3656,4291722,ggridges
2024-09-04,3773,4295495,ggridges
2024-09-05,3816,4299311,ggridges
2024-09-06,3231,4302542,ggridges
2024-09-07,1261,4303803,ggridges
2024-09-08,1486,4305289,ggridges
2024-09-09,3287,4308576,ggridges
2024-09-10,3593,4312169,ggridges
2024-09-11,3705,4315874,ggridges
2024-09-12,3976,4319850,ggridges
2024-09-13,3068,4322918,ggridges
2024-09-14,1346,4324264,ggridges
2024-09-15,1463,4325727,ggridges
2024-09-16,3162,4328889,ggridges
2024-09-17,3281,4332170,ggridges
2024-09-18,3386,4335556,ggridges
2024-09-19,3420,4338976,ggridges
2024-09-20,2799,4341775,ggridges
2024-09-21,1270,4343045,ggridges
2024-09-22,1280,4344325,ggridges
2024-09-23,3226,4347551,ggridges
2024-09-24,4031,4351582,ggridges
2024-09-25,3201,4354783,ggridges
2024-09-26,3425,4358208,ggridges
2024-09-27,2962,4361170,ggridges
2024-09-28,1526,4362696,ggridges
2024-09-29,1679,4364375,ggridges
2024-09-30,3472,4367847,ggridges
2024-10-01,3565,4371412,ggridges
2024-10-02,3921,4375333,ggridges
2024-10-03,3210,4378543,ggridges
2024-10-04,2687,4381230,ggridges
2024-10-05,1332,4382562,ggridges
2024-10-06,1612,4384174,ggridges
2024-10-07,3268,4387442,ggridges
2024-10-08,3596,4391038,ggridges
2024-10-09,3917,4394955,ggridges
2024-10-10,3348,4398303,ggridges
2024-10-11,2855,4401158,ggridges
2024-10-12,1414,4402572,ggridges
2024-10-13,1595,4404167,ggridges
2024-10-14,3202,4407369,ggridges
2024-10-15,3436,4410805,ggridges
2024-10-16,3754,4414559,ggridges
2024-10-17,3423,4417982,ggridges
2024-10-18,3107,4421089,ggridges
2024-10-19,1399,4422488,ggridges
2024-10-20,1492,4423980,ggridges
2024-10-21,3312,4427292,ggridges
2024-10-22,3644,4430936,ggridges
2024-10-23,3798,4434734,ggridges
2024-10-24,3495,4438229,ggridges
2024-10-25,2916,4441145,ggridges
2024-10-26,1513,4442658,ggridges
2024-10-27,1628,4444286,ggridges
2024-10-28,3190,4447476,ggridges
2024-10-29,3620,4451096,ggridges
2024-10-30,3606,4454702,ggridges
2024-10-31,3588,4458290,ggridges
2024-11-01,2640,4460930,ggridges
2024-11-02,1519,4462449,ggridges
2024-11-03,1572,4464021,ggridges
2024-11-04,3264,4467285,ggridges
2024-11-05,3531,4470816,ggridges
2024-11-06,3340,4474156,ggridges
2024-11-07,3283,4477439,ggridges
2024-11-08,2921,4480360,ggridges
2024-11-09,1373,4481733,ggridges
2024-11-10,1576,4483309,ggridges
2024-11-11,3526,4486835,ggridges
2024-11-12,3921,4490756,ggridges
2024-11-13,3399,4494155,ggridges
2024-11-14,3389,4497544,ggridges
2024-11-15,2991,4500535,ggridges
2024-11-16,1445,4501980,ggridges
2024-11-17,1539,4503519,ggridges
2024-11-18,3626,4507145,ggridges
2024-11-19,3798,4510943,ggridges
2024-11-20,3543,4514486,ggridges
2024-11-21,3374,4517860,ggridges
2024-11-22,2952,4520812,ggridges
2024-11-23,1448,4522260,ggridges
2024-11-24,1421,4523681,ggridges
2024-11-25,3241,4526922,ggridges
2024-11-26,3612,4530534,ggridges
2024-11-27,3181,4533715,ggridges
2024-11-28,2725,4536440,ggridges
2024-11-29,2377,4538817,ggridges
2024-11-30,1334,4540151,ggridges
2024-12-01,1419,4541570,ggridges
2024-12-02,3361,4544931,ggridges
2024-12-03,3468,4548399,ggridges
2024-12-04,3446,4551845,ggridges
2024-12-05,3091,4554936,ggridges
2024-12-06,2659,4557595,ggridges
2024-12-07,1443,4559038,ggridges
2024-12-08,1349,4560387,ggridges
2024-12-09,2867,4563254,ggridges
2024-12-10,3094,4566348,ggridges
2024-12-11,2957,4569305,ggridges
2024-12-12,2848,4572153,ggridges
2024-12-13,2581,4574734,ggridges
2024-12-14,1309,4576043,ggridges
2024-12-15,1301,4577344,ggridges
2024-12-16,2684,4580028,ggridges
2024-12-17,2947,4582975,ggridges
2024-12-18,2757,4585732,ggridges
2024-12-19,2611,4588343,ggridges
2024-12-20,2036,4590379,ggridges
2024-12-21,971,4591350,ggridges
2024-12-22,1060,4592410,ggridges
2024-12-23,1840,4594250,ggridges
2024-12-24,1511,4595761,ggridges
2024-12-25,1282,4597043,ggridges
2024-12-26,1486,4598529,ggridges
2024-12-27,1415,4599944,ggridges
2024-12-28,880,4600824,ggridges
2024-12-29,1202,4602026,ggridges
2024-12-30,1874,4603900,ggridges
2024-12-31,2172,4606072,ggridges
2025-01-01,982,4607054,ggridges
2025-01-02,1916,4608970,ggridges
2025-01-03,1678,4610648,ggridges
2025-01-04,1332,4611980,ggridges
2025-01-05,1308,4613288,ggridges
2025-01-06,2671,4615959,ggridges
2025-01-07,3075,4619034,ggridges
2025-01-08,3167,4622201,ggridges
2025-01-09,3114,4625315,ggridges
2025-01-10,2895,4628210,ggridges
2025-01-11,1156,4629366,ggridges
2025-01-12,1344,4630710,ggridges
2025-01-13,3236,4633946,ggridges
2025-01-14,3494,4637440,ggridges
2025-01-15,3700,4641140,ggridges
2025-01-16,3535,4644675,ggridges
2025-01-17,2683,4647358,ggridges
2025-01-18,1240,4648598,ggridges
2025-01-19,1386,4649984,ggridges
2025-01-20,2870,4652854,ggridges
2025-01-21,3296,4656150,ggridges
2025-01-22,3635,4659785,ggridges
2025-01-23,3186,4662971,ggridges
2025-01-24,2796,4665767,ggridges
2025-01-25,1436,4667203,ggridges
2025-01-26,1244,4668447,ggridges
2025-01-27,2905,4671352,ggridges
2025-01-28,3048,4674400,ggridges
2025-01-29,3164,4677564,ggridges
2025-01-30,3241,4680805,ggridges
2025-01-31,2617,4683422,ggridges
2025-02-01,1272,4684694,ggridges
2025-02-02,1192,4685886,ggridges
2025-02-03,2898,4688784,ggridges
2025-02-04,3293,4692077,ggridges
2025-02-05,3602,4695679,ggridges
2025-02-06,3742,4699421,ggridges
2025-02-07,3245,4702666,ggridges
2025-02-08,1377,4704043,ggridges
2025-02-09,1477,4705520,ggridges
2025-02-10,3340,4708860,ggridges
2025-02-11,3781,4712641,ggridges
2025-02-12,3672,4716313,ggridges
2025-02-13,3538,4719851,ggridges
2025-02-14,2930,4722781,ggridges
2025-02-15,1302,4724083,ggridges
2025-02-16,1457,4725540,ggridges
2025-02-17,3052,4728592,ggridges
2025-02-18,3619,4732211,ggridges
2025-02-19,3777,4735988,ggridges
2025-02-20,3474,4739462,ggridges
2025-02-21,2917,4742379,ggridges
2025-02-22,1378,4743757,ggridges
2025-02-23,1568,4745325,ggridges
2025-02-24,3499,4748824,ggridges
2025-02-25,4021,4752845,ggridges
2025-02-26,3815,4756660,ggridges
2025-02-27,3416,4760076,ggridges
2025-02-28,2875,4762951,ggridges
2025-03-01,1523,4764474,ggridges
2025-03-02,1529,4766003,ggridges
2025-03-03,3309,4769312,ggridges
2025-03-04,3901,4773213,ggridges
2025-03-05,3957,4777170,ggridges
2025-03-06,3632,4780802,ggridges
2025-03-07,2985,4783787,ggridges
2025-03-08,1513,4785300,ggridges
2025-03-09,1735,4787035,ggridges
2025-03-10,3292,4790327,ggridges
2025-03-11,3758,4794085,ggridges
2025-03-12,3562,4797647,ggridges
2025-03-13,3701,4801348,ggridges
2025-03-14,3338,4804686,ggridges
2025-03-15,1419,4806105,ggridges
2025-03-16,1836,4807941,ggridges
2025-03-17,3514,4811455,ggridges
2025-03-18,3730,4815185,ggridges
2025-03-19,4042,4819227,ggridges
2025-03-20,3397,4822624,ggridges
2025-03-21,2946,4825570,ggridges
2025-03-22,1453,4827023,ggridges
2025-03-23,1545,4828568,ggridges
2025-03-24,3389,4831957,ggridges
2025-03-25,4059,4836016,ggridges
2025-03-26,4263,4840279,ggridges
2025-03-27,3556,4843835,ggridges
2025-03-28,2755,4846590,ggridges
2025-03-29,1373,4847963,ggridges
2025-03-30,1520,4849483,ggridges
2017-09-14,70,70,ggridges
2017-09-15,720,790,ggridges
2017-09-16,309,1099,ggridges
2017-09-17,160,1259,ggridges
2017-09-18,393,1652,ggridges
2017-09-19,350,2002,ggridges
2017-09-20,314,2316,ggridges
2017-09-21,335,2651,ggridges
2017-09-22,223,2874,ggridges
2017-09-23,98,2972,ggridges
2017-09-24,91,3063,ggridges
2017-09-25,232,3295,ggridges
2017-09-26,231,3526,ggridges
2017-09-27,291,3817,ggridges
2017-09-28,196,4013,ggridges
2017-09-29,203,4216,ggridges
2017-09-30,71,4287,ggridges
2017-10-01,61,4348,ggridges
2017-10-02,319,4667,ggridges
2017-10-03,197,4864,ggridges
2017-10-04,217,5081,ggridges
2017-10-05,243,5324,ggridges
2017-10-06,173,5497,ggridges
2017-10-07,77,5574,ggridges
2017-10-08,86,5660,ggridges
2017-10-09,231,5891,ggridges
2017-10-10,262,6153,ggridges
2017-10-11,217,6370,ggridges
2017-10-12,190,6560,ggridges
2017-10-13,222,6782,ggridges
2017-10-14,72,6854,ggridges
2017-10-15,85,6939,ggridges
2017-10-16,194,7133,ggridges
2017-10-17,247,7380,ggridges
2017-10-18,196,7576,ggridges
2017-10-19,239,7815,ggridges
2017-10-20,190,8005,ggridges
2017-10-21,92,8097,ggridges
2017-10-22,88,8185,ggridges
2017-10-23,221,8406,ggridges
2017-10-24,230,8636,ggridges
2017-10-25,216,8852,ggridges
2017-10-26,282,9134,ggridges
2017-10-27,234,9368,ggridges
2017-10-28,82,9450,ggridges
2017-10-29,111,9561,ggridges
2017-10-30,198,9759,ggridges
2017-10-31,177,9936,ggridges
2017-11-01,191,10127,ggridges
2017-11-02,214,10341,ggridges
2017-11-03,211,10552,ggridges
2017-11-04,75,10627,ggridges
2017-11-05,106,10733,ggridges
2017-11-06,226,10959,ggridges
2017-11-07,178,11137,ggridges
2017-11-08,221,11358,ggridges
2017-11-09,250,11608,ggridges
2017-11-10,190,11798,ggridges
2017-11-11,93,11891,ggridges
2017-11-12,83,11974,ggridges
2017-11-13,198,12172,ggridges
2017-11-14,214,12386,ggridges
2017-11-15,206,12592,ggridges
2017-11-16,217,12809,ggridges
2017-11-17,183,12992,ggridges
2017-11-18,98,13090,ggridges
2017-11-19,115,13205,ggridges
2017-11-20,228,13433,ggridges
2017-11-21,203,13636,ggridges
2017-11-22,164,13800,ggridges
2017-11-23,143,13943,ggridges
2017-11-24,121,14064,ggridges
2017-11-25,121,14185,ggridges
2017-11-26,68,14253,ggridges
2017-11-27,233,14486,ggridges
2017-11-28,226,14712,ggridges
2017-11-29,223,14935,ggridges
2017-11-30,259,15194,ggridges
2017-12-01,195,15389,ggridges
2017-12-02,104,15493,ggridges
2017-12-03,109,15602,ggridges
2017-12-04,223,15825,ggridges
2017-12-05,223,16048,ggridges
2017-12-06,229,16277,ggridges
2017-12-07,246,16523,ggridges
2017-12-08,276,16799,ggridges
2017-12-09,82,16881,ggridges
2017-12-10,83,16964,ggridges
2017-12-11,268,17232,ggridges
2017-12-12,206,17438,ggridges
2017-12-13,302,17740,ggridges
2017-12-14,257,17997,ggridges
2017-12-15,196,18193,ggridges
2017-12-16,63,18256,ggridges
2017-12-17,104,18360,ggridges
2017-12-18,177,18537,ggridges
2017-12-19,192,18729,ggridges
2017-12-20,155,18884,ggridges
2017-12-21,130,19014,ggridges
2017-12-22,85,19099,ggridges
2017-12-23,63,19162,ggridges
2017-12-24,57,19219,ggridges
2017-12-25,37,19256,ggridges
2017-12-26,66,19322,ggridges
2017-12-27,86,19408,ggridges
2017-12-28,93,19501,ggridges
2017-12-29,108,19609,ggridges
2017-12-30,52,19661,ggridges
2017-12-31,33,19694,ggridges
2018-01-01,35,19729,ggridges
2018-01-02,134,19863,ggridges
2018-01-03,129,19992,ggridges
2018-01-04,181,20173,ggridges
2018-01-05,137,20310,ggridges
2018-01-06,60,20370,ggridges
2018-01-07,67,20437,ggridges
2018-01-08,170,20607,ggridges
2018-01-09,165,20772,ggridges
2018-01-10,197,20969,ggridges
2018-01-11,193,21162,ggridges
2018-01-12,160,21322,ggridges
2018-01-13,54,21376,ggridges
2018-01-14,84,21460,ggridges
2018-01-15,134,21594,ggridges
2018-01-16,228,21822,ggridges
2018-01-17,201,22023,ggridges
2018-01-18,240,22263,ggridges
2018-01-19,184,22447,ggridges
2018-01-20,78,22525,ggridges
2018-01-21,63,22588,ggridges
2018-01-22,199,22787,ggridges
2018-01-23,259,23046,ggridges
2018-01-24,264,23310,ggridges
2018-01-25,226,23536,ggridges
2018-01-26,238,23774,ggridges
2018-01-27,95,23869,ggridges
2018-01-28,95,23964,ggridges
2018-01-29,234,24198,ggridges
2018-01-30,238,24436,ggridges
2018-01-31,246,24682,ggridges
2018-02-01,222,24904,ggridges
2018-02-02,156,25060,ggridges
2018-02-03,95,25155,ggridges
2018-02-04,89,25244,ggridges
2018-02-05,247,25491,ggridges
2018-02-06,205,25696,ggridges
2018-02-07,215,25911,ggridges
2018-02-08,208,26119,ggridges
2018-02-09,186,26305,ggridges
2018-02-10,109,26414,ggridges
2018-02-11,89,26503,ggridges
2018-02-12,200,26703,ggridges
2018-02-13,220,26923,ggridges
2018-02-14,261,27184,ggridges
2018-02-15,210,27394,ggridges
2018-02-16,174,27568,ggridges
2018-02-17,69,27637,ggridges
2018-02-18,74,27711,ggridges
2018-02-19,196,27907,ggridges
2018-02-20,213,28120,ggridges
2018-02-21,221,28341,ggridges
2018-02-22,214,28555,ggridges
2018-02-23,193,28748,ggridges
2018-02-24,166,28914,ggridges
2018-02-25,82,28996,ggridges
2018-02-26,251,29247,ggridges
2018-02-27,238,29485,ggridges
2018-02-28,291,29776,ggridges
2018-03-01,263,30039,ggridges
2018-03-02,242,30281,ggridges
2018-03-03,122,30403,ggridges
2018-03-04,96,30499,ggridges
2018-03-05,270,30769,ggridges
2018-03-06,217,30986,ggridges
2018-03-07,218,31204,ggridges
2018-03-08,253,31457,ggridges
2018-03-09,246,31703,ggridges
2018-03-10,91,31794,ggridges
2018-03-11,77,31871,ggridges
2018-03-12,254,32125,ggridges
2018-03-13,306,32431,ggridges
2018-03-14,318,32749,ggridges
2018-03-15,308,33057,ggridges
2018-03-16,236,33293,ggridges
2018-03-17,127,33420,ggridges
2018-03-18,113,33533,ggridges
2018-03-19,225,33758,ggridges
2018-03-20,280,34038,ggridges
2018-03-21,211,34249,ggridges
2018-03-22,243,34492,ggridges
2018-03-23,218,34710,ggridges
2018-03-24,100,34810,ggridges
2018-03-25,111,34921,ggridges
2018-03-26,209,35130,ggridges
2018-03-27,231,35361,ggridges
2018-03-28,289,35650,ggridges
2018-03-29,240,35890,ggridges
2018-03-30,308,36198,ggridges
2018-03-31,358,36556,ggridges
2018-04-01,320,36876,ggridges
2018-04-02,693,37569,ggridges
2018-04-03,840,38409,ggridges
2018-04-04,841,39250,ggridges
2018-04-05,1868,41118,ggridges
2018-04-06,1059,42177,ggridges
2018-04-07,580,42757,ggridges
2018-04-08,463,43220,ggridges
2018-04-09,1091,44311,ggridges
2018-04-10,1006,45317,ggridges
2018-04-11,1006,46323,ggridges
2018-04-12,880,47203,ggridges
2018-04-13,793,47996,ggridges
2018-04-14,373,48369,ggridges
2018-04-15,407,48776,ggridges
2018-04-16,877,49653,ggridges
2018-04-17,963,50616,ggridges
2018-04-18,902,51518,ggridges
2018-04-19,810,52328,ggridges
2018-04-20,704,53032,ggridges
2018-04-21,377,53409,ggridges
2018-04-22,395,53804,ggridges
2018-04-23,882,54686,ggridges
2018-04-24,1302,55988,ggridges
2018-04-25,1303,57291,ggridges
2018-04-26,1110,58401,ggridges
2018-04-27,900,59301,ggridges
2018-04-28,447,59748,ggridges
2018-04-29,456,60204,ggridges
2018-04-30,880,61084,ggridges
2018-05-01,810,61894,ggridges
2018-05-02,1141,63035,ggridges
2018-05-03,982,64017,ggridges
2018-05-04,687,64704,ggridges
2018-05-05,423,65127,ggridges
2018-05-06,388,65515,ggridges
2018-05-07,818,66333,ggridges
2018-05-08,1227,67560,ggridges
2018-05-09,1055,68615,ggridges
2018-05-10,830,69445,ggridges
2018-05-11,838,70283,ggridges
2018-05-12,372,70655,ggridges
2018-05-13,393,71048,ggridges
2018-05-14,998,72046,ggridges
2018-05-15,1024,73070,ggridges
2018-05-16,976,74046,ggridges
2018-05-17,1012,75058,ggridges
2018-05-18,916,75974,ggridges
2018-05-19,385,76359,ggridges
2018-05-20,395,76754,ggridges
2018-05-21,732,77486,ggridges
2018-05-22,877,78363,ggridges
2018-05-23,1082,79445,ggridges
2018-05-24,901,80346,ggridges
2018-05-25,705,81051,ggridges
2018-05-26,326,81377,ggridges
2018-05-27,317,81694,ggridges
2018-05-28,570,82264,ggridges
2018-05-29,890,83154,ggridges
2018-05-30,841,83995,ggridges
2018-05-31,766,84761,ggridges
2018-06-01,680,85441,ggridges
2018-06-02,334,85775,ggridges
2018-06-03,325,86100,ggridges
2018-06-04,763,86863,ggridges
2018-06-05,802,87665,ggridges
2018-06-06,759,88424,ggridges
2018-06-07,860,89284,ggridges
2018-06-08,718,90002,ggridges
2018-06-09,369,90371,ggridges
2018-06-10,309,90680,ggridges
2018-06-11,759,91439,ggridges
2018-06-12,870,92309,ggridges
2018-06-13,737,93046,ggridges
2018-06-14,793,93839,ggridges
2018-06-15,603,94442,ggridges
2018-06-16,338,94780,ggridges
2018-06-17,279,95059,ggridges
2018-06-18,707,95766,ggridges
2018-06-19,727,96493,ggridges
2018-06-20,773,97266,ggridges
2018-06-21,683,97949,ggridges
2018-06-22,630,98579,ggridges
2018-06-23,289,98868,ggridges
2018-06-24,251,99119,ggridges
2018-06-25,708,99827,ggridges
2018-06-26,721,100548,ggridges
2018-06-27,713,101261,ggridges
2018-06-28,768,102029,ggridges
2018-06-29,564,102593,ggridges
2018-06-30,267,102860,ggridges
2018-07-01,246,103106,ggridges
2018-07-02,604,103710,ggridges
2018-07-03,666,104376,ggridges
2018-07-04,603,104979,ggridges
2018-07-05,733,105712,ggridges
2018-07-06,652,106364,ggridges
2018-07-07,304,106668,ggridges
2018-07-08,318,106986,ggridges
2018-07-09,687,107673,ggridges
2018-07-10,732,108405,ggridges
2018-07-11,691,109096,ggridges
2018-07-12,717,109813,ggridges
2018-07-13,567,110380,ggridges
2018-07-14,290,110670,ggridges
2018-07-15,299,110969,ggridges
2018-07-16,636,111605,ggridges
2018-07-17,769,112374,ggridges
2018-07-18,646,113020,ggridges
2018-07-19,760,113780,ggridges
2018-07-20,622,114402,ggridges
2018-07-21,289,114691,ggridges
2018-07-22,315,115006,ggridges
2018-07-23,618,115624,ggridges
2018-07-24,735,116359,ggridges
2018-07-25,739,117098,ggridges
2018-07-26,681,117779,ggridges
2018-07-27,571,118350,ggridges
2018-07-28,350,118700,ggridges
2018-07-29,303,119003,ggridges
2018-07-30,683,119686,ggridges
2018-07-31,637,120323,ggridges
2018-08-01,590,120913,ggridges
2018-08-02,666,121579,ggridges
2018-08-03,602,122181,ggridges
2018-08-04,289,122470,ggridges
2018-08-05,267,122737,ggridges
2018-08-06,700,123437,ggridges
2018-08-07,754,124191,ggridges
2018-08-08,721,124912,ggridges
2018-08-09,716,125628,ggridges
2018-08-10,589,126217,ggridges
2018-08-11,332,126549,ggridges
2018-08-12,311,126860,ggridges
2018-08-13,600,127460,ggridges
2018-08-14,704,128164,ggridges
2018-08-15,606,128770,ggridges
2018-08-16,647,129417,ggridges
2018-08-17,555,129972,ggridges
2018-08-18,257,130229,ggridges
2018-08-19,252,130481,ggridges
2018-08-20,700,131181,ggridges
2018-08-21,659,131840,ggridges
2018-08-22,607,132447,ggridges
2018-08-23,737,133184,ggridges
2018-08-24,660,133844,ggridges
2018-08-25,320,134164,ggridges
2018-08-26,252,134416,ggridges
2018-08-27,626,135042,ggridges
2018-08-28,946,135988,ggridges
2018-08-29,719,136707,ggridges
2018-08-30,783,137490,ggridges
2018-08-31,557,138047,ggridges
2018-09-01,244,138291,ggridges
2018-09-02,285,138576,ggridges
2018-09-03,591,139167,ggridges
2018-09-04,854,140021,ggridges
2018-09-05,822,140843,ggridges
2018-09-06,893,141736,ggridges
2018-09-07,649,142385,ggridges
2018-09-08,359,142744,ggridges
2018-09-09,343,143087,ggridges
2018-09-10,793,143880,ggridges
2018-09-11,850,144730,ggridges
2018-09-12,907,145637,ggridges
2018-09-13,1082,146719,ggridges
2018-09-14,884,147603,ggridges
2018-09-15,381,147984,ggridges
2018-09-16,453,148437,ggridges
2018-09-17,1189,149626,ggridges
2018-09-18,1051,150677,ggridges
2018-09-19,1073,151750,ggridges
2018-09-20,1055,152805,ggridges
2018-09-21,833,153638,ggridges
2018-09-22,416,154054,ggridges
2018-09-23,436,154490,ggridges
2018-09-24,867,155357,ggridges
2018-09-25,1005,156362,ggridges
2018-09-26,1076,157438,ggridges
2018-09-27,1186,158624,ggridges
2018-09-28,2087,160711,ggridges
2018-09-29,844,161555,ggridges
2018-09-30,788,162343,ggridges
2018-10-01,1867,164210,ggridges
2018-10-02,1578,165788,ggridges
2018-10-03,1682,167470,ggridges
2018-10-04,1442,168912,ggridges
2018-10-05,1254,170166,ggridges
2018-10-06,575,170741,ggridges
2018-10-07,575,171316,ggridges
2018-10-08,1282,172598,ggridges
2018-10-09,1431,174029,ggridges
2018-10-10,1380,175409,ggridges
2018-10-11,1544,176953,ggridges
2018-10-12,1293,178246,ggridges
2018-10-13,644,178890,ggridges
2018-10-14,621,179511,ggridges
2018-10-15,1346,180857,ggridges
2018-10-16,1503,182360,ggridges
2018-10-17,1424,183784,ggridges
2018-10-18,1332,185116,ggridges
2018-10-19,1228,186344,ggridges
2018-10-20,655,186999,ggridges
2018-10-21,611,187610,ggridges
2018-10-22,1248,188858,ggridges
2018-10-23,1360,190218,ggridges
2018-10-24,1427,191645,ggridges
2018-10-25,1354,192999,ggridges
2018-10-26,1139,194138,ggridges
2018-10-27,548,194686,ggridges
2018-10-28,502,195188,ggridges
2018-10-29,1391,196579,ggridges
2018-10-30,1562,198141,ggridges
2018-10-31,1322,199463,ggridges
2018-11-01,1240,200703,ggridges
2018-11-02,1168,201871,ggridges
2018-11-03,610,202481,ggridges
2018-11-04,607,203088,ggridges
2018-11-05,1221,204309,ggridges
2018-11-06,1364,205673,ggridges
2018-11-07,1293,206966,ggridges
2018-11-08,1327,208293,ggridges
2018-11-09,1236,209529,ggridges
2018-11-10,661,210190,ggridges
2018-11-11,707,210897,ggridges
2018-11-12,1234,212131,ggridges
2018-11-13,1582,213713,ggridges
2018-11-14,1465,215178,ggridges
2018-11-15,1344,216522,ggridges
2018-11-16,1165,217687,ggridges
2018-11-17,699,218386,ggridges
2018-11-18,613,218999,ggridges
2018-11-19,1214,220213,ggridges
2018-11-20,1391,221604,ggridges
2018-11-21,1211,222815,ggridges
2018-11-22,1020,223835,ggridges
2018-11-23,793,224628,ggridges
2018-11-24,535,225163,ggridges
2018-11-25,645,225808,ggridges
2018-11-26,1235,227043,ggridges
2018-11-27,1493,228536,ggridges
2018-11-28,1393,229929,ggridges
2018-11-29,1375,231304,ggridges
2018-11-30,1309,232613,ggridges
2018-12-01,763,233376,ggridges
2018-12-02,723,234099,ggridges
2018-12-03,1563,235662,ggridges
2018-12-04,1501,237163,ggridges
2018-12-05,1391,238554,ggridges
2018-12-06,1317,239871,ggridges
2018-12-07,1271,241142,ggridges
2018-12-08,822,241964,ggridges
2018-12-09,760,242724,ggridges
2018-12-10,1349,244073,ggridges
2018-12-11,1373,245446,ggridges
2018-12-12,1384,246830,ggridges
2018-12-13,1284,248114,ggridges
2018-12-14,1100,249214,ggridges
2018-12-15,592,249806,ggridges
2018-12-16,595,250401,ggridges
2018-12-17,1191,251592,ggridges
2018-12-18,1296,252888,ggridges
2018-12-19,1066,253954,ggridges
2018-12-20,1015,254969,ggridges
2018-12-21,997,255966,ggridges
2018-12-22,540,256506,ggridges
2018-12-23,571,257077,ggridges
2018-12-24,552,257629,ggridges
2018-12-25,461,258090,ggridges
2018-12-26,611,258701,ggridges
2018-12-27,654,259355,ggridges
2018-12-28,741,260096,ggridges
2018-12-29,388,260484,ggridges
2018-12-30,391,260875,ggridges
2018-12-31,417,261292,ggridges
2019-01-01,392,261684,ggridges
2019-01-02,841,262525,ggridges
2019-01-03,976,263501,ggridges
2019-01-04,969,264470,ggridges
2019-01-05,581,265051,ggridges
2019-01-06,597,265648,ggridges
2019-01-07,1056,266704,ggridges
2019-01-08,1133,267837,ggridges
2019-01-09,1176,269013,ggridges
2019-01-10,1176,270189,ggridges
2019-01-11,1094,271283,ggridges
2019-01-12,449,271732,ggridges
2019-01-13,452,272184,ggridges
2019-01-14,1117,273301,ggridges
2019-01-15,1253,274554,ggridges
2019-01-16,1127,275681,ggridges
2019-01-17,1567,277248,ggridges
2019-01-18,1049,278297,ggridges
2019-01-19,503,278800,ggridges
2019-01-20,491,279291,ggridges
2019-01-21,1065,280356,ggridges
2019-01-22,1163,281519,ggridges
2019-01-23,1268,282787,ggridges
2019-01-24,1222,284009,ggridges
2019-01-25,1188,285197,ggridges
2019-01-26,463,285660,ggridges
2019-01-27,443,286103,ggridges
2019-01-28,1040,287143,ggridges
2019-01-29,1130,288273,ggridges
2019-01-30,1182,289455,ggridges
2019-01-31,1146,290601,ggridges
2019-02-01,994,291595,ggridges
2019-02-02,478,292073,ggridges
2019-02-03,553,292626,ggridges
2019-02-04,1021,293647,ggridges
2019-02-05,1071,294718,ggridges
2019-02-06,1237,295955,ggridges
2019-02-07,1191,297146,ggridges
2019-02-08,997,298143,ggridges
2019-02-09,510,298653,ggridges
2019-02-10,551,299204,ggridges
2019-02-11,1037,300241,ggridges
2019-02-12,1375,301616,ggridges
2019-02-13,1317,302933,ggridges
2019-02-14,1308,304241,ggridges
2019-02-15,1038,305279,ggridges
2019-02-16,591,305870,ggridges
2019-02-17,635,306505,ggridges
2019-02-18,1345,307850,ggridges
2019-02-19,1319,309169,ggridges
2019-02-20,1249,310418,ggridges
2019-02-21,1268,311686,ggridges
2019-02-22,1132,312818,ggridges
2019-02-23,625,313443,ggridges
2019-02-24,554,313997,ggridges
2019-02-25,1214,315211,ggridges
2019-02-26,1208,316419,ggridges
2019-02-27,1194,317613,ggridges
2019-02-28,1228,318841,ggridges
2019-03-01,1214,320055,ggridges
2019-03-02,629,320684,ggridges
2019-03-03,604,321288,ggridges
2019-03-04,1180,322468,ggridges
2019-03-05,1360,323828,ggridges
2019-03-06,1398,325226,ggridges
2019-03-07,1289,326515,ggridges
2019-03-08,1177,327692,ggridges
2019-03-09,573,328265,ggridges
2019-03-10,647,328912,ggridges
2019-03-11,1259,330171,ggridges
2019-03-12,1474,331645,ggridges
2019-03-13,1279,332924,ggridges
2019-03-14,1425,334349,ggridges
2019-03-15,1132,335481,ggridges
2019-03-16,570,336051,ggridges
2019-03-17,553,336604,ggridges
2019-03-18,1164,337768,ggridges
2019-03-19,1098,338866,ggridges
2019-03-20,1104,339970,ggridges
2019-03-21,1131,341101,ggridges
2019-03-22,995,342096,ggridges
2019-03-23,439,342535,ggridges
2019-03-24,431,342966,ggridges
2019-03-25,932,343898,ggridges
2019-03-26,1207,345105,ggridges
2019-03-27,1003,346108,ggridges
2019-03-28,1054,347162,ggridges
2019-03-29,920,348082,ggridges
2019-03-30,453,348535,ggridges
2019-03-31,488,349023,ggridges
2019-04-01,974,349997,ggridges
2019-04-02,1024,351021,ggridges
2019-04-03,1097,352118,ggridges
2019-04-04,1044,353162,ggridges
2019-04-05,1023,354185,ggridges
2019-04-06,452,354637,ggridges
2019-04-07,462,355099,ggridges
2019-04-08,1104,356203,ggridges
2019-04-09,1106,357309,ggridges
2019-04-10,1178,358487,ggridges
2019-04-11,1156,359643,ggridges
2019-04-12,890,360533,ggridges
2019-04-13,446,360979,ggridges
2019-04-14,493,361472,ggridges
2019-04-15,1056,362528,ggridges
2019-04-16,1069,363597,ggridges
2019-04-17,1015,364612,ggridges
2019-04-18,1028,365640,ggridges
2019-04-19,628,366268,ggridges
2019-04-20,389,366657,ggridges
2019-04-21,446,367103,ggridges
2019-04-22,737,367840,ggridges
2019-04-23,983,368823,ggridges
2019-04-24,1092,369915,ggridges
2019-04-25,1154,371069,ggridges
2019-04-26,928,371997,ggridges
2019-04-27,581,372578,ggridges
2019-04-28,673,373251,ggridges
2019-04-29,1492,374743,ggridges
2019-04-30,1526,376269,ggridges
2019-05-01,1174,377443,ggridges
2019-05-02,1578,379021,ggridges
2019-05-03,1154,380175,ggridges
2019-05-04,632,380807,ggridges
2019-05-05,658,381465,ggridges
2019-05-06,1600,383065,ggridges
2019-05-07,1393,384458,ggridges
2019-05-08,1280,385738,ggridges
2019-05-09,1366,387104,ggridges
2019-05-10,1099,388203,ggridges
2019-05-11,550,388753,ggridges
2019-05-12,687,389440,ggridges
2019-05-13,1361,390801,ggridges
2019-05-14,1313,392114,ggridges
2019-05-15,1389,393503,ggridges
2019-05-16,1426,394929,ggridges
2019-05-17,1304,396233,ggridges
2019-05-18,636,396869,ggridges
2019-05-19,661,397530,ggridges
2019-05-20,1261,398791,ggridges
2019-05-21,1235,400026,ggridges
2019-05-22,1300,401326,ggridges
2019-05-23,1277,402603,ggridges
2019-05-24,1131,403734,ggridges
2019-05-25,521,404255,ggridges
2019-05-26,491,404746,ggridges
2019-05-27,1032,405778,ggridges
2019-05-28,1374,407152,ggridges
2019-05-29,1184,408336,ggridges
2019-05-30,1120,409456,ggridges
2019-05-31,1154,410610,ggridges
2019-06-01,548,411158,ggridges
2019-06-02,459,411617,ggridges
2019-06-03,1144,412761,ggridges
2019-06-04,1244,414005,ggridges
2019-06-05,1296,415301,ggridges
2019-06-06,1306,416607,ggridges
2019-06-07,1089,417696,ggridges
2019-06-08,490,418186,ggridges
2019-06-09,502,418688,ggridges
2019-06-10,1041,419729,ggridges
2019-06-11,1200,420929,ggridges
2019-06-12,1220,422149,ggridges
2019-06-13,1174,423323,ggridges
2019-06-14,1036,424359,ggridges
2019-06-15,478,424837,ggridges
2019-06-16,461,425298,ggridges
2019-06-17,1198,426496,ggridges
2019-06-18,1248,427744,ggridges
2019-06-19,1227,428971,ggridges
2019-06-20,1277,430248,ggridges
2019-06-21,1048,431296,ggridges
2019-06-22,517,431813,ggridges
2019-06-23,479,432292,ggridges
2019-06-24,1142,433434,ggridges
2019-06-25,1287,434721,ggridges
2019-06-26,1101,435822,ggridges
2019-06-27,1163,436985,ggridges
2019-06-28,1065,438050,ggridges
2019-06-29,456,438506,ggridges
2019-06-30,410,438916,ggridges
2019-07-01,1144,440060,ggridges
2019-07-02,1093,441153,ggridges
2019-07-03,1308,442461,ggridges
2019-07-04,910,443371,ggridges
2019-07-05,911,444282,ggridges
2019-07-06,486,444768,ggridges
2019-07-07,471,445239,ggridges
2019-07-08,1209,446448,ggridges
2019-07-09,1358,447806,ggridges
2019-07-10,1194,449000,ggridges
2019-07-11,1213,450213,ggridges
2019-07-12,1012,451225,ggridges
2019-07-13,424,451649,ggridges
2019-07-14,401,452050,ggridges
2019-07-15,1253,453303,ggridges
2019-07-16,1219,454522,ggridges
2019-07-17,1312,455834,ggridges
2019-07-18,1171,457005,ggridges
2019-07-19,1097,458102,ggridges
2019-07-20,493,458595,ggridges
2019-07-21,481,459076,ggridges
2019-07-22,1084,460160,ggridges
2019-07-23,1262,461422,ggridges
2019-07-24,1287,462709,ggridges
2019-07-25,1239,463948,ggridges
2019-07-26,1091,465039,ggridges
2019-07-27,587,465626,ggridges
2019-07-28,485,466111,ggridges
2019-07-29,1203,467314,ggridges
2019-07-30,1272,468586,ggridges
2019-07-31,1228,469814,ggridges
2019-08-01,1132,470946,ggridges
2019-08-02,1045,471991,ggridges
2019-08-03,378,472369,ggridges
2019-08-04,425,472794,ggridges
2019-08-05,1198,473992,ggridges
2019-08-06,1292,475284,ggridges
2019-08-07,1252,476536,ggridges
2019-08-08,1189,477725,ggridges
2019-08-09,980,478705,ggridges
2019-08-10,416,479121,ggridges
2019-08-11,392,479513,ggridges
2019-08-12,1049,480562,ggridges
2019-08-13,1080,481642,ggridges
2019-08-14,1146,482788,ggridges
2019-08-15,1032,483820,ggridges
2019-08-16,918,484738,ggridges
2019-08-17,529,485267,ggridges
2019-08-18,432,485699,ggridges
2019-08-19,1181,486880,ggridges
2019-08-20,1224,488104,ggridges
2019-08-21,1274,489378,ggridges
2019-08-22,1103,490481,ggridges
2019-08-23,1101,491582,ggridges
2019-08-24,654,492236,ggridges
2019-08-25,495,492731,ggridges
2019-08-26,1387,494118,ggridges
2019-08-27,1954,496072,ggridges
2019-08-28,1675,497747,ggridges
2019-08-29,1632,499379,ggridges
2019-08-30,1232,500611,ggridges
2019-08-31,591,501202,ggridges
2019-09-01,656,501858,ggridges
2019-09-02,1410,503268,ggridges
2019-09-03,1890,505158,ggridges
2019-09-04,2055,507213,ggridges
2019-09-05,1566,508779,ggridges
2019-09-06,1287,510066,ggridges
2019-09-07,628,510694,ggridges
2019-09-08,714,511408,ggridges
2019-09-09,1681,513089,ggridges
2019-09-10,1701,514790,ggridges
2019-09-11,1615,516405,ggridges
2019-09-12,1540,517945,ggridges
2019-09-13,1289,519234,ggridges
2019-09-14,654,519888,ggridges
2019-09-15,631,520519,ggridges
2019-09-16,1542,522061,ggridges
2019-09-17,1540,523601,ggridges
2019-09-18,1524,525125,ggridges
2019-09-19,1375,526500,ggridges
2019-09-20,1235,527735,ggridges
2019-09-21,603,528338,ggridges
2019-09-22,665,529003,ggridges
2019-09-23,1610,530613,ggridges
2019-09-24,1638,532251,ggridges
2019-09-25,1648,533899,ggridges
2019-09-26,1454,535353,ggridges
2019-09-27,1302,536655,ggridges
2019-09-28,612,537267,ggridges
2019-09-29,662,537929,ggridges
2019-09-30,1428,539357,ggridges
2019-10-01,1381,540738,ggridges
2019-10-02,1476,542214,ggridges
2019-10-03,1252,543466,ggridges
2019-10-04,1242,544708,ggridges
2019-10-05,529,545237,ggridges
2019-10-06,569,545806,ggridges
2019-10-07,1539,547345,ggridges
2019-10-08,1637,548982,ggridges
2019-10-09,1834,550816,ggridges
2019-10-10,1651,552467,ggridges
2019-10-11,1455,553922,ggridges
2019-10-12,720,554642,ggridges
2019-10-13,700,555342,ggridges
2019-10-14,1452,556794,ggridges
2019-10-15,1466,558260,ggridges
2019-10-16,1604,559864,ggridges
2019-10-17,1467,561331,ggridges
2019-10-18,1269,562600,ggridges
2019-10-19,657,563257,ggridges
2019-10-20,650,563907,ggridges
2019-10-21,1563,565470,ggridges
2019-10-22,1718,567188,ggridges
2019-10-23,1663,568851,ggridges
2019-10-24,1734,570585,ggridges
2019-10-25,1223,571808,ggridges
2019-10-26,662,572470,ggridges
2019-10-27,688,573158,ggridges
2019-10-28,1421,574579,ggridges
2019-10-29,1729,576308,ggridges
2019-10-30,1585,577893,ggridges
2019-10-31,1556,579449,ggridges
2019-11-01,1309,580758,ggridges
2019-11-02,632,581390,ggridges
2019-11-03,716,582106,ggridges
2019-11-04,1625,583731,ggridges
2019-11-05,1625,585356,ggridges
2019-11-06,1596,586952,ggridges
2019-11-07,1479,588431,ggridges
2019-11-08,1354,589785,ggridges
2019-11-09,794,590579,ggridges
2019-11-10,704,591283,ggridges
2019-11-11,1469,592752,ggridges
2019-11-12,1632,594384,ggridges
2019-11-13,1610,595994,ggridges
2019-11-14,1625,597619,ggridges
2019-11-15,1409,599028,ggridges
2019-11-16,622,599650,ggridges
2019-11-17,763,600413,ggridges
2019-11-18,1540,601953,ggridges
2019-11-19,1603,603556,ggridges
2019-11-20,1550,605106,ggridges
2019-11-21,1591,606697,ggridges
2019-11-22,1277,607974,ggridges
2019-11-23,699,608673,ggridges
2019-11-24,754,609427,ggridges
2019-11-25,1522,610949,ggridges
2019-11-26,1619,612568,ggridges
2019-11-27,1422,613990,ggridges
2019-11-28,1072,615062,ggridges
2019-11-29,1006,616068,ggridges
2019-11-30,501,616569,ggridges
2019-12-01,649,617218,ggridges
2019-12-02,1385,618603,ggridges
2019-12-03,1551,620154,ggridges
2019-12-04,1682,621836,ggridges
2019-12-05,1584,623420,ggridges
2019-12-06,1365,624785,ggridges
2019-12-07,625,625410,ggridges
2019-12-08,677,626087,ggridges
2019-12-09,1442,627529,ggridges
2019-12-10,1380,628909,ggridges
2019-12-11,1457,630366,ggridges
2019-12-12,1466,631832,ggridges
2019-12-13,1224,633056,ggridges
2019-12-14,614,633670,ggridges
2019-12-15,574,634244,ggridges
2019-12-16,1327,635571,ggridges
2019-12-17,1421,636992,ggridges
2019-12-18,1317,638309,ggridges
2019-12-19,1225,639534,ggridges
2019-12-20,1037,640571,ggridges
2019-12-21,505,641076,ggridges
2019-12-22,461,641537,ggridges
2019-12-23,721,642258,ggridges
2019-12-24,595,642853,ggridges
2019-12-25,452,643305,ggridges
2019-12-26,636,643941,ggridges
2019-12-27,554,644495,ggridges
2019-12-28,459,644954,ggridges
2019-12-29,551,645505,ggridges
2019-12-30,655,646160,ggridges
2019-12-31,584,646744,ggridges
2020-01-01,416,647160,ggridges
2020-01-02,905,648065,ggridges
2020-01-03,957,649022,ggridges
2020-01-04,634,649656,ggridges
2020-01-05,596,650252,ggridges
2020-01-06,1268,651520,ggridges
2020-01-07,1519,653039,ggridges
2020-01-08,1530,654569,ggridges
2020-01-09,1497,656066,ggridges
2020-01-10,1318,657384,ggridges
2020-01-11,790,658174,ggridges
2020-01-12,1478,659652,ggridges
2020-01-13,3360,663012,ggridges
2020-01-14,3085,666097,ggridges
2020-01-15,2670,668767,ggridges
2020-01-16,3003,671770,ggridges
2020-01-17,2276,674046,ggridges
2020-01-18,1064,675110,ggridges
2020-01-19,989,676099,ggridges
2020-01-20,2137,678236,ggridges
2020-01-21,2466,680702,ggridges
2020-01-22,2288,682990,ggridges
2020-01-23,2416,685406,ggridges
2020-01-24,1953,687359,ggridges
2020-01-25,860,688219,ggridges
2020-01-26,949,689168,ggridges
2020-01-27,2264,691432,ggridges
2020-01-28,2592,694024,ggridges
2020-01-29,2278,696302,ggridges
2020-01-30,2181,698483,ggridges
2020-01-31,1767,700250,ggridges
2020-02-01,878,701128,ggridges
2020-02-02,927,702055,ggridges
2020-02-03,2106,704161,ggridges
2020-02-04,2150,706311,ggridges
2020-02-05,2211,708522,ggridges
2020-02-06,2029,710551,ggridges
2020-02-07,1741,712292,ggridges
2020-02-08,949,713241,ggridges
2020-02-09,824,714065,ggridges
2020-02-10,1850,715915,ggridges
2020-02-11,2010,717925,ggridges
2020-02-12,2285,720210,ggridges
2020-02-13,1962,722172,ggridges
2020-02-14,1808,723980,ggridges
2020-02-15,922,724902,ggridges
2020-02-16,952,725854,ggridges
2020-02-17,1960,727814,ggridges
2020-02-18,2279,730093,ggridges
2020-02-19,2372,732465,ggridges
2020-02-20,2414,734879,ggridges
2020-02-21,1932,736811,ggridges
2020-02-22,1144,737955,ggridges
2020-02-23,1115,739070,ggridges
2020-02-24,2174,741244,ggridges
2020-02-25,2110,743354,ggridges
2020-02-26,2179,745533,ggridges
2020-02-27,2213,747746,ggridges
2020-02-28,1726,749472,ggridges
2020-02-29,210,749682,ggridges
2020-03-01,993,750675,ggridges
2020-03-02,2079,752754,ggridges
2020-03-03,2165,754919,ggridges
2020-03-04,2236,757155,ggridges
2020-03-05,2147,759302,ggridges
2020-03-06,1981,761283,ggridges
2020-03-07,935,762218,ggridges
2020-03-08,964,763182,ggridges
2020-03-09,1999,765181,ggridges
2020-03-10,2117,767298,ggridges
2020-03-11,2117,769415,ggridges
2020-03-12,1864,771279,ggridges
2020-03-13,1578,772857,ggridges
2020-03-14,802,773659,ggridges
2020-03-15,856,774515,ggridges
2020-03-16,1755,776270,ggridges
2020-03-17,1800,778070,ggridges
2020-03-18,1811,779881,ggridges
2020-03-19,1824,781705,ggridges
2020-03-20,1649,783354,ggridges
2020-03-21,929,784283,ggridges
2020-03-22,1049,785332,ggridges
2020-03-23,1853,787185,ggridges
2020-03-24,1867,789052,ggridges
2020-03-25,1759,790811,ggridges
2020-03-26,1929,792740,ggridges
2020-03-27,1738,794478,ggridges
2020-03-28,1050,795528,ggridges
2020-03-29,1129,796657,ggridges
2020-03-30,1880,798537,ggridges
2020-03-31,2117,800654,ggridges
2020-04-01,2135,802789,ggridges
2020-04-02,2028,804817,ggridges
2020-04-03,1692,806509,ggridges
2020-04-04,1051,807560,ggridges
2020-04-05,1106,808666,ggridges
2020-04-06,1930,810596,ggridges
2020-04-07,1960,812556,ggridges
2020-04-08,1979,814535,ggridges
2020-04-09,1988,816523,ggridges
2020-04-10,1550,818073,ggridges
2020-04-11,1020,819093,ggridges
2020-04-12,993,820086,ggridges
2020-04-13,1619,821705,ggridges
2020-04-14,1990,823695,ggridges
2020-04-15,1992,825687,ggridges
2020-04-16,1994,827681,ggridges
2020-04-17,1928,829609,ggridges
2020-04-18,1063,830672,ggridges
2020-04-19,1077,831749,ggridges
2020-04-20,1888,833637,ggridges
2020-04-21,1933,835570,ggridges
2020-04-22,2299,837869,ggridges
2020-04-23,2103,839972,ggridges
2020-04-24,2341,842313,ggridges
2020-04-25,1612,843925,ggridges
2020-04-26,1488,845413,ggridges
2020-04-27,2561,847974,ggridges
2020-04-28,2740,850714,ggridges
2020-04-29,2543,853257,ggridges
2020-04-30,2383,855640,ggridges
2020-05-01,1935,857575,ggridges
2020-05-02,1239,858814,ggridges
2020-05-03,1458,860272,ggridges
2020-05-04,2253,862525,ggridges
2020-05-05,2266,864791,ggridges
2020-05-06,2266,867057,ggridges
2020-05-07,2084,869141,ggridges
2020-05-08,1775,870916,ggridges
2020-05-09,1183,872099,ggridges
2020-05-10,1182,873281,ggridges
2020-05-11,1997,875278,ggridges
2020-05-12,2232,877510,ggridges
2020-05-13,2180,879690,ggridges
2020-05-14,2253,881943,ggridges
2020-05-15,1990,883933,ggridges
2020-05-16,1191,885124,ggridges
2020-05-17,1180,886304,ggridges
2020-05-18,2149,888453,ggridges
2020-05-19,2090,890543,ggridges
2020-05-20,2269,892812,ggridges
2020-05-21,1867,894679,ggridges
2020-05-22,1856,896535,ggridges
2020-05-23,1066,897601,ggridges
2020-05-24,1222,898823,ggridges
2020-05-25,2017,900840,ggridges
2020-05-26,2069,902909,ggridges
2020-05-27,2248,905157,ggridges
2020-05-28,2285,907442,ggridges
2020-05-29,1775,909217,ggridges
2020-05-30,1004,910221,ggridges
2020-05-31,1042,911263,ggridges
2020-06-01,1633,912896,ggridges
2020-06-02,2068,914964,ggridges
2020-06-03,2027,916991,ggridges
2020-06-04,1867,918858,ggridges
2020-06-05,1730,920588,ggridges
2020-06-06,939,921527,ggridges
2020-06-07,1073,922600,ggridges
2020-06-08,1918,924518,ggridges
2020-06-09,2039,926557,ggridges
2020-06-10,1994,928551,ggridges
2020-06-11,1947,930498,ggridges
2020-06-12,1811,932309,ggridges
2020-06-13,897,933206,ggridges
2020-06-14,933,934139,ggridges
2020-06-15,1953,936092,ggridges
2020-06-16,1907,937999,ggridges
2020-06-17,1944,939943,ggridges
2020-06-18,2079,942022,ggridges
2020-06-19,1827,943849,ggridges
2020-06-20,917,944766,ggridges
2020-06-21,805,945571,ggridges
2020-06-22,1745,947316,ggridges
2020-06-23,1998,949314,ggridges
2020-06-24,1750,951064,ggridges
2020-06-25,1743,952807,ggridges
2020-06-26,1650,954457,ggridges
2020-06-27,935,955392,ggridges
2020-06-28,990,956382,ggridges
2020-06-29,1777,958159,ggridges
2020-06-30,1814,959973,ggridges
2020-07-01,1768,961741,ggridges
2020-07-02,1735,963476,ggridges
2020-07-03,1564,965040,ggridges
2020-07-04,785,965825,ggridges
2020-07-05,837,966662,ggridges
2020-07-06,1893,968555,ggridges
2020-07-07,1884,970439,ggridges
2020-07-08,1920,972359,ggridges
2020-07-09,1856,974215,ggridges
2020-07-10,1600,975815,ggridges
2020-07-11,836,976651,ggridges
2020-07-12,822,977473,ggridges
2020-07-13,1685,979158,ggridges
2020-07-14,1616,980774,ggridges
2020-07-15,1574,982348,ggridges
2020-07-16,1613,983961,ggridges
2020-07-17,1407,985368,ggridges
2020-07-18,798,986166,ggridges
2020-07-19,830,986996,ggridges
2020-07-20,1551,988547,ggridges
2020-07-21,1655,990202,ggridges
2020-07-22,1711,991913,ggridges
2020-07-23,1510,993423,ggridges
2020-07-24,1395,994818,ggridges
2020-07-25,647,995465,ggridges
2020-07-26,838,996303,ggridges
2020-07-27,1573,997876,ggridges
2020-07-28,1557,999433,ggridges
2020-07-29,1459,1000892,ggridges
2020-07-30,1489,1002381,ggridges
2020-07-31,1324,1003705,ggridges
2020-08-01,695,1004400,ggridges
2020-08-02,728,1005128,ggridges
2020-08-03,1623,1006751,ggridges
2020-08-04,1554,1008305,ggridges
2020-08-05,1530,1009835,ggridges
2020-08-06,1504,1011339,ggridges
2020-08-07,1419,1012758,ggridges
2020-08-08,707,1013465,ggridges
2020-08-09,667,1014132,ggridges
2020-08-10,1334,1015466,ggridges
2020-08-11,1397,1016863,ggridges
2020-08-12,1448,1018311,ggridges
2020-08-13,1518,1019829,ggridges
2020-08-14,1283,1021112,ggridges
2020-08-15,649,1021761,ggridges
2020-08-16,758,1022519,ggridges
2020-08-17,1484,1024003,ggridges
2020-08-18,1692,1025695,ggridges
2020-08-19,1666,1027361,ggridges
2020-08-20,1445,1028806,ggridges
2020-08-21,1391,1030197,ggridges
2020-08-22,635,1030832,ggridges
2020-08-23,918,1031750,ggridges
2020-08-24,1445,1033195,ggridges
2020-08-25,1674,1034869,ggridges
2020-08-26,1518,1036387,ggridges
2020-08-27,1545,1037932,ggridges
2020-08-28,1286,1039218,ggridges
2020-08-29,736,1039954,ggridges
2020-08-30,784,1040738,ggridges
2020-08-31,1650,1042388,ggridges
2020-09-01,1784,1044172,ggridges
2020-09-02,1606,1045778,ggridges
2020-09-03,1556,1047334,ggridges
2020-09-04,1264,1048598,ggridges
2020-09-05,587,1049185,ggridges
2020-09-06,676,1049861,ggridges
2020-09-07,1454,1051315,ggridges
2020-09-08,1757,1053072,ggridges
2020-09-09,1925,1054997,ggridges
2020-09-10,1978,1056975,ggridges
2020-09-11,1553,1058528,ggridges
2020-09-12,805,1059333,ggridges
2020-09-13,967,1060300,ggridges
2020-09-14,1879,1062179,ggridges
2020-09-15,2059,1064238,ggridges
2020-09-16,2908,1067146,ggridges
2020-09-17,2833,1069979,ggridges
2020-09-18,2266,1072245,ggridges
2020-09-19,1268,1073513,ggridges
2020-09-20,1253,1074766,ggridges
2020-09-21,2470,1077236,ggridges
2020-09-22,2716,1079952,ggridges
2020-09-23,2719,1082671,ggridges
2020-09-24,2546,1085217,ggridges
2020-09-25,2416,1087633,ggridges
2020-09-26,1260,1088893,ggridges
2020-09-27,1372,1090265,ggridges
2020-09-28,2409,1092674,ggridges
2020-09-29,2360,1095034,ggridges
2020-09-30,2422,1097456,ggridges
2020-10-01,2423,1099879,ggridges
2020-10-02,2071,1101950,ggridges
2020-10-03,1006,1102956,ggridges
2020-10-04,1182,1104138,ggridges
2020-10-05,2615,1106753,ggridges
2020-10-06,2540,1109293,ggridges
2020-10-07,2636,1111929,ggridges
2020-10-08,2586,1114515,ggridges
2020-10-09,2258,1116773,ggridges
2020-10-10,1233,1118006,ggridges
2020-10-11,1280,1119286,ggridges
2020-10-12,2489,1121775,ggridges
2020-10-13,2468,1124243,ggridges
2020-10-14,2659,1126902,ggridges
2020-10-15,2579,1129481,ggridges
2020-10-16,2177,1131658,ggridges
2020-10-17,1278,1132936,ggridges
2020-10-18,1138,1134074,ggridges
2020-10-19,2545,1136619,ggridges
2020-10-20,2688,1139307,ggridges
2020-10-21,2402,1141709,ggridges
2020-10-22,2633,1144342,ggridges
2020-10-23,2115,1146457,ggridges
2020-10-24,1267,1147724,ggridges
2020-10-25,1174,1148898,ggridges
2020-10-26,2383,1151281,ggridges
2020-10-27,2655,1153936,ggridges
2020-10-28,2285,1156221,ggridges
2020-10-29,2219,1158440,ggridges
2020-10-30,1888,1160328,ggridges
2020-10-31,1027,1161355,ggridges
2020-11-01,1104,1162459,ggridges
2020-11-02,2125,1164584,ggridges
2020-11-03,2172,1166756,ggridges
2020-11-04,2143,1168899,ggridges
2020-11-05,2222,1171121,ggridges
2020-11-06,1849,1172970,ggridges
2020-11-07,1068,1174038,ggridges
2020-11-08,1181,1175219,ggridges
2020-11-09,2267,1177486,ggridges
2020-11-10,2088,1179574,ggridges
2020-11-11,2078,1181652,ggridges
2020-11-12,2239,1183891,ggridges
2020-11-13,1798,1185689,ggridges
2020-11-14,1146,1186835,ggridges
2020-11-15,1176,1188011,ggridges
2020-11-16,2186,1190197,ggridges
2020-11-17,2190,1192387,ggridges
2020-11-18,2030,1194417,ggridges
2020-11-19,1973,1196390,ggridges
2020-11-20,1966,1198356,ggridges
2020-11-21,955,1199311,ggridges
2020-11-22,1109,1200420,ggridges
2020-11-23,2021,1202441,ggridges
2020-11-24,2182,1204623,ggridges
2020-11-25,1595,1206218,ggridges
2020-11-26,1457,1207675,ggridges
2020-11-27,1459,1209134,ggridges
2020-11-28,918,1210052,ggridges
2020-11-29,1070,1211122,ggridges
2020-11-30,1921,1213043,ggridges
2020-12-01,2056,1215099,ggridges
2020-12-02,2213,1217312,ggridges
2020-12-03,2239,1219551,ggridges
2020-12-04,2019,1221570,ggridges
2020-12-05,1045,1222615,ggridges
2020-12-06,1080,1223695,ggridges
2020-12-07,1913,1225608,ggridges
2020-12-08,1967,1227575,ggridges
2020-12-09,1952,1229527,ggridges
2020-12-10,1783,1231310,ggridges
2020-12-11,1799,1233109,ggridges
2020-12-12,931,1234040,ggridges
2020-12-13,988,1235028,ggridges
2020-12-14,1769,1236797,ggridges
2020-12-15,1967,1238764,ggridges
2020-12-16,1893,1240657,ggridges
2020-12-17,1860,1242517,ggridges
2020-12-18,1556,1244073,ggridges
2020-12-19,924,1244997,ggridges
2020-12-20,855,1245852,ggridges
2020-12-21,1419,1247271,ggridges
2020-12-22,1530,1248801,ggridges
2020-12-23,1227,1250028,ggridges
2020-12-24,704,1250732,ggridges
2020-12-25,506,1251238,ggridges
2020-12-26,702,1251940,ggridges
2020-12-27,634,1252574,ggridges
2020-12-28,1023,1253597,ggridges
2020-12-29,1103,1254700,ggridges
2020-12-30,1028,1255728,ggridges
2020-12-31,796,1256524,ggridges
2021-01-01,576,1257100,ggridges
2021-01-02,844,1257944,ggridges
2021-01-03,802,1258746,ggridges
2021-01-04,1778,1260524,ggridges
2021-01-05,1739,1262263,ggridges
2021-01-06,1672,1263935,ggridges
2021-01-07,1809,1265744,ggridges
2021-01-08,2641,1268385,ggridges
2021-01-09,2026,1270411,ggridges
2021-01-10,1961,1272372,ggridges
2021-01-11,3906,1276278,ggridges
2021-01-12,3588,1279866,ggridges
2021-01-13,3923,1283789,ggridges
2021-01-14,3688,1287477,ggridges
2021-01-15,3142,1290619,ggridges
2021-01-16,1772,1292391,ggridges
2021-01-17,2038,1294429,ggridges
2021-01-18,3159,1297588,ggridges
2021-01-19,3815,1301403,ggridges
2021-01-20,3777,1305180,ggridges
2021-01-21,4103,1309283,ggridges
2021-01-22,3072,1312355,ggridges
2021-01-23,1651,1314006,ggridges
2021-01-24,1680,1315686,ggridges
2021-01-25,3085,1318771,ggridges
2021-01-26,3371,1322142,ggridges
2021-01-27,3368,1325510,ggridges
2021-01-28,3195,1328705,ggridges
2021-01-29,2533,1331238,ggridges
2021-01-30,1386,1332624,ggridges
2021-01-31,1553,1334177,ggridges
2021-02-01,3209,1337386,ggridges
2021-02-02,3394,1340780,ggridges
2021-02-03,3096,1343876,ggridges
2021-02-04,3180,1347056,ggridges
2021-02-05,2656,1349712,ggridges
2021-02-06,1380,1351092,ggridges
2021-02-07,1644,1352736,ggridges
2021-02-08,2932,1355668,ggridges
2021-02-09,3251,1358919,ggridges
2021-02-10,2924,1361843,ggridges
2021-02-11,2663,1364506,ggridges
2021-02-12,2254,1366760,ggridges
2021-02-13,1267,1368027,ggridges
2021-02-14,1224,1369251,ggridges
2021-02-15,2483,1371734,ggridges
2021-02-16,2619,1374353,ggridges
2021-02-17,2629,1376982,ggridges
2021-02-18,2451,1379433,ggridges
2021-02-19,2426,1381859,ggridges
2021-02-20,1259,1383118,ggridges
2021-02-21,1476,1384594,ggridges
2021-02-22,2777,1387371,ggridges
2021-02-23,2685,1390056,ggridges
2021-02-24,2882,1392938,ggridges
2021-02-25,2537,1395475,ggridges
2021-02-26,2356,1397831,ggridges
2021-02-27,1368,1399199,ggridges
2021-02-28,1453,1400652,ggridges
2021-03-01,2663,1403315,ggridges
2021-03-02,2883,1406198,ggridges
2021-03-03,2977,1409175,ggridges
2021-03-04,2749,1411924,ggridges
2021-03-05,2747,1414671,ggridges
2021-03-06,1236,1415907,ggridges
2021-03-07,1620,1417527,ggridges
2021-03-08,2846,1420373,ggridges
2021-03-09,2999,1423372,ggridges
2021-03-10,3207,1426579,ggridges
2021-03-11,2975,1429554,ggridges
2021-03-12,2656,1432210,ggridges
2021-03-13,1545,1433755,ggridges
2021-03-14,1635,1435390,ggridges
2021-03-15,3088,1438478,ggridges
2021-03-16,2957,1441435,ggridges
2021-03-17,2910,1444345,ggridges
2021-03-18,2854,1447199,ggridges
2021-03-19,2430,1449629,ggridges
2021-03-20,1397,1451026,ggridges
2021-03-21,1457,1452483,ggridges
2021-03-22,2979,1455462,ggridges
2021-03-23,2975,1458437,ggridges
2021-03-24,2691,1461128,ggridges
2021-03-25,2774,1463902,ggridges
2021-03-26,2328,1466230,ggridges
2021-03-27,1350,1467580,ggridges
2021-03-28,1304,1468884,ggridges
2021-03-29,2593,1471477,ggridges
2021-03-30,2657,1474134,ggridges
2021-03-31,2647,1476781,ggridges
2021-04-01,2478,1479259,ggridges
2021-04-02,2017,1481276,ggridges
2021-04-03,1428,1482704,ggridges
2021-04-04,1204,1483908,ggridges
2021-04-05,2084,1485992,ggridges
2021-04-06,2622,1488614,ggridges
2021-04-07,2859,1491473,ggridges
2021-04-08,2684,1494157,ggridges
2021-04-09,2540,1496697,ggridges
2021-04-10,1441,1498138,ggridges
2021-04-11,1308,1499446,ggridges
2021-04-12,2652,1502098,ggridges
2021-04-13,2790,1504888,ggridges
2021-04-14,2431,1507319,ggridges
2021-04-15,2514,1509833,ggridges
2021-04-16,2206,1512039,ggridges
2021-04-17,1193,1513232,ggridges
2021-04-18,1279,1514511,ggridges
2021-04-19,2364,1516875,ggridges
2021-04-20,2739,1519614,ggridges
2021-04-21,2676,1522290,ggridges
2021-04-22,2571,1524861,ggridges
2021-04-23,2320,1527181,ggridges
2021-04-24,1179,1528360,ggridges
2021-04-25,1218,1529578,ggridges
2021-04-26,2334,1531912,ggridges
2021-04-27,2325,1534237,ggridges
2021-04-28,2177,1536414,ggridges
2021-04-29,2112,1538526,ggridges
2021-04-30,1778,1540304,ggridges
2021-05-01,901,1541205,ggridges
2021-05-02,916,1542121,ggridges
2021-05-03,1991,1544112,ggridges
2021-05-04,2216,1546328,ggridges
2021-05-05,2185,1548513,ggridges
2021-05-06,2243,1550756,ggridges
2021-05-07,2068,1552824,ggridges
2021-05-08,942,1553766,ggridges
2021-05-09,938,1554704,ggridges
2021-05-10,2161,1556865,ggridges
2021-05-11,2343,1559208,ggridges
2021-05-12,2310,1561518,ggridges
2021-05-13,1883,1563401,ggridges
2021-05-14,1930,1565331,ggridges
2021-05-15,1023,1566354,ggridges
2021-05-16,1333,1567687,ggridges
2021-05-17,2579,1570266,ggridges
2021-05-18,2913,1573179,ggridges
2021-05-19,3141,1576320,ggridges
2021-05-20,2870,1579190,ggridges
2021-05-21,2534,1581724,ggridges
2021-05-22,1262,1582986,ggridges
2021-05-23,1292,1584278,ggridges
2021-05-24,2335,1586613,ggridges
2021-05-25,2668,1589281,ggridges
2021-05-26,2634,1591915,ggridges
2021-05-27,2616,1594531,ggridges
2021-05-28,1973,1596504,ggridges
2021-05-29,1269,1597773,ggridges
2021-05-30,1202,1598975,ggridges
2021-05-31,1990,1600965,ggridges
2021-06-01,2336,1603301,ggridges
2021-06-02,2454,1605755,ggridges
2021-06-03,2489,1608244,ggridges
2021-06-04,2013,1610257,ggridges
2021-06-05,1062,1611319,ggridges
2021-06-06,1093,1612412,ggridges
2021-06-07,2309,1614721,ggridges
2021-06-08,2520,1617241,ggridges
2021-06-09,2506,1619747,ggridges
2021-06-10,2283,1622030,ggridges
2021-06-11,2098,1624128,ggridges
2021-06-12,945,1625073,ggridges
2021-06-13,946,1626019,ggridges
2021-06-14,2357,1628376,ggridges
2021-06-15,2153,1630529,ggridges
2021-06-16,2313,1632842,ggridges
2021-06-17,2146,1634988,ggridges
2021-06-18,1912,1636900,ggridges
2021-06-19,932,1637832,ggridges
2021-06-20,1088,1638920,ggridges
2021-06-21,2208,1641128,ggridges
2021-06-22,2185,1643313,ggridges
2021-06-23,2181,1645494,ggridges
2021-06-24,2047,1647541,ggridges
2021-06-25,1798,1649339,ggridges
2021-06-26,917,1650256,ggridges
2021-06-27,896,1651152,ggridges
2021-06-28,2224,1653376,ggridges
2021-06-29,2346,1655722,ggridges
2021-06-30,2045,1657767,ggridges
2021-07-01,1877,1659644,ggridges
2021-07-02,1831,1661475,ggridges
2021-07-03,882,1662357,ggridges
2021-07-04,932,1663289,ggridges
2021-07-05,1837,1665126,ggridges
2021-07-06,2085,1667211,ggridges
2021-07-07,2160,1669371,ggridges
2021-07-08,2083,1671454,ggridges
2021-07-09,1873,1673327,ggridges
2021-07-10,817,1674144,ggridges
2021-07-11,857,1675001,ggridges
2021-07-12,2101,1677102,ggridges
2021-07-13,3114,1680216,ggridges
2021-07-14,2172,1682388,ggridges
2021-07-15,2003,1684391,ggridges
2021-07-16,1757,1686148,ggridges
2021-07-17,929,1687077,ggridges
2021-07-18,1017,1688094,ggridges
2021-07-19,1950,1690044,ggridges
2021-07-20,2162,1692206,ggridges
2021-07-21,2043,1694249,ggridges
2021-07-22,1968,1696217,ggridges
2021-07-23,1743,1697960,ggridges
2021-07-24,954,1698914,ggridges
2021-07-25,957,1699871,ggridges
2021-07-26,2027,1701898,ggridges
2021-07-27,2180,1704078,ggridges
2021-07-28,2028,1706106,ggridges
2021-07-29,1839,1707945,ggridges
2021-07-30,1466,1709411,ggridges
2021-07-31,754,1710165,ggridges
2021-08-01,1013,1711178,ggridges
2021-08-02,1873,1713051,ggridges
2021-08-03,2129,1715180,ggridges
2021-08-04,2133,1717313,ggridges
2021-08-05,1857,1719170,ggridges
2021-08-06,1508,1720678,ggridges
2021-08-07,808,1721486,ggridges
2021-08-08,903,1722389,ggridges
2021-08-09,2009,1724398,ggridges
2021-08-10,2186,1726584,ggridges
2021-08-11,1998,1728582,ggridges
2021-08-12,2156,1730738,ggridges
2021-08-13,1764,1732502,ggridges
2021-08-14,857,1733359,ggridges
2021-08-15,884,1734243,ggridges
2021-08-16,1747,1735990,ggridges
2021-08-17,1885,1737875,ggridges
2021-08-18,2013,1739888,ggridges
2021-08-19,1810,1741698,ggridges
2021-08-20,1768,1743466,ggridges
2021-08-21,899,1744365,ggridges
2021-08-22,906,1745271,ggridges
2021-08-23,2106,1747377,ggridges
2021-08-24,2202,1749579,ggridges
2021-08-25,2241,1751820,ggridges
2021-08-26,2112,1753932,ggridges
2021-08-27,1964,1755896,ggridges
2021-08-28,903,1756799,ggridges
2021-08-29,959,1757758,ggridges
2021-08-30,2091,1759849,ggridges
2021-08-31,2494,1762343,ggridges
2021-09-01,2625,1764968,ggridges
2021-09-02,2331,1767299,ggridges
2021-09-03,2111,1769410,ggridges
2021-09-04,1008,1770418,ggridges
2021-09-05,1033,1771451,ggridges
2021-09-06,2036,1773487,ggridges
2021-09-07,2777,1776264,ggridges
2021-09-08,2538,1778802,ggridges
2021-09-09,3014,1781816,ggridges
2021-09-10,2288,1784104,ggridges
2021-09-11,1123,1785227,ggridges
2021-09-12,1317,1786544,ggridges
2021-09-13,2701,1789245,ggridges
2021-09-14,2753,1791998,ggridges
2021-09-15,2780,1794778,ggridges
2021-09-16,2617,1797395,ggridges
2021-09-17,2457,1799852,ggridges
2021-09-18,1200,1801052,ggridges
2021-09-19,1200,1802252,ggridges
2021-09-20,2566,1804818,ggridges
2021-09-21,3127,1807945,ggridges
2021-09-22,2517,1810462,ggridges
2021-09-23,2347,1812809,ggridges
2021-09-24,2175,1814984,ggridges
2021-09-25,975,1815959,ggridges
2021-09-26,1109,1817068,ggridges
2021-09-27,3083,1820151,ggridges
2021-09-28,2797,1822948,ggridges
2021-09-29,3135,1826083,ggridges
2021-09-30,2939,1829022,ggridges
2021-10-01,2482,1831504,ggridges
2021-10-02,1146,1832650,ggridges
2021-10-03,1122,1833772,ggridges
2021-10-04,2629,1836401,ggridges
2021-10-05,2900,1839301,ggridges
2021-10-06,2771,1842072,ggridges
2021-10-07,2839,1844911,ggridges
2021-10-08,2075,1846986,ggridges
2021-10-09,1081,1848067,ggridges
2021-10-10,1210,1849277,ggridges
2021-10-11,2473,1851750,ggridges
2021-10-12,3123,1854873,ggridges
2021-10-13,2764,1857637,ggridges
2021-10-14,2404,1860041,ggridges
2021-10-15,2160,1862201,ggridges
2021-10-16,1249,1863450,ggridges
2021-10-17,1281,1864731,ggridges
2021-10-18,2622,1867353,ggridges
2021-10-19,2863,1870216,ggridges
2021-10-20,2882,1873098,ggridges
2021-10-21,3031,1876129,ggridges
2021-10-22,2199,1878328,ggridges
2021-10-23,1268,1879596,ggridges
2021-10-24,1339,1880935,ggridges
2021-10-25,2798,1883733,ggridges
2021-10-26,3060,1886793,ggridges
2021-10-27,2715,1889508,ggridges
2021-10-28,2661,1892169,ggridges
2021-10-29,2354,1894523,ggridges
2021-10-30,1289,1895812,ggridges
2021-10-31,1104,1896916,ggridges
2021-11-01,2515,1899431,ggridges
2021-11-02,2603,1902034,ggridges
2021-11-03,2529,1904563,ggridges
2021-11-04,2694,1907257,ggridges
2021-11-05,2560,1909817,ggridges
2021-11-06,1328,1911145,ggridges
2021-11-07,1540,1912685,ggridges
2021-11-08,2779,1915464,ggridges
2021-11-09,2740,1918204,ggridges
2021-11-10,2991,1921195,ggridges
2021-11-11,2597,1923792,ggridges
2021-11-12,2391,1926183,ggridges
2021-11-13,1169,1927352,ggridges
2021-11-14,1289,1928641,ggridges
2021-11-15,2724,1931365,ggridges
2021-11-16,2590,1933955,ggridges
2021-11-17,2490,1936445,ggridges
2021-11-18,2532,1938977,ggridges
2021-11-19,2031,1941008,ggridges
2021-11-20,986,1941994,ggridges
2021-11-21,1078,1943072,ggridges
2021-11-22,2299,1945371,ggridges
2021-11-23,2524,1947895,ggridges
2021-11-24,2222,1950117,ggridges
2021-11-25,1936,1952053,ggridges
2021-11-26,1550,1953603,ggridges
2021-11-27,1049,1954652,ggridges
2021-11-28,1004,1955656,ggridges
2021-11-29,2345,1958001,ggridges
2021-11-30,2699,1960700,ggridges
2021-12-01,2394,1963094,ggridges
2021-12-02,2293,1965387,ggridges
2021-12-03,2095,1967482,ggridges
2021-12-04,1270,1968752,ggridges
2021-12-05,1088,1969840,ggridges
2021-12-06,2291,1972131,ggridges
2021-12-07,2452,1974583,ggridges
2021-12-08,2290,1976873,ggridges
2021-12-09,2498,1979371,ggridges
2021-12-10,2018,1981389,ggridges
2021-12-11,1067,1982456,ggridges
2021-12-12,1082,1983538,ggridges
2021-12-13,2156,1985694,ggridges
2021-12-14,1979,1987673,ggridges
2021-12-15,2036,1989709,ggridges
2021-12-16,1709,1991418,ggridges
2021-12-17,1651,1993069,ggridges
2021-12-18,790,1993859,ggridges
2021-12-19,757,1994616,ggridges
2021-12-20,1535,1996151,ggridges
2021-12-21,1614,1997765,ggridges
2021-12-22,1532,1999297,ggridges
2021-12-23,1168,2000465,ggridges
2021-12-24,868,2001333,ggridges
2021-12-25,501,2001834,ggridges
2021-12-26,575,2002409,ggridges
2021-12-27,998,2003407,ggridges
2021-12-28,1147,2004554,ggridges
2021-12-29,994,2005548,ggridges
2021-12-30,881,2006429,ggridges
2021-12-31,660,2007089,ggridges
2022-01-01,431,2007520,ggridges
2022-01-02,775,2008295,ggridges
2022-01-03,1393,2009688,ggridges
2022-01-04,1949,2011637,ggridges
2022-01-05,1835,2013472,ggridges
2022-01-06,2082,2015554,ggridges
2022-01-07,1992,2017546,ggridges
2022-01-08,896,2018442,ggridges
2022-01-09,986,2019428,ggridges
2022-01-10,2166,2021594,ggridges
2022-01-11,2514,2024108,ggridges
2022-01-12,2641,2026749,ggridges
2022-01-13,2714,2029463,ggridges
2022-01-14,2327,2031790,ggridges
2022-01-15,1060,2032850,ggridges
2022-01-16,1177,2034027,ggridges
2022-01-17,2184,2036211,ggridges
2022-01-18,2765,2038976,ggridges
2022-01-19,2863,2041839,ggridges
2022-01-20,2699,2044538,ggridges
2022-01-21,2274,2046812,ggridges
2022-01-22,1237,2048049,ggridges
2022-01-23,1164,2049213,ggridges
2022-01-24,2464,2051677,ggridges
2022-01-25,2592,2054269,ggridges
2022-01-26,2560,2056829,ggridges
2022-01-27,2461,2059290,ggridges
2022-01-28,2372,2061662,ggridges
2022-01-29,1194,2062856,ggridges
2022-01-30,1025,2063881,ggridges
2022-01-31,2235,2066116,ggridges
2022-02-01,2592,2068708,ggridges
2022-02-02,2520,2071228,ggridges
2022-02-03,2489,2073717,ggridges
2022-02-04,2054,2075771,ggridges
2022-02-05,982,2076753,ggridges
2022-02-06,1198,2077951,ggridges
2022-02-07,2618,2080569,ggridges
2022-02-08,2728,2083297,ggridges
2022-02-09,2584,2085881,ggridges
2022-02-10,2441,2088322,ggridges
2022-02-11,2266,2090588,ggridges
2022-02-12,1000,2091588,ggridges
2022-02-13,1052,2092640,ggridges
2022-02-14,2497,2095137,ggridges
2022-02-15,2506,2097643,ggridges
2022-02-16,2288,2099931,ggridges
2022-02-17,2410,2102341,ggridges
2022-02-18,1857,2104198,ggridges
2022-02-19,1011,2105209,ggridges
2022-02-20,1055,2106264,ggridges
2022-02-21,2457,2108721,ggridges
2022-02-22,2426,2111147,ggridges
2022-02-23,2389,2113536,ggridges
2022-02-24,2319,2115855,ggridges
2022-02-25,2095,2117950,ggridges
2022-02-26,1070,2119020,ggridges
2022-02-27,1072,2120092,ggridges
2022-02-28,2285,2122377,ggridges
2022-03-01,2892,2125269,ggridges
2022-03-02,2645,2127914,ggridges
2022-03-03,2436,2130350,ggridges
2022-03-04,2230,2132580,ggridges
2022-03-05,1176,2133756,ggridges
2022-03-06,1187,2134943,ggridges
2022-03-07,2441,2137384,ggridges
2022-03-08,2673,2140057,ggridges
2022-03-09,2561,2142618,ggridges
2022-03-10,2555,2145173,ggridges
2022-03-11,2098,2147271,ggridges
2022-03-12,1194,2148465,ggridges
2022-03-13,1186,2149651,ggridges
2022-03-14,2719,2152370,ggridges
2022-03-15,2784,2155154,ggridges
2022-03-16,2845,2157999,ggridges
2022-03-17,2725,2160724,ggridges
2022-03-18,2364,2163088,ggridges
2022-03-19,1184,2164272,ggridges
2022-03-20,1284,2165556,ggridges
2022-03-21,2802,2168358,ggridges
2022-03-22,2435,2170793,ggridges
2022-03-23,2475,2173268,ggridges
2022-03-24,2397,2175665,ggridges
2022-03-25,2548,2178213,ggridges
2022-03-26,1119,2179332,ggridges
2022-03-27,1276,2180608,ggridges
2022-03-28,2406,2183014,ggridges
2022-03-29,2704,2185718,ggridges
2022-03-30,2768,2188486,ggridges
2022-03-31,2689,2191175,ggridges
2022-04-01,2259,2193434,ggridges
2022-04-02,1227,2194661,ggridges
2022-04-03,1198,2195859,ggridges
2022-04-04,2401,2198260,ggridges
2022-04-05,2667,2200927,ggridges
2022-04-06,2896,2203823,ggridges
2022-04-07,2387,2206210,ggridges
2022-04-08,1999,2208209,ggridges
2022-04-09,1144,2209353,ggridges
2022-04-10,1066,2210419,ggridges
2022-04-11,2358,2212777,ggridges
2022-04-12,2403,2215180,ggridges
2022-04-13,2253,2217433,ggridges
2022-04-14,2227,2219660,ggridges
2022-04-15,1373,2221033,ggridges
2022-04-16,885,2221918,ggridges
2022-04-17,900,2222818,ggridges
2022-04-18,1894,2224712,ggridges
2022-04-19,2178,2226890,ggridges
2022-04-20,2491,2229381,ggridges
2022-04-21,2595,2231976,ggridges
2022-04-22,2154,2234130,ggridges
2022-04-23,1452,2235582,ggridges
2022-04-24,1419,2237001,ggridges
2022-04-25,2603,2239604,ggridges
2022-04-26,2736,2242340,ggridges
2022-04-27,2490,2244830,ggridges
2022-04-28,2940,2247770,ggridges
2022-04-29,2340,2250110,ggridges
2022-04-30,1176,2251286,ggridges
2022-05-01,1217,2252503,ggridges
2022-05-02,2428,2254931,ggridges
2022-05-03,2605,2257536,ggridges
2022-05-04,2614,2260150,ggridges
2022-05-05,2529,2262679,ggridges
2022-05-06,2317,2264996,ggridges
2022-05-07,1118,2266114,ggridges
2022-05-08,1043,2267157,ggridges
2022-05-09,2380,2269537,ggridges
2022-05-10,2682,2272219,ggridges
2022-05-11,2488,2274707,ggridges
2022-05-12,2405,2277112,ggridges
2022-05-13,2204,2279316,ggridges
2022-05-14,1047,2280363,ggridges
2022-05-15,1090,2281453,ggridges
2022-05-16,2424,2283877,ggridges
2022-05-17,2468,2286345,ggridges
2022-05-18,2547,2288892,ggridges
2022-05-19,2492,2291384,ggridges
2022-05-20,1957,2293341,ggridges
2022-05-21,935,2294276,ggridges
2022-05-22,869,2295145,ggridges
2022-05-23,2087,2297232,ggridges
2022-05-24,2433,2299665,ggridges
2022-05-25,2534,2302199,ggridges
2022-05-26,2398,2304597,ggridges
2022-05-27,1700,2306297,ggridges
2022-05-28,872,2307169,ggridges
2022-05-29,1147,2308316,ggridges
2022-05-30,1789,2310105,ggridges
2022-05-31,2306,2312411,ggridges
2022-06-01,2081,2314492,ggridges
2022-06-02,2416,2316908,ggridges
2022-06-03,2377,2319285,ggridges
2022-06-04,992,2320277,ggridges
2022-06-05,967,2321244,ggridges
2022-06-06,2190,2323434,ggridges
2022-06-07,2406,2325840,ggridges
2022-06-08,2379,2328219,ggridges
2022-06-09,2469,2330688,ggridges
2022-06-10,2047,2332735,ggridges
2022-06-11,1026,2333761,ggridges
2022-06-12,1163,2334924,ggridges
2022-06-13,2193,2337117,ggridges
2022-06-14,2310,2339427,ggridges
2022-06-15,2255,2341682,ggridges
2022-06-16,1925,2343607,ggridges
2022-06-17,1904,2345511,ggridges
2022-06-18,920,2346431,ggridges
2022-06-19,911,2347342,ggridges
2022-06-20,1994,2349336,ggridges
2022-06-21,2215,2351551,ggridges
2022-06-22,2085,2353636,ggridges
2022-06-23,2106,2355742,ggridges
2022-06-24,1851,2357593,ggridges
2022-06-25,977,2358570,ggridges
2022-06-26,898,2359468,ggridges
2022-06-27,2164,2361632,ggridges
2022-06-28,2298,2363930,ggridges
2022-06-29,2190,2366120,ggridges
2022-06-30,1910,2368030,ggridges
2022-07-01,1672,2369702,ggridges
2022-07-02,809,2370511,ggridges
2022-07-03,862,2371373,ggridges
2022-07-04,1615,2372988,ggridges
2022-07-05,2231,2375219,ggridges
2022-07-06,2260,2377479,ggridges
2022-07-07,2049,2379528,ggridges
2022-07-08,1798,2381326,ggridges
2022-07-09,817,2382143,ggridges
2022-07-10,830,2382973,ggridges
2022-07-11,1988,2384961,ggridges
2022-07-12,2207,2387168,ggridges
2022-07-13,2084,2389252,ggridges
2022-07-14,2092,2391344,ggridges
2022-07-15,1842,2393186,ggridges
2022-07-16,837,2394023,ggridges
2022-07-17,912,2394935,ggridges
2022-07-18,1992,2396927,ggridges
2022-07-19,2304,2399231,ggridges
2022-07-20,2131,2401362,ggridges
2022-07-21,2337,2403699,ggridges
2022-07-22,1800,2405499,ggridges
2022-07-23,865,2406364,ggridges
2022-07-24,997,2407361,ggridges
2022-07-25,2195,2409556,ggridges
2022-07-26,2026,2411582,ggridges
2022-07-27,2073,2413655,ggridges
2022-07-28,1871,2415526,ggridges
2022-07-29,1648,2417174,ggridges
2022-07-30,823,2417997,ggridges
2022-07-31,883,2418880,ggridges
2022-08-01,1975,2420855,ggridges
2022-08-02,2158,2423013,ggridges
2022-08-03,2272,2425285,ggridges
2022-08-04,2279,2427564,ggridges
2022-08-05,1851,2429415,ggridges
2022-08-06,827,2430242,ggridges
2022-08-07,1009,2431251,ggridges
2022-08-08,2107,2433358,ggridges
2022-08-09,2160,2435518,ggridges
2022-08-10,2130,2437648,ggridges
2022-08-11,2286,2439934,ggridges
2022-08-12,1626,2441560,ggridges
2022-08-13,818,2442378,ggridges
2022-08-14,843,2443221,ggridges
2022-08-15,1914,2445135,ggridges
2022-08-16,2049,2447184,ggridges
2022-08-17,2429,2449613,ggridges
2022-08-18,2035,2451648,ggridges
2022-08-19,1946,2453594,ggridges
2022-08-20,948,2454542,ggridges
2022-08-21,1053,2455595,ggridges
2022-08-22,2356,2457951,ggridges
2022-08-23,2661,2460612,ggridges
2022-08-24,2540,2463152,ggridges
2022-08-25,2833,2465985,ggridges
2022-08-26,2043,2468028,ggridges
2022-08-27,880,2468908,ggridges
2022-08-28,1003,2469911,ggridges
2022-08-29,2428,2472339,ggridges
2022-08-30,2442,2474781,ggridges
2022-08-31,2284,2477065,ggridges
2022-09-01,2309,2479374,ggridges
2022-09-02,1945,2481319,ggridges
2022-09-03,817,2482136,ggridges
2022-09-04,996,2483132,ggridges
2022-09-05,2192,2485324,ggridges
2022-09-06,2587,2487911,ggridges
2022-09-07,2629,2490540,ggridges
2022-09-08,2821,2493361,ggridges
2022-09-09,2125,2495486,ggridges
2022-09-10,941,2496427,ggridges
2022-09-11,1076,2497503,ggridges
2022-09-12,2543,2500046,ggridges
2022-09-13,2923,2502969,ggridges
2022-09-14,2790,2505759,ggridges
2022-09-15,2984,2508743,ggridges
2022-09-16,2172,2510915,ggridges
2022-09-17,1052,2511967,ggridges
2022-09-18,1228,2513195,ggridges
2022-09-19,2560,2515755,ggridges
2022-09-20,2892,2518647,ggridges
2022-09-21,2867,2521514,ggridges
2022-09-22,2594,2524108,ggridges
2022-09-23,2272,2526380,ggridges
2022-09-24,1097,2527477,ggridges
2022-09-25,1196,2528673,ggridges
2022-09-26,5039,2533712,ggridges
2022-09-27,6064,2539776,ggridges
2022-09-28,4472,2544248,ggridges
2022-09-29,4239,2548487,ggridges
2022-09-30,3500,2551987,ggridges
2022-10-01,1624,2553611,ggridges
2022-10-02,1733,2555344,ggridges
2022-10-03,3573,2558917,ggridges
2022-10-04,4686,2563603,ggridges
2022-10-05,3877,2567480,ggridges
2022-10-06,3761,2571241,ggridges
2022-10-07,3096,2574337,ggridges
2022-10-08,1648,2575985,ggridges
2022-10-09,1609,2577594,ggridges
2022-10-10,3601,2581195,ggridges
2022-10-11,3825,2585020,ggridges
2022-10-12,3653,2588673,ggridges
2022-10-13,3625,2592298,ggridges
2022-10-14,3279,2595577,ggridges
2022-10-15,1371,2596948,ggridges
2022-10-16,1511,2598459,ggridges
2022-10-17,3538,2601997,ggridges
2022-10-18,3385,2605382,ggridges
2022-10-19,3398,2608780,ggridges
2022-10-20,3691,2612471,ggridges
2022-10-21,2995,2615466,ggridges
2022-10-22,1478,2616944,ggridges
2022-10-23,1550,2618494,ggridges
2022-10-24,3636,2622130,ggridges
2022-10-25,3616,2625746,ggridges
2022-10-26,3494,2629240,ggridges
2022-10-27,3462,2632702,ggridges
2022-10-28,2596,2635298,ggridges
2022-10-29,1221,2636519,ggridges
2022-10-30,1309,2637828,ggridges
2022-10-31,2845,2640673,ggridges
2022-11-01,2826,2643499,ggridges
2022-11-02,3194,2646693,ggridges
2022-11-03,3259,2649952,ggridges
2022-11-04,2538,2652490,ggridges
2022-11-05,1392,2653882,ggridges
2022-11-06,1491,2655373,ggridges
2022-11-07,3639,2659012,ggridges
2022-11-08,3683,2662695,ggridges
2022-11-09,3389,2666084,ggridges
2022-11-10,3643,2669727,ggridges
2022-11-11,2635,2672362,ggridges
2022-11-12,1355,2673717,ggridges
2022-11-13,1403,2675120,ggridges
2022-11-14,3128,2678248,ggridges
2022-11-15,3750,2681998,ggridges
2022-11-16,3521,2685519,ggridges
2022-11-17,3443,2688962,ggridges
2022-11-18,2950,2691912,ggridges
2022-11-19,1473,2693385,ggridges
2022-11-20,3420,2696805,ggridges
2022-11-21,3399,2700204,ggridges
2022-11-22,3201,2703405,ggridges
2022-11-23,2823,2706228,ggridges
2022-11-24,2309,2708537,ggridges
2022-11-25,2198,2710735,ggridges
2022-11-26,1203,2711938,ggridges
2022-11-27,1351,2713289,ggridges
2022-11-28,3098,2716387,ggridges
2022-11-29,3339,2719726,ggridges
2022-11-30,3078,2722804,ggridges
2022-12-01,2818,2725622,ggridges
2022-12-02,2661,2728283,ggridges
2022-12-03,1321,2729604,ggridges
2022-12-04,1373,2730977,ggridges
2022-12-05,2922,2733899,ggridges
2022-12-06,3090,2736989,ggridges
2022-12-07,3022,2740011,ggridges
2022-12-08,2598,2742609,ggridges
2022-12-09,2317,2744926,ggridges
2022-12-10,1189,2746115,ggridges
2022-12-11,1223,2747338,ggridges
2022-12-12,2437,2749775,ggridges
2022-12-13,2611,2752386,ggridges
2022-12-14,2331,2754717,ggridges
2022-12-15,2237,2756954,ggridges
2022-12-16,1986,2758940,ggridges
2022-12-17,963,2759903,ggridges
2022-12-18,961,2760864,ggridges
2022-12-19,2132,2762996,ggridges
2022-12-20,2039,2765035,ggridges
2022-12-21,1949,2766984,ggridges
2022-12-22,1709,2768693,ggridges
2022-12-23,1344,2770037,ggridges
2022-12-24,629,2770666,ggridges
2022-12-25,620,2771286,ggridges
2022-12-26,1023,2772309,ggridges
2022-12-27,1129,2773438,ggridges
2022-12-28,1200,2774638,ggridges
2022-12-29,1136,2775774,ggridges
2022-12-30,1023,2776797,ggridges
2022-12-31,556,2777353,ggridges
2023-01-01,663,2778016,ggridges
2023-01-02,1252,2779268,ggridges
2023-01-03,1803,2781071,ggridges
2023-01-04,1947,2783018,ggridges
2023-01-05,2171,2785189,ggridges
2023-01-06,2002,2787191,ggridges
2023-01-07,1536,2788727,ggridges
2023-01-08,1609,2790336,ggridges
2023-01-09,2887,2793223,ggridges
2023-01-10,2850,2796073,ggridges
2023-01-11,3393,2799466,ggridges
2023-01-12,2858,2802324,ggridges
2023-01-13,2193,2804517,ggridges
2023-01-14,1059,2805576,ggridges
2023-01-15,1221,2806797,ggridges
2023-01-16,2484,2809281,ggridges
2023-01-17,3359,2812640,ggridges
2023-01-18,3244,2815884,ggridges
2023-01-19,3227,2819111,ggridges
2023-01-20,2675,2821786,ggridges
2023-01-21,1009,2822795,ggridges
2023-01-22,1189,2823984,ggridges
2023-01-23,2800,2826784,ggridges
2023-01-24,3420,2830204,ggridges
2023-01-25,2866,2833070,ggridges
2023-01-26,2601,2835671,ggridges
2023-01-27,2533,2838204,ggridges
2023-01-28,1267,2839471,ggridges
2023-01-29,1312,2840783,ggridges
2023-01-30,2773,2843556,ggridges
2023-01-31,3066,2846622,ggridges
2023-02-01,3052,2849674,ggridges
2023-02-02,3081,2852755,ggridges
2023-02-03,2638,2855393,ggridges
2023-02-04,1202,2856595,ggridges
2023-02-05,1215,2857810,ggridges
2023-02-06,3006,2860816,ggridges
2023-02-07,3495,2864311,ggridges
2023-02-08,3385,2867696,ggridges
2023-02-09,3154,2870850,ggridges
2023-02-10,2917,2873767,ggridges
2023-02-11,1243,2875010,ggridges
2023-02-12,1295,2876305,ggridges
2023-02-13,2710,2879015,ggridges
2023-02-14,2961,2881976,ggridges
2023-02-15,2803,2884779,ggridges
2023-02-16,2939,2887718,ggridges
2023-02-17,2593,2890311,ggridges
2023-02-18,1035,2891346,ggridges
2023-02-19,1176,2892522,ggridges
2023-02-20,2360,2894882,ggridges
2023-02-21,3066,2897948,ggridges
2023-02-22,2960,2900908,ggridges
2023-02-23,2762,2903670,ggridges
2023-02-24,2522,2906192,ggridges
2023-02-25,1097,2907289,ggridges
2023-02-26,1295,2908584,ggridges
2023-02-27,2571,2911155,ggridges
2023-02-28,2832,2913987,ggridges
2023-03-01,2865,2916852,ggridges
2023-03-02,2837,2919689,ggridges
2023-03-03,2534,2922223,ggridges
2023-03-04,1120,2923343,ggridges
2023-03-05,1215,2924558,ggridges
2023-03-06,2636,2927194,ggridges
2023-03-07,2892,2930086,ggridges
2023-03-08,2661,2932747,ggridges
2023-03-09,2903,2935650,ggridges
2023-03-10,2481,2938131,ggridges
2023-03-11,1124,2939255,ggridges
2023-03-12,1227,2940482,ggridges
2023-03-13,2814,2943296,ggridges
2023-03-14,3161,2946457,ggridges
2023-03-15,3119,2949576,ggridges
2023-03-16,2767,2952343,ggridges
2023-03-17,2340,2954683,ggridges
2023-03-18,1236,2955919,ggridges
2023-03-19,1302,2957221,ggridges
2023-03-20,2876,2960097,ggridges
2023-03-21,3005,2963102,ggridges
2023-03-22,2973,2966075,ggridges
2023-03-23,2816,2968891,ggridges
2023-03-24,2765,2971656,ggridges
2023-03-25,1251,2972907,ggridges
2023-03-26,1239,2974146,ggridges
2023-03-27,2769,2976915,ggridges
2023-03-28,2782,2979697,ggridges
2023-03-29,2796,2982493,ggridges
2023-03-30,2828,2985321,ggridges
2023-03-31,2393,2987714,ggridges
2023-04-01,1227,2988941,ggridges
2023-04-02,1104,2990045,ggridges
2023-04-03,2998,2993043,ggridges
2023-04-04,2752,2995795,ggridges
2023-04-05,2434,2998229,ggridges
2023-04-06,2341,3000570,ggridges
2023-04-07,1866,3002436,ggridges
2023-04-08,1343,3003779,ggridges
2023-04-09,1202,3004981,ggridges
2023-04-10,2182,3007163,ggridges
2023-04-11,3344,3010507,ggridges
2023-04-12,2939,3013446,ggridges
2023-04-13,2852,3016298,ggridges
2023-04-14,2607,3018905,ggridges
2023-04-15,1279,3020184,ggridges
2023-04-16,1223,3021407,ggridges
2023-04-17,2787,3024194,ggridges
2023-04-18,2948,3027142,ggridges
2023-04-19,3110,3030252,ggridges
2023-04-20,2725,3032977,ggridges
2023-04-21,2251,3035228,ggridges
2023-04-22,1472,3036700,ggridges
2023-04-23,1603,3038303,ggridges
2023-04-24,3232,3041535,ggridges
2023-04-25,3187,3044722,ggridges
2023-04-26,3157,3047879,ggridges
2023-04-27,3611,3051490,ggridges
2023-04-28,2385,3053875,ggridges
2023-04-29,1253,3055128,ggridges
2023-04-30,1184,3056312,ggridges
2023-05-01,1994,3058306,ggridges
2023-05-02,2584,3060890,ggridges
2023-05-03,2820,3063710,ggridges
2023-05-04,2771,3066481,ggridges
2023-05-05,2141,3068622,ggridges
2023-05-06,1411,3070033,ggridges
2023-05-07,1186,3071219,ggridges
2023-05-08,2623,3073842,ggridges
2023-05-09,2757,3076599,ggridges
2023-05-10,2832,3079431,ggridges
2023-05-11,2743,3082174,ggridges
2023-05-12,2474,3084648,ggridges
2023-05-13,1343,3085991,ggridges
2023-05-14,1202,3087193,ggridges
2023-05-15,2945,3090138,ggridges
2023-05-16,2911,3093049,ggridges
2023-05-17,2666,3095715,ggridges
2023-05-18,2352,3098067,ggridges
2023-05-19,2180,3100247,ggridges
2023-05-20,1188,3101435,ggridges
2023-05-21,1226,3102661,ggridges
2023-05-22,2641,3105302,ggridges
2023-05-23,2994,3108296,ggridges
2023-05-24,2730,3111026,ggridges
2023-05-25,2623,3113649,ggridges
2023-05-26,2402,3116051,ggridges
2023-05-27,1166,3117217,ggridges
2023-05-28,1109,3118326,ggridges
2023-05-29,1736,3120062,ggridges
2023-05-30,2768,3122830,ggridges
2023-05-31,2598,3125428,ggridges
2023-06-01,2465,3127893,ggridges
2023-06-02,2228,3130121,ggridges
2023-06-03,1114,3131235,ggridges
2023-06-04,1154,3132389,ggridges
2023-06-05,2601,3134990,ggridges
2023-06-06,2611,3137601,ggridges
2023-06-07,2538,3140139,ggridges
2023-06-08,2348,3142487,ggridges
2023-06-09,2264,3144751,ggridges
2023-06-10,1055,3145806,ggridges
2023-06-11,1109,3146915,ggridges
2023-06-12,2496,3149411,ggridges
2023-06-13,2603,3152014,ggridges
2023-06-14,2614,3154628,ggridges
2023-06-15,2356,3156984,ggridges
2023-06-16,2117,3159101,ggridges
2023-06-17,1071,3160172,ggridges
2023-06-18,1031,3161203,ggridges
2023-06-19,2179,3163382,ggridges
2023-06-20,2721,3166103,ggridges
2023-06-21,2486,3168589,ggridges
2023-06-22,2243,3170832,ggridges
2023-06-23,1929,3172761,ggridges
2023-06-24,934,3173695,ggridges
2023-06-25,1014,3174709,ggridges
2023-06-26,2387,3177096,ggridges
2023-06-27,2572,3179668,ggridges
2023-06-28,2524,3182192,ggridges
2023-06-29,2240,3184432,ggridges
2023-06-30,2033,3186465,ggridges
2023-07-01,951,3187416,ggridges
2023-07-02,1077,3188493,ggridges
2023-07-03,2065,3190558,ggridges
2023-07-04,2010,3192568,ggridges
2023-07-05,2411,3194979,ggridges
2023-07-06,2319,3197298,ggridges
2023-07-07,2051,3199349,ggridges
2023-07-08,912,3200261,ggridges
2023-07-09,1036,3201297,ggridges
2023-07-10,2371,3203668,ggridges
2023-07-11,2543,3206211,ggridges
2023-07-12,2378,3208589,ggridges
2023-07-13,2403,3210992,ggridges
2023-07-14,2038,3213030,ggridges
2023-07-15,981,3214011,ggridges
2023-07-16,1096,3215107,ggridges
2023-07-17,2263,3217370,ggridges
2023-07-18,2447,3219817,ggridges
2023-07-19,2496,3222313,ggridges
2023-07-20,2467,3224780,ggridges
2023-07-21,1854,3226634,ggridges
2023-07-22,840,3227474,ggridges
2023-07-23,915,3228389,ggridges
2023-07-24,2265,3230654,ggridges
2023-07-25,2411,3233065,ggridges
2023-07-26,2301,3235366,ggridges
2023-07-27,2229,3237595,ggridges
2023-07-28,1831,3239426,ggridges
2023-07-29,859,3240285,ggridges
2023-07-30,996,3241281,ggridges
2023-07-31,2205,3243486,ggridges
2023-08-01,2171,3245657,ggridges
2023-08-02,2171,3247828,ggridges
2023-08-03,2264,3250092,ggridges
2023-08-04,1859,3251951,ggridges
2023-08-05,950,3252901,ggridges
2023-08-06,981,3253882,ggridges
2023-08-07,2231,3256113,ggridges
2023-08-08,2377,3258490,ggridges
2023-08-09,2502,3260992,ggridges
2023-08-10,2729,3263721,ggridges
2023-08-11,2218,3265939,ggridges
2023-08-12,1026,3266965,ggridges
2023-08-13,1074,3268039,ggridges
2023-08-14,2280,3270319,ggridges
2023-08-15,2381,3272700,ggridges
2023-08-16,2380,3275080,ggridges
2023-08-17,2389,3277469,ggridges
2023-08-18,2058,3279527,ggridges
2023-08-19,905,3280432,ggridges
2023-08-20,1013,3281445,ggridges
2023-08-21,2321,3283766,ggridges
2023-08-22,2584,3286350,ggridges
2023-08-23,2830,3289180,ggridges
2023-08-24,2902,3292082,ggridges
2023-08-25,2613,3294695,ggridges
2023-08-26,1142,3295837,ggridges
2023-08-27,1295,3297132,ggridges
2023-08-28,2922,3300054,ggridges
2023-08-29,3178,3303232,ggridges
2023-08-30,3055,3306287,ggridges
2023-08-31,2884,3309171,ggridges
2023-09-01,2059,3311230,ggridges
2023-09-02,1217,3312447,ggridges
2023-09-03,1334,3313781,ggridges
2023-09-04,2443,3316224,ggridges
2023-09-05,3540,3319764,ggridges
2023-09-06,3392,3323156,ggridges
2023-09-07,3050,3326206,ggridges
2023-09-08,2838,3329044,ggridges
2023-09-09,1510,3330554,ggridges
2023-09-10,1545,3332099,ggridges
2023-09-11,3216,3335315,ggridges
2023-09-12,3551,3338866,ggridges
2023-09-13,3380,3342246,ggridges
2023-09-14,3067,3345313,ggridges
2023-09-15,2498,3347811,ggridges
2023-09-16,1393,3349204,ggridges
2023-09-17,1326,3350530,ggridges
2023-09-18,2921,3353451,ggridges
2023-09-19,3061,3356512,ggridges
2023-09-20,2832,3359344,ggridges
2023-09-21,2894,3362238,ggridges
2023-09-22,2518,3364756,ggridges
2023-09-23,1291,3366047,ggridges
2023-09-24,1441,3367488,ggridges
2023-09-25,3066,3370554,ggridges
2023-09-26,3605,3374159,ggridges
2023-09-27,3260,3377419,ggridges
2023-09-28,3430,3380849,ggridges
2023-09-29,2230,3383079,ggridges
2023-09-30,1234,3384313,ggridges
2023-10-01,1055,3385368,ggridges
2023-10-02,2680,3388048,ggridges
2023-10-03,2659,3390707,ggridges
2023-10-04,3174,3393881,ggridges
2023-10-05,2938,3396819,ggridges
2023-10-06,2417,3399236,ggridges
2023-10-07,1304,3400540,ggridges
2023-10-08,1468,3402008,ggridges
2023-10-09,2848,3404856,ggridges
2023-10-10,3201,3408057,ggridges
2023-10-11,3398,3411455,ggridges
2023-10-12,3293,3414748,ggridges
2023-10-13,2912,3417660,ggridges
2023-10-14,1495,3419155,ggridges
2023-10-15,1363,3420518,ggridges
2023-10-16,3117,3423635,ggridges
2023-10-17,3252,3426887,ggridges
2023-10-18,3101,3429988,ggridges
2023-10-19,2998,3432986,ggridges
2023-10-20,2551,3435537,ggridges
2023-10-21,1486,3437023,ggridges
2023-10-22,1520,3438543,ggridges
2023-10-23,3013,3441556,ggridges
2023-10-24,3186,3444742,ggridges
2023-10-25,3181,3447923,ggridges
2023-10-26,3279,3451202,ggridges
2023-10-27,2512,3453714,ggridges
2023-10-28,1359,3455073,ggridges
2023-10-29,1177,3456250,ggridges
2023-10-30,2966,3459216,ggridges
2023-10-31,2957,3462173,ggridges
2023-11-01,2823,3464996,ggridges
2023-11-02,4168,3469164,ggridges
2023-11-03,3611,3472775,ggridges
2023-11-04,1306,3474081,ggridges
2023-11-05,1328,3475409,ggridges
2023-11-06,3176,3478585,ggridges
2023-11-07,3193,3481778,ggridges
2023-11-08,3624,3485402,ggridges
2023-11-09,3049,3488451,ggridges
2023-11-10,2596,3491047,ggridges
2023-11-11,1393,3492440,ggridges
2023-11-12,1177,3493617,ggridges
2023-11-13,2884,3496501,ggridges
2023-11-14,3301,3499802,ggridges
2023-11-15,2976,3502778,ggridges
2023-11-16,2991,3505769,ggridges
2023-11-17,2861,3508630,ggridges
2023-11-18,1128,3509758,ggridges
2023-11-19,1216,3510974,ggridges
2023-11-20,3781,3514755,ggridges
2023-11-21,3538,3518293,ggridges
2023-11-22,2615,3520908,ggridges
2023-11-23,2444,3523352,ggridges
2023-11-24,2343,3525695,ggridges
2023-11-25,1152,3526847,ggridges
2023-11-26,1245,3528092,ggridges
2023-11-27,3433,3531525,ggridges
2023-11-28,3809,3535334,ggridges
2023-11-29,3194,3538528,ggridges
2023-11-30,3565,3542093,ggridges
2023-12-01,3473,3545566,ggridges
2023-12-02,1545,3547111,ggridges
2023-12-03,1422,3548533,ggridges
2023-12-04,3526,3552059,ggridges
2023-12-05,3346,3555405,ggridges
2023-12-06,3622,3559027,ggridges
2023-12-07,3585,3562612,ggridges
2023-12-08,2944,3565556,ggridges
2023-12-09,1525,3567081,ggridges
2023-12-10,1379,3568460,ggridges
2023-12-11,3104,3571564,ggridges
2023-12-12,2921,3574485,ggridges
2023-12-13,3202,3577687,ggridges
2023-12-14,3058,3580745,ggridges
2023-12-15,4896,3585641,ggridges
2023-12-16,2057,3587698,ggridges
2023-12-17,2091,3589789,ggridges
2023-12-18,5454,3595243,ggridges
2023-12-19,4542,3599785,ggridges
2023-12-20,4144,3603929,ggridges
2023-12-21,3356,3607285,ggridges
2023-12-22,2361,3609646,ggridges
2023-12-23,1200,3610846,ggridges
2023-12-24,1050,3611896,ggridges
2023-12-25,1237,3613133,ggridges
2023-12-26,1735,3614868,ggridges
2023-12-27,2251,3617119,ggridges
2023-12-28,1973,3619092,ggridges
2023-12-29,1614,3620706,ggridges
2023-12-30,1003,3621709,ggridges
2023-12-31,892,3622601,ggridges
2024-01-01,953,3623554,ggridges
2024-01-02,3388,3626942,ggridges
2024-01-03,3021,3629963,ggridges
2024-01-04,3420,3633383,ggridges
2024-01-05,3052,3636435,ggridges
2024-01-06,1316,3637751,ggridges
2024-01-07,1328,3639079,ggridges
2024-01-08,3681,3642760,ggridges
2024-01-09,4179,3646939,ggridges
2024-01-10,3795,3650734,ggridges
2024-01-11,3709,3654443,ggridges
2024-01-12,3284,3657727,ggridges
2024-01-13,1283,3659010,ggridges
2024-01-14,1528,3660538,ggridges
2024-01-15,3260,3663798,ggridges
2024-01-16,3945,3667743,ggridges
2024-01-17,4593,3672336,ggridges
2024-01-18,4746,3677082,ggridges
2024-01-19,3331,3680413,ggridges
2024-01-20,1575,3681988,ggridges
2024-01-21,1602,3683590,ggridges
2024-01-22,4273,3687863,ggridges
2024-01-23,6652,3694515,ggridges
2024-01-24,6209,3700724,ggridges
2024-01-25,5548,3706272,ggridges
2024-01-26,3962,3710234,ggridges
2024-01-27,1678,3711912,ggridges
2024-01-28,1805,3713717,ggridges
2024-01-29,4627,3718344,ggridges
2024-01-30,4906,3723250,ggridges
2024-01-31,4576,3727826,ggridges
2024-02-01,4603,3732429,ggridges
2024-02-02,3583,3736012,ggridges
2024-02-03,1566,3737578,ggridges
2024-02-04,1672,3739250,ggridges
2024-02-05,4428,3743678,ggridges
2024-02-06,4186,3747864,ggridges
2024-02-07,4039,3751903,ggridges
2024-02-08,3975,3755878,ggridges
2024-02-09,3026,3758904,ggridges
2024-02-10,1303,3760207,ggridges
2024-02-11,1510,3761717,ggridges
2024-02-12,3502,3765219,ggridges
2024-02-13,3406,3768625,ggridges
2024-02-14,3234,3771859,ggridges
2024-02-15,3424,3775283,ggridges
2024-02-16,2960,3778243,ggridges
2024-02-17,1689,3779932,ggridges
2024-02-18,1578,3781510,ggridges
2024-02-19,3035,3784545,ggridges
2024-02-20,3411,3787956,ggridges
2024-02-21,3890,3791846,ggridges
2024-02-22,4015,3795861,ggridges
2024-02-23,2871,3798732,ggridges
2024-02-24,1346,3800078,ggridges
2024-02-25,1504,3801582,ggridges
2024-02-26,3470,3805052,ggridges
2024-02-27,3749,3808801,ggridges
2024-02-28,3644,3812445,ggridges
2024-02-29,3821,3816266,ggridges
2024-03-01,3316,3819582,ggridges
2024-03-02,1715,3821297,ggridges
2024-03-03,2082,3823379,ggridges
2024-03-04,3605,3826984,ggridges
2024-03-05,3618,3830602,ggridges
2024-03-06,3635,3834237,ggridges
2024-03-07,3546,3837783,ggridges
2024-03-08,2966,3840749,ggridges
2024-03-09,1426,3842175,ggridges
2024-03-10,1503,3843678,ggridges
2024-03-11,3514,3847192,ggridges
2024-03-12,3748,3850940,ggridges
2024-03-13,3359,3854299,ggridges
2024-03-14,3768,3858067,ggridges
2024-03-15,2982,3861049,ggridges
2024-03-16,1438,3862487,ggridges
2024-03-17,1558,3864045,ggridges
2024-03-18,3457,3867502,ggridges
2024-03-19,4060,3871562,ggridges
2024-03-20,3602,3875164,ggridges
2024-03-21,3449,3878613,ggridges
2024-03-22,2819,3881432,ggridges
2024-03-23,1397,3882829,ggridges
2024-03-24,1523,3884352,ggridges
2024-03-25,3180,3887532,ggridges
2024-03-26,3294,3890826,ggridges
2024-03-27,3169,3893995,ggridges
2024-03-28,2997,3896992,ggridges
2024-03-29,2196,3899188,ggridges
2024-03-30,1415,3900603,ggridges
2024-03-31,1335,3901938,ggridges
2024-04-01,2535,3904473,ggridges
2024-04-02,3662,3908135,ggridges
2024-04-03,3690,3911825,ggridges
2024-04-04,3347,3915172,ggridges
2024-04-05,2820,3917992,ggridges
2024-04-06,1416,3919408,ggridges
2024-04-07,1756,3921164,ggridges
2024-04-08,3405,3924569,ggridges
2024-04-09,3542,3928111,ggridges
2024-04-10,3519,3931630,ggridges
2024-04-11,3260,3934890,ggridges
2024-04-12,3087,3937977,ggridges
2024-04-13,1526,3939503,ggridges
2024-04-14,1500,3941003,ggridges
2024-04-15,3456,3944459,ggridges
2024-04-16,3579,3948038,ggridges
2024-04-17,3440,3951478,ggridges
2024-04-18,3574,3955052,ggridges
2024-04-19,3061,3958113,ggridges
2024-04-20,1618,3959731,ggridges
2024-04-21,1617,3961348,ggridges
2024-04-22,3426,3964774,ggridges
2024-04-23,3853,3968627,ggridges
2024-04-24,3457,3972084,ggridges
2024-04-25,3659,3975743,ggridges
2024-04-26,3191,3978934,ggridges
2024-04-27,1551,3980485,ggridges
2024-04-28,1913,3982398,ggridges
2024-04-29,3760,3986158,ggridges
2024-04-30,3474,3989632,ggridges
2024-05-01,3199,3992831,ggridges
2024-05-02,3774,3996605,ggridges
2024-05-03,3049,3999654,ggridges
2024-05-04,1875,4001529,ggridges
2024-05-05,1803,4003332,ggridges
2024-05-06,3626,4006958,ggridges
2024-05-07,3799,4010757,ggridges
2024-05-08,3568,4014325,ggridges
2024-05-09,3288,4017613,ggridges
2024-05-10,3132,4020745,ggridges
2024-05-11,1486,4022231,ggridges
2024-05-12,1508,4023739,ggridges
2024-05-13,3477,4027216,ggridges
2024-05-14,3481,4030697,ggridges
2024-05-15,3476,4034173,ggridges
2024-05-16,3731,4037904,ggridges
2024-05-17,2938,4040842,ggridges
2024-05-18,1790,4042632,ggridges
2024-05-19,1615,4044247,ggridges
2024-05-20,3203,4047450,ggridges
2024-05-21,3294,4050744,ggridges
2024-05-22,3635,4054379,ggridges
2024-05-23,3545,4057924,ggridges
2024-05-24,3085,4061009,ggridges
2024-05-25,1448,4062457,ggridges
2024-05-26,1633,4064090,ggridges
2024-05-27,2898,4066988,ggridges
2024-05-28,3514,4070502,ggridges
2024-05-29,3412,4073914,ggridges
2024-05-30,2925,4076839,ggridges
2024-05-31,3219,4080058,ggridges
2024-06-01,1250,4081308,ggridges
2024-06-02,1359,4082667,ggridges
2024-06-03,3426,4086093,ggridges
2024-06-04,3262,4089355,ggridges
2024-06-05,3076,4092431,ggridges
2024-06-06,2976,4095407,ggridges
2024-06-07,2529,4097936,ggridges
2024-06-08,1260,4099196,ggridges
2024-06-09,1300,4100496,ggridges
2024-06-10,2963,4103459,ggridges
2024-06-11,3146,4106605,ggridges
2024-06-12,3295,4109900,ggridges
2024-06-13,3062,4112962,ggridges
2024-06-14,2580,4115542,ggridges
2024-06-15,1092,4116634,ggridges
2024-06-16,1216,4117850,ggridges
2024-06-17,2904,4120754,ggridges
2024-06-18,2953,4123707,ggridges
2024-06-19,2767,4126474,ggridges
2024-06-20,2893,4129367,ggridges
2024-06-21,2316,4131683,ggridges
2024-06-22,1234,4132917,ggridges
2024-06-23,1219,4134136,ggridges
2024-06-24,2716,4136852,ggridges
2024-06-25,2992,4139844,ggridges
2024-06-26,2840,4142684,ggridges
2024-06-27,2719,4145403,ggridges
2024-06-28,2404,4147807,ggridges
2024-06-29,1162,4148969,ggridges
2024-06-30,1249,4150218,ggridges
2024-07-01,2634,4152852,ggridges
2024-07-02,2847,4155699,ggridges
2024-07-03,2805,4158504,ggridges
2024-07-04,2375,4160879,ggridges
2024-07-05,2147,4163026,ggridges
2024-07-06,1215,4164241,ggridges
2024-07-07,1214,4165455,ggridges
2024-07-08,2609,4168064,ggridges
2024-07-09,2890,4170954,ggridges
2024-07-10,2541,4173495,ggridges
2024-07-11,2919,4176414,ggridges
2024-07-12,2454,4178868,ggridges
2024-07-13,1122,4179990,ggridges
2024-07-14,1145,4181135,ggridges
2024-07-15,2516,4183651,ggridges
2024-07-16,2640,4186291,ggridges
2024-07-17,2537,4188828,ggridges
2024-07-18,2405,4191233,ggridges
2024-07-19,2105,4193338,ggridges
2024-07-20,1064,4194402,ggridges
2024-07-21,1101,4195503,ggridges
2024-07-22,2623,4198126,ggridges
2024-07-23,2648,4200774,ggridges
2024-07-24,2477,4203251,ggridges
2024-07-25,2472,4205723,ggridges
2024-07-26,2086,4207809,ggridges
2024-07-27,1095,4208904,ggridges
2024-07-28,1052,4209956,ggridges
2024-07-29,2263,4212219,ggridges
2024-07-30,2781,4215000,ggridges
2024-07-31,2254,4217254,ggridges
2024-08-01,2359,4219613,ggridges
2024-08-02,1962,4221575,ggridges
2024-08-03,1112,4222687,ggridges
2024-08-04,1186,4223873,ggridges
2024-08-05,2286,4226159,ggridges
2024-08-06,2478,4228637,ggridges
2024-08-07,2285,4230922,ggridges
2024-08-08,2562,4233484,ggridges
2024-08-09,2020,4235504,ggridges
2024-08-10,1188,4236692,ggridges
2024-08-11,1033,4237725,ggridges
2024-08-12,2446,4240171,ggridges
2024-08-13,2730,4242901,ggridges
2024-08-14,2557,4245458,ggridges
2024-08-15,2287,4247745,ggridges
2024-08-16,2039,4249784,ggridges
2024-08-17,894,4250678,ggridges
2024-08-18,1033,4251711,ggridges
2024-08-19,2491,4254202,ggridges
2024-08-20,2621,4256823,ggridges
2024-08-21,2753,4259576,ggridges
2024-08-22,2642,4262218,ggridges
2024-08-23,2268,4264486,ggridges
2024-08-24,1151,4265637,ggridges
2024-08-25,1233,4266870,ggridges
2024-08-26,2807,4269677,ggridges
2024-08-27,3193,4272870,ggridges
2024-08-28,3736,4276606,ggridges
2024-08-29,3395,4280001,ggridges
2024-08-30,2513,4282514,ggridges
2024-08-31,1270,4283784,ggridges
2024-09-01,1546,4285330,ggridges
2024-09-02,2736,4288066,ggridges
2024-09-03,3656,4291722,ggridges
2024-09-04,3773,4295495,ggridges
2024-09-05,3816,4299311,ggridges
2024-09-06,3231,4302542,ggridges
2024-09-07,1261,4303803,ggridges
2024-09-08,1486,4305289,ggridges
2024-09-09,3287,4308576,ggridges
2024-09-10,3593,4312169,ggridges
2024-09-11,3705,4315874,ggridges
2024-09-12,3976,4319850,ggridges
2024-09-13,3068,4322918,ggridges
2024-09-14,1346,4324264,ggridges
2024-09-15,1463,4325727,ggridges
2024-09-16,3162,4328889,ggridges
2024-09-17,3281,4332170,ggridges
2024-09-18,3386,4335556,ggridges
2024-09-19,3420,4338976,ggridges
2024-09-20,2799,4341775,ggridges
2024-09-21,1270,4343045,ggridges
2024-09-22,1280,4344325,ggridges
2024-09-23,3226,4347551,ggridges
2024-09-24,4031,4351582,ggridges
2024-09-25,3201,4354783,ggridges
2024-09-26,3425,4358208,ggridges
2024-09-27,2962,4361170,ggridges
2024-09-28,1526,4362696,ggridges
2024-09-29,1679,4364375,ggridges
2024-09-30,3472,4367847,ggridges
2024-10-01,3565,4371412,ggridges
2024-10-02,3921,4375333,ggridges
2024-10-03,3210,4378543,ggridges
2024-10-04,2687,4381230,ggridges
2024-10-05,1332,4382562,ggridges
2024-10-06,1612,4384174,ggridges
2024-10-07,3268,4387442,ggridges
2024-10-08,3596,4391038,ggridges
2024-10-09,3917,4394955,ggridges
2024-10-10,3348,4398303,ggridges
2024-10-11,2855,4401158,ggridges
2024-10-12,1414,4402572,ggridges
2024-10-13,1595,4404167,ggridges
2024-10-14,3202,4407369,ggridges
2024-10-15,3436,4410805,ggridges
2024-10-16,3754,4414559,ggridges
2024-10-17,3423,4417982,ggridges
2024-10-18,3107,4421089,ggridges
2024-10-19,1399,4422488,ggridges
2024-10-20,1492,4423980,ggridges
2024-10-21,3312,4427292,ggridges
2024-10-22,3644,4430936,ggridges
2024-10-23,3798,4434734,ggridges
2024-10-24,3495,4438229,ggridges
2024-10-25,2916,4441145,ggridges
2024-10-26,1513,4442658,ggridges
2024-10-27,1628,4444286,ggridges
2024-10-28,3190,4447476,ggridges
2024-10-29,3620,4451096,ggridges
2024-10-30,3606,4454702,ggridges
2024-10-31,3588,4458290,ggridges
2024-11-01,2640,4460930,ggridges
2024-11-02,1519,4462449,ggridges
2024-11-03,1572,4464021,ggridges
2024-11-04,3264,4467285,ggridges
2024-11-05,3531,4470816,ggridges
2024-11-06,3340,4474156,ggridges
2024-11-07,3283,4477439,ggridges
2024-11-08,2921,4480360,ggridges
2024-11-09,1373,4481733,ggridges
2024-11-10,1576,4483309,ggridges
2024-11-11,3526,4486835,ggridges
2024-11-12,3921,4490756,ggridges
2024-11-13,3399,4494155,ggridges
2024-11-14,3389,4497544,ggridges
2024-11-15,2991,4500535,ggridges
2024-11-16,1445,4501980,ggridges
2024-11-17,1539,4503519,ggridges
2024-11-18,3626,4507145,ggridges
2024-11-19,3798,4510943,ggridges
2024-11-20,3543,4514486,ggridges
2024-11-21,3374,4517860,ggridges
2024-11-22,2952,4520812,ggridges
2024-11-23,1448,4522260,ggridges
2024-11-24,1421,4523681,ggridges
2024-11-25,3241,4526922,ggridges
2024-11-26,3612,4530534,ggridges
2024-11-27,3181,4533715,ggridges
2024-11-28,2725,4536440,ggridges
2024-11-29,2377,4538817,ggridges
2024-11-30,1334,4540151,ggridges
2024-12-01,1419,4541570,ggridges
2024-12-02,3361,4544931,ggridges
2024-12-03,3468,4548399,ggridges
2024-12-04,3446,4551845,ggridges
2024-12-05,3091,4554936,ggridges
2024-12-06,2659,4557595,ggridges
2024-12-07,1443,4559038,ggridges
2024-12-08,1349,4560387,ggridges
2024-12-09,2867,4563254,ggridges
2024-12-10,3094,4566348,ggridges
2024-12-11,2957,4569305,ggridges
2024-12-12,2848,4572153,ggridges
2024-12-13,2581,4574734,ggridges
2024-12-14,1309,4576043,ggridges
2024-12-15,1301,4577344,ggridges
2024-12-16,2684,4580028,ggridges
2024-12-17,2947,4582975,ggridges
2024-12-18,2757,4585732,ggridges
2024-12-19,2611,4588343,ggridges
2024-12-20,2036,4590379,ggridges
2024-12-21,971,4591350,ggridges
2024-12-22,1060,4592410,ggridges
2024-12-23,1840,4594250,ggridges
2024-12-24,1511,4595761,ggridges
2024-12-25,1282,4597043,ggridges
2024-12-26,1486,4598529,ggridges
2024-12-27,1415,4599944,ggridges
2024-12-28,880,4600824,ggridges
2024-12-29,1202,4602026,ggridges
2024-12-30,1874,4603900,ggridges
2024-12-31,2172,4606072,ggridges
2025-01-01,982,4607054,ggridges
2025-01-02,1916,4608970,ggridges
2025-01-03,1678,4610648,ggridges
2025-01-04,1332,4611980,ggridges
2025-01-05,1308,4613288,ggridges
2025-01-06,2671,4615959,ggridges
2025-01-07,3075,4619034,ggridges
2025-01-08,3167,4622201,ggridges
2025-01-09,3114,4625315,ggridges
2025-01-10,2895,4628210,ggridges
2025-01-11,1156,4629366,ggridges
2025-01-12,1344,4630710,ggridges
2025-01-13,3236,4633946,ggridges
2025-01-14,3494,4637440,ggridges
2025-01-15,3700,4641140,ggridges
2025-01-16,3535,4644675,ggridges
2025-01-17,2683,4647358,ggridges
2025-01-18,1240,4648598,ggridges
2025-01-19,1386,4649984,ggridges
2025-01-20,2870,4652854,ggridges
2025-01-21,3296,4656150,ggridges
2025-01-22,3635,4659785,ggridges
2025-01-23,3186,4662971,ggridges
2025-01-24,2796,4665767,ggridges
2025-01-25,1436,4667203,ggridges
2025-01-26,1244,4668447,ggridges
2025-01-27,2905,4671352,ggridges
2025-01-28,3048,4674400,ggridges
2025-01-29,3164,4677564,ggridges
2025-01-30,3241,4680805,ggridges
2025-01-31,2617,4683422,ggridges
2025-02-01,1272,4684694,ggridges
2025-02-02,1192,4685886,ggridges
2025-02-03,2898,4688784,ggridges
2025-02-04,3293,4692077,ggridges
2025-02-05,3602,4695679,ggridges
2025-02-06,3742,4699421,ggridges
2025-02-07,3245,4702666,ggridges
2025-02-08,1377,4704043,ggridges
2025-02-09,1477,4705520,ggridges
2025-02-10,3340,4708860,ggridges
2025-02-11,3781,4712641,ggridges
2025-02-12,3672,4716313,ggridges
2025-02-13,3538,4719851,ggridges
2025-02-14,2930,4722781,ggridges
2025-02-15,1302,4724083,ggridges
2025-02-16,1457,4725540,ggridges
2025-02-17,3052,4728592,ggridges
2025-02-18,3619,4732211,ggridges
2025-02-19,3777,4735988,ggridges
2025-02-20,3474,4739462,ggridges
2025-02-21,2917,4742379,ggridges
2025-02-22,1378,4743757,ggridges
2025-02-23,1568,4745325,ggridges
2025-02-24,3499,4748824,ggridges
2025-02-25,4021,4752845,ggridges
2025-02-26,3815,4756660,ggridges
2025-02-27,3416,4760076,ggridges
2025-02-28,2875,4762951,ggridges
2025-03-01,1523,4764474,ggridges
2025-03-02,1529,4766003,ggridges
2025-03-03,3309,4769312,ggridges
2025-03-04,3901,4773213,ggridges
2025-03-05,3957,4777170,ggridges
2025-03-06,3632,4780802,ggridges
2025-03-07,2985,4783787,ggridges
2025-03-08,1513,4785300,ggridges
2025-03-09,1735,4787035,ggridges
2025-03-10,3292,4790327,ggridges
2025-03-11,3758,4794085,ggridges
2025-03-12,3562,4797647,ggridges
2025-03-13,3701,4801348,ggridges
2025-03-14,3338,4804686,ggridges
2025-03-15,1419,4806105,ggridges
2025-03-16,1836,4807941,ggridges
2025-03-17,3514,4811455,ggridges
2025-03-18,3730,4815185,ggridges
2025-03-19,4042,4819227,ggridges
2025-03-20,3397,4822624,ggridges
2025-03-21,2946,4825570,ggridges
2025-03-22,1453,4827023,ggridges
2025-03-23,1545,4828568,ggridges
2025-03-24,3389,4831957,ggridges
2025-03-25,4059,4836016,ggridges
2025-03-26,4263,4840279,ggridges
2025-03-27,3556,4843835,ggridges
2025-03-28,2755,4846590,ggridges
2025-03-29,1373,4847963,ggridges
2025-03-30,1520,4849483,ggridges
2016-04-28,13,13,tidytext
2016-04-29,22,35,tidytext
2016-04-30,17,52,tidytext
2016-05-01,16,68,tidytext
2016-05-02,25,93,tidytext
2016-05-03,25,118,tidytext
2016-05-04,34,152,tidytext
2016-05-05,29,181,tidytext
2016-05-06,12,193,tidytext
2016-05-07,9,202,tidytext
2016-05-08,5,207,tidytext
2016-05-09,20,227,tidytext
2016-05-10,17,244,tidytext
2016-05-11,13,257,tidytext
2016-05-12,31,288,tidytext
2016-05-13,26,314,tidytext
2016-05-14,11,325,tidytext
2016-05-15,6,331,tidytext
2016-05-16,18,349,tidytext
2016-05-17,7,356,tidytext
2016-05-18,13,369,tidytext
2016-05-19,9,378,tidytext
2016-05-20,5,383,tidytext
2016-05-21,11,394,tidytext
2016-05-22,5,399,tidytext
2016-05-23,13,412,tidytext
2016-05-24,12,424,tidytext
2016-05-25,16,440,tidytext
2016-05-26,13,453,tidytext
2016-05-27,13,466,tidytext
2016-05-28,7,473,tidytext
2016-05-29,11,484,tidytext
2016-05-30,11,495,tidytext
2016-05-31,11,506,tidytext
2016-06-01,18,524,tidytext
2016-06-02,12,536,tidytext
2016-06-03,26,562,tidytext
2016-06-04,11,573,tidytext
2016-06-05,11,584,tidytext
2016-06-06,7,591,tidytext
2016-06-07,12,603,tidytext
2016-06-08,11,614,tidytext
2016-06-09,11,625,tidytext
2016-06-10,8,633,tidytext
2016-06-11,9,642,tidytext
2016-06-12,6,648,tidytext
2016-06-13,13,661,tidytext
2016-06-14,15,676,tidytext
2016-06-15,11,687,tidytext
2016-06-16,5,692,tidytext
2016-06-17,13,705,tidytext
2016-06-18,3,708,tidytext
2016-06-19,10,718,tidytext
2016-06-20,12,730,tidytext
2016-06-21,10,740,tidytext
2016-06-22,16,756,tidytext
2016-06-23,17,773,tidytext
2016-06-24,12,785,tidytext
2016-06-25,28,813,tidytext
2016-06-26,30,843,tidytext
2016-06-27,57,900,tidytext
2016-06-28,61,961,tidytext
2016-06-29,33,994,tidytext
2016-06-30,23,1017,tidytext
2016-07-01,28,1045,tidytext
2016-07-02,15,1060,tidytext
2016-07-03,9,1069,tidytext
2016-07-04,23,1092,tidytext
2016-07-05,43,1135,tidytext
2016-07-06,24,1159,tidytext
2016-07-07,26,1185,tidytext
2016-07-08,22,1207,tidytext
2016-07-09,14,1221,tidytext
2016-07-10,15,1236,tidytext
2016-07-11,27,1263,tidytext
2016-07-12,26,1289,tidytext
2016-07-13,26,1315,tidytext
2016-07-14,17,1332,tidytext
2016-07-15,30,1362,tidytext
2016-07-16,18,1380,tidytext
2016-07-17,22,1402,tidytext
2016-07-18,23,1425,tidytext
2016-07-19,36,1461,tidytext
2016-07-20,24,1485,tidytext
2016-07-21,13,1498,tidytext
2016-07-22,40,1538,tidytext
2016-07-23,19,1557,tidytext
2016-07-24,11,1568,tidytext
2016-07-25,61,1629,tidytext
2016-07-26,53,1682,tidytext
2016-07-27,29,1711,tidytext
2016-07-28,24,1735,tidytext
2016-07-29,24,1759,tidytext
2016-07-30,29,1788,tidytext
2016-07-31,23,1811,tidytext
2016-08-01,12,1823,tidytext
2016-08-02,32,1855,tidytext
2016-08-03,18,1873,tidytext
2016-08-04,23,1896,tidytext
2016-08-05,40,1936,tidytext
2016-08-06,22,1958,tidytext
2016-08-07,21,1979,tidytext
2016-08-08,43,2022,tidytext
2016-08-09,48,2070,tidytext
2016-08-10,112,2182,tidytext
2016-08-11,115,2297,tidytext
2016-08-12,85,2382,tidytext
2016-08-13,45,2427,tidytext
2016-08-14,34,2461,tidytext
2016-08-15,70,2531,tidytext
2016-08-16,55,2586,tidytext
2016-08-17,67,2653,tidytext
2016-08-18,105,2758,tidytext
2016-08-19,89,2847,tidytext
2016-08-20,36,2883,tidytext
2016-08-21,36,2919,tidytext
2016-08-22,51,2970,tidytext
2016-08-23,33,3003,tidytext
2016-08-24,43,3046,tidytext
2016-08-25,45,3091,tidytext
2016-08-26,45,3136,tidytext
2016-08-27,30,3166,tidytext
2016-08-28,34,3200,tidytext
2016-08-29,48,3248,tidytext
2016-08-30,64,3312,tidytext
2016-08-31,63,3375,tidytext
2016-09-01,34,3409,tidytext
2016-09-02,49,3458,tidytext
2016-09-03,26,3484,tidytext
2016-09-04,22,3506,tidytext
2016-09-05,58,3564,tidytext
2016-09-06,71,3635,tidytext
2016-09-07,66,3701,tidytext
2016-09-08,32,3733,tidytext
2016-09-09,40,3773,tidytext
2016-09-10,47,3820,tidytext
2016-09-11,29,3849,tidytext
2016-09-12,36,3885,tidytext
2016-09-13,40,3925,tidytext
2016-09-14,21,3946,tidytext
2016-09-15,41,3987,tidytext
2016-09-16,24,4011,tidytext
2016-09-17,21,4032,tidytext
2016-09-18,35,4067,tidytext
2016-09-19,49,4116,tidytext
2016-09-20,33,4149,tidytext
2016-09-21,35,4184,tidytext
2016-09-22,39,4223,tidytext
2016-09-23,33,4256,tidytext
2016-09-24,15,4271,tidytext
2016-09-25,19,4290,tidytext
2016-09-26,22,4312,tidytext
2016-09-27,76,4388,tidytext
2016-09-28,67,4455,tidytext
2016-09-29,76,4531,tidytext
2016-09-30,53,4584,tidytext
2016-10-01,32,4616,tidytext
2016-10-02,53,4669,tidytext
2016-10-03,53,4722,tidytext
2016-10-04,91,4813,tidytext
2016-10-05,97,4910,tidytext
2016-10-06,102,5012,tidytext
2016-10-07,66,5078,tidytext
2016-10-08,34,5112,tidytext
2016-10-09,29,5141,tidytext
2016-10-10,72,5213,tidytext
2016-10-11,148,5361,tidytext
2016-10-12,107,5468,tidytext
2016-10-13,130,5598,tidytext
2016-10-14,52,5650,tidytext
2016-10-15,75,5725,tidytext
2016-10-16,68,5793,tidytext
2016-10-17,151,5944,tidytext
2016-10-18,42,5986,tidytext
2016-10-19,70,6056,tidytext
2016-10-20,82,6138,tidytext
2016-10-21,64,6202,tidytext
2016-10-22,46,6248,tidytext
2016-10-23,30,6278,tidytext
2016-10-24,85,6363,tidytext
2016-10-25,71,6434,tidytext
2016-10-26,48,6482,tidytext
2016-10-27,68,6550,tidytext
2016-10-28,190,6740,tidytext
2016-10-29,140,6880,tidytext
2016-10-30,90,6970,tidytext
2016-10-31,201,7171,tidytext
2016-11-01,155,7326,tidytext
2016-11-02,211,7537,tidytext
2016-11-03,140,7677,tidytext
2016-11-04,124,7801,tidytext
2016-11-05,86,7887,tidytext
2016-11-06,89,7976,tidytext
2016-11-07,151,8127,tidytext
2016-11-08,153,8280,tidytext
2016-11-09,87,8367,tidytext
2016-11-10,226,8593,tidytext
2016-11-11,80,8673,tidytext
2016-11-12,90,8763,tidytext
2016-11-13,81,8844,tidytext
2016-11-14,117,8961,tidytext
2016-11-15,197,9158,tidytext
2016-11-16,152,9310,tidytext
2016-11-17,210,9520,tidytext
2016-11-18,118,9638,tidytext
2016-11-19,52,9690,tidytext
2016-11-20,72,9762,tidytext
2016-11-21,76,9838,tidytext
2016-11-22,77,9915,tidytext
2016-11-23,88,10003,tidytext
2016-11-24,87,10090,tidytext
2016-11-25,58,10148,tidytext
2016-11-26,62,10210,tidytext
2016-11-27,82,10292,tidytext
2016-11-28,147,10439,tidytext
2016-11-29,120,10559,tidytext
2016-11-30,116,10675,tidytext
2016-12-01,167,10842,tidytext
2016-12-02,121,10963,tidytext
2016-12-03,75,11038,tidytext
2016-12-04,104,11142,tidytext
2016-12-05,197,11339,tidytext
2016-12-06,208,11547,tidytext
2016-12-07,172,11719,tidytext
2016-12-08,116,11835,tidytext
2016-12-09,88,11923,tidytext
2016-12-10,66,11989,tidytext
2016-12-11,68,12057,tidytext
2016-12-12,82,12139,tidytext
2016-12-13,94,12233,tidytext
2016-12-14,80,12313,tidytext
2016-12-15,100,12413,tidytext
2016-12-16,83,12496,tidytext
2016-12-17,40,12536,tidytext
2016-12-18,51,12587,tidytext
2016-12-19,91,12678,tidytext
2016-12-20,83,12761,tidytext
2016-12-21,80,12841,tidytext
2016-12-22,49,12890,tidytext
2016-12-23,63,12953,tidytext
2016-12-24,30,12983,tidytext
2016-12-25,39,13022,tidytext
2016-12-26,33,13055,tidytext
2016-12-27,54,13109,tidytext
2016-12-28,79,13188,tidytext
2016-12-29,50,13238,tidytext
2016-12-30,40,13278,tidytext
2016-12-31,44,13322,tidytext
2017-01-01,33,13355,tidytext
2017-01-02,61,13416,tidytext
2017-01-03,107,13523,tidytext
2017-01-04,76,13599,tidytext
2017-01-05,93,13692,tidytext
2017-01-06,124,13816,tidytext
2017-01-07,56,13872,tidytext
2017-01-08,47,13919,tidytext
2017-01-09,72,13991,tidytext
2017-01-10,106,14097,tidytext
2017-01-11,80,14177,tidytext
2017-01-12,86,14263,tidytext
2017-01-13,98,14361,tidytext
2017-01-14,46,14407,tidytext
2017-01-15,99,14506,tidytext
2017-01-16,138,14644,tidytext
2017-01-17,107,14751,tidytext
2017-01-18,97,14848,tidytext
2017-01-19,118,14966,tidytext
2017-01-20,126,15092,tidytext
2017-01-21,61,15153,tidytext
2017-01-22,61,15214,tidytext
2017-01-23,102,15316,tidytext
2017-01-24,152,15468,tidytext
2017-01-25,205,15673,tidytext
2017-01-26,110,15783,tidytext
2017-01-27,161,15944,tidytext
2017-01-28,68,16012,tidytext
2017-01-29,69,16081,tidytext
2017-01-30,180,16261,tidytext
2017-01-31,136,16397,tidytext
2017-02-01,123,16520,tidytext
2017-02-02,126,16646,tidytext
2017-02-03,109,16755,tidytext
2017-02-04,71,16826,tidytext
2017-02-05,84,16910,tidytext
2017-02-06,140,17050,tidytext
2017-02-07,105,17155,tidytext
2017-02-08,121,17276,tidytext
2017-02-09,136,17412,tidytext
2017-02-10,181,17593,tidytext
2017-02-11,112,17705,tidytext
2017-02-12,76,17781,tidytext
2017-02-13,163,17944,tidytext
2017-02-14,164,18108,tidytext
2017-02-15,145,18253,tidytext
2017-02-16,190,18443,tidytext
2017-02-17,210,18653,tidytext
2017-02-18,98,18751,tidytext
2017-02-19,97,18848,tidytext
2017-02-20,170,19018,tidytext
2017-02-21,187,19205,tidytext
2017-02-22,170,19375,tidytext
2017-02-23,179,19554,tidytext
2017-02-24,169,19723,tidytext
2017-02-25,85,19808,tidytext
2017-02-26,97,19905,tidytext
2017-02-27,169,20074,tidytext
2017-02-28,149,20223,tidytext
2017-03-01,141,20364,tidytext
2017-03-02,240,20604,tidytext
2017-03-03,192,20796,tidytext
2017-03-04,116,20912,tidytext
2017-03-05,115,21027,tidytext
2017-03-06,259,21286,tidytext
2017-03-07,180,21466,tidytext
2017-03-08,241,21707,tidytext
2017-03-09,259,21966,tidytext
2017-03-10,117,22083,tidytext
2017-03-11,119,22202,tidytext
2017-03-12,124,22326,tidytext
2017-03-13,141,22467,tidytext
2017-03-14,178,22645,tidytext
2017-03-15,186,22831,tidytext
2017-03-16,161,22992,tidytext
2017-03-17,133,23125,tidytext
2017-03-18,105,23230,tidytext
2017-03-19,75,23305,tidytext
2017-03-20,213,23518,tidytext
2017-03-21,277,23795,tidytext
2017-03-22,191,23986,tidytext
2017-03-23,211,24197,tidytext
2017-03-24,254,24451,tidytext
2017-03-25,80,24531,tidytext
2017-03-26,88,24619,tidytext
2017-03-27,283,24902,tidytext
2017-03-28,282,25184,tidytext
2017-03-29,200,25384,tidytext
2017-03-30,136,25520,tidytext
2017-03-31,168,25688,tidytext
2017-04-01,94,25782,tidytext
2017-04-02,81,25863,tidytext
2017-04-03,186,26049,tidytext
2017-04-04,272,26321,tidytext
2017-04-05,255,26576,tidytext
2017-04-06,243,26819,tidytext
2017-04-07,187,27006,tidytext
2017-04-08,141,27147,tidytext
2017-04-09,200,27347,tidytext
2017-04-10,221,27568,tidytext
2017-04-11,285,27853,tidytext
2017-04-12,197,28050,tidytext
2017-04-13,211,28261,tidytext
2017-04-14,120,28381,tidytext
2017-04-15,197,28578,tidytext
2017-04-16,92,28670,tidytext
2017-04-17,190,28860,tidytext
2017-04-18,279,29139,tidytext
2017-04-19,313,29452,tidytext
2017-04-20,290,29742,tidytext
2017-04-21,270,30012,tidytext
2017-04-22,251,30263,tidytext
2017-04-23,160,30423,tidytext
2017-04-24,327,30750,tidytext
2017-04-25,306,31056,tidytext
2017-04-26,321,31377,tidytext
2017-04-27,271,31648,tidytext
2017-04-28,229,31877,tidytext
2017-04-29,118,31995,tidytext
2017-04-30,170,32165,tidytext
2017-05-01,235,32400,tidytext
2017-05-02,357,32757,tidytext
2017-05-03,307,33064,tidytext
2017-05-04,236,33300,tidytext
2017-05-05,284,33584,tidytext
2017-05-06,108,33692,tidytext
2017-05-07,149,33841,tidytext
2017-05-08,268,34109,tidytext
2017-05-09,286,34395,tidytext
2017-05-10,228,34623,tidytext
2017-05-11,220,34843,tidytext
2017-05-12,224,35067,tidytext
2017-05-13,122,35189,tidytext
2017-05-14,104,35293,tidytext
2017-05-15,248,35541,tidytext
2017-05-16,213,35754,tidytext
2017-05-17,256,36010,tidytext
2017-05-18,217,36227,tidytext
2017-05-19,228,36455,tidytext
2017-05-20,165,36620,tidytext
2017-05-21,146,36766,tidytext
2017-05-22,271,37037,tidytext
2017-05-23,381,37418,tidytext
2017-05-24,182,37600,tidytext
2017-05-25,207,37807,tidytext
2017-05-26,233,38040,tidytext
2017-05-27,127,38167,tidytext
2017-05-28,106,38273,tidytext
2017-05-29,157,38430,tidytext
2017-05-30,191,38621,tidytext
2017-05-31,229,38850,tidytext
2017-06-01,186,39036,tidytext
2017-06-02,182,39218,tidytext
2017-06-03,137,39355,tidytext
2017-06-04,96,39451,tidytext
2017-06-05,255,39706,tidytext
2017-06-06,208,39914,tidytext
2017-06-07,217,40131,tidytext
2017-06-08,207,40338,tidytext
2017-06-09,204,40542,tidytext
2017-06-10,107,40649,tidytext
2017-06-11,113,40762,tidytext
2017-06-12,250,41012,tidytext
2017-06-13,242,41254,tidytext
2017-06-14,247,41501,tidytext
2017-06-15,185,41686,tidytext
2017-06-16,173,41859,tidytext
2017-06-17,107,41966,tidytext
2017-06-18,82,42048,tidytext
2017-06-19,356,42404,tidytext
2017-06-20,432,42836,tidytext
2017-06-21,389,43225,tidytext
2017-06-22,363,43588,tidytext
2017-06-23,292,43880,tidytext
2017-06-24,201,44081,tidytext
2017-06-25,123,44204,tidytext
2017-06-26,238,44442,tidytext
2017-06-27,299,44741,tidytext
2017-06-28,292,45033,tidytext
2017-06-29,290,45323,tidytext
2017-06-30,352,45675,tidytext
2017-07-01,150,45825,tidytext
2017-07-02,139,45964,tidytext
2017-07-03,264,46228,tidytext
2017-07-04,270,46498,tidytext
2017-07-05,300,46798,tidytext
2017-07-06,302,47100,tidytext
2017-07-07,266,47366,tidytext
2017-07-08,196,47562,tidytext
2017-07-09,127,47689,tidytext
2017-07-10,320,48009,tidytext
2017-07-11,319,48328,tidytext
2017-07-12,260,48588,tidytext
2017-07-13,306,48894,tidytext
2017-07-14,274,49168,tidytext
2017-07-15,145,49313,tidytext
2017-07-16,123,49436,tidytext
2017-07-17,238,49674,tidytext
2017-07-18,259,49933,tidytext
2017-07-19,312,50245,tidytext
2017-07-20,318,50563,tidytext
2017-07-21,217,50780,tidytext
2017-07-22,124,50904,tidytext
2017-07-23,121,51025,tidytext
2017-07-24,274,51299,tidytext
2017-07-25,266,51565,tidytext
2017-07-26,226,51791,tidytext
2017-07-27,238,52029,tidytext
2017-07-28,206,52235,tidytext
2017-07-29,135,52370,tidytext
2017-07-30,115,52485,tidytext
2017-07-31,224,52709,tidytext
2017-08-01,235,52944,tidytext
2017-08-02,283,53227,tidytext
2017-08-03,290,53517,tidytext
2017-08-04,198,53715,tidytext
2017-08-05,137,53852,tidytext
2017-08-06,124,53976,tidytext
2017-08-07,188,54164,tidytext
2017-08-08,284,54448,tidytext
2017-08-09,225,54673,tidytext
2017-08-10,243,54916,tidytext
2017-08-11,282,55198,tidytext
2017-08-12,111,55309,tidytext
2017-08-13,117,55426,tidytext
2017-08-14,220,55646,tidytext
2017-08-15,200,55846,tidytext
2017-08-16,239,56085,tidytext
2017-08-17,269,56354,tidytext
2017-08-18,237,56591,tidytext
2017-08-19,96,56687,tidytext
2017-08-20,135,56822,tidytext
2017-08-21,258,57080,tidytext
2017-08-22,264,57344,tidytext
2017-08-23,297,57641,tidytext
2017-08-24,265,57906,tidytext
2017-08-25,220,58126,tidytext
2017-08-26,166,58292,tidytext
2017-08-27,104,58396,tidytext
2017-08-28,299,58695,tidytext
2017-08-29,296,58991,tidytext
2017-08-30,249,59240,tidytext
2017-08-31,332,59572,tidytext
2017-09-01,188,59760,tidytext
2017-09-02,101,59861,tidytext
2017-09-03,133,59994,tidytext
2017-09-04,231,60225,tidytext
2017-09-05,342,60567,tidytext
2017-09-06,417,60984,tidytext
2017-09-07,433,61417,tidytext
2017-09-08,248,61665,tidytext
2017-09-09,151,61816,tidytext
2017-09-10,180,61996,tidytext
2017-09-11,263,62259,tidytext
2017-09-12,328,62587,tidytext
2017-09-13,325,62912,tidytext
2017-09-14,282,63194,tidytext
2017-09-15,224,63418,tidytext
2017-09-16,130,63548,tidytext
2017-09-17,144,63692,tidytext
2017-09-18,314,64006,tidytext
2017-09-19,238,64244,tidytext
2017-09-20,287,64531,tidytext
2017-09-21,246,64777,tidytext
2017-09-22,243,65020,tidytext
2017-09-23,148,65168,tidytext
2017-09-24,131,65299,tidytext
2017-09-25,283,65582,tidytext
2017-09-26,360,65942,tidytext
2017-09-27,392,66334,tidytext
2017-09-28,310,66644,tidytext
2017-09-29,342,66986,tidytext
2017-09-30,414,67400,tidytext
2017-10-01,331,67731,tidytext
2017-10-02,631,68362,tidytext
2017-10-03,614,68976,tidytext
2017-10-04,497,69473,tidytext
2017-10-05,532,70005,tidytext
2017-10-06,448,70453,tidytext
2017-10-07,193,70646,tidytext
2017-10-08,207,70853,tidytext
2017-10-09,398,71251,tidytext
2017-10-10,456,71707,tidytext
2017-10-11,479,72186,tidytext
2017-10-12,367,72553,tidytext
2017-10-13,318,72871,tidytext
2017-10-14,179,73050,tidytext
2017-10-15,209,73259,tidytext
2017-10-16,502,73761,tidytext
2017-10-17,616,74377,tidytext
2017-10-18,427,74804,tidytext
2017-10-19,381,75185,tidytext
2017-10-20,328,75513,tidytext
2017-10-21,195,75708,tidytext
2017-10-22,214,75922,tidytext
2017-10-23,430,76352,tidytext
2017-10-24,438,76790,tidytext
2017-10-25,475,77265,tidytext
2017-10-26,734,77999,tidytext
2017-10-27,423,78422,tidytext
2017-10-28,208,78630,tidytext
2017-10-29,254,78884,tidytext
2017-10-30,639,79523,tidytext
2017-10-31,361,79884,tidytext
2017-11-01,419,80303,tidytext
2017-11-02,383,80686,tidytext
2017-11-03,341,81027,tidytext
2017-11-04,196,81223,tidytext
2017-11-05,193,81416,tidytext
2017-11-06,411,81827,tidytext
2017-11-07,519,82346,tidytext
2017-11-08,543,82889,tidytext
2017-11-09,479,83368,tidytext
2017-11-10,322,83690,tidytext
2017-11-11,223,83913,tidytext
2017-11-12,184,84097,tidytext
2017-11-13,461,84558,tidytext
2017-11-14,509,85067,tidytext
2017-11-15,615,85682,tidytext
2017-11-16,615,86297,tidytext
2017-11-17,470,86767,tidytext
2017-11-18,1156,87923,tidytext
2017-11-19,383,88306,tidytext
2017-11-20,775,89081,tidytext
2017-11-21,742,89823,tidytext
2017-11-22,559,90382,tidytext
2017-11-23,407,90789,tidytext
2017-11-24,364,91153,tidytext
2017-11-25,297,91450,tidytext
2017-11-26,247,91697,tidytext
2017-11-27,597,92294,tidytext
2017-11-28,577,92871,tidytext
2017-11-29,599,93470,tidytext
2017-11-30,658,94128,tidytext
2017-12-01,430,94558,tidytext
2017-12-02,278,94836,tidytext
2017-12-03,255,95091,tidytext
2017-12-04,571,95662,tidytext
2017-12-05,605,96267,tidytext
2017-12-06,530,96797,tidytext
2017-12-07,551,97348,tidytext
2017-12-08,412,97760,tidytext
2017-12-09,325,98085,tidytext
2017-12-10,232,98317,tidytext
2017-12-11,498,98815,tidytext
2017-12-12,475,99290,tidytext
2017-12-13,417,99707,tidytext
2017-12-14,482,100189,tidytext
2017-12-15,390,100579,tidytext
2017-12-16,178,100757,tidytext
2017-12-17,202,100959,tidytext
2017-12-18,370,101329,tidytext
2017-12-19,391,101720,tidytext
2017-12-20,317,102037,tidytext
2017-12-21,345,102382,tidytext
2017-12-22,261,102643,tidytext
2017-12-23,135,102778,tidytext
2017-12-24,158,102936,tidytext
2017-12-25,135,103071,tidytext
2017-12-26,367,103438,tidytext
2017-12-27,197,103635,tidytext
2017-12-28,247,103882,tidytext
2017-12-29,146,104028,tidytext
2017-12-30,122,104150,tidytext
2017-12-31,88,104238,tidytext
2018-01-01,87,104325,tidytext
2018-01-02,288,104613,tidytext
2018-01-03,283,104896,tidytext
2018-01-04,319,105215,tidytext
2018-01-05,268,105483,tidytext
2018-01-06,151,105634,tidytext
2018-01-07,201,105835,tidytext
2018-01-08,689,106524,tidytext
2018-01-09,554,107078,tidytext
2018-01-10,500,107578,tidytext
2018-01-11,514,108092,tidytext
2018-01-12,437,108529,tidytext
2018-01-13,241,108770,tidytext
2018-01-14,296,109066,tidytext
2018-01-15,405,109471,tidytext
2018-01-16,470,109941,tidytext
2018-01-17,419,110360,tidytext
2018-01-18,490,110850,tidytext
2018-01-19,457,111307,tidytext
2018-01-20,227,111534,tidytext
2018-01-21,257,111791,tidytext
2018-01-22,396,112187,tidytext
2018-01-23,476,112663,tidytext
2018-01-24,481,113144,tidytext
2018-01-25,440,113584,tidytext
2018-01-26,399,113983,tidytext
2018-01-27,201,114184,tidytext
2018-01-28,251,114435,tidytext
2018-01-29,616,115051,tidytext
2018-01-30,746,115797,tidytext
2018-01-31,435,116232,tidytext
2018-02-01,409,116641,tidytext
2018-02-02,447,117088,tidytext
2018-02-03,189,117277,tidytext
2018-02-04,182,117459,tidytext
2018-02-05,446,117905,tidytext
2018-02-06,486,118391,tidytext
2018-02-07,470,118861,tidytext
2018-02-08,422,119283,tidytext
2018-02-09,456,119739,tidytext
2018-02-10,200,119939,tidytext
2018-02-11,245,120184,tidytext
2018-02-12,447,120631,tidytext
2018-02-13,417,121048,tidytext
2018-02-14,400,121448,tidytext
2018-02-15,474,121922,tidytext
2018-02-16,396,122318,tidytext
2018-02-17,210,122528,tidytext
2018-02-18,224,122752,tidytext
2018-02-19,488,123240,tidytext
2018-02-20,967,124207,tidytext
2018-02-21,650,124857,tidytext
2018-02-22,767,125624,tidytext
2018-02-23,551,126175,tidytext
2018-02-24,333,126508,tidytext
2018-02-25,273,126781,tidytext
2018-02-26,698,127479,tidytext
2018-02-27,627,128106,tidytext
2018-02-28,542,128648,tidytext
2018-03-01,469,129117,tidytext
2018-03-02,448,129565,tidytext
2018-03-03,290,129855,tidytext
2018-03-04,262,130117,tidytext
2018-03-05,556,130673,tidytext
2018-03-06,646,131319,tidytext
2018-03-07,629,131948,tidytext
2018-03-08,450,132398,tidytext
2018-03-09,523,132921,tidytext
2018-03-10,217,133138,tidytext
2018-03-11,274,133412,tidytext
2018-03-12,479,133891,tidytext
2018-03-13,474,134365,tidytext
2018-03-14,520,134885,tidytext
2018-03-15,614,135499,tidytext
2018-03-16,467,135966,tidytext
2018-03-17,314,136280,tidytext
2018-03-18,212,136492,tidytext
2018-03-19,509,137001,tidytext
2018-03-20,589,137590,tidytext
2018-03-21,569,138159,tidytext
2018-03-22,985,139144,tidytext
2018-03-23,682,139826,tidytext
2018-03-24,504,140330,tidytext
2018-03-25,376,140706,tidytext
2018-03-26,767,141473,tidytext
2018-03-27,877,142350,tidytext
2018-03-28,732,143082,tidytext
2018-03-29,625,143707,tidytext
2018-03-30,430,144137,tidytext
2018-03-31,291,144428,tidytext
2018-04-01,274,144702,tidytext
2018-04-02,549,145251,tidytext
2018-04-03,733,145984,tidytext
2018-04-04,638,146622,tidytext
2018-04-05,599,147221,tidytext
2018-04-06,721,147942,tidytext
2018-04-07,344,148286,tidytext
2018-04-08,355,148641,tidytext
2018-04-09,765,149406,tidytext
2018-04-10,723,150129,tidytext
2018-04-11,640,150769,tidytext
2018-04-12,663,151432,tidytext
2018-04-13,673,152105,tidytext
2018-04-14,433,152538,tidytext
2018-04-15,476,153014,tidytext
2018-04-16,770,153784,tidytext
2018-04-17,808,154592,tidytext
2018-04-18,559,155151,tidytext
2018-04-19,648,155799,tidytext
2018-04-20,445,156244,tidytext
2018-04-21,327,156571,tidytext
2018-04-22,384,156955,tidytext
2018-04-23,873,157828,tidytext
2018-04-24,992,158820,tidytext
2018-04-25,1002,159822,tidytext
2018-04-26,724,160546,tidytext
2018-04-27,630,161176,tidytext
2018-04-28,396,161572,tidytext
2018-04-29,296,161868,tidytext
2018-04-30,600,162468,tidytext
2018-05-01,594,163062,tidytext
2018-05-02,688,163750,tidytext
2018-05-03,632,164382,tidytext
2018-05-04,522,164904,tidytext
2018-05-05,348,165252,tidytext
2018-05-06,318,165570,tidytext
2018-05-07,622,166192,tidytext
2018-05-08,598,166790,tidytext
2018-05-09,519,167309,tidytext
2018-05-10,442,167751,tidytext
2018-05-11,430,168181,tidytext
2018-05-12,264,168445,tidytext
2018-05-13,237,168682,tidytext
2018-05-14,471,169153,tidytext
2018-05-15,493,169646,tidytext
2018-05-16,507,170153,tidytext
2018-05-17,509,170662,tidytext
2018-05-18,424,171086,tidytext
2018-05-19,251,171337,tidytext
2018-05-20,205,171542,tidytext
2018-05-21,466,172008,tidytext
2018-05-22,538,172546,tidytext
2018-05-23,556,173102,tidytext
2018-05-24,675,173777,tidytext
2018-05-25,522,174299,tidytext
2018-05-26,192,174491,tidytext
2018-05-27,257,174748,tidytext
2018-05-28,382,175130,tidytext
2018-05-29,1044,176174,tidytext
2018-05-30,777,176951,tidytext
2018-05-31,637,177588,tidytext
2018-06-01,577,178165,tidytext
2018-06-02,276,178441,tidytext
2018-06-03,305,178746,tidytext
2018-06-04,604,179350,tidytext
2018-06-05,613,179963,tidytext
2018-06-06,566,180529,tidytext
2018-06-07,592,181121,tidytext
2018-06-08,497,181618,tidytext
2018-06-09,309,181927,tidytext
2018-06-10,236,182163,tidytext
2018-06-11,570,182733,tidytext
2018-06-12,656,183389,tidytext
2018-06-13,523,183912,tidytext
2018-06-14,633,184545,tidytext
2018-06-15,473,185018,tidytext
2018-06-16,269,185287,tidytext
2018-06-17,234,185521,tidytext
2018-06-18,460,185981,tidytext
2018-06-19,559,186540,tidytext
2018-06-20,760,187300,tidytext
2018-06-21,551,187851,tidytext
2018-06-22,486,188337,tidytext
2018-06-23,639,188976,tidytext
2018-06-24,233,189209,tidytext
2018-06-25,531,189740,tidytext
2018-06-26,584,190324,tidytext
2018-06-27,545,190869,tidytext
2018-06-28,459,191328,tidytext
2018-06-29,367,191695,tidytext
2018-06-30,248,191943,tidytext
2018-07-01,234,192177,tidytext
2018-07-02,498,192675,tidytext
2018-07-03,650,193325,tidytext
2018-07-04,445,193770,tidytext
2018-07-05,470,194240,tidytext
2018-07-06,428,194668,tidytext
2018-07-07,289,194957,tidytext
2018-07-08,325,195282,tidytext
2018-07-09,575,195857,tidytext
2018-07-10,707,196564,tidytext
2018-07-11,676,197240,tidytext
2018-07-12,645,197885,tidytext
2018-07-13,479,198364,tidytext
2018-07-14,328,198692,tidytext
2018-07-15,284,198976,tidytext
2018-07-16,535,199511,tidytext
2018-07-17,580,200091,tidytext
2018-07-18,498,200589,tidytext
2018-07-19,555,201144,tidytext
2018-07-20,499,201643,tidytext
2018-07-21,263,201906,tidytext
2018-07-22,290,202196,tidytext
2018-07-23,588,202784,tidytext
2018-07-24,559,203343,tidytext
2018-07-25,638,203981,tidytext
2018-07-26,677,204658,tidytext
2018-07-27,492,205150,tidytext
2018-07-28,271,205421,tidytext
2018-07-29,226,205647,tidytext
2018-07-30,478,206125,tidytext
2018-07-31,511,206636,tidytext
2018-08-01,508,207144,tidytext
2018-08-02,465,207609,tidytext
2018-08-03,472,208081,tidytext
2018-08-04,233,208314,tidytext
2018-08-05,314,208628,tidytext
2018-08-06,508,209136,tidytext
2018-08-07,526,209662,tidytext
2018-08-08,597,210259,tidytext
2018-08-09,481,210740,tidytext
2018-08-10,458,211198,tidytext
2018-08-11,260,211458,tidytext
2018-08-12,270,211728,tidytext
2018-08-13,433,212161,tidytext
2018-08-14,543,212704,tidytext
2018-08-15,496,213200,tidytext
2018-08-16,630,213830,tidytext
2018-08-17,388,214218,tidytext
2018-08-18,261,214479,tidytext
2018-08-19,253,214732,tidytext
2018-08-20,519,215251,tidytext
2018-08-21,484,215735,tidytext
2018-08-22,523,216258,tidytext
2018-08-23,468,216726,tidytext
2018-08-24,507,217233,tidytext
2018-08-25,284,217517,tidytext
2018-08-26,302,217819,tidytext
2018-08-27,544,218363,tidytext
2018-08-28,545,218908,tidytext
2018-08-29,536,219444,tidytext
2018-08-30,570,220014,tidytext
2018-08-31,470,220484,tidytext
2018-09-01,223,220707,tidytext
2018-09-02,271,220978,tidytext
2018-09-03,458,221436,tidytext
2018-09-04,572,222008,tidytext
2018-09-05,611,222619,tidytext
2018-09-06,627,223246,tidytext
2018-09-07,562,223808,tidytext
2018-09-08,331,224139,tidytext
2018-09-09,337,224476,tidytext
2018-09-10,571,225047,tidytext
2018-09-11,628,225675,tidytext
2018-09-12,819,226494,tidytext
2018-09-13,751,227245,tidytext
2018-09-14,774,228019,tidytext
2018-09-15,382,228401,tidytext
2018-09-16,481,228882,tidytext
2018-09-17,935,229817,tidytext
2018-09-18,1145,230962,tidytext
2018-09-19,819,231781,tidytext
2018-09-20,862,232643,tidytext
2018-09-21,664,233307,tidytext
2018-09-22,298,233605,tidytext
2018-09-23,424,234029,tidytext
2018-09-24,728,234757,tidytext
2018-09-25,703,235460,tidytext
2018-09-26,758,236218,tidytext
2018-09-27,932,237150,tidytext
2018-09-28,661,237811,tidytext
2018-09-29,352,238163,tidytext
2018-09-30,431,238594,tidytext
2018-10-01,819,239413,tidytext
2018-10-02,748,240161,tidytext
2018-10-03,715,240876,tidytext
2018-10-04,762,241638,tidytext
2018-10-05,680,242318,tidytext
2018-10-06,299,242617,tidytext
2018-10-07,357,242974,tidytext
2018-10-08,614,243588,tidytext
2018-10-09,878,244466,tidytext
2018-10-10,883,245349,tidytext
2018-10-11,869,246218,tidytext
2018-10-12,856,247074,tidytext
2018-10-13,408,247482,tidytext
2018-10-14,372,247854,tidytext
2018-10-15,1061,248915,tidytext
2018-10-16,1399,250314,tidytext
2018-10-17,2683,252997,tidytext
2018-10-18,1323,254320,tidytext
2018-10-19,1203,255523,tidytext
2018-10-20,584,256107,tidytext
2018-10-21,572,256679,tidytext
2018-10-22,1290,257969,tidytext
2018-10-23,1278,259247,tidytext
2018-10-24,1426,260673,tidytext
2018-10-25,1163,261836,tidytext
2018-10-26,1223,263059,tidytext
2018-10-27,421,263480,tidytext
2018-10-28,610,264090,tidytext
2018-10-29,1449,265539,tidytext
2018-10-30,1175,266714,tidytext
2018-10-31,1459,268173,tidytext
2018-11-01,1196,269369,tidytext
2018-11-02,984,270353,tidytext
2018-11-03,646,270999,tidytext
2018-11-04,556,271555,tidytext
2018-11-05,980,272535,tidytext
2018-11-06,1170,273705,tidytext
2018-11-07,1143,274848,tidytext
2018-11-08,1293,276141,tidytext
2018-11-09,1198,277339,tidytext
2018-11-10,662,278001,tidytext
2018-11-11,728,278729,tidytext
2018-11-12,1260,279989,tidytext
2018-11-13,1410,281399,tidytext
2018-11-14,1260,282659,tidytext
2018-11-15,1215,283874,tidytext
2018-11-16,1139,285013,tidytext
2018-11-17,675,285688,tidytext
2018-11-18,933,286621,tidytext
2018-11-19,1285,287906,tidytext
2018-11-20,1265,289171,tidytext
2018-11-21,1151,290322,tidytext
2018-11-22,1025,291347,tidytext
2018-11-23,1222,292569,tidytext
2018-11-24,912,293481,tidytext
2018-11-25,841,294322,tidytext
2018-11-26,1327,295649,tidytext
2018-11-27,1539,297188,tidytext
2018-11-28,1558,298746,tidytext
2018-11-29,1530,300276,tidytext
2018-11-30,1342,301618,tidytext
2018-12-01,876,302494,tidytext
2018-12-02,842,303336,tidytext
2018-12-03,1364,304700,tidytext
2018-12-04,1568,306268,tidytext
2018-12-05,1174,307442,tidytext
2018-12-06,1385,308827,tidytext
2018-12-07,1086,309913,tidytext
2018-12-08,699,310612,tidytext
2018-12-09,663,311275,tidytext
2018-12-10,1302,312577,tidytext
2018-12-11,1191,313768,tidytext
2018-12-12,1118,314886,tidytext
2018-12-13,1140,316026,tidytext
2018-12-14,886,316912,tidytext
2018-12-15,784,317696,tidytext
2018-12-16,687,318383,tidytext
2018-12-17,1023,319406,tidytext
2018-12-18,1109,320515,tidytext
2018-12-19,1180,321695,tidytext
2018-12-20,1034,322729,tidytext
2018-12-21,1056,323785,tidytext
2018-12-22,689,324474,tidytext
2018-12-23,627,325101,tidytext
2018-12-24,880,325981,tidytext
2018-12-25,1175,327156,tidytext
2018-12-26,1407,328563,tidytext
2018-12-27,1502,330065,tidytext
2018-12-28,1583,331648,tidytext
2018-12-29,1178,332826,tidytext
2018-12-30,1242,334068,tidytext
2018-12-31,1362,335430,tidytext
2019-01-01,1540,336970,tidytext
2019-01-02,1841,338811,tidytext
2019-01-03,2045,340856,tidytext
2019-01-04,2043,342899,tidytext
2019-01-05,1556,344455,tidytext
2019-01-06,1609,346064,tidytext
2019-01-07,1962,348026,tidytext
2019-01-08,2815,350841,tidytext
2019-01-09,3105,353946,tidytext
2019-01-10,3967,357913,tidytext
2019-01-11,3590,361503,tidytext
2019-01-12,2713,364216,tidytext
2019-01-13,2929,367145,tidytext
2019-01-14,3018,370163,tidytext
2019-01-15,3469,373632,tidytext
2019-01-16,3791,377423,tidytext
2019-01-17,3289,380712,tidytext
2019-01-18,1628,382340,tidytext
2019-01-19,2177,384517,tidytext
2019-01-20,1594,386111,tidytext
2019-01-21,1758,387869,tidytext
2019-01-22,1279,389148,tidytext
2019-01-23,1613,390761,tidytext
2019-01-24,1457,392218,tidytext
2019-01-25,1510,393728,tidytext
2019-01-26,874,394602,tidytext
2019-01-27,665,395267,tidytext
2019-01-28,1401,396668,tidytext
2019-01-29,1263,397931,tidytext
2019-01-30,1472,399403,tidytext
2019-01-31,1417,400820,tidytext
2019-02-01,1220,402040,tidytext
2019-02-02,906,402946,tidytext
2019-02-03,1172,404118,tidytext
2019-02-04,2420,406538,tidytext
2019-02-05,1507,408045,tidytext
2019-02-06,1244,409289,tidytext
2019-02-07,1784,411073,tidytext
2019-02-08,1143,412216,tidytext
2019-02-09,773,412989,tidytext
2019-02-10,815,413804,tidytext
2019-02-11,1373,415177,tidytext
2019-02-12,1474,416651,tidytext
2019-02-13,1940,418591,tidytext
2019-02-14,1075,419666,tidytext
2019-02-15,861,420527,tidytext
2019-02-16,735,421262,tidytext
2019-02-17,616,421878,tidytext
2019-02-18,890,422768,tidytext
2019-02-19,999,423767,tidytext
2019-02-20,1028,424795,tidytext
2019-02-21,1062,425857,tidytext
2019-02-22,967,426824,tidytext
2019-02-23,554,427378,tidytext
2019-02-24,613,427991,tidytext
2019-02-25,1067,429058,tidytext
2019-02-26,1068,430126,tidytext
2019-02-27,1054,431180,tidytext
2019-02-28,1110,432290,tidytext
2019-03-01,1019,433309,tidytext
2019-03-02,514,433823,tidytext
2019-03-03,455,434278,tidytext
2019-03-04,1075,435353,tidytext
2019-03-05,915,436268,tidytext
2019-03-06,1153,437421,tidytext
2019-03-07,1300,438721,tidytext
2019-03-08,1174,439895,tidytext
2019-03-09,843,440738,tidytext
2019-03-10,679,441417,tidytext
2019-03-11,1284,442701,tidytext
2019-03-12,1428,444129,tidytext
2019-03-13,1141,445270,tidytext
2019-03-14,990,446260,tidytext
2019-03-15,1047,447307,tidytext
2019-03-16,731,448038,tidytext
2019-03-17,862,448900,tidytext
2019-03-18,1396,450296,tidytext
2019-03-19,1151,451447,tidytext
2019-03-20,1375,452822,tidytext
2019-03-21,1263,454085,tidytext
2019-03-22,1308,455393,tidytext
2019-03-23,848,456241,tidytext
2019-03-24,793,457034,tidytext
2019-03-25,1401,458435,tidytext
2019-03-26,1373,459808,tidytext
2019-03-27,1399,461207,tidytext
2019-03-28,1519,462726,tidytext
2019-03-29,1226,463952,tidytext
2019-03-30,672,464624,tidytext
2019-03-31,724,465348,tidytext
2019-04-01,1309,466657,tidytext
2019-04-02,1287,467944,tidytext
2019-04-03,1398,469342,tidytext
2019-04-04,1369,470711,tidytext
2019-04-05,1127,471838,tidytext
2019-04-06,812,472650,tidytext
2019-04-07,855,473505,tidytext
2019-04-08,1494,474999,tidytext
2019-04-09,1988,476987,tidytext
2019-04-10,1550,478537,tidytext
2019-04-11,1283,479820,tidytext
2019-04-12,981,480801,tidytext
2019-04-13,584,481385,tidytext
2019-04-14,567,481952,tidytext
2019-04-15,1176,483128,tidytext
2019-04-16,1502,484630,tidytext
2019-04-17,1102,485732,tidytext
2019-04-18,1071,486803,tidytext
2019-04-19,815,487618,tidytext
2019-04-20,667,488285,tidytext
2019-04-21,608,488893,tidytext
2019-04-22,1150,490043,tidytext
2019-04-23,1293,491336,tidytext
2019-04-24,1269,492605,tidytext
2019-04-25,1217,493822,tidytext
2019-04-26,1336,495158,tidytext
2019-04-27,1675,496833,tidytext
2019-04-28,2081,498914,tidytext
2019-04-29,2341,501255,tidytext
2019-04-30,1661,502916,tidytext
2019-05-01,1465,504381,tidytext
2019-05-02,1555,505936,tidytext
2019-05-03,1010,506946,tidytext
2019-05-04,837,507783,tidytext
2019-05-05,803,508586,tidytext
2019-05-06,1294,509880,tidytext
2019-05-07,1471,511351,tidytext
2019-05-08,1373,512724,tidytext
2019-05-09,1127,513851,tidytext
2019-05-10,1085,514936,tidytext
2019-05-11,700,515636,tidytext
2019-05-12,847,516483,tidytext
2019-05-13,1243,517726,tidytext
2019-05-14,1187,518913,tidytext
2019-05-15,1079,519992,tidytext
2019-05-16,964,520956,tidytext
2019-05-17,952,521908,tidytext
2019-05-18,598,522506,tidytext
2019-05-19,467,522973,tidytext
2019-05-20,894,523867,tidytext
2019-05-21,940,524807,tidytext
2019-05-22,938,525745,tidytext
2019-05-23,1125,526870,tidytext
2019-05-24,1043,527913,tidytext
2019-05-25,683,528596,tidytext
2019-05-26,608,529204,tidytext
2019-05-27,908,530112,tidytext
2019-05-28,1230,531342,tidytext
2019-05-29,1217,532559,tidytext
2019-05-30,962,533521,tidytext
2019-05-31,851,534372,tidytext
2019-06-01,427,534799,tidytext
2019-06-02,463,535262,tidytext
2019-06-03,909,536171,tidytext
2019-06-04,1256,537427,tidytext
2019-06-05,975,538402,tidytext
2019-06-06,1987,540389,tidytext
2019-06-07,1365,541754,tidytext
2019-06-08,592,542346,tidytext
2019-06-09,564,542910,tidytext
2019-06-10,1668,544578,tidytext
2019-06-11,2731,547309,tidytext
2019-06-12,7989,555298,tidytext
2019-06-13,16021,571319,tidytext
2019-06-14,13799,585118,tidytext
2019-06-15,2948,588066,tidytext
2019-06-16,762,588828,tidytext
2019-06-17,1309,590137,tidytext
2019-06-18,1264,591401,tidytext
2019-06-19,1744,593145,tidytext
2019-06-20,1139,594284,tidytext
2019-06-21,1135,595419,tidytext
2019-06-22,7765,603184,tidytext
2019-06-23,7359,610543,tidytext
2019-06-24,5446,615989,tidytext
2019-06-25,2450,618439,tidytext
2019-06-26,1124,619563,tidytext
2019-06-27,861,620424,tidytext
2019-06-28,835,621259,tidytext
2019-06-29,561,621820,tidytext
2019-06-30,438,622258,tidytext
2019-07-01,1047,623305,tidytext
2019-07-02,1116,624421,tidytext
2019-07-03,1442,625863,tidytext
2019-07-04,960,626823,tidytext
2019-07-05,1086,627909,tidytext
2019-07-06,524,628433,tidytext
2019-07-07,556,628989,tidytext
2019-07-08,1380,630369,tidytext
2019-07-09,1228,631597,tidytext
2019-07-10,1045,632642,tidytext
2019-07-11,1213,633855,tidytext
2019-07-12,891,634746,tidytext
2019-07-13,482,635228,tidytext
2019-07-14,456,635684,tidytext
2019-07-15,900,636584,tidytext
2019-07-16,915,637499,tidytext
2019-07-17,1013,638512,tidytext
2019-07-18,1026,639538,tidytext
2019-07-19,904,640442,tidytext
2019-07-20,538,640980,tidytext
2019-07-21,497,641477,tidytext
2019-07-22,956,642433,tidytext
2019-07-23,1105,643538,tidytext
2019-07-24,1164,644702,tidytext
2019-07-25,947,645649,tidytext
2019-07-26,958,646607,tidytext
2019-07-27,501,647108,tidytext
2019-07-28,492,647600,tidytext
2019-07-29,1332,648932,tidytext
2019-07-30,1569,650501,tidytext
2019-07-31,1310,651811,tidytext
2019-08-01,1297,653108,tidytext
2019-08-02,1101,654209,tidytext
2019-08-03,567,654776,tidytext
2019-08-04,500,655276,tidytext
2019-08-05,1072,656348,tidytext
2019-08-06,1211,657559,tidytext
2019-08-07,1128,658687,tidytext
2019-08-08,1100,659787,tidytext
2019-08-09,1026,660813,tidytext
2019-08-10,546,661359,tidytext
2019-08-11,465,661824,tidytext
2019-08-12,983,662807,tidytext
2019-08-13,934,663741,tidytext
2019-08-14,904,664645,tidytext
2019-08-15,922,665567,tidytext
2019-08-16,1022,666589,tidytext
2019-08-17,706,667295,tidytext
2019-08-18,717,668012,tidytext
2019-08-19,1032,669044,tidytext
2019-08-20,1187,670231,tidytext
2019-08-21,1077,671308,tidytext
2019-08-22,991,672299,tidytext
2019-08-23,882,673181,tidytext
2019-08-24,617,673798,tidytext
2019-08-25,505,674303,tidytext
2019-08-26,925,675228,tidytext
2019-08-27,1096,676324,tidytext
2019-08-28,1164,677488,tidytext
2019-08-29,1041,678529,tidytext
2019-08-30,891,679420,tidytext
2019-08-31,527,679947,tidytext
2019-09-01,528,680475,tidytext
2019-09-02,886,681361,tidytext
2019-09-03,1315,682676,tidytext
2019-09-04,1201,683877,tidytext
2019-09-05,1147,685024,tidytext
2019-09-06,997,686021,tidytext
2019-09-07,541,686562,tidytext
2019-09-08,618,687180,tidytext
2019-09-09,1092,688272,tidytext
2019-09-10,1133,689405,tidytext
2019-09-11,1206,690611,tidytext
2019-09-12,970,691581,tidytext
2019-09-13,1167,692748,tidytext
2019-09-14,583,693331,tidytext
2019-09-15,547,693878,tidytext
2019-09-16,996,694874,tidytext
2019-09-17,1435,696309,tidytext
2019-09-18,1215,697524,tidytext
2019-09-19,1440,698964,tidytext
2019-09-20,993,699957,tidytext
2019-09-21,608,700565,tidytext
2019-09-22,590,701155,tidytext
2019-09-23,1242,702397,tidytext
2019-09-24,1532,703929,tidytext
2019-09-25,1334,705263,tidytext
2019-09-26,1236,706499,tidytext
2019-09-27,1175,707674,tidytext
2019-09-28,767,708441,tidytext
2019-09-29,883,709324,tidytext
2019-09-30,1334,710658,tidytext
2019-10-01,1354,712012,tidytext
2019-10-02,1491,713503,tidytext
2019-10-03,1500,715003,tidytext
2019-10-04,1368,716371,tidytext
2019-10-05,1137,717508,tidytext
2019-10-06,976,718484,tidytext
2019-10-07,1668,720152,tidytext
2019-10-08,1617,721769,tidytext
2019-10-09,1765,723534,tidytext
2019-10-10,1517,725051,tidytext
2019-10-11,1260,726311,tidytext
2019-10-12,1459,727770,tidytext
2019-10-13,687,728457,tidytext
2019-10-14,1388,729845,tidytext
2019-10-15,1478,731323,tidytext
2019-10-16,1178,732501,tidytext
2019-10-17,1363,733864,tidytext
2019-10-18,1599,735463,tidytext
2019-10-19,749,736212,tidytext
2019-10-20,649,736861,tidytext
2019-10-21,1279,738140,tidytext
2019-10-22,1507,739647,tidytext
2019-10-23,1370,741017,tidytext
2019-10-24,1350,742367,tidytext
2019-10-25,1212,743579,tidytext
2019-10-26,849,744428,tidytext
2019-10-27,702,745130,tidytext
2019-10-28,1411,746541,tidytext
2019-10-29,1336,747877,tidytext
2019-10-30,1293,749170,tidytext
2019-10-31,1403,750573,tidytext
2019-11-01,1002,751575,tidytext
2019-11-02,801,752376,tidytext
2019-11-03,735,753111,tidytext
2019-11-04,1297,754408,tidytext
2019-11-05,1647,756055,tidytext
2019-11-06,1369,757424,tidytext
2019-11-07,1265,758689,tidytext
2019-11-08,1149,759838,tidytext
2019-11-09,686,760524,tidytext
2019-11-10,752,761276,tidytext
2019-11-11,1277,762553,tidytext
2019-11-12,1508,764061,tidytext
2019-11-13,1468,765529,tidytext
2019-11-14,1618,767147,tidytext
2019-11-15,1183,768330,tidytext
2019-11-16,768,769098,tidytext
2019-11-17,715,769813,tidytext
2019-11-18,1487,771300,tidytext
2019-11-19,1765,773065,tidytext
2019-11-20,1569,774634,tidytext
2019-11-21,1339,775973,tidytext
2019-11-22,1289,777262,tidytext
2019-11-23,831,778093,tidytext
2019-11-24,750,778843,tidytext
2019-11-25,1279,780122,tidytext
2019-11-26,1599,781721,tidytext
2019-11-27,1469,783190,tidytext
2019-11-28,1271,784461,tidytext
2019-11-29,1044,785505,tidytext
2019-11-30,679,786184,tidytext
2019-12-01,687,786871,tidytext
2019-12-02,1330,788201,tidytext
2019-12-03,1454,789655,tidytext
2019-12-04,1520,791175,tidytext
2019-12-05,1307,792482,tidytext
2019-12-06,1469,793951,tidytext
2019-12-07,837,794788,tidytext
2019-12-08,803,795591,tidytext
2019-12-09,1473,797064,tidytext
2019-12-10,1324,798388,tidytext
2019-12-11,1310,799698,tidytext
2019-12-12,1427,801125,tidytext
2019-12-13,1386,802511,tidytext
2019-12-14,818,803329,tidytext
2019-12-15,650,803979,tidytext
2019-12-16,1294,805273,tidytext
2019-12-17,1240,806513,tidytext
2019-12-18,1228,807741,tidytext
2019-12-19,1056,808797,tidytext
2019-12-20,933,809730,tidytext
2019-12-21,610,810340,tidytext
2019-12-22,707,811047,tidytext
2019-12-23,838,811885,tidytext
2019-12-24,661,812546,tidytext
2019-12-25,494,813040,tidytext
2019-12-26,634,813674,tidytext
2019-12-27,667,814341,tidytext
2019-12-28,569,814910,tidytext
2019-12-29,553,815463,tidytext
2019-12-30,803,816266,tidytext
2019-12-31,589,816855,tidytext
2020-01-01,461,817316,tidytext
2020-01-02,819,818135,tidytext
2020-01-03,852,818987,tidytext
2020-01-04,717,819704,tidytext
2020-01-05,683,820387,tidytext
2020-01-06,1070,821457,tidytext
2020-01-07,1132,822589,tidytext
2020-01-08,1257,823846,tidytext
2020-01-09,1458,825304,tidytext
2020-01-10,1195,826499,tidytext
2020-01-11,723,827222,tidytext
2020-01-12,625,827847,tidytext
2020-01-13,1076,828923,tidytext
2020-01-14,1305,830228,tidytext
2020-01-15,1334,831562,tidytext
2020-01-16,1238,832800,tidytext
2020-01-17,1312,834112,tidytext
2020-01-18,765,834877,tidytext
2020-01-19,697,835574,tidytext
2020-01-20,1087,836661,tidytext
2020-01-21,1206,837867,tidytext
2020-01-22,1367,839234,tidytext
2020-01-23,1425,840659,tidytext
2020-01-24,1244,841903,tidytext
2020-01-25,673,842576,tidytext
2020-01-26,817,843393,tidytext
2020-01-27,1340,844733,tidytext
2020-01-28,1480,846213,tidytext
2020-01-29,1365,847578,tidytext
2020-01-30,1487,849065,tidytext
2020-01-31,986,850051,tidytext
2020-02-01,741,850792,tidytext
2020-02-02,763,851555,tidytext
2020-02-03,1203,852758,tidytext
2020-02-04,1382,854140,tidytext
2020-02-05,1429,855569,tidytext
2020-02-06,1441,857010,tidytext
2020-02-07,1389,858399,tidytext
2020-02-08,731,859130,tidytext
2020-02-09,714,859844,tidytext
2020-02-10,1467,861311,tidytext
2020-02-11,1286,862597,tidytext
2020-02-12,1401,863998,tidytext
2020-02-13,1393,865391,tidytext
2020-02-14,1248,866639,tidytext
2020-02-15,798,867437,tidytext
2020-02-16,713,868150,tidytext
2020-02-17,1201,869351,tidytext
2020-02-18,1427,870778,tidytext
2020-02-19,1393,872171,tidytext
2020-02-20,1243,873414,tidytext
2020-02-21,1284,874698,tidytext
2020-02-22,634,875332,tidytext
2020-02-23,675,876007,tidytext
2020-02-24,1423,877430,tidytext
2020-02-25,1500,878930,tidytext
2020-02-26,1544,880474,tidytext
2020-02-27,1499,881973,tidytext
2020-02-28,1084,883057,tidytext
2020-02-29,233,883290,tidytext
2020-03-01,657,883947,tidytext
2020-03-02,1382,885329,tidytext
2020-03-03,1434,886763,tidytext
2020-03-04,2119,888882,tidytext
2020-03-05,2242,891124,tidytext
2020-03-06,1974,893098,tidytext
2020-03-07,1128,894226,tidytext
2020-03-08,1059,895285,tidytext
2020-03-09,1831,897116,tidytext
2020-03-10,1983,899099,tidytext
2020-03-11,1562,900661,tidytext
2020-03-12,1593,902254,tidytext
2020-03-13,1324,903578,tidytext
2020-03-14,898,904476,tidytext
2020-03-15,890,905366,tidytext
2020-03-16,1237,906603,tidytext
2020-03-17,1494,908097,tidytext
2020-03-18,1738,909835,tidytext
2020-03-19,1391,911226,tidytext
2020-03-20,1249,912475,tidytext
2020-03-21,837,913312,tidytext
2020-03-22,897,914209,tidytext
2020-03-23,1377,915586,tidytext
2020-03-24,1426,917012,tidytext
2020-03-25,1224,918236,tidytext
2020-03-26,1355,919591,tidytext
2020-03-27,1244,920835,tidytext
2020-03-28,986,921821,tidytext
2020-03-29,935,922756,tidytext
2020-03-30,1606,924362,tidytext
2020-03-31,1476,925838,tidytext
2020-04-01,1432,927270,tidytext
2020-04-02,1607,928877,tidytext
2020-04-03,1304,930181,tidytext
2020-04-04,980,931161,tidytext
2020-04-05,881,932042,tidytext
2020-04-06,1390,933432,tidytext
2020-04-07,1419,934851,tidytext
2020-04-08,1427,936278,tidytext
2020-04-09,1570,937848,tidytext
2020-04-10,1227,939075,tidytext
2020-04-11,954,940029,tidytext
2020-04-12,900,940929,tidytext
2020-04-13,1382,942311,tidytext
2020-04-14,1665,943976,tidytext
2020-04-15,1630,945606,tidytext
2020-04-16,1450,947056,tidytext
2020-04-17,1772,948828,tidytext
2020-04-18,1675,950503,tidytext
2020-04-19,1552,952055,tidytext
2020-04-20,2256,954311,tidytext
2020-04-21,2098,956409,tidytext
2020-04-22,2117,958526,tidytext
2020-04-23,1992,960518,tidytext
2020-04-24,2013,962531,tidytext
2020-04-25,1480,964011,tidytext
2020-04-26,1315,965326,tidytext
2020-04-27,2162,967488,tidytext
2020-04-28,2016,969504,tidytext
2020-04-29,1979,971483,tidytext
2020-04-30,1849,973332,tidytext
2020-05-01,1575,974907,tidytext
2020-05-02,1229,976136,tidytext
2020-05-03,1392,977528,tidytext
2020-05-04,1772,979300,tidytext
2020-05-05,1745,981045,tidytext
2020-05-06,1631,982676,tidytext
2020-05-07,1638,984314,tidytext
2020-05-08,1434,985748,tidytext
2020-05-09,1162,986910,tidytext
2020-05-10,1109,988019,tidytext
2020-05-11,1612,989631,tidytext
2020-05-12,1662,991293,tidytext
2020-05-13,1702,992995,tidytext
2020-05-14,1913,994908,tidytext
2020-05-15,1634,996542,tidytext
2020-05-16,1052,997594,tidytext
2020-05-17,1056,998650,tidytext
2020-05-18,1654,1000304,tidytext
2020-05-19,1757,1002061,tidytext
2020-05-20,1564,1003625,tidytext
2020-05-21,1404,1005029,tidytext
2020-05-22,1511,1006540,tidytext
2020-05-23,1038,1007578,tidytext
2020-05-24,1091,1008669,tidytext
2020-05-25,1637,1010306,tidytext
2020-05-26,1629,1011935,tidytext
2020-05-27,1698,1013633,tidytext
2020-05-28,1549,1015182,tidytext
2020-05-29,1475,1016657,tidytext
2020-05-30,1134,1017791,tidytext
2020-05-31,1046,1018837,tidytext
2020-06-01,1332,1020169,tidytext
2020-06-02,1527,1021696,tidytext
2020-06-03,1544,1023240,tidytext
2020-06-04,1583,1024823,tidytext
2020-06-05,1355,1026178,tidytext
2020-06-06,954,1027132,tidytext
2020-06-07,901,1028033,tidytext
2020-06-08,1496,1029529,tidytext
2020-06-09,1461,1030990,tidytext
2020-06-10,1499,1032489,tidytext
2020-06-11,1326,1033815,tidytext
2020-06-12,1319,1035134,tidytext
2020-06-13,791,1035925,tidytext
2020-06-14,875,1036800,tidytext
2020-06-15,1424,1038224,tidytext
2020-06-16,1511,1039735,tidytext
2020-06-17,1747,1041482,tidytext
2020-06-18,1755,1043237,tidytext
2020-06-19,1490,1044727,tidytext
2020-06-20,890,1045617,tidytext
2020-06-21,767,1046384,tidytext
2020-06-22,1483,1047867,tidytext
2020-06-23,1449,1049316,tidytext
2020-06-24,1379,1050695,tidytext
2020-06-25,1328,1052023,tidytext
2020-06-26,1301,1053324,tidytext
2020-06-27,816,1054140,tidytext
2020-06-28,1022,1055162,tidytext
2020-06-29,1502,1056664,tidytext
2020-06-30,1520,1058184,tidytext
2020-07-01,1344,1059528,tidytext
2020-07-02,1311,1060839,tidytext
2020-07-03,1107,1061946,tidytext
2020-07-04,678,1062624,tidytext
2020-07-05,730,1063354,tidytext
2020-07-06,1323,1064677,tidytext
2020-07-07,1325,1066002,tidytext
2020-07-08,1418,1067420,tidytext
2020-07-09,1261,1068681,tidytext
2020-07-10,1187,1069868,tidytext
2020-07-11,932,1070800,tidytext
2020-07-12,1360,1072160,tidytext
2020-07-13,2174,1074334,tidytext
2020-07-14,1637,1075971,tidytext
2020-07-15,1596,1077567,tidytext
2020-07-16,1406,1078973,tidytext
2020-07-17,1247,1080220,tidytext
2020-07-18,930,1081150,tidytext
2020-07-19,808,1081958,tidytext
2020-07-20,1339,1083297,tidytext
2020-07-21,1345,1084642,tidytext
2020-07-22,1396,1086038,tidytext
2020-07-23,1212,1087250,tidytext
2020-07-24,1225,1088475,tidytext
2020-07-25,798,1089273,tidytext
2020-07-26,638,1089911,tidytext
2020-07-27,1125,1091036,tidytext
2020-07-28,1232,1092268,tidytext
2020-07-29,1110,1093378,tidytext
2020-07-30,1160,1094538,tidytext
2020-07-31,1155,1095693,tidytext
2020-08-01,633,1096326,tidytext
2020-08-02,723,1097049,tidytext
2020-08-03,1306,1098355,tidytext
2020-08-04,1200,1099555,tidytext
2020-08-05,1223,1100778,tidytext
2020-08-06,1176,1101954,tidytext
2020-08-07,982,1102936,tidytext
2020-08-08,639,1103575,tidytext
2020-08-09,687,1104262,tidytext
2020-08-10,1131,1105393,tidytext
2020-08-11,1271,1106664,tidytext
2020-08-12,1123,1107787,tidytext
2020-08-13,1113,1108900,tidytext
2020-08-14,1071,1109971,tidytext
2020-08-15,638,1110609,tidytext
2020-08-16,613,1111222,tidytext
2020-08-17,1004,1112226,tidytext
2020-08-18,1046,1113272,tidytext
2020-08-19,1084,1114356,tidytext
2020-08-20,1085,1115441,tidytext
2020-08-21,892,1116333,tidytext
2020-08-22,565,1116898,tidytext
2020-08-23,569,1117467,tidytext
2020-08-24,986,1118453,tidytext
2020-08-25,1063,1119516,tidytext
2020-08-26,1129,1120645,tidytext
2020-08-27,1045,1121690,tidytext
2020-08-28,998,1122688,tidytext
2020-08-29,525,1123213,tidytext
2020-08-30,585,1123798,tidytext
2020-08-31,958,1124756,tidytext
2020-09-01,1127,1125883,tidytext
2020-09-02,1052,1126935,tidytext
2020-09-03,1058,1127993,tidytext
2020-09-04,934,1128927,tidytext
2020-09-05,661,1129588,tidytext
2020-09-06,643,1130231,tidytext
2020-09-07,1044,1131275,tidytext
2020-09-08,1157,1132432,tidytext
2020-09-09,1303,1133735,tidytext
2020-09-10,1278,1135013,tidytext
2020-09-11,1175,1136188,tidytext
2020-09-12,907,1137095,tidytext
2020-09-13,806,1137901,tidytext
2020-09-14,1210,1139111,tidytext
2020-09-15,1121,1140232,tidytext
2020-09-16,1381,1141613,tidytext
2020-09-17,1241,1142854,tidytext
2020-09-18,991,1143845,tidytext
2020-09-19,705,1144550,tidytext
2020-09-20,834,1145384,tidytext
2020-09-21,2010,1147394,tidytext
2020-09-22,1810,1149204,tidytext
2020-09-23,1741,1150945,tidytext
2020-09-24,1580,1152525,tidytext
2020-09-25,1471,1153996,tidytext
2020-09-26,1037,1155033,tidytext
2020-09-27,958,1155991,tidytext
2020-09-28,1764,1157755,tidytext
2020-09-29,1605,1159360,tidytext
2020-09-30,1441,1160801,tidytext
2020-10-01,1386,1162187,tidytext
2020-10-02,1297,1163484,tidytext
2020-10-03,742,1164226,tidytext
2020-10-04,821,1165047,tidytext
2020-10-05,1333,1166380,tidytext
2020-10-06,1464,1167844,tidytext
2020-10-07,1461,1169305,tidytext
2020-10-08,1462,1170767,tidytext
2020-10-09,1246,1172013,tidytext
2020-10-10,621,1172634,tidytext
2020-10-11,718,1173352,tidytext
2020-10-12,1309,1174661,tidytext
2020-10-13,1245,1175906,tidytext
2020-10-14,1395,1177301,tidytext
2020-10-15,1140,1178441,tidytext
2020-10-16,1144,1179585,tidytext
2020-10-17,628,1180213,tidytext
2020-10-18,624,1180837,tidytext
2020-10-19,1312,1182149,tidytext
2020-10-20,1250,1183399,tidytext
2020-10-21,1384,1184783,tidytext
2020-10-22,1358,1186141,tidytext
2020-10-23,1037,1187178,tidytext
2020-10-24,552,1187730,tidytext
2020-10-25,627,1188357,tidytext
2020-10-26,1224,1189581,tidytext
2020-10-27,1200,1190781,tidytext
2020-10-28,1550,1192331,tidytext
2020-10-29,1593,1193924,tidytext
2020-10-30,1370,1195294,tidytext
2020-10-31,669,1195963,tidytext
2020-11-01,760,1196723,tidytext
2020-11-02,1947,1198670,tidytext
2020-11-03,1533,1200203,tidytext
2020-11-04,1497,1201700,tidytext
2020-11-05,1524,1203224,tidytext
2020-11-06,1500,1204724,tidytext
2020-11-07,866,1205590,tidytext
2020-11-08,632,1206222,tidytext
2020-11-09,1805,1208027,tidytext
2020-11-10,1982,1210009,tidytext
2020-11-11,1570,1211579,tidytext
2020-11-12,1724,1213303,tidytext
2020-11-13,1339,1214642,tidytext
2020-11-14,761,1215403,tidytext
2020-11-15,779,1216182,tidytext
2020-11-16,1596,1217778,tidytext
2020-11-17,1573,1219351,tidytext
2020-11-18,1419,1220770,tidytext
2020-11-19,1396,1222166,tidytext
2020-11-20,1063,1223229,tidytext
2020-11-21,637,1223866,tidytext
2020-11-22,720,1224586,tidytext
2020-11-23,1314,1225900,tidytext
2020-11-24,1668,1227568,tidytext
2020-11-25,1222,1228790,tidytext
2020-11-26,1414,1230204,tidytext
2020-11-27,1216,1231420,tidytext
2020-11-28,790,1232210,tidytext
2020-11-29,718,1232928,tidytext
2020-11-30,1564,1234492,tidytext
2020-12-01,1501,1235993,tidytext
2020-12-02,1500,1237493,tidytext
2020-12-03,1341,1238834,tidytext
2020-12-04,1309,1240143,tidytext
2020-12-05,750,1240893,tidytext
2020-12-06,775,1241668,tidytext
2020-12-07,1557,1243225,tidytext
2020-12-08,1339,1244564,tidytext
2020-12-09,1462,1246026,tidytext
2020-12-10,1407,1247433,tidytext
2020-12-11,1365,1248798,tidytext
2020-12-12,700,1249498,tidytext
2020-12-13,707,1250205,tidytext
2020-12-14,1267,1251472,tidytext
2020-12-15,1425,1252897,tidytext
2020-12-16,1379,1254276,tidytext
2020-12-17,1317,1255593,tidytext
2020-12-18,1125,1256718,tidytext
2020-12-19,550,1257268,tidytext
2020-12-20,617,1257885,tidytext
2020-12-21,1096,1258981,tidytext
2020-12-22,1078,1260059,tidytext
2020-12-23,877,1260936,tidytext
2020-12-24,627,1261563,tidytext
2020-12-25,430,1261993,tidytext
2020-12-26,520,1262513,tidytext
2020-12-27,510,1263023,tidytext
2020-12-28,926,1263949,tidytext
2020-12-29,805,1264754,tidytext
2020-12-30,788,1265542,tidytext
2020-12-31,611,1266153,tidytext
2021-01-01,524,1266677,tidytext
2021-01-02,603,1267280,tidytext
2021-01-03,565,1267845,tidytext
2021-01-04,985,1268830,tidytext
2021-01-05,1064,1269894,tidytext
2021-01-06,1219,1271113,tidytext
2021-01-07,1700,1272813,tidytext
2021-01-08,1464,1274277,tidytext
2021-01-09,914,1275191,tidytext
2021-01-10,869,1276060,tidytext
2021-01-11,1432,1277492,tidytext
2021-01-12,1543,1279035,tidytext
2021-01-13,1424,1280459,tidytext
2021-01-14,1321,1281780,tidytext
2021-01-15,1140,1282920,tidytext
2021-01-16,717,1283637,tidytext
2021-01-17,783,1284420,tidytext
2021-01-18,1509,1285929,tidytext
2021-01-19,1494,1287423,tidytext
2021-01-20,1348,1288771,tidytext
2021-01-21,1340,1290111,tidytext
2021-01-22,1374,1291485,tidytext
2021-01-23,954,1292439,tidytext
2021-01-24,849,1293288,tidytext
2021-01-25,1270,1294558,tidytext
2021-01-26,1356,1295914,tidytext
2021-01-27,1708,1297622,tidytext
2021-01-28,1352,1298974,tidytext
2021-01-29,1251,1300225,tidytext
2021-01-30,764,1300989,tidytext
2021-01-31,820,1301809,tidytext
2021-02-01,1242,1303051,tidytext
2021-02-02,1375,1304426,tidytext
2021-02-03,1541,1305967,tidytext
2021-02-04,1379,1307346,tidytext
2021-02-05,1145,1308491,tidytext
2021-02-06,932,1309423,tidytext
2021-02-07,768,1310191,tidytext
2021-02-08,1468,1311659,tidytext
2021-02-09,1461,1313120,tidytext
2021-02-10,1386,1314506,tidytext
2021-02-11,1376,1315882,tidytext
2021-02-12,1486,1317368,tidytext
2021-02-13,844,1318212,tidytext
2021-02-14,822,1319034,tidytext
2021-02-15,1318,1320352,tidytext
2021-02-16,1513,1321865,tidytext
2021-02-17,1568,1323433,tidytext
2021-02-18,1346,1324779,tidytext
2021-02-19,1058,1325837,tidytext
2021-02-20,806,1326643,tidytext
2021-02-21,836,1327479,tidytext
2021-02-22,1391,1328870,tidytext
2021-02-23,1560,1330430,tidytext
2021-02-24,1523,1331953,tidytext
2021-02-25,1430,1333383,tidytext
2021-02-26,1189,1334572,tidytext
2021-02-27,812,1335384,tidytext
2021-02-28,790,1336174,tidytext
2021-03-01,1477,1337651,tidytext
2021-03-02,1374,1339025,tidytext
2021-03-03,1717,1340742,tidytext
2021-03-04,1571,1342313,tidytext
2021-03-05,1392,1343705,tidytext
2021-03-06,885,1344590,tidytext
2021-03-07,845,1345435,tidytext
2021-03-08,1421,1346856,tidytext
2021-03-09,1518,1348374,tidytext
2021-03-10,1581,1349955,tidytext
2021-03-11,1631,1351586,tidytext
2021-03-12,1454,1353040,tidytext
2021-03-13,775,1353815,tidytext
2021-03-14,828,1354643,tidytext
2021-03-15,1474,1356117,tidytext
2021-03-16,1731,1357848,tidytext
2021-03-17,1874,1359722,tidytext
2021-03-18,1677,1361399,tidytext
2021-03-19,1518,1362917,tidytext
2021-03-20,911,1363828,tidytext
2021-03-21,879,1364707,tidytext
2021-03-22,1747,1366454,tidytext
2021-03-23,1744,1368198,tidytext
2021-03-24,1600,1369798,tidytext
2021-03-25,1809,1371607,tidytext
2021-03-26,1615,1373222,tidytext
2021-03-27,1025,1374247,tidytext
2021-03-28,1013,1375260,tidytext
2021-03-29,1749,1377009,tidytext
2021-03-30,1656,1378665,tidytext
2021-03-31,1489,1380154,tidytext
2021-04-01,1588,1381742,tidytext
2021-04-02,1151,1382893,tidytext
2021-04-03,904,1383797,tidytext
2021-04-04,871,1384668,tidytext
2021-04-05,1426,1386094,tidytext
2021-04-06,1481,1387575,tidytext
2021-04-07,1557,1389132,tidytext
2021-04-08,1884,1391016,tidytext
2021-04-09,1531,1392547,tidytext
2021-04-10,1175,1393722,tidytext
2021-04-11,1647,1395369,tidytext
2021-04-12,2601,1397970,tidytext
2021-04-13,2353,1400323,tidytext
2021-04-14,2289,1402612,tidytext
2021-04-15,2007,1404619,tidytext
2021-04-16,1691,1406310,tidytext
2021-04-17,1084,1407394,tidytext
2021-04-18,1170,1408564,tidytext
2021-04-19,2003,1410567,tidytext
2021-04-20,2224,1412791,tidytext
2021-04-21,1984,1414775,tidytext
2021-04-22,1929,1416704,tidytext
2021-04-23,1582,1418286,tidytext
2021-04-24,1052,1419338,tidytext
2021-04-25,1064,1420402,tidytext
2021-04-26,1736,1422138,tidytext
2021-04-27,1699,1423837,tidytext
2021-04-28,1585,1425422,tidytext
2021-04-29,1612,1427034,tidytext
2021-04-30,1300,1428334,tidytext
2021-05-01,909,1429243,tidytext
2021-05-02,1027,1430270,tidytext
2021-05-03,1447,1431717,tidytext
2021-05-04,1605,1433322,tidytext
2021-05-05,1529,1434851,tidytext
2021-05-06,1572,1436423,tidytext
2021-05-07,1412,1437835,tidytext
2021-05-08,891,1438726,tidytext
2021-05-09,816,1439542,tidytext
2021-05-10,1637,1441179,tidytext
2021-05-11,1740,1442919,tidytext
2021-05-12,1822,1444741,tidytext
2021-05-13,1338,1446079,tidytext
2021-05-14,1517,1447596,tidytext
2021-05-15,1024,1448620,tidytext
2021-05-16,987,1449607,tidytext
2021-05-17,1650,1451257,tidytext
2021-05-18,2016,1453273,tidytext
2021-05-19,2012,1455285,tidytext
2021-05-20,1848,1457133,tidytext
2021-05-21,2089,1459222,tidytext
2021-05-22,1065,1460287,tidytext
2021-05-23,1217,1461504,tidytext
2021-05-24,1728,1463232,tidytext
2021-05-25,1882,1465114,tidytext
2021-05-26,1922,1467036,tidytext
2021-05-27,1896,1468932,tidytext
2021-05-28,1512,1470444,tidytext
2021-05-29,825,1471269,tidytext
2021-05-30,933,1472202,tidytext
2021-05-31,1439,1473641,tidytext
2021-06-01,1626,1475267,tidytext
2021-06-02,1710,1476977,tidytext
2021-06-03,1508,1478485,tidytext
2021-06-04,1480,1479965,tidytext
2021-06-05,954,1480919,tidytext
2021-06-06,1197,1482116,tidytext
2021-06-07,1950,1484066,tidytext
2021-06-08,1771,1485837,tidytext
2021-06-09,1886,1487723,tidytext
2021-06-10,1829,1489552,tidytext
2021-06-11,1484,1491036,tidytext
2021-06-12,906,1491942,tidytext
2021-06-13,865,1492807,tidytext
2021-06-14,1614,1494421,tidytext
2021-06-15,1539,1495960,tidytext
2021-06-16,1777,1497737,tidytext
2021-06-17,1490,1499227,tidytext
2021-06-18,1493,1500720,tidytext
2021-06-19,890,1501610,tidytext
2021-06-20,931,1502541,tidytext
2021-06-21,1668,1504209,tidytext
2021-06-22,1757,1505966,tidytext
2021-06-23,1469,1507435,tidytext
2021-06-24,1585,1509020,tidytext
2021-06-25,1364,1510384,tidytext
2021-06-26,1105,1511489,tidytext
2021-06-27,888,1512377,tidytext
2021-06-28,1685,1514062,tidytext
2021-06-29,1623,1515685,tidytext
2021-06-30,1580,1517265,tidytext
2021-07-01,1497,1518762,tidytext
2021-07-02,1368,1520130,tidytext
2021-07-03,798,1520928,tidytext
2021-07-04,897,1521825,tidytext
2021-07-05,1240,1523065,tidytext
2021-07-06,1604,1524669,tidytext
2021-07-07,1866,1526535,tidytext
2021-07-08,1473,1528008,tidytext
2021-07-09,1333,1529341,tidytext
2021-07-10,1080,1530421,tidytext
2021-07-11,954,1531375,tidytext
2021-07-12,1655,1533030,tidytext
2021-07-13,1575,1534605,tidytext
2021-07-14,1578,1536183,tidytext
2021-07-15,1385,1537568,tidytext
2021-07-16,1409,1538977,tidytext
2021-07-17,870,1539847,tidytext
2021-07-18,826,1540673,tidytext
2021-07-19,1668,1542341,tidytext
2021-07-20,1656,1543997,tidytext
2021-07-21,1719,1545716,tidytext
2021-07-22,1664,1547380,tidytext
2021-07-23,1642,1549022,tidytext
2021-07-24,848,1549870,tidytext
2021-07-25,849,1550719,tidytext
2021-07-26,2608,1553327,tidytext
2021-07-27,2092,1555419,tidytext
2021-07-28,2272,1557691,tidytext
2021-07-29,1781,1559472,tidytext
2021-07-30,1653,1561125,tidytext
2021-07-31,926,1562051,tidytext
2021-08-01,763,1562814,tidytext
2021-08-02,1926,1564740,tidytext
2021-08-03,2328,1567068,tidytext
2021-08-04,2078,1569146,tidytext
2021-08-05,2270,1571416,tidytext
2021-08-06,2017,1573433,tidytext
2021-08-07,846,1574279,tidytext
2021-08-08,933,1575212,tidytext
2021-08-09,1778,1576990,tidytext
2021-08-10,2139,1579129,tidytext
2021-08-11,2497,1581626,tidytext
2021-08-12,2294,1583920,tidytext
2021-08-13,1861,1585781,tidytext
2021-08-14,949,1586730,tidytext
2021-08-15,873,1587603,tidytext
2021-08-16,2176,1589779,tidytext
2021-08-17,2447,1592226,tidytext
2021-08-18,2350,1594576,tidytext
2021-08-19,1602,1596178,tidytext
2021-08-20,1620,1597798,tidytext
2021-08-21,1022,1598820,tidytext
2021-08-22,1064,1599884,tidytext
2021-08-23,2394,1602278,tidytext
2021-08-24,2413,1604691,tidytext
2021-08-25,2068,1606759,tidytext
2021-08-26,2441,1609200,tidytext
2021-08-27,2173,1611373,tidytext
2021-08-28,941,1612314,tidytext
2021-08-29,811,1613125,tidytext
2021-08-30,1842,1614967,tidytext
2021-08-31,2363,1617330,tidytext
2021-09-01,2392,1619722,tidytext
2021-09-02,1748,1621470,tidytext
2021-09-03,2319,1623789,tidytext
2021-09-04,839,1624628,tidytext
2021-09-05,847,1625475,tidytext
2021-09-06,3188,1628663,tidytext
2021-09-07,3374,1632037,tidytext
2021-09-08,3240,1635277,tidytext
2021-09-09,2913,1638190,tidytext
2021-09-10,1649,1639839,tidytext
2021-09-11,853,1640692,tidytext
2021-09-12,1661,1642353,tidytext
2021-09-13,3758,1646111,tidytext
2021-09-14,3536,1649647,tidytext
2021-09-15,3257,1652904,tidytext
2021-09-16,2933,1655837,tidytext
2021-09-17,2585,1658422,tidytext
2021-09-18,1202,1659624,tidytext
2021-09-19,1000,1660624,tidytext
2021-09-20,2428,1663052,tidytext
2021-09-21,2795,1665847,tidytext
2021-09-22,2538,1668385,tidytext
2021-09-23,2719,1671104,tidytext
2021-09-24,3106,1674210,tidytext
2021-09-25,849,1675059,tidytext
2021-09-26,862,1675921,tidytext
2021-09-27,2563,1678484,tidytext
2021-09-28,2654,1681138,tidytext
2021-09-29,3433,1684571,tidytext
2021-09-30,3308,1687879,tidytext
2021-10-01,3635,1691514,tidytext
2021-10-02,1236,1692750,tidytext
2021-10-03,1312,1694062,tidytext
2021-10-04,3026,1697088,tidytext
2021-10-05,3726,1700814,tidytext
2021-10-06,3579,1704393,tidytext
2021-10-07,3171,1707564,tidytext
2021-10-08,1593,1709157,tidytext
2021-10-09,967,1710124,tidytext
2021-10-10,1253,1711377,tidytext
2021-10-11,2570,1713947,tidytext
2021-10-12,3546,1717493,tidytext
2021-10-13,3461,1720954,tidytext
2021-10-14,2518,1723472,tidytext
2021-10-15,1586,1725058,tidytext
2021-10-16,875,1725933,tidytext
2021-10-17,1243,1727176,tidytext
2021-10-18,2945,1730121,tidytext
2021-10-19,1854,1731975,tidytext
2021-10-20,3835,1735810,tidytext
2021-10-21,3407,1739217,tidytext
2021-10-22,3587,1742804,tidytext
2021-10-23,1473,1744277,tidytext
2021-10-24,1486,1745763,tidytext
2021-10-25,2658,1748421,tidytext
2021-10-26,2701,1751122,tidytext
2021-10-27,3432,1754554,tidytext
2021-10-28,2865,1757419,tidytext
2021-10-29,2113,1759532,tidytext
2021-10-30,1207,1760739,tidytext
2021-10-31,1236,1761975,tidytext
2021-11-01,2015,1763990,tidytext
2021-11-02,3420,1767410,tidytext
2021-11-03,2075,1769485,tidytext
2021-11-04,2104,1771589,tidytext
2021-11-05,2786,1774375,tidytext
2021-11-06,1121,1775496,tidytext
2021-11-07,1180,1776676,tidytext
2021-11-08,3624,1780300,tidytext
2021-11-09,3137,1783437,tidytext
2021-11-10,3100,1786537,tidytext
2021-11-11,3281,1789818,tidytext
2021-11-12,1966,1791784,tidytext
2021-11-13,1436,1793220,tidytext
2021-11-14,1654,1794874,tidytext
2021-11-15,4102,1798976,tidytext
2021-11-16,4140,1803116,tidytext
2021-11-17,4122,1807238,tidytext
2021-11-18,4239,1811477,tidytext
2021-11-19,4121,1815598,tidytext
2021-11-20,1527,1817125,tidytext
2021-11-21,1165,1818290,tidytext
2021-11-22,3559,1821849,tidytext
2021-11-23,3376,1825225,tidytext
2021-11-24,3858,1829083,tidytext
2021-11-25,3023,1832106,tidytext
2021-11-26,1894,1834000,tidytext
2021-11-27,1031,1835031,tidytext
2021-11-28,1204,1836235,tidytext
2021-11-29,2575,1838810,tidytext
2021-11-30,2509,1841319,tidytext
2021-12-01,2800,1844119,tidytext
2021-12-02,2668,1846787,tidytext
2021-12-03,3098,1849885,tidytext
2021-12-04,1151,1851036,tidytext
2021-12-05,1146,1852182,tidytext
2021-12-06,2394,1854576,tidytext
2021-12-07,2708,1857284,tidytext
2021-12-08,2758,1860042,tidytext
2021-12-09,2978,1863020,tidytext
2021-12-10,1949,1864969,tidytext
2021-12-11,1233,1866202,tidytext
2021-12-12,1893,1868095,tidytext
2021-12-13,3093,1871188,tidytext
2021-12-14,3623,1874811,tidytext
2021-12-15,3503,1878314,tidytext
2021-12-16,3424,1881738,tidytext
2021-12-17,2175,1883913,tidytext
2021-12-18,851,1884764,tidytext
2021-12-19,1011,1885775,tidytext
2021-12-20,2954,1888729,tidytext
2021-12-21,2486,1891215,tidytext
2021-12-22,2561,1893776,tidytext
2021-12-23,3038,1896814,tidytext
2021-12-24,1674,1898488,tidytext
2021-12-25,649,1899137,tidytext
2021-12-26,690,1899827,tidytext
2021-12-27,2181,1902008,tidytext
2021-12-28,2188,1904196,tidytext
2021-12-29,1740,1905936,tidytext
2021-12-30,2167,1908103,tidytext
2021-12-31,1084,1909187,tidytext
2022-01-01,609,1909796,tidytext
2022-01-02,714,1910510,tidytext
2022-01-03,2143,1912653,tidytext
2022-01-04,2517,1915170,tidytext
2022-01-05,2059,1917229,tidytext
2022-01-06,1847,1919076,tidytext
2022-01-07,1780,1920856,tidytext
2022-01-08,1699,1922555,tidytext
2022-01-09,1075,1923630,tidytext
2022-01-10,2230,1925860,tidytext
2022-01-11,3176,1929036,tidytext
2022-01-12,3154,1932190,tidytext
2022-01-13,2677,1934867,tidytext
2022-01-14,2128,1936995,tidytext
2022-01-15,783,1937778,tidytext
2022-01-16,834,1938612,tidytext
2022-01-17,2562,1941174,tidytext
2022-01-18,2981,1944155,tidytext
2022-01-19,3166,1947321,tidytext
2022-01-20,2111,1949432,tidytext
2022-01-21,2146,1951578,tidytext
2022-01-22,883,1952461,tidytext
2022-01-23,913,1953374,tidytext
2022-01-24,2660,1956034,tidytext
2022-01-25,2587,1958621,tidytext
2022-01-26,2104,1960725,tidytext
2022-01-27,2192,1962917,tidytext
2022-01-28,2259,1965176,tidytext
2022-01-29,845,1966021,tidytext
2022-01-30,1066,1967087,tidytext
2022-01-31,2512,1969599,tidytext
2022-02-01,2904,1972503,tidytext
2022-02-02,2878,1975381,tidytext
2022-02-03,2465,1977846,tidytext
2022-02-04,2098,1979944,tidytext
2022-02-05,949,1980893,tidytext
2022-02-06,1631,1982524,tidytext
2022-02-07,2954,1985478,tidytext
2022-02-08,2972,1988450,tidytext
2022-02-09,2608,1991058,tidytext
2022-02-10,2801,1993859,tidytext
2022-02-11,2283,1996142,tidytext
2022-02-12,1071,1997213,tidytext
2022-02-13,1262,1998475,tidytext
2022-02-14,3086,2001561,tidytext
2022-02-15,2706,2004267,tidytext
2022-02-16,3011,2007278,tidytext
2022-02-17,2957,2010235,tidytext
2022-02-18,1917,2012152,tidytext
2022-02-19,1152,2013304,tidytext
2022-02-20,1329,2014633,tidytext
2022-02-21,2048,2016681,tidytext
2022-02-22,2634,2019315,tidytext
2022-02-23,2778,2022093,tidytext
2022-02-24,2566,2024659,tidytext
2022-02-25,1981,2026640,tidytext
2022-02-26,934,2027574,tidytext
2022-02-27,1050,2028624,tidytext
2022-02-28,2057,2030681,tidytext
2022-03-01,1810,2032491,tidytext
2022-03-02,2581,2035072,tidytext
2022-03-03,2566,2037638,tidytext
2022-03-04,2099,2039737,tidytext
2022-03-05,1446,2041183,tidytext
2022-03-06,1560,2042743,tidytext
2022-03-07,3089,2045832,tidytext
2022-03-08,2400,2048232,tidytext
2022-03-09,2286,2050518,tidytext
2022-03-10,2729,2053247,tidytext
2022-03-11,1948,2055195,tidytext
2022-03-12,976,2056171,tidytext
2022-03-13,1238,2057409,tidytext
2022-03-14,2717,2060126,tidytext
2022-03-15,2716,2062842,tidytext
2022-03-16,2702,2065544,tidytext
2022-03-17,2666,2068210,tidytext
2022-03-18,2308,2070518,tidytext
2022-03-19,2355,2072873,tidytext
2022-03-20,1874,2074747,tidytext
2022-03-21,3517,2078264,tidytext
2022-03-22,2616,2080880,tidytext
2022-03-23,3268,2084148,tidytext
2022-03-24,2410,2086558,tidytext
2022-03-25,2129,2088687,tidytext
2022-03-26,1322,2090009,tidytext
2022-03-27,1589,2091598,tidytext
2022-03-28,3456,2095054,tidytext
2022-03-29,3016,2098070,tidytext
2022-03-30,3505,2101575,tidytext
2022-03-31,3736,2105311,tidytext
2022-04-01,2918,2108229,tidytext
2022-04-02,1303,2109532,tidytext
2022-04-03,1735,2111267,tidytext
2022-04-04,2934,2114201,tidytext
2022-04-05,3302,2117503,tidytext
2022-04-06,3562,2121065,tidytext
2022-04-07,3738,2124803,tidytext
2022-04-08,3184,2127987,tidytext
2022-04-09,1854,2129841,tidytext
2022-04-10,2172,2132013,tidytext
2022-04-11,3858,2135871,tidytext
2022-04-12,3521,2139392,tidytext
2022-04-13,4089,2143481,tidytext
2022-04-14,4706,2148187,tidytext
2022-04-15,2402,2150589,tidytext
2022-04-16,2734,2153323,tidytext
2022-04-17,3093,2156416,tidytext
2022-04-18,5340,2161756,tidytext
2022-04-19,3935,2165691,tidytext
2022-04-20,5459,2171150,tidytext
2022-04-21,5552,2176702,tidytext
2022-04-22,5125,2181827,tidytext
2022-04-23,2868,2184695,tidytext
2022-04-24,2339,2187034,tidytext
2022-04-25,5188,2192222,tidytext
2022-04-26,4702,2196924,tidytext
2022-04-27,4782,2201706,tidytext
2022-04-28,4708,2206414,tidytext
2022-04-29,4394,2210808,tidytext
2022-04-30,2529,2213337,tidytext
2022-05-01,2326,2215663,tidytext
2022-05-02,4548,2220211,tidytext
2022-05-03,3039,2223250,tidytext
2022-05-04,4257,2227507,tidytext
2022-05-05,5121,2232628,tidytext
2022-05-06,5373,2238001,tidytext
2022-05-07,2325,2240326,tidytext
2022-05-08,2302,2242628,tidytext
2022-05-09,5422,2248050,tidytext
2022-05-10,5135,2253185,tidytext
2022-05-11,6135,2259320,tidytext
2022-05-12,4771,2264091,tidytext
2022-05-13,2830,2266921,tidytext
2022-05-14,1217,2268138,tidytext
2022-05-15,1330,2269468,tidytext
2022-05-16,3015,2272483,tidytext
2022-05-17,2643,2275126,tidytext
2022-05-18,3740,2278866,tidytext
2022-05-19,3107,2281973,tidytext
2022-05-20,4036,2286009,tidytext
2022-05-21,1055,2287064,tidytext
2022-05-22,1297,2288361,tidytext
2022-05-23,4231,2292592,tidytext
2022-05-24,3534,2296126,tidytext
2022-05-25,3851,2299977,tidytext
2022-05-26,2923,2302900,tidytext
2022-05-27,2244,2305144,tidytext
2022-05-28,2558,2307702,tidytext
2022-05-29,1247,2308949,tidytext
2022-05-30,2551,2311500,tidytext
2022-05-31,2369,2313869,tidytext
2022-06-01,2867,2316736,tidytext
2022-06-02,3174,2319910,tidytext
2022-06-03,2248,2322158,tidytext
2022-06-04,2324,2324482,tidytext
2022-06-05,1202,2325684,tidytext
2022-06-06,3368,2329052,tidytext
2022-06-07,2436,2331488,tidytext
2022-06-08,2162,2333650,tidytext
2022-06-09,2072,2335722,tidytext
2022-06-10,3064,2338786,tidytext
2022-06-11,1174,2339960,tidytext
2022-06-12,1084,2341044,tidytext
2022-06-13,3329,2344373,tidytext
2022-06-14,2560,2346933,tidytext
2022-06-15,6539,2353472,tidytext
2022-06-16,3402,2356874,tidytext
2022-06-17,2325,2359199,tidytext
2022-06-18,1683,2360882,tidytext
2022-06-19,1209,2362091,tidytext
2022-06-20,2838,2364929,tidytext
2022-06-21,3088,2368017,tidytext
2022-06-22,2640,2370657,tidytext
2022-06-23,2806,2373463,tidytext
2022-06-24,2208,2375671,tidytext
2022-06-25,997,2376668,tidytext
2022-06-26,1034,2377702,tidytext
2022-06-27,2314,2380016,tidytext
2022-06-28,2423,2382439,tidytext
2022-06-29,2618,2385057,tidytext
2022-06-30,2412,2387469,tidytext
2022-07-01,1780,2389249,tidytext
2022-07-02,1075,2390324,tidytext
2022-07-03,1074,2391398,tidytext
2022-07-04,3003,2394401,tidytext
2022-07-05,2780,2397181,tidytext
2022-07-06,2956,2400137,tidytext
2022-07-07,3595,2403732,tidytext
2022-07-08,2264,2405996,tidytext
2022-07-09,1382,2407378,tidytext
2022-07-10,1490,2408868,tidytext
2022-07-11,2986,2411854,tidytext
2022-07-12,2409,2414263,tidytext
2022-07-13,3080,2417343,tidytext
2022-07-14,2673,2420016,tidytext
2022-07-15,2146,2422162,tidytext
2022-07-16,1220,2423382,tidytext
2022-07-17,971,2424353,tidytext
2022-07-18,2982,2427335,tidytext
2022-07-19,3157,2430492,tidytext
2022-07-20,3399,2433891,tidytext
2022-07-21,2724,2436615,tidytext
2022-07-22,4294,2440909,tidytext
2022-07-23,1292,2442201,tidytext
2022-07-24,1344,2443545,tidytext
2022-07-25,3235,2446780,tidytext
2022-07-26,3219,2449999,tidytext
2022-07-27,3070,2453069,tidytext
2022-07-28,3419,2456488,tidytext
2022-07-29,2716,2459204,tidytext
2022-07-30,1898,2461102,tidytext
2022-07-31,1872,2462974,tidytext
2022-08-01,2686,2465660,tidytext
2022-08-02,2647,2468307,tidytext
2022-08-03,3108,2471415,tidytext
2022-08-04,2058,2473473,tidytext
2022-08-05,1519,2474992,tidytext
2022-08-06,1204,2476196,tidytext
2022-08-07,911,2477107,tidytext
2022-08-08,2713,2479820,tidytext
2022-08-09,2435,2482255,tidytext
2022-08-10,2002,2484257,tidytext
2022-08-11,2252,2486509,tidytext
2022-08-12,1546,2488055,tidytext
2022-08-13,824,2488879,tidytext
2022-08-14,933,2489812,tidytext
2022-08-15,1414,2491226,tidytext
2022-08-16,2298,2493524,tidytext
2022-08-17,2186,2495710,tidytext
2022-08-18,2904,2498614,tidytext
2022-08-19,2018,2500632,tidytext
2022-08-20,2119,2502751,tidytext
2022-08-21,1191,2503942,tidytext
2022-08-22,2147,2506089,tidytext
2022-08-23,3521,2509610,tidytext
2022-08-24,2523,2512133,tidytext
2022-08-25,2376,2514509,tidytext
2022-08-26,2732,2517241,tidytext
2022-08-27,1208,2518449,tidytext
2022-08-28,1770,2520219,tidytext
2022-08-29,2888,2523107,tidytext
2022-08-30,2834,2525941,tidytext
2022-08-31,2989,2528930,tidytext
2022-09-01,3107,2532037,tidytext
2022-09-02,2698,2534735,tidytext
2022-09-03,1694,2536429,tidytext
2022-09-04,1623,2538052,tidytext
2022-09-05,2988,2541040,tidytext
2022-09-06,2486,2543526,tidytext
2022-09-07,2548,2546074,tidytext
2022-09-08,2978,2549052,tidytext
2022-09-09,2578,2551630,tidytext
2022-09-10,1610,2553240,tidytext
2022-09-11,1539,2554779,tidytext
2022-09-12,2339,2557118,tidytext
2022-09-13,2487,2559605,tidytext
2022-09-14,2931,2562536,tidytext
2022-09-15,2878,2565414,tidytext
2022-09-16,2317,2567731,tidytext
2022-09-17,1565,2569296,tidytext
2022-09-18,1572,2570868,tidytext
2022-09-19,3128,2573996,tidytext
2022-09-20,2738,2576734,tidytext
2022-09-21,2654,2579388,tidytext
2022-09-22,2722,2582110,tidytext
2022-09-23,2610,2584720,tidytext
2022-09-24,1172,2585892,tidytext
2022-09-25,1095,2586987,tidytext
2022-09-26,2335,2589322,tidytext
2022-09-27,2003,2591325,tidytext
2022-09-28,2533,2593858,tidytext
2022-09-29,1787,2595645,tidytext
2022-09-30,1738,2597383,tidytext
2022-10-01,938,2598321,tidytext
2022-10-02,1033,2599354,tidytext
2022-10-03,1843,2601197,tidytext
2022-10-04,2289,2603486,tidytext
2022-10-05,1709,2605195,tidytext
2022-10-06,2703,2607898,tidytext
2022-10-07,1951,2609849,tidytext
2022-10-08,1010,2610859,tidytext
2022-10-09,922,2611781,tidytext
2022-10-10,1813,2613594,tidytext
2022-10-11,2501,2616095,tidytext
2022-10-12,2228,2618323,tidytext
2022-10-13,1981,2620304,tidytext
2022-10-14,1542,2621846,tidytext
2022-10-15,1128,2622974,tidytext
2022-10-16,1072,2624046,tidytext
2022-10-17,2155,2626201,tidytext
2022-10-18,2298,2628499,tidytext
2022-10-19,2313,2630812,tidytext
2022-10-20,1825,2632637,tidytext
2022-10-21,1695,2634332,tidytext
2022-10-22,1121,2635453,tidytext
2022-10-23,1126,2636579,tidytext
2022-10-24,1841,2638420,tidytext
2022-10-25,2823,2641243,tidytext
2022-10-26,2242,2643485,tidytext
2022-10-27,2039,2645524,tidytext
2022-10-28,1895,2647419,tidytext
2022-10-29,1298,2648717,tidytext
2022-10-30,1218,2649935,tidytext
2022-10-31,2349,2652284,tidytext
2022-11-01,1828,2654112,tidytext
2022-11-02,2902,2657014,tidytext
2022-11-03,2239,2659253,tidytext
2022-11-04,2225,2661478,tidytext
2022-11-05,1291,2662769,tidytext
2022-11-06,1438,2664207,tidytext
2022-11-07,2820,2667027,tidytext
2022-11-08,2759,2669786,tidytext
2022-11-09,2857,2672643,tidytext
2022-11-10,2362,2675005,tidytext
2022-11-11,2335,2677340,tidytext
2022-11-12,1316,2678656,tidytext
2022-11-13,1270,2679926,tidytext
2022-11-14,2487,2682413,tidytext
2022-11-15,2923,2685336,tidytext
2022-11-16,3122,2688458,tidytext
2022-11-17,3657,2692115,tidytext
2022-11-18,2521,2694636,tidytext
2022-11-19,1334,2695970,tidytext
2022-11-20,2508,2698478,tidytext
2022-11-21,3034,2701512,tidytext
2022-11-22,2571,2704083,tidytext
2022-11-23,2831,2706914,tidytext
2022-11-24,2564,2709478,tidytext
2022-11-25,3255,2712733,tidytext
2022-11-26,1420,2714153,tidytext
2022-11-27,1648,2715801,tidytext
2022-11-28,3260,2719061,tidytext
2022-11-29,2676,2721737,tidytext
2022-11-30,2972,2724709,tidytext
2022-12-01,3026,2727735,tidytext
2022-12-02,2926,2730661,tidytext
2022-12-03,1461,2732122,tidytext
2022-12-04,1458,2733580,tidytext
2022-12-05,3550,2737130,tidytext
2022-12-06,2496,2739626,tidytext
2022-12-07,2772,2742398,tidytext
2022-12-08,2678,2745076,tidytext
2022-12-09,2516,2747592,tidytext
2022-12-10,1547,2749139,tidytext
2022-12-11,1591,2750730,tidytext
2022-12-12,2872,2753602,tidytext
2022-12-13,2934,2756536,tidytext
2022-12-14,2530,2759066,tidytext
2022-12-15,3065,2762131,tidytext
2022-12-16,2550,2764681,tidytext
2022-12-17,1993,2766674,tidytext
2022-12-18,1303,2767977,tidytext
2022-12-19,2876,2770853,tidytext
2022-12-20,2429,2773282,tidytext
2022-12-21,2920,2776202,tidytext
2022-12-22,2323,2778525,tidytext
2022-12-23,2201,2780726,tidytext
2022-12-24,1578,2782304,tidytext
2022-12-25,1143,2783447,tidytext
2022-12-26,1873,2785320,tidytext
2022-12-27,1867,2787187,tidytext
2022-12-28,1904,2789091,tidytext
2022-12-29,1989,2791080,tidytext
2022-12-30,1975,2793055,tidytext
2022-12-31,1348,2794403,tidytext
2023-01-01,1122,2795525,tidytext
2023-01-02,2173,2797698,tidytext
2023-01-03,2054,2799752,tidytext
2023-01-04,2586,2802338,tidytext
2023-01-05,2501,2804839,tidytext
2023-01-06,2643,2807482,tidytext
2023-01-07,1445,2808927,tidytext
2023-01-08,1736,2810663,tidytext
2023-01-09,2942,2813605,tidytext
2023-01-10,3287,2816892,tidytext
2023-01-11,3008,2819900,tidytext
2023-01-12,3496,2823396,tidytext
2023-01-13,2707,2826103,tidytext
2023-01-14,1392,2827495,tidytext
2023-01-15,1408,2828903,tidytext
2023-01-16,2839,2831742,tidytext
2023-01-17,3151,2834893,tidytext
2023-01-18,2647,2837540,tidytext
2023-01-19,2849,2840389,tidytext
2023-01-20,2531,2842920,tidytext
2023-01-21,1237,2844157,tidytext
2023-01-22,1366,2845523,tidytext
2023-01-23,2515,2848038,tidytext
2023-01-24,2647,2850685,tidytext
2023-01-25,2321,2853006,tidytext
2023-01-26,2207,2855213,tidytext
2023-01-27,2298,2857511,tidytext
2023-01-28,1258,2858769,tidytext
2023-01-29,1091,2859860,tidytext
2023-01-30,2373,2862233,tidytext
2023-01-31,2675,2864908,tidytext
2023-02-01,2289,2867197,tidytext
2023-02-02,2367,2869564,tidytext
2023-02-03,2255,2871819,tidytext
2023-02-04,1392,2873211,tidytext
2023-02-05,1194,2874405,tidytext
2023-02-06,2726,2877131,tidytext
2023-02-07,2693,2879824,tidytext
2023-02-08,3089,2882913,tidytext
2023-02-09,2065,2884978,tidytext
2023-02-10,2238,2887216,tidytext
2023-02-11,1159,2888375,tidytext
2023-02-12,1181,2889556,tidytext
2023-02-13,2948,2892504,tidytext
2023-02-14,2480,2894984,tidytext
2023-02-15,2173,2897157,tidytext
2023-02-16,2733,2899890,tidytext
2023-02-17,2363,2902253,tidytext
2023-02-18,1231,2903484,tidytext
2023-02-19,1129,2904613,tidytext
2023-02-20,1819,2906432,tidytext
2023-02-21,2005,2908437,tidytext
2023-02-22,1879,2910316,tidytext
2023-02-23,2343,2912659,tidytext
2023-02-24,2016,2914675,tidytext
2023-02-25,1113,2915788,tidytext
2023-02-26,1155,2916943,tidytext
2023-02-27,1943,2918886,tidytext
2023-02-28,2209,2921095,tidytext
2023-03-01,2568,2923663,tidytext
2023-03-02,2794,2926457,tidytext
2023-03-03,2061,2928518,tidytext
2023-03-04,1145,2929663,tidytext
2023-03-05,1234,2930897,tidytext
2023-03-06,2739,2933636,tidytext
2023-03-07,2571,2936207,tidytext
2023-03-08,2620,2938827,tidytext
2023-03-09,2191,2941018,tidytext
2023-03-10,1961,2942979,tidytext
2023-03-11,1226,2944205,tidytext
2023-03-12,1095,2945300,tidytext
2023-03-13,2927,2948227,tidytext
2023-03-14,3079,2951306,tidytext
2023-03-15,3124,2954430,tidytext
2023-03-16,2902,2957332,tidytext
2023-03-17,2562,2959894,tidytext
2023-03-18,1415,2961309,tidytext
2023-03-19,1869,2963178,tidytext
2023-03-20,2444,2965622,tidytext
2023-03-21,2919,2968541,tidytext
2023-03-22,2801,2971342,tidytext
2023-03-23,1936,2973278,tidytext
2023-03-24,1921,2975199,tidytext
2023-03-25,1140,2976339,tidytext
2023-03-26,1217,2977556,tidytext
2023-03-27,3219,2980775,tidytext
2023-03-28,3155,2983930,tidytext
2023-03-29,2946,2986876,tidytext
2023-03-30,2340,2989216,tidytext
2023-03-31,1838,2991054,tidytext
2023-04-01,1368,2992422,tidytext
2023-04-02,1316,2993738,tidytext
2023-04-03,2637,2996375,tidytext
2023-04-04,2733,2999108,tidytext
2023-04-05,2448,3001556,tidytext
2023-04-06,2658,3004214,tidytext
2023-04-07,1545,3005759,tidytext
2023-04-08,939,3006698,tidytext
2023-04-09,1245,3007943,tidytext
2023-04-10,2141,3010084,tidytext
2023-04-11,2533,3012617,tidytext
2023-04-12,2942,3015559,tidytext
2023-04-13,2784,3018343,tidytext
2023-04-14,2378,3020721,tidytext
2023-04-15,1549,3022270,tidytext
2023-04-16,1248,3023518,tidytext
2023-04-17,2361,3025879,tidytext
2023-04-18,3076,3028955,tidytext
2023-04-19,2800,3031755,tidytext
2023-04-20,2919,3034674,tidytext
2023-04-21,1948,3036622,tidytext
2023-04-22,1230,3037852,tidytext
2023-04-23,1301,3039153,tidytext
2023-04-24,2565,3041718,tidytext
2023-04-25,2612,3044330,tidytext
2023-04-26,2777,3047107,tidytext
2023-04-27,2325,3049432,tidytext
2023-04-28,2062,3051494,tidytext
2023-04-29,1338,3052832,tidytext
2023-04-30,1069,3053901,tidytext
2023-05-01,1941,3055842,tidytext
2023-05-02,2031,3057873,tidytext
2023-05-03,2196,3060069,tidytext
2023-05-04,2250,3062319,tidytext
2023-05-05,1895,3064214,tidytext
2023-05-06,1182,3065396,tidytext
2023-05-07,1147,3066543,tidytext
2023-05-08,3007,3069550,tidytext
2023-05-09,2351,3071901,tidytext
2023-05-10,1925,3073826,tidytext
2023-05-11,2548,3076374,tidytext
2023-05-12,1741,3078115,tidytext
2023-05-13,1056,3079171,tidytext
2023-05-14,1118,3080289,tidytext
2023-05-15,2418,3082707,tidytext
2023-05-16,2233,3084940,tidytext
2023-05-17,2175,3087115,tidytext
2023-05-18,1932,3089047,tidytext
2023-05-19,1723,3090770,tidytext
2023-05-20,897,3091667,tidytext
2023-05-21,988,3092655,tidytext
2023-05-22,1960,3094615,tidytext
2023-05-23,2103,3096718,tidytext
2023-05-24,2095,3098813,tidytext
2023-05-25,2709,3101522,tidytext
2023-05-26,1960,3103482,tidytext
2023-05-27,860,3104342,tidytext
2023-05-28,998,3105340,tidytext
2023-05-29,1927,3107267,tidytext
2023-05-30,1962,3109229,tidytext
2023-05-31,2260,3111489,tidytext
2023-06-01,2018,3113507,tidytext
2023-06-02,2113,3115620,tidytext
2023-06-03,990,3116610,tidytext
2023-06-04,1164,3117774,tidytext
2023-06-05,1599,3119373,tidytext
2023-06-06,1884,3121257,tidytext
2023-06-07,2008,3123265,tidytext
2023-06-08,2156,3125421,tidytext
2023-06-09,1889,3127310,tidytext
2023-06-10,1122,3128432,tidytext
2023-06-11,1221,3129653,tidytext
2023-06-12,1770,3131423,tidytext
2023-06-13,2175,3133598,tidytext
2023-06-14,1861,3135459,tidytext
2023-06-15,2028,3137487,tidytext
2023-06-16,1591,3139078,tidytext
2023-06-17,914,3139992,tidytext
2023-06-18,945,3140937,tidytext
2023-06-19,1906,3142843,tidytext
2023-06-20,1960,3144803,tidytext
2023-06-21,2312,3147115,tidytext
2023-06-22,1760,3148875,tidytext
2023-06-23,1613,3150488,tidytext
2023-06-24,676,3151164,tidytext
2023-06-25,875,3152039,tidytext
2023-06-26,1338,3153377,tidytext
2023-06-27,1296,3154673,tidytext
2023-06-28,1290,3155963,tidytext
2023-06-29,1274,3157237,tidytext
2023-06-30,1138,3158375,tidytext
2023-07-01,657,3159032,tidytext
2023-07-02,746,3159778,tidytext
2023-07-03,1078,3160856,tidytext
2023-07-04,1069,3161925,tidytext
2023-07-05,1377,3163302,tidytext
2023-07-06,1254,3164556,tidytext
2023-07-07,1258,3165814,tidytext
2023-07-08,816,3166630,tidytext
2023-07-09,833,3167463,tidytext
2023-07-10,1411,3168874,tidytext
2023-07-11,1521,3170395,tidytext
2023-07-12,1667,3172062,tidytext
2023-07-13,1442,3173504,tidytext
2023-07-14,1174,3174678,tidytext
2023-07-15,782,3175460,tidytext
2023-07-16,799,3176259,tidytext
2023-07-17,1328,3177587,tidytext
2023-07-18,1550,3179137,tidytext
2023-07-19,1459,3180596,tidytext
2023-07-20,1460,3182056,tidytext
2023-07-21,1350,3183406,tidytext
2023-07-22,801,3184207,tidytext
2023-07-23,750,3184957,tidytext
2023-07-24,1346,3186303,tidytext
2023-07-25,1703,3188006,tidytext
2023-07-26,1339,3189345,tidytext
2023-07-27,1286,3190631,tidytext
2023-07-28,1235,3191866,tidytext
2023-07-29,829,3192695,tidytext
2023-07-30,812,3193507,tidytext
2023-07-31,1361,3194868,tidytext
2023-08-01,1258,3196126,tidytext
2023-08-02,1239,3197365,tidytext
2023-08-03,1251,3198616,tidytext
2023-08-04,1232,3199848,tidytext
2023-08-05,852,3200700,tidytext
2023-08-06,746,3201446,tidytext
2023-08-07,1281,3202727,tidytext
2023-08-08,1282,3204009,tidytext
2023-08-09,1484,3205493,tidytext
2023-08-10,1303,3206796,tidytext
2023-08-11,1145,3207941,tidytext
2023-08-12,792,3208733,tidytext
2023-08-13,691,3209424,tidytext
2023-08-14,1277,3210701,tidytext
2023-08-15,1153,3211854,tidytext
2023-08-16,1498,3213352,tidytext
2023-08-17,1216,3214568,tidytext
2023-08-18,1133,3215701,tidytext
2023-08-19,933,3216634,tidytext
2023-08-20,680,3217314,tidytext
2023-08-21,1214,3218528,tidytext
2023-08-22,1256,3219784,tidytext
2023-08-23,1364,3221148,tidytext
2023-08-24,1438,3222586,tidytext
2023-08-25,1306,3223892,tidytext
2023-08-26,1031,3224923,tidytext
2023-08-27,948,3225871,tidytext
2023-08-28,1539,3227410,tidytext
2023-08-29,1787,3229197,tidytext
2023-08-30,1609,3230806,tidytext
2023-08-31,1460,3232266,tidytext
2023-09-01,1223,3233489,tidytext
2023-09-02,932,3234421,tidytext
2023-09-03,896,3235317,tidytext
2023-09-04,1346,3236663,tidytext
2023-09-05,1653,3238316,tidytext
2023-09-06,1660,3239976,tidytext
2023-09-07,1433,3241409,tidytext
2023-09-08,1407,3242816,tidytext
2023-09-09,936,3243752,tidytext
2023-09-10,1044,3244796,tidytext
2023-09-11,1483,3246279,tidytext
2023-09-12,1507,3247786,tidytext
2023-09-13,1451,3249237,tidytext
2023-09-14,1590,3250827,tidytext
2023-09-15,1403,3252230,tidytext
2023-09-16,876,3253106,tidytext
2023-09-17,998,3254104,tidytext
2023-09-18,1602,3255706,tidytext
2023-09-19,1505,3257211,tidytext
2023-09-20,1594,3258805,tidytext
2023-09-21,1668,3260473,tidytext
2023-09-22,1385,3261858,tidytext
2023-09-23,1023,3262881,tidytext
2023-09-24,994,3263875,tidytext
2023-09-25,1541,3265416,tidytext
2023-09-26,1446,3266862,tidytext
2023-09-27,1707,3268569,tidytext
2023-09-28,1371,3269940,tidytext
2023-09-29,1474,3271414,tidytext
2023-09-30,827,3272241,tidytext
2023-10-01,918,3273159,tidytext
2023-10-02,1483,3274642,tidytext
2023-10-03,1424,3276066,tidytext
2023-10-04,1577,3277643,tidytext
2023-10-05,1474,3279117,tidytext
2023-10-06,1635,3280752,tidytext
2023-10-07,911,3281663,tidytext
2023-10-08,892,3282555,tidytext
2023-10-09,1400,3283955,tidytext
2023-10-10,2038,3285993,tidytext
2023-10-11,1575,3287568,tidytext
2023-10-12,1765,3289333,tidytext
2023-10-13,1428,3290761,tidytext
2023-10-14,987,3291748,tidytext
2023-10-15,965,3292713,tidytext
2023-10-16,1749,3294462,tidytext
2023-10-17,1958,3296420,tidytext
2023-10-18,1730,3298150,tidytext
2023-10-19,1666,3299816,tidytext
2023-10-20,1364,3301180,tidytext
2023-10-21,888,3302068,tidytext
2023-10-22,822,3302890,tidytext
2023-10-23,1516,3304406,tidytext
2023-10-24,1945,3306351,tidytext
2023-10-25,1768,3308119,tidytext
2023-10-26,1779,3309898,tidytext
2023-10-27,1231,3311129,tidytext
2023-10-28,1005,3312134,tidytext
2023-10-29,1177,3313311,tidytext
2023-10-30,1422,3314733,tidytext
2023-10-31,1723,3316456,tidytext
2023-11-01,1757,3318213,tidytext
2023-11-02,1874,3320087,tidytext
2023-11-03,1380,3321467,tidytext
2023-11-04,812,3322279,tidytext
2023-11-05,900,3323179,tidytext
2023-11-06,1796,3324975,tidytext
2023-11-07,1874,3326849,tidytext
2023-11-08,1836,3328685,tidytext
2023-11-09,1718,3330403,tidytext
2023-11-10,1555,3331958,tidytext
2023-11-11,881,3332839,tidytext
2023-11-12,731,3333570,tidytext
2023-11-13,1736,3335306,tidytext
2023-11-14,1831,3337137,tidytext
2023-11-15,1782,3338919,tidytext
2023-11-16,1713,3340632,tidytext
2023-11-17,1457,3342089,tidytext
2023-11-18,985,3343074,tidytext
2023-11-19,982,3344056,tidytext
2023-11-20,1997,3346053,tidytext
2023-11-21,1734,3347787,tidytext
2023-11-22,1703,3349490,tidytext
2023-11-23,1328,3350818,tidytext
2023-11-24,1237,3352055,tidytext
2023-11-25,820,3352875,tidytext
2023-11-26,1058,3353933,tidytext
2023-11-27,2171,3356104,tidytext
2023-11-28,1925,3358029,tidytext
2023-11-29,2254,3360283,tidytext
2023-11-30,1871,3362154,tidytext
2023-12-01,1678,3363832,tidytext
2023-12-02,996,3364828,tidytext
2023-12-03,1266,3366094,tidytext
2023-12-04,2007,3368101,tidytext
2023-12-05,2319,3370420,tidytext
2023-12-06,2304,3372724,tidytext
2023-12-07,2036,3374760,tidytext
2023-12-08,1509,3376269,tidytext
2023-12-09,1077,3377346,tidytext
2023-12-10,1227,3378573,tidytext
2023-12-11,1863,3380436,tidytext
2023-12-12,1706,3382142,tidytext
2023-12-13,1669,3383811,tidytext
2023-12-14,1847,3385658,tidytext
2023-12-15,1381,3387039,tidytext
2023-12-16,766,3387805,tidytext
2023-12-17,814,3388619,tidytext
2023-12-18,1175,3389794,tidytext
2023-12-19,1375,3391169,tidytext
2023-12-20,1224,3392393,tidytext
2023-12-21,1033,3393426,tidytext
2023-12-22,753,3394179,tidytext
2023-12-23,551,3394730,tidytext
2023-12-24,435,3395165,tidytext
2023-12-25,540,3395705,tidytext
2023-12-26,628,3396333,tidytext
2023-12-27,769,3397102,tidytext
2023-12-28,776,3397878,tidytext
2023-12-29,611,3398489,tidytext
2023-12-30,581,3399070,tidytext
2023-12-31,419,3399489,tidytext
2024-01-01,484,3399973,tidytext
2024-01-02,818,3400791,tidytext
2024-01-03,1014,3401805,tidytext
2024-01-04,1059,3402864,tidytext
2024-01-05,857,3403721,tidytext
2024-01-06,754,3404475,tidytext
2024-01-07,681,3405156,tidytext
2024-01-08,1125,3406281,tidytext
2024-01-09,1270,3407551,tidytext
2024-01-10,1385,3408936,tidytext
2024-01-11,1202,3410138,tidytext
2024-01-12,907,3411045,tidytext
2024-01-13,687,3411732,tidytext
2024-01-14,585,3412317,tidytext
2024-01-15,1098,3413415,tidytext
2024-01-16,1311,3414726,tidytext
2024-01-17,1452,3416178,tidytext
2024-01-18,1233,3417411,tidytext
2024-01-19,2166,3419577,tidytext
2024-01-20,1394,3420971,tidytext
2024-01-21,1967,3422938,tidytext
2024-01-22,1301,3424239,tidytext
2024-01-23,1366,3425605,tidytext
2024-01-24,1516,3427121,tidytext
2024-01-25,1204,3428325,tidytext
2024-01-26,938,3429263,tidytext
2024-01-27,659,3429922,tidytext
2024-01-28,673,3430595,tidytext
2024-01-29,1163,3431758,tidytext
2024-01-30,1268,3433026,tidytext
2024-01-31,1279,3434305,tidytext
2024-02-01,1197,3435502,tidytext
2024-02-02,1091,3436593,tidytext
2024-02-03,748,3437341,tidytext
2024-02-04,697,3438038,tidytext
2024-02-05,1421,3439459,tidytext
2024-02-06,1368,3440827,tidytext
2024-02-07,1302,3442129,tidytext
2024-02-08,1228,3443357,tidytext
2024-02-09,966,3444323,tidytext
2024-02-10,631,3444954,tidytext
2024-02-11,604,3445558,tidytext
2024-02-12,1137,3446695,tidytext
2024-02-13,1268,3447963,tidytext
2024-02-14,1261,3449224,tidytext
2024-02-15,1050,3450274,tidytext
2024-02-16,1232,3451506,tidytext
2024-02-17,792,3452298,tidytext
2024-02-18,807,3453105,tidytext
2024-02-19,1438,3454543,tidytext
2024-02-20,1759,3456302,tidytext
2024-02-21,1575,3457877,tidytext
2024-02-22,1305,3459182,tidytext
2024-02-23,1208,3460390,tidytext
2024-02-24,949,3461339,tidytext
2024-02-25,900,3462239,tidytext
2024-02-26,1600,3463839,tidytext
2024-02-27,1649,3465488,tidytext
2024-02-28,1318,3466806,tidytext
2024-02-29,1547,3468353,tidytext
2024-03-01,1326,3469679,tidytext
2024-03-02,1095,3470774,tidytext
2024-03-03,812,3471586,tidytext
2024-03-04,1382,3472968,tidytext
2024-03-05,1532,3474500,tidytext
2024-03-06,1452,3475952,tidytext
2024-03-07,1537,3477489,tidytext
2024-03-08,1249,3478738,tidytext
2024-03-09,870,3479608,tidytext
2024-03-10,803,3480411,tidytext
2024-03-11,1356,3481767,tidytext
2024-03-12,1216,3482983,tidytext
2024-03-13,1728,3484711,tidytext
2024-03-14,1346,3486057,tidytext
2024-03-15,1230,3487287,tidytext
2024-03-16,834,3488121,tidytext
2024-03-17,785,3488906,tidytext
2024-03-18,1418,3490324,tidytext
2024-03-19,1927,3492251,tidytext
2024-03-20,1784,3494035,tidytext
2024-03-21,1646,3495681,tidytext
2024-03-22,1143,3496824,tidytext
2024-03-23,785,3497609,tidytext
2024-03-24,826,3498435,tidytext
2024-03-25,1282,3499717,tidytext
2024-03-26,1566,3501283,tidytext
2024-03-27,1568,3502851,tidytext
2024-03-28,1327,3504178,tidytext
2024-03-29,842,3505020,tidytext
2024-03-30,801,3505821,tidytext
2024-03-31,634,3506455,tidytext
2024-04-01,1353,3507808,tidytext
2024-04-02,1688,3509496,tidytext
2024-04-03,2113,3511609,tidytext
2024-04-04,1485,3513094,tidytext
2024-04-05,1101,3514195,tidytext
2024-04-06,778,3514973,tidytext
2024-04-07,858,3515831,tidytext
2024-04-08,1753,3517584,tidytext
2024-04-09,1752,3519336,tidytext
2024-04-10,2179,3521515,tidytext
2024-04-11,2206,3523721,tidytext
2024-04-12,1874,3525595,tidytext
2024-04-13,1107,3526702,tidytext
2024-04-14,1030,3527732,tidytext
2024-04-15,2163,3529895,tidytext
2024-04-16,2262,3532157,tidytext
2024-04-17,2079,3534236,tidytext
2024-04-18,2082,3536318,tidytext
2024-04-19,1692,3538010,tidytext
2024-04-20,1135,3539145,tidytext
2024-04-21,1111,3540256,tidytext
2024-04-22,2226,3542482,tidytext
2024-04-23,1895,3544377,tidytext
2024-04-24,1780,3546157,tidytext
2024-04-25,1801,3547958,tidytext
2024-04-26,1769,3549727,tidytext
2024-04-27,1235,3550962,tidytext
2024-04-28,1220,3552182,tidytext
2024-04-29,2042,3554224,tidytext
2024-04-30,2178,3556402,tidytext
2024-05-01,1572,3557974,tidytext
2024-05-02,2017,3559991,tidytext
2024-05-03,1654,3561645,tidytext
2024-05-04,1107,3562752,tidytext
2024-05-05,1046,3563798,tidytext
2024-05-06,1702,3565500,tidytext
2024-05-07,1852,3567352,tidytext
2024-05-08,1816,3569168,tidytext
2024-05-09,1734,3570902,tidytext
2024-05-10,1370,3572272,tidytext
2024-05-11,1073,3573345,tidytext
2024-05-12,924,3574269,tidytext
2024-05-13,1664,3575933,tidytext
2024-05-14,1780,3577713,tidytext
2024-05-15,1602,3579315,tidytext
2024-05-16,1648,3580963,tidytext
2024-05-17,1380,3582343,tidytext
2024-05-18,887,3583230,tidytext
2024-05-19,949,3584179,tidytext
2024-05-20,1689,3585868,tidytext
2024-05-21,1734,3587602,tidytext
2024-05-22,1695,3589297,tidytext
2024-05-23,1519,3590816,tidytext
2024-05-24,1345,3592161,tidytext
2024-05-25,992,3593153,tidytext
2024-05-26,959,3594112,tidytext
2024-05-27,1696,3595808,tidytext
2024-05-28,1923,3597731,tidytext
2024-05-29,1907,3599638,tidytext
2024-05-30,1688,3601326,tidytext
2024-05-31,1487,3602813,tidytext
2024-06-01,1033,3603846,tidytext
2024-06-02,978,3604824,tidytext
2024-06-03,1903,3606727,tidytext
2024-06-04,1727,3608454,tidytext
2024-06-05,1556,3610010,tidytext
2024-06-06,1409,3611419,tidytext
2024-06-07,1294,3612713,tidytext
2024-06-08,838,3613551,tidytext
2024-06-09,922,3614473,tidytext
2024-06-10,1372,3615845,tidytext
2024-06-11,1589,3617434,tidytext
2024-06-12,1704,3619138,tidytext
2024-06-13,1740,3620878,tidytext
2024-06-14,1256,3622134,tidytext
2024-06-15,869,3623003,tidytext
2024-06-16,891,3623894,tidytext
2024-06-17,1476,3625370,tidytext
2024-06-18,1406,3626776,tidytext
2024-06-19,1552,3628328,tidytext
2024-06-20,1420,3629748,tidytext
2024-06-21,1201,3630949,tidytext
2024-06-22,746,3631695,tidytext
2024-06-23,747,3632442,tidytext
2024-06-24,1374,3633816,tidytext
2024-06-25,1341,3635157,tidytext
2024-06-26,1211,3636368,tidytext
2024-06-27,1278,3637646,tidytext
2024-06-28,1089,3638735,tidytext
2024-06-29,746,3639481,tidytext
2024-06-30,685,3640166,tidytext
2024-07-01,1289,3641455,tidytext
2024-07-02,1346,3642801,tidytext
2024-07-03,1416,3644217,tidytext
2024-07-04,1262,3645479,tidytext
2024-07-05,1164,3646643,tidytext
2024-07-06,702,3647345,tidytext
2024-07-07,691,3648036,tidytext
2024-07-08,1310,3649346,tidytext
2024-07-09,1280,3650626,tidytext
2024-07-10,1310,3651936,tidytext
2024-07-11,1174,3653110,tidytext
2024-07-12,999,3654109,tidytext
2024-07-13,589,3654698,tidytext
2024-07-14,692,3655390,tidytext
2024-07-15,1262,3656652,tidytext
2024-07-16,1319,3657971,tidytext
2024-07-17,1176,3659147,tidytext
2024-07-18,1160,3660307,tidytext
2024-07-19,1103,3661410,tidytext
2024-07-20,699,3662109,tidytext
2024-07-21,617,3662726,tidytext
2024-07-22,1157,3663883,tidytext
2024-07-23,1072,3664955,tidytext
2024-07-24,1156,3666111,tidytext
2024-07-25,1092,3667203,tidytext
2024-07-26,984,3668187,tidytext
2024-07-27,661,3668848,tidytext
2024-07-28,622,3669470,tidytext
2024-07-29,1051,3670521,tidytext
2024-07-30,1256,3671777,tidytext
2024-07-31,1177,3672954,tidytext
2024-08-01,1145,3674099,tidytext
2024-08-02,1037,3675136,tidytext
2024-08-03,709,3675845,tidytext
2024-08-04,702,3676547,tidytext
2024-08-05,1042,3677589,tidytext
2024-08-06,1090,3678679,tidytext
2024-08-07,1160,3679839,tidytext
2024-08-08,1168,3681007,tidytext
2024-08-09,1089,3682096,tidytext
2024-08-10,925,3683021,tidytext
2024-08-11,593,3683614,tidytext
2024-08-12,1105,3684719,tidytext
2024-08-13,1156,3685875,tidytext
2024-08-14,952,3686827,tidytext
2024-08-15,992,3687819,tidytext
2024-08-16,1060,3688879,tidytext
2024-08-17,571,3689450,tidytext
2024-08-18,518,3689968,tidytext
2024-08-19,927,3690895,tidytext
2024-08-20,1053,3691948,tidytext
2024-08-21,1104,3693052,tidytext
2024-08-22,1235,3694287,tidytext
2024-08-23,969,3695256,tidytext
2024-08-24,572,3695828,tidytext
2024-08-25,580,3696408,tidytext
2024-08-26,985,3697393,tidytext
2024-08-27,1020,3698413,tidytext
2024-08-28,1183,3699596,tidytext
2024-08-29,1089,3700685,tidytext
2024-08-30,1031,3701716,tidytext
2024-08-31,619,3702335,tidytext
2024-09-01,565,3702900,tidytext
2024-09-02,1050,3703950,tidytext
2024-09-03,1366,3705316,tidytext
2024-09-04,1385,3706701,tidytext
2024-09-05,1451,3708152,tidytext
2024-09-06,1093,3709245,tidytext
2024-09-07,585,3709830,tidytext
2024-09-08,695,3710525,tidytext
2024-09-09,1291,3711816,tidytext
2024-09-10,1333,3713149,tidytext
2024-09-11,1461,3714610,tidytext
2024-09-12,1397,3716007,tidytext
2024-09-13,1277,3717284,tidytext
2024-09-14,658,3717942,tidytext
2024-09-15,781,3718723,tidytext
2024-09-16,1236,3719959,tidytext
2024-09-17,1303,3721262,tidytext
2024-09-18,1489,3722751,tidytext
2024-09-19,1602,3724353,tidytext
2024-09-20,1412,3725765,tidytext
2024-09-21,681,3726446,tidytext
2024-09-22,707,3727153,tidytext
2024-09-23,1306,3728459,tidytext
2024-09-24,1389,3729848,tidytext
2024-09-25,1566,3731414,tidytext
2024-09-26,1659,3733073,tidytext
2024-09-27,1537,3734610,tidytext
2024-09-28,1094,3735704,tidytext
2024-09-29,762,3736466,tidytext
2024-09-30,1578,3738044,tidytext
2024-10-01,1415,3739459,tidytext
2024-10-02,1572,3741031,tidytext
2024-10-03,1330,3742361,tidytext
2024-10-04,1491,3743852,tidytext
2024-10-05,940,3744792,tidytext
2024-10-06,908,3745700,tidytext
2024-10-07,1665,3747365,tidytext
2024-10-08,1938,3749303,tidytext
2024-10-09,1698,3751001,tidytext
2024-10-10,1728,3752729,tidytext
2024-10-11,1329,3754058,tidytext
2024-10-12,1051,3755109,tidytext
2024-10-13,920,3756029,tidytext
2024-10-14,2037,3758066,tidytext
2024-10-15,1549,3759615,tidytext
2024-10-16,2019,3761634,tidytext
2024-10-17,1547,3763181,tidytext
2024-10-18,1350,3764531,tidytext
2024-10-19,885,3765416,tidytext
2024-10-20,914,3766330,tidytext
2024-10-21,1719,3768049,tidytext
2024-10-22,1631,3769680,tidytext
2024-10-23,1757,3771437,tidytext
2024-10-24,1712,3773149,tidytext
2024-10-25,1570,3774719,tidytext
2024-10-26,889,3775608,tidytext
2024-10-27,1079,3776687,tidytext
2024-10-28,2236,3778923,tidytext
2024-10-29,2079,3781002,tidytext
2024-10-30,2389,3783391,tidytext
2024-10-31,1659,3785050,tidytext
2024-11-01,1185,3786235,tidytext
2024-11-02,924,3787159,tidytext
2024-11-03,853,3788012,tidytext
2024-11-04,1839,3789851,tidytext
2024-11-05,2078,3791929,tidytext
2024-11-06,1861,3793790,tidytext
2024-11-07,2061,3795851,tidytext
2024-11-08,2063,3797914,tidytext
2024-11-09,1074,3798988,tidytext
2024-11-10,990,3799978,tidytext
2024-11-11,1766,3801744,tidytext
2024-11-12,1953,3803697,tidytext
2024-11-13,2111,3805808,tidytext
2024-11-14,1978,3807786,tidytext
2024-11-15,1743,3809529,tidytext
2024-11-16,957,3810486,tidytext
2024-11-17,978,3811464,tidytext
2024-11-18,1973,3813437,tidytext
2024-11-19,2221,3815658,tidytext
2024-11-20,2322,3817980,tidytext
2024-11-21,2208,3820188,tidytext
2024-11-22,1653,3821841,tidytext
2024-11-23,1062,3822903,tidytext
2024-11-24,1315,3824218,tidytext
2024-11-25,2036,3826254,tidytext
2024-11-26,1918,3828172,tidytext
2024-11-27,1688,3829860,tidytext
2024-11-28,1450,3831310,tidytext
2024-11-29,1405,3832715,tidytext
2024-11-30,1114,3833829,tidytext
2024-12-01,1093,3834922,tidytext
2024-12-02,1996,3836918,tidytext
2024-12-03,2262,3839180,tidytext
2024-12-04,1937,3841117,tidytext
2024-12-05,1968,3843085,tidytext
2024-12-06,1681,3844766,tidytext
2024-12-07,1047,3845813,tidytext
2024-12-08,1191,3847004,tidytext
2024-12-09,1762,3848766,tidytext
2024-12-10,2079,3850845,tidytext
2024-12-11,1993,3852838,tidytext
2024-12-12,1639,3854477,tidytext
2024-12-13,1388,3855865,tidytext
2024-12-14,969,3856834,tidytext
2024-12-15,994,3857828,tidytext
2024-12-16,1460,3859288,tidytext
2024-12-17,1408,3860696,tidytext
2024-12-18,1323,3862019,tidytext
2024-12-19,1612,3863631,tidytext
2024-12-20,1080,3864711,tidytext
2024-12-21,816,3865527,tidytext
2024-12-22,900,3866427,tidytext
2024-12-23,956,3867383,tidytext
2024-12-24,696,3868079,tidytext
2024-12-25,643,3868722,tidytext
2024-12-26,708,3869430,tidytext
2024-12-27,824,3870254,tidytext
2024-12-28,528,3870782,tidytext
2024-12-29,567,3871349,tidytext
2024-12-30,755,3872104,tidytext
2024-12-31,595,3872699,tidytext
2025-01-01,540,3873239,tidytext
2025-01-02,875,3874114,tidytext
2025-01-03,961,3875075,tidytext
2025-01-04,739,3875814,tidytext
2025-01-05,764,3876578,tidytext
2025-01-06,1137,3877715,tidytext
2025-01-07,1262,3878977,tidytext
2025-01-08,1271,3880248,tidytext
2025-01-09,1214,3881462,tidytext
2025-01-10,1181,3882643,tidytext
2025-01-11,742,3883385,tidytext
2025-01-12,852,3884237,tidytext
2025-01-13,1231,3885468,tidytext
2025-01-14,1302,3886770,tidytext
2025-01-15,1416,3888186,tidytext
2025-01-16,1419,3889605,tidytext
2025-01-17,1257,3890862,tidytext
2025-01-18,912,3891774,tidytext
2025-01-19,825,3892599,tidytext
2025-01-20,1171,3893770,tidytext
2025-01-21,1150,3894920,tidytext
2025-01-22,1305,3896225,tidytext
2025-01-23,1410,3897635,tidytext
2025-01-24,1276,3898911,tidytext
2025-01-25,889,3899800,tidytext
2025-01-26,748,3900548,tidytext
2025-01-27,1235,3901783,tidytext
2025-01-28,1345,3903128,tidytext
2025-01-29,1463,3904591,tidytext
2025-01-30,1356,3905947,tidytext
2025-01-31,1364,3907311,tidytext
2025-02-01,785,3908096,tidytext
2025-02-02,742,3908838,tidytext
2025-02-03,1541,3910379,tidytext
2025-02-04,1521,3911900,tidytext
2025-02-05,1497,3913397,tidytext
2025-02-06,1378,3914775,tidytext
2025-02-07,1278,3916053,tidytext
2025-02-08,1029,3917082,tidytext
2025-02-09,1042,3918124,tidytext
2025-02-10,1906,3920030,tidytext
2025-02-11,1696,3921726,tidytext
2025-02-12,1645,3923371,tidytext
2025-02-13,1552,3924923,tidytext
2025-02-14,1546,3926469,tidytext
2025-02-15,948,3927417,tidytext
2025-02-16,810,3928227,tidytext
2025-02-17,1472,3929699,tidytext
2025-02-18,1494,3931193,tidytext
2025-02-19,1648,3932841,tidytext
2025-02-20,1504,3934345,tidytext
2025-02-21,1445,3935790,tidytext
2025-02-22,1085,3936875,tidytext
2025-02-23,988,3937863,tidytext
2025-02-24,1754,3939617,tidytext
2025-02-25,2075,3941692,tidytext
2025-02-26,1870,3943562,tidytext
2025-02-27,1960,3945522,tidytext
2025-02-28,1983,3947505,tidytext
2025-03-01,1210,3948715,tidytext
2025-03-02,1414,3950129,tidytext
2025-03-03,1975,3952104,tidytext
2025-03-04,2173,3954277,tidytext
2025-03-05,2115,3956392,tidytext
2025-03-06,1974,3958366,tidytext
2025-03-07,1581,3959947,tidytext
2025-03-08,1209,3961156,tidytext
2025-03-09,1100,3962256,tidytext
2025-03-10,1878,3964134,tidytext
2025-03-11,2171,3966305,tidytext
2025-03-12,2057,3968362,tidytext
2025-03-13,1781,3970143,tidytext
2025-03-14,1840,3971983,tidytext
2025-03-15,1201,3973184,tidytext
2025-03-16,1043,3974227,tidytext
2025-03-17,1877,3976104,tidytext
2025-03-18,2398,3978502,tidytext
2025-03-19,2055,3980557,tidytext
2025-03-20,2041,3982598,tidytext
2025-03-21,1721,3984319,tidytext
2025-03-22,1481,3985800,tidytext
2025-03-23,1351,3987151,tidytext
2025-03-24,2159,3989310,tidytext
2025-03-25,2170,3991480,tidytext
2025-03-26,2198,3993678,tidytext
2025-03-27,2205,3995883,tidytext
2025-03-28,1777,3997660,tidytext
2025-03-29,1168,3998828,tidytext
2025-03-30,1223,4000051,tidytext
2017-02-24,398,398,ggraph
2017-02-25,278,676,ggraph
2017-02-26,85,761,ggraph
2017-02-27,147,908,ggraph
2017-02-28,292,1200,ggraph
2017-03-01,98,1298,ggraph
2017-03-02,132,1430,ggraph
2017-03-03,144,1574,ggraph
2017-03-04,68,1642,ggraph
2017-03-05,47,1689,ggraph
2017-03-06,107,1796,ggraph
2017-03-07,79,1875,ggraph
2017-03-08,82,1957,ggraph
2017-03-09,66,2023,ggraph
2017-03-10,88,2111,ggraph
2017-03-11,33,2144,ggraph
2017-03-12,43,2187,ggraph
2017-03-13,67,2254,ggraph
2017-03-14,83,2337,ggraph
2017-03-15,53,2390,ggraph
2017-03-16,67,2457,ggraph
2017-03-17,95,2552,ggraph
2017-03-18,25,2577,ggraph
2017-03-19,44,2621,ggraph
2017-03-20,68,2689,ggraph
2017-03-21,95,2784,ggraph
2017-03-22,100,2884,ggraph
2017-03-23,138,3022,ggraph
2017-03-24,100,3122,ggraph
2017-03-25,53,3175,ggraph
2017-03-26,47,3222,ggraph
2017-03-27,69,3291,ggraph
2017-03-28,84,3375,ggraph
2017-03-29,106,3481,ggraph
2017-03-30,62,3543,ggraph
2017-03-31,53,3596,ggraph
2017-04-01,31,3627,ggraph
2017-04-02,33,3660,ggraph
2017-04-03,88,3748,ggraph
2017-04-04,153,3901,ggraph
2017-04-05,165,4066,ggraph
2017-04-06,121,4187,ggraph
2017-04-07,88,4275,ggraph
2017-04-08,34,4309,ggraph
2017-04-09,88,4397,ggraph
2017-04-10,66,4463,ggraph
2017-04-11,71,4534,ggraph
2017-04-12,80,4614,ggraph
2017-04-13,53,4667,ggraph
2017-04-14,40,4707,ggraph
2017-04-15,27,4734,ggraph
2017-04-16,13,4747,ggraph
2017-04-17,59,4806,ggraph
2017-04-18,56,4862,ggraph
2017-04-19,42,4904,ggraph
2017-04-20,57,4961,ggraph
2017-04-21,69,5030,ggraph
2017-04-22,53,5083,ggraph
2017-04-23,40,5123,ggraph
2017-04-24,97,5220,ggraph
2017-04-25,89,5309,ggraph
2017-04-26,83,5392,ggraph
2017-04-27,84,5476,ggraph
2017-04-28,64,5540,ggraph
2017-04-29,29,5569,ggraph
2017-04-30,28,5597,ggraph
2017-05-01,58,5655,ggraph
2017-05-02,108,5763,ggraph
2017-05-03,67,5830,ggraph
2017-05-04,62,5892,ggraph
2017-05-05,49,5941,ggraph
2017-05-06,38,5979,ggraph
2017-05-07,55,6034,ggraph
2017-05-08,52,6086,ggraph
2017-05-09,123,6209,ggraph
2017-05-10,152,6361,ggraph
2017-05-11,102,6463,ggraph
2017-05-12,54,6517,ggraph
2017-05-13,29,6546,ggraph
2017-05-14,28,6574,ggraph
2017-05-15,40,6614,ggraph
2017-05-16,82,6696,ggraph
2017-05-17,62,6758,ggraph
2017-05-18,77,6835,ggraph
2017-05-19,90,6925,ggraph
2017-05-20,39,6964,ggraph
2017-05-21,37,7001,ggraph
2017-05-22,56,7057,ggraph
2017-05-23,110,7167,ggraph
2017-05-24,65,7232,ggraph
2017-05-25,69,7301,ggraph
2017-05-26,60,7361,ggraph
2017-05-27,34,7395,ggraph
2017-05-28,34,7429,ggraph
2017-05-29,59,7488,ggraph
2017-05-30,55,7543,ggraph
2017-05-31,78,7621,ggraph
2017-06-01,71,7692,ggraph
2017-06-02,63,7755,ggraph
2017-06-03,39,7794,ggraph
2017-06-04,20,7814,ggraph
2017-06-05,114,7928,ggraph
2017-06-06,83,8011,ggraph
2017-06-07,59,8070,ggraph
2017-06-08,57,8127,ggraph
2017-06-09,50,8177,ggraph
2017-06-10,55,8232,ggraph
2017-06-11,63,8295,ggraph
2017-06-12,62,8357,ggraph
2017-06-13,69,8426,ggraph
2017-06-14,86,8512,ggraph
2017-06-15,71,8583,ggraph
2017-06-16,78,8661,ggraph
2017-06-17,15,8676,ggraph
2017-06-18,30,8706,ggraph
2017-06-19,82,8788,ggraph
2017-06-20,64,8852,ggraph
2017-06-21,62,8914,ggraph
2017-06-22,68,8982,ggraph
2017-06-23,87,9069,ggraph
2017-06-24,19,9088,ggraph
2017-06-25,33,9121,ggraph
2017-06-26,110,9231,ggraph
2017-06-27,88,9319,ggraph
2017-06-28,99,9418,ggraph
2017-06-29,69,9487,ggraph
2017-06-30,46,9533,ggraph
2017-07-01,38,9571,ggraph
2017-07-02,21,9592,ggraph
2017-07-03,43,9635,ggraph
2017-07-04,46,9681,ggraph
2017-07-05,66,9747,ggraph
2017-07-06,66,9813,ggraph
2017-07-07,102,9915,ggraph
2017-07-08,35,9950,ggraph
2017-07-09,31,9981,ggraph
2017-07-10,86,10067,ggraph
2017-07-11,61,10128,ggraph
2017-07-12,88,10216,ggraph
2017-07-13,87,10303,ggraph
2017-07-14,51,10354,ggraph
2017-07-15,33,10387,ggraph
2017-07-16,43,10430,ggraph
2017-07-17,46,10476,ggraph
2017-07-18,60,10536,ggraph
2017-07-19,65,10601,ggraph
2017-07-20,87,10688,ggraph
2017-07-21,69,10757,ggraph
2017-07-22,56,10813,ggraph
2017-07-23,29,10842,ggraph
2017-07-24,74,10916,ggraph
2017-07-25,67,10983,ggraph
2017-07-26,47,11030,ggraph
2017-07-27,84,11114,ggraph
2017-07-28,55,11169,ggraph
2017-07-29,32,11201,ggraph
2017-07-30,20,11221,ggraph
2017-07-31,50,11271,ggraph
2017-08-01,68,11339,ggraph
2017-08-02,50,11389,ggraph
2017-08-03,61,11450,ggraph
2017-08-04,65,11515,ggraph
2017-08-05,36,11551,ggraph
2017-08-06,20,11571,ggraph
2017-08-07,49,11620,ggraph
2017-08-08,42,11662,ggraph
2017-08-09,62,11724,ggraph
2017-08-10,48,11772,ggraph
2017-08-11,84,11856,ggraph
2017-08-12,28,11884,ggraph
2017-08-13,20,11904,ggraph
2017-08-14,60,11964,ggraph
2017-08-15,43,12007,ggraph
2017-08-16,53,12060,ggraph
2017-08-17,64,12124,ggraph
2017-08-18,64,12188,ggraph
2017-08-19,24,12212,ggraph
2017-08-20,26,12238,ggraph
2017-08-21,55,12293,ggraph
2017-08-22,54,12347,ggraph
2017-08-23,72,12419,ggraph
2017-08-24,54,12473,ggraph
2017-08-25,46,12519,ggraph
2017-08-26,33,12552,ggraph
2017-08-27,35,12587,ggraph
2017-08-28,162,12749,ggraph
2017-08-29,147,12896,ggraph
2017-08-30,91,12987,ggraph
2017-08-31,130,13117,ggraph
2017-09-01,82,13199,ggraph
2017-09-02,26,13225,ggraph
2017-09-03,22,13247,ggraph
2017-09-04,59,13306,ggraph
2017-09-05,118,13424,ggraph
2017-09-06,93,13517,ggraph
2017-09-07,78,13595,ggraph
2017-09-08,81,13676,ggraph
2017-09-09,40,13716,ggraph
2017-09-10,46,13762,ggraph
2017-09-11,37,13799,ggraph
2017-09-12,101,13900,ggraph
2017-09-13,88,13988,ggraph
2017-09-14,84,14072,ggraph
2017-09-15,54,14126,ggraph
2017-09-16,46,14172,ggraph
2017-09-17,49,14221,ggraph
2017-09-18,79,14300,ggraph
2017-09-19,81,14381,ggraph
2017-09-20,85,14466,ggraph
2017-09-21,102,14568,ggraph
2017-09-22,59,14627,ggraph
2017-09-23,41,14668,ggraph
2017-09-24,32,14700,ggraph
2017-09-25,86,14786,ggraph
2017-09-26,89,14875,ggraph
2017-09-27,121,14996,ggraph
2017-09-28,72,15068,ggraph
2017-09-29,74,15142,ggraph
2017-09-30,35,15177,ggraph
2017-10-01,44,15221,ggraph
2017-10-02,73,15294,ggraph
2017-10-03,147,15441,ggraph
2017-10-04,164,15605,ggraph
2017-10-05,103,15708,ggraph
2017-10-06,65,15773,ggraph
2017-10-07,82,15855,ggraph
2017-10-08,36,15891,ggraph
2017-10-09,71,15962,ggraph
2017-10-10,84,16046,ggraph
2017-10-11,73,16119,ggraph
2017-10-12,67,16186,ggraph
2017-10-13,62,16248,ggraph
2017-10-14,33,16281,ggraph
2017-10-15,42,16323,ggraph
2017-10-16,114,16437,ggraph
2017-10-17,111,16548,ggraph
2017-10-18,67,16615,ggraph
2017-10-19,70,16685,ggraph
2017-10-20,80,16765,ggraph
2017-10-21,35,16800,ggraph
2017-10-22,41,16841,ggraph
2017-10-23,69,16910,ggraph
2017-10-24,76,16986,ggraph
2017-10-25,75,17061,ggraph
2017-10-26,147,17208,ggraph
2017-10-27,89,17297,ggraph
2017-10-28,43,17340,ggraph
2017-10-29,29,17369,ggraph
2017-10-30,97,17466,ggraph
2017-10-31,101,17567,ggraph
2017-11-01,106,17673,ggraph
2017-11-02,87,17760,ggraph
2017-11-03,71,17831,ggraph
2017-11-04,39,17870,ggraph
2017-11-05,65,17935,ggraph
2017-11-06,130,18065,ggraph
2017-11-07,112,18177,ggraph
2017-11-08,159,18336,ggraph
2017-11-09,124,18460,ggraph
2017-11-10,127,18587,ggraph
2017-11-11,46,18633,ggraph
2017-11-12,47,18680,ggraph
2017-11-13,95,18775,ggraph
2017-11-14,84,18859,ggraph
2017-11-15,78,18937,ggraph
2017-11-16,83,19020,ggraph
2017-11-17,71,19091,ggraph
2017-11-18,79,19170,ggraph
2017-11-19,47,19217,ggraph
2017-11-20,62,19279,ggraph
2017-11-21,93,19372,ggraph
2017-11-22,118,19490,ggraph
2017-11-23,98,19588,ggraph
2017-11-24,86,19674,ggraph
2017-11-25,33,19707,ggraph
2017-11-26,63,19770,ggraph
2017-11-27,89,19859,ggraph
2017-11-28,149,20008,ggraph
2017-11-29,119,20127,ggraph
2017-11-30,95,20222,ggraph
2017-12-01,81,20303,ggraph
2017-12-02,74,20377,ggraph
2017-12-03,45,20422,ggraph
2017-12-04,103,20525,ggraph
2017-12-05,95,20620,ggraph
2017-12-06,71,20691,ggraph
2017-12-07,48,20739,ggraph
2017-12-08,73,20812,ggraph
2017-12-09,45,20857,ggraph
2017-12-10,53,20910,ggraph
2017-12-11,108,21018,ggraph
2017-12-12,111,21129,ggraph
2017-12-13,85,21214,ggraph
2017-12-14,85,21299,ggraph
2017-12-15,64,21363,ggraph
2017-12-16,41,21404,ggraph
2017-12-17,30,21434,ggraph
2017-12-18,75,21509,ggraph
2017-12-19,88,21597,ggraph
2017-12-20,115,21712,ggraph
2017-12-21,92,21804,ggraph
2017-12-22,68,21872,ggraph
2017-12-23,54,21926,ggraph
2017-12-24,53,21979,ggraph
2017-12-25,36,22015,ggraph
2017-12-26,65,22080,ggraph
2017-12-27,55,22135,ggraph
2017-12-28,93,22228,ggraph
2017-12-29,61,22289,ggraph
2017-12-30,41,22330,ggraph
2017-12-31,31,22361,ggraph
2018-01-01,30,22391,ggraph
2018-01-02,72,22463,ggraph
2018-01-03,75,22538,ggraph
2018-01-04,116,22654,ggraph
2018-01-05,103,22757,ggraph
2018-01-06,68,22825,ggraph
2018-01-07,61,22886,ggraph
2018-01-08,101,22987,ggraph
2018-01-09,103,23090,ggraph
2018-01-10,125,23215,ggraph
2018-01-11,93,23308,ggraph
2018-01-12,78,23386,ggraph
2018-01-13,64,23450,ggraph
2018-01-14,161,23611,ggraph
2018-01-15,91,23702,ggraph
2018-01-16,110,23812,ggraph
2018-01-17,129,23941,ggraph
2018-01-18,135,24076,ggraph
2018-01-19,113,24189,ggraph
2018-01-20,53,24242,ggraph
2018-01-21,55,24297,ggraph
2018-01-22,118,24415,ggraph
2018-01-23,106,24521,ggraph
2018-01-24,118,24639,ggraph
2018-01-25,152,24791,ggraph
2018-01-26,142,24933,ggraph
2018-01-27,108,25041,ggraph
2018-01-28,96,25137,ggraph
2018-01-29,305,25442,ggraph
2018-01-30,902,26344,ggraph
2018-01-31,309,26653,ggraph
2018-02-01,242,26895,ggraph
2018-02-02,223,27118,ggraph
2018-02-03,134,27252,ggraph
2018-02-04,123,27375,ggraph
2018-02-05,250,27625,ggraph
2018-02-06,220,27845,ggraph
2018-02-07,240,28085,ggraph
2018-02-08,217,28302,ggraph
2018-02-09,199,28501,ggraph
2018-02-10,103,28604,ggraph
2018-02-11,103,28707,ggraph
2018-02-12,225,28932,ggraph
2018-02-13,210,29142,ggraph
2018-02-14,196,29338,ggraph
2018-02-15,163,29501,ggraph
2018-02-16,179,29680,ggraph
2018-02-17,53,29733,ggraph
2018-02-18,82,29815,ggraph
2018-02-19,183,29998,ggraph
2018-02-20,154,30152,ggraph
2018-02-21,183,30335,ggraph
2018-02-22,183,30518,ggraph
2018-02-23,210,30728,ggraph
2018-02-24,112,30840,ggraph
2018-02-25,126,30966,ggraph
2018-02-26,181,31147,ggraph
2018-02-27,234,31381,ggraph
2018-02-28,177,31558,ggraph
2018-03-01,301,31859,ggraph
2018-03-02,155,32014,ggraph
2018-03-03,137,32151,ggraph
2018-03-04,127,32278,ggraph
2018-03-05,232,32510,ggraph
2018-03-06,286,32796,ggraph
2018-03-07,320,33116,ggraph
2018-03-08,194,33310,ggraph
2018-03-09,203,33513,ggraph
2018-03-10,168,33681,ggraph
2018-03-11,121,33802,ggraph
2018-03-12,185,33987,ggraph
2018-03-13,195,34182,ggraph
2018-03-14,240,34422,ggraph
2018-03-15,201,34623,ggraph
2018-03-16,174,34797,ggraph
2018-03-17,154,34951,ggraph
2018-03-18,115,35066,ggraph
2018-03-19,163,35229,ggraph
2018-03-20,314,35543,ggraph
2018-03-21,215,35758,ggraph
2018-03-22,241,35999,ggraph
2018-03-23,171,36170,ggraph
2018-03-24,115,36285,ggraph
2018-03-25,109,36394,ggraph
2018-03-26,169,36563,ggraph
2018-03-27,200,36763,ggraph
2018-03-28,216,36979,ggraph
2018-03-29,159,37138,ggraph
2018-03-30,111,37249,ggraph
2018-03-31,87,37336,ggraph
2018-04-01,52,37388,ggraph
2018-04-02,172,37560,ggraph
2018-04-03,249,37809,ggraph
2018-04-04,232,38041,ggraph
2018-04-05,177,38218,ggraph
2018-04-06,187,38405,ggraph
2018-04-07,119,38524,ggraph
2018-04-08,92,38616,ggraph
2018-04-09,224,38840,ggraph
2018-04-10,257,39097,ggraph
2018-04-11,234,39331,ggraph
2018-04-12,184,39515,ggraph
2018-04-13,165,39680,ggraph
2018-04-14,177,39857,ggraph
2018-04-15,158,40015,ggraph
2018-04-16,243,40258,ggraph
2018-04-17,274,40532,ggraph
2018-04-18,248,40780,ggraph
2018-04-19,213,40993,ggraph
2018-04-20,258,41251,ggraph
2018-04-21,86,41337,ggraph
2018-04-22,108,41445,ggraph
2018-04-23,223,41668,ggraph
2018-04-24,325,41993,ggraph
2018-04-25,355,42348,ggraph
2018-04-26,317,42665,ggraph
2018-04-27,322,42987,ggraph
2018-04-28,159,43146,ggraph
2018-04-29,127,43273,ggraph
2018-04-30,273,43546,ggraph
2018-05-01,257,43803,ggraph
2018-05-02,290,44093,ggraph
2018-05-03,369,44462,ggraph
2018-05-04,296,44758,ggraph
2018-05-05,179,44937,ggraph
2018-05-06,195,45132,ggraph
2018-05-07,330,45462,ggraph
2018-05-08,338,45800,ggraph
2018-05-09,392,46192,ggraph
2018-05-10,347,46539,ggraph
2018-05-11,270,46809,ggraph
2018-05-12,180,46989,ggraph
2018-05-13,148,47137,ggraph
2018-05-14,305,47442,ggraph
2018-05-15,298,47740,ggraph
2018-05-16,252,47992,ggraph
2018-05-17,267,48259,ggraph
2018-05-18,236,48495,ggraph
2018-05-19,118,48613,ggraph
2018-05-20,109,48722,ggraph
2018-05-21,221,48943,ggraph
2018-05-22,323,49266,ggraph
2018-05-23,362,49628,ggraph
2018-05-24,249,49877,ggraph
2018-05-25,236,50113,ggraph
2018-05-26,137,50250,ggraph
2018-05-27,119,50369,ggraph
2018-05-28,175,50544,ggraph
2018-05-29,359,50903,ggraph
2018-05-30,316,51219,ggraph
2018-05-31,275,51494,ggraph
2018-06-01,325,51819,ggraph
2018-06-02,117,51936,ggraph
2018-06-03,105,52041,ggraph
2018-06-04,271,52312,ggraph
2018-06-05,262,52574,ggraph
2018-06-06,245,52819,ggraph
2018-06-07,305,53124,ggraph
2018-06-08,232,53356,ggraph
2018-06-09,100,53456,ggraph
2018-06-10,173,53629,ggraph
2018-06-11,344,53973,ggraph
2018-06-12,273,54246,ggraph
2018-06-13,313,54559,ggraph
2018-06-14,342,54901,ggraph
2018-06-15,202,55103,ggraph
2018-06-16,110,55213,ggraph
2018-06-17,105,55318,ggraph
2018-06-18,238,55556,ggraph
2018-06-19,281,55837,ggraph
2018-06-20,377,56214,ggraph
2018-06-21,305,56519,ggraph
2018-06-22,254,56773,ggraph
2018-06-23,132,56905,ggraph
2018-06-24,119,57024,ggraph
2018-06-25,288,57312,ggraph
2018-06-26,695,58007,ggraph
2018-06-27,639,58646,ggraph
2018-06-28,315,58961,ggraph
2018-06-29,501,59462,ggraph
2018-06-30,136,59598,ggraph
2018-07-01,81,59679,ggraph
2018-07-02,230,59909,ggraph
2018-07-03,569,60478,ggraph
2018-07-04,636,61114,ggraph
2018-07-05,570,61684,ggraph
2018-07-06,265,61949,ggraph
2018-07-07,238,62187,ggraph
2018-07-08,834,63021,ggraph
2018-07-09,779,63800,ggraph
2018-07-10,760,64560,ggraph
2018-07-11,677,65237,ggraph
2018-07-12,483,65720,ggraph
2018-07-13,447,66167,ggraph
2018-07-14,217,66384,ggraph
2018-07-15,213,66597,ggraph
2018-07-16,440,67037,ggraph
2018-07-17,481,67518,ggraph
2018-07-18,466,67984,ggraph
2018-07-19,441,68425,ggraph
2018-07-20,290,68715,ggraph
2018-07-21,183,68898,ggraph
2018-07-22,239,69137,ggraph
2018-07-23,384,69521,ggraph
2018-07-24,410,69931,ggraph
2018-07-25,360,70291,ggraph
2018-07-26,389,70680,ggraph
2018-07-27,347,71027,ggraph
2018-07-28,314,71341,ggraph
2018-07-29,166,71507,ggraph
2018-07-30,423,71930,ggraph
2018-07-31,570,72500,ggraph
2018-08-01,349,72849,ggraph
2018-08-02,423,73272,ggraph
2018-08-03,297,73569,ggraph
2018-08-04,214,73783,ggraph
2018-08-05,189,73972,ggraph
2018-08-06,465,74437,ggraph
2018-08-07,397,74834,ggraph
2018-08-08,424,75258,ggraph
2018-08-09,426,75684,ggraph
2018-08-10,407,76091,ggraph
2018-08-11,178,76269,ggraph
2018-08-12,176,76445,ggraph
2018-08-13,343,76788,ggraph
2018-08-14,340,77128,ggraph
2018-08-15,343,77471,ggraph
2018-08-16,363,77834,ggraph
2018-08-17,285,78119,ggraph
2018-08-18,160,78279,ggraph
2018-08-19,129,78408,ggraph
2018-08-20,365,78773,ggraph
2018-08-21,308,79081,ggraph
2018-08-22,369,79450,ggraph
2018-08-23,359,79809,ggraph
2018-08-24,337,80146,ggraph
2018-08-25,174,80320,ggraph
2018-08-26,165,80485,ggraph
2018-08-27,308,80793,ggraph
2018-08-28,387,81180,ggraph
2018-08-29,380,81560,ggraph
2018-08-30,385,81945,ggraph
2018-08-31,282,82227,ggraph
2018-09-01,116,82343,ggraph
2018-09-02,168,82511,ggraph
2018-09-03,290,82801,ggraph
2018-09-04,356,83157,ggraph
2018-09-05,308,83465,ggraph
2018-09-06,384,83849,ggraph
2018-09-07,306,84155,ggraph
2018-09-08,167,84322,ggraph
2018-09-09,143,84465,ggraph
2018-09-10,384,84849,ggraph
2018-09-11,364,85213,ggraph
2018-09-12,450,85663,ggraph
2018-09-13,532,86195,ggraph
2018-09-14,400,86595,ggraph
2018-09-15,212,86807,ggraph
2018-09-16,241,87048,ggraph
2018-09-17,593,87641,ggraph
2018-09-18,474,88115,ggraph
2018-09-19,443,88558,ggraph
2018-09-20,563,89121,ggraph
2018-09-21,404,89525,ggraph
2018-09-22,205,89730,ggraph
2018-09-23,206,89936,ggraph
2018-09-24,410,90346,ggraph
2018-09-25,453,90799,ggraph
2018-09-26,657,91456,ggraph
2018-09-27,688,92144,ggraph
2018-09-28,395,92539,ggraph
2018-09-29,257,92796,ggraph
2018-09-30,275,93071,ggraph
2018-10-01,434,93505,ggraph
2018-10-02,504,94009,ggraph
2018-10-03,438,94447,ggraph
2018-10-04,448,94895,ggraph
2018-10-05,416,95311,ggraph
2018-10-06,267,95578,ggraph
2018-10-07,202,95780,ggraph
2018-10-08,447,96227,ggraph
2018-10-09,489,96716,ggraph
2018-10-10,596,97312,ggraph
2018-10-11,477,97789,ggraph
2018-10-12,470,98259,ggraph
2018-10-13,266,98525,ggraph
2018-10-14,280,98805,ggraph
2018-10-15,519,99324,ggraph
2018-10-16,580,99904,ggraph
2018-10-17,542,100446,ggraph
2018-10-18,494,100940,ggraph
2018-10-19,540,101480,ggraph
2018-10-20,271,101751,ggraph
2018-10-21,320,102071,ggraph
2018-10-22,525,102596,ggraph
2018-10-23,498,103094,ggraph
2018-10-24,589,103683,ggraph
2018-10-25,520,104203,ggraph
2018-10-26,530,104733,ggraph
2018-10-27,289,105022,ggraph
2018-10-28,235,105257,ggraph
2018-10-29,515,105772,ggraph
2018-10-30,561,106333,ggraph
2018-10-31,552,106885,ggraph
2018-11-01,503,107388,ggraph
2018-11-02,507,107895,ggraph
2018-11-03,402,108297,ggraph
2018-11-04,275,108572,ggraph
2018-11-05,583,109155,ggraph
2018-11-06,685,109840,ggraph
2018-11-07,579,110419,ggraph
2018-11-08,689,111108,ggraph
2018-11-09,538,111646,ggraph
2018-11-10,311,111957,ggraph
2018-11-11,352,112309,ggraph
2018-11-12,663,112972,ggraph
2018-11-13,641,113613,ggraph
2018-11-14,711,114324,ggraph
2018-11-15,630,114954,ggraph
2018-11-16,599,115553,ggraph
2018-11-17,332,115885,ggraph
2018-11-18,313,116198,ggraph
2018-11-19,645,116843,ggraph
2018-11-20,560,117403,ggraph
2018-11-21,611,118014,ggraph
2018-11-22,524,118538,ggraph
2018-11-23,434,118972,ggraph
2018-11-24,360,119332,ggraph
2018-11-25,359,119691,ggraph
2018-11-26,596,120287,ggraph
2018-11-27,660,120947,ggraph
2018-11-28,675,121622,ggraph
2018-11-29,621,122243,ggraph
2018-11-30,623,122866,ggraph
2018-12-01,314,123180,ggraph
2018-12-02,317,123497,ggraph
2018-12-03,605,124102,ggraph
2018-12-04,749,124851,ggraph
2018-12-05,683,125534,ggraph
2018-12-06,694,126228,ggraph
2018-12-07,637,126865,ggraph
2018-12-08,369,127234,ggraph
2018-12-09,345,127579,ggraph
2018-12-10,573,128152,ggraph
2018-12-11,542,128694,ggraph
2018-12-12,548,129242,ggraph
2018-12-13,563,129805,ggraph
2018-12-14,536,130341,ggraph
2018-12-15,316,130657,ggraph
2018-12-16,315,130972,ggraph
2018-12-17,515,131487,ggraph
2018-12-18,564,132051,ggraph
2018-12-19,578,132629,ggraph
2018-12-20,552,133181,ggraph
2018-12-21,501,133682,ggraph
2018-12-22,311,133993,ggraph
2018-12-23,360,134353,ggraph
2018-12-24,363,134716,ggraph
2018-12-25,295,135011,ggraph
2018-12-26,373,135384,ggraph
2018-12-27,373,135757,ggraph
2018-12-28,401,136158,ggraph
2018-12-29,335,136493,ggraph
2018-12-30,305,136798,ggraph
2018-12-31,294,137092,ggraph
2019-01-01,297,137389,ggraph
2019-01-02,539,137928,ggraph
2019-01-03,594,138522,ggraph
2019-01-04,539,139061,ggraph
2019-01-05,397,139458,ggraph
2019-01-06,400,139858,ggraph
2019-01-07,729,140587,ggraph
2019-01-08,676,141263,ggraph
2019-01-09,731,141994,ggraph
2019-01-10,659,142653,ggraph
2019-01-11,566,143219,ggraph
2019-01-12,394,143613,ggraph
2019-01-13,450,144063,ggraph
2019-01-14,685,144748,ggraph
2019-01-15,797,145545,ggraph
2019-01-16,679,146224,ggraph
2019-01-17,880,147104,ggraph
2019-01-18,721,147825,ggraph
2019-01-19,513,148338,ggraph
2019-01-20,499,148837,ggraph
2019-01-21,689,149526,ggraph
2019-01-22,789,150315,ggraph
2019-01-23,901,151216,ggraph
2019-01-24,908,152124,ggraph
2019-01-25,834,152958,ggraph
2019-01-26,558,153516,ggraph
2019-01-27,703,154219,ggraph
2019-01-28,986,155205,ggraph
2019-01-29,939,156144,ggraph
2019-01-30,899,157043,ggraph
2019-01-31,948,157991,ggraph
2019-02-01,884,158875,ggraph
2019-02-02,633,159508,ggraph
2019-02-03,713,160221,ggraph
2019-02-04,828,161049,ggraph
2019-02-05,800,161849,ggraph
2019-02-06,830,162679,ggraph
2019-02-07,942,163621,ggraph
2019-02-08,771,164392,ggraph
2019-02-09,571,164963,ggraph
2019-02-10,691,165654,ggraph
2019-02-11,889,166543,ggraph
2019-02-12,971,167514,ggraph
2019-02-13,909,168423,ggraph
2019-02-14,961,169384,ggraph
2019-02-15,843,170227,ggraph
2019-02-16,687,170914,ggraph
2019-02-17,595,171509,ggraph
2019-02-18,832,172341,ggraph
2019-02-19,951,173292,ggraph
2019-02-20,923,174215,ggraph
2019-02-21,997,175212,ggraph
2019-02-22,827,176039,ggraph
2019-02-23,502,176541,ggraph
2019-02-24,503,177044,ggraph
2019-02-25,818,177862,ggraph
2019-02-26,793,178655,ggraph
2019-02-27,725,179380,ggraph
2019-02-28,742,180122,ggraph
2019-03-01,626,180748,ggraph
2019-03-02,363,181111,ggraph
2019-03-03,355,181466,ggraph
2019-03-04,556,182022,ggraph
2019-03-05,649,182671,ggraph
2019-03-06,781,183452,ggraph
2019-03-07,744,184196,ggraph
2019-03-08,578,184774,ggraph
2019-03-09,229,185003,ggraph
2019-03-10,251,185254,ggraph
2019-03-11,466,185720,ggraph
2019-03-12,560,186280,ggraph
2019-03-13,554,186834,ggraph
2019-03-14,546,187380,ggraph
2019-03-15,486,187866,ggraph
2019-03-16,251,188117,ggraph
2019-03-17,232,188349,ggraph
2019-03-18,522,188871,ggraph
2019-03-19,619,189490,ggraph
2019-03-20,495,189985,ggraph
2019-03-21,515,190500,ggraph
2019-03-22,512,191012,ggraph
2019-03-23,296,191308,ggraph
2019-03-24,253,191561,ggraph
2019-03-25,557,192118,ggraph
2019-03-26,614,192732,ggraph
2019-03-27,543,193275,ggraph
2019-03-28,594,193869,ggraph
2019-03-29,555,194424,ggraph
2019-03-30,236,194660,ggraph
2019-03-31,272,194932,ggraph
2019-04-01,490,195422,ggraph
2019-04-02,621,196043,ggraph
2019-04-03,552,196595,ggraph
2019-04-04,550,197145,ggraph
2019-04-05,504,197649,ggraph
2019-04-06,276,197925,ggraph
2019-04-07,277,198202,ggraph
2019-04-08,527,198729,ggraph
2019-04-09,550,199279,ggraph
2019-04-10,548,199827,ggraph
2019-04-11,598,200425,ggraph
2019-04-12,472,200897,ggraph
2019-04-13,243,201140,ggraph
2019-04-14,293,201433,ggraph
2019-04-15,584,202017,ggraph
2019-04-16,567,202584,ggraph
2019-04-17,521,203105,ggraph
2019-04-18,487,203592,ggraph
2019-04-19,435,204027,ggraph
2019-04-20,264,204291,ggraph
2019-04-21,288,204579,ggraph
2019-04-22,506,205085,ggraph
2019-04-23,513,205598,ggraph
2019-04-24,524,206122,ggraph
2019-04-25,627,206749,ggraph
2019-04-26,668,207417,ggraph
2019-04-27,357,207774,ggraph
2019-04-28,341,208115,ggraph
2019-04-29,734,208849,ggraph
2019-04-30,710,209559,ggraph
2019-05-01,604,210163,ggraph
2019-05-02,803,210966,ggraph
2019-05-03,649,211615,ggraph
2019-05-04,349,211964,ggraph
2019-05-05,386,212350,ggraph
2019-05-06,813,213163,ggraph
2019-05-07,703,213866,ggraph
2019-05-08,772,214638,ggraph
2019-05-09,749,215387,ggraph
2019-05-10,633,216020,ggraph
2019-05-11,296,216316,ggraph
2019-05-12,360,216676,ggraph
2019-05-13,674,217350,ggraph
2019-05-14,719,218069,ggraph
2019-05-15,750,218819,ggraph
2019-05-16,726,219545,ggraph
2019-05-17,600,220145,ggraph
2019-05-18,332,220477,ggraph
2019-05-19,329,220806,ggraph
2019-05-20,582,221388,ggraph
2019-05-21,620,222008,ggraph
2019-05-22,600,222608,ggraph
2019-05-23,599,223207,ggraph
2019-05-24,538,223745,ggraph
2019-05-25,306,224051,ggraph
2019-05-26,240,224291,ggraph
2019-05-27,469,224760,ggraph
2019-05-28,602,225362,ggraph
2019-05-29,609,225971,ggraph
2019-05-30,559,226530,ggraph
2019-05-31,526,227056,ggraph
2019-06-01,280,227336,ggraph
2019-06-02,255,227591,ggraph
2019-06-03,527,228118,ggraph
2019-06-04,699,228817,ggraph
2019-06-05,564,229381,ggraph
2019-06-06,538,229919,ggraph
2019-06-07,526,230445,ggraph
2019-06-08,277,230722,ggraph
2019-06-09,256,230978,ggraph
2019-06-10,486,231464,ggraph
2019-06-11,622,232086,ggraph
2019-06-12,560,232646,ggraph
2019-06-13,586,233232,ggraph
2019-06-14,507,233739,ggraph
2019-06-15,260,233999,ggraph
2019-06-16,288,234287,ggraph
2019-06-17,587,234874,ggraph
2019-06-18,638,235512,ggraph
2019-06-19,691,236203,ggraph
2019-06-20,608,236811,ggraph
2019-06-21,497,237308,ggraph
2019-06-22,271,237579,ggraph
2019-06-23,296,237875,ggraph
2019-06-24,662,238537,ggraph
2019-06-25,663,239200,ggraph
2019-06-26,561,239761,ggraph
2019-06-27,595,240356,ggraph
2019-06-28,531,240887,ggraph
2019-06-29,217,241104,ggraph
2019-06-30,238,241342,ggraph
2019-07-01,534,241876,ggraph
2019-07-02,546,242422,ggraph
2019-07-03,714,243136,ggraph
2019-07-04,659,243795,ggraph
2019-07-05,515,244310,ggraph
2019-07-06,283,244593,ggraph
2019-07-07,268,244861,ggraph
2019-07-08,670,245531,ggraph
2019-07-09,625,246156,ggraph
2019-07-10,628,246784,ggraph
2019-07-11,635,247419,ggraph
2019-07-12,592,248011,ggraph
2019-07-13,289,248300,ggraph
2019-07-14,241,248541,ggraph
2019-07-15,552,249093,ggraph
2019-07-16,654,249747,ggraph
2019-07-17,795,250542,ggraph
2019-07-18,665,251207,ggraph
2019-07-19,820,252027,ggraph
2019-07-20,277,252304,ggraph
2019-07-21,284,252588,ggraph
2019-07-22,596,253184,ggraph
2019-07-23,614,253798,ggraph
2019-07-24,687,254485,ggraph
2019-07-25,658,255143,ggraph
2019-07-26,540,255683,ggraph
2019-07-27,391,256074,ggraph
2019-07-28,300,256374,ggraph
2019-07-29,628,257002,ggraph
2019-07-30,675,257677,ggraph
2019-07-31,743,258420,ggraph
2019-08-01,538,258958,ggraph
2019-08-02,548,259506,ggraph
2019-08-03,243,259749,ggraph
2019-08-04,210,259959,ggraph
2019-08-05,612,260571,ggraph
2019-08-06,663,261234,ggraph
2019-08-07,601,261835,ggraph
2019-08-08,636,262471,ggraph
2019-08-09,517,262988,ggraph
2019-08-10,196,263184,ggraph
2019-08-11,226,263410,ggraph
2019-08-12,530,263940,ggraph
2019-08-13,539,264479,ggraph
2019-08-14,567,265046,ggraph
2019-08-15,492,265538,ggraph
2019-08-16,485,266023,ggraph
2019-08-17,332,266355,ggraph
2019-08-18,253,266608,ggraph
2019-08-19,534,267142,ggraph
2019-08-20,621,267763,ggraph
2019-08-21,560,268323,ggraph
2019-08-22,610,268933,ggraph
2019-08-23,456,269389,ggraph
2019-08-24,265,269654,ggraph
2019-08-25,194,269848,ggraph
2019-08-26,464,270312,ggraph
2019-08-27,697,271009,ggraph
2019-08-28,610,271619,ggraph
2019-08-29,599,272218,ggraph
2019-08-30,491,272709,ggraph
2019-08-31,290,272999,ggraph
2019-09-01,214,273213,ggraph
2019-09-02,794,274007,ggraph
2019-09-03,2109,276116,ggraph
2019-09-04,1762,277878,ggraph
2019-09-05,1502,279380,ggraph
2019-09-06,1174,280554,ggraph
2019-09-07,496,281050,ggraph
2019-09-08,516,281566,ggraph
2019-09-09,1151,282717,ggraph
2019-09-10,1123,283840,ggraph
2019-09-11,1108,284948,ggraph
2019-09-12,923,285871,ggraph
2019-09-13,708,286579,ggraph
2019-09-14,437,287016,ggraph
2019-09-15,434,287450,ggraph
2019-09-16,1018,288468,ggraph
2019-09-17,1069,289537,ggraph
2019-09-18,1035,290572,ggraph
2019-09-19,925,291497,ggraph
2019-09-20,835,292332,ggraph
2019-09-21,444,292776,ggraph
2019-09-22,444,293220,ggraph
2019-09-23,920,294140,ggraph
2019-09-24,1038,295178,ggraph
2019-09-25,1061,296239,ggraph
2019-09-26,1022,297261,ggraph
2019-09-27,768,298029,ggraph
2019-09-28,433,298462,ggraph
2019-09-29,469,298931,ggraph
2019-09-30,929,299860,ggraph
2019-10-01,833,300693,ggraph
2019-10-02,819,301512,ggraph
2019-10-03,762,302274,ggraph
2019-10-04,817,303091,ggraph
2019-10-05,361,303452,ggraph
2019-10-06,350,303802,ggraph
2019-10-07,856,304658,ggraph
2019-10-08,1116,305774,ggraph
2019-10-09,962,306736,ggraph
2019-10-10,913,307649,ggraph
2019-10-11,830,308479,ggraph
2019-10-12,434,308913,ggraph
2019-10-13,371,309284,ggraph
2019-10-14,816,310100,ggraph
2019-10-15,1009,311109,ggraph
2019-10-16,771,311880,ggraph
2019-10-17,829,312709,ggraph
2019-10-18,793,313502,ggraph
2019-10-19,387,313889,ggraph
2019-10-20,391,314280,ggraph
2019-10-21,948,315228,ggraph
2019-10-22,986,316214,ggraph
2019-10-23,908,317122,ggraph
2019-10-24,886,318008,ggraph
2019-10-25,713,318721,ggraph
2019-10-26,417,319138,ggraph
2019-10-27,405,319543,ggraph
2019-10-28,940,320483,ggraph
2019-10-29,967,321450,ggraph
2019-10-30,1025,322475,ggraph
2019-10-31,819,323294,ggraph
2019-11-01,774,324068,ggraph
2019-11-02,509,324577,ggraph
2019-11-03,434,325011,ggraph
2019-11-04,941,325952,ggraph
2019-11-05,968,326920,ggraph
2019-11-06,926,327846,ggraph
2019-11-07,907,328753,ggraph
2019-11-08,905,329658,ggraph
2019-11-09,450,330108,ggraph
2019-11-10,413,330521,ggraph
2019-11-11,789,331310,ggraph
2019-11-12,902,332212,ggraph
2019-11-13,1016,333228,ggraph
2019-11-14,1093,334321,ggraph
2019-11-15,1069,335390,ggraph
2019-11-16,829,336219,ggraph
2019-11-17,790,337009,ggraph
2019-11-18,1653,338662,ggraph
2019-11-19,1759,340421,ggraph
2019-11-20,1700,342121,ggraph
2019-11-21,1691,343812,ggraph
2019-11-22,1332,345144,ggraph
2019-11-23,690,345834,ggraph
2019-11-24,687,346521,ggraph
2019-11-25,1515,348036,ggraph
2019-11-26,1680,349716,ggraph
2019-11-27,1508,351224,ggraph
2019-11-28,1063,352287,ggraph
2019-11-29,1031,353318,ggraph
2019-11-30,658,353976,ggraph
2019-12-01,668,354644,ggraph
2019-12-02,1952,356596,ggraph
2019-12-03,1993,358589,ggraph
2019-12-04,1782,360371,ggraph
2019-12-05,1719,362090,ggraph
2019-12-06,1699,363789,ggraph
2019-12-07,654,364443,ggraph
2019-12-08,804,365247,ggraph
2019-12-09,1727,366974,ggraph
2019-12-10,1948,368922,ggraph
2019-12-11,1782,370704,ggraph
2019-12-12,1534,372238,ggraph
2019-12-13,1244,373482,ggraph
2019-12-14,740,374222,ggraph
2019-12-15,641,374863,ggraph
2019-12-16,1333,376196,ggraph
2019-12-17,1457,377653,ggraph
2019-12-18,1501,379154,ggraph
2019-12-19,1297,380451,ggraph
2019-12-20,967,381418,ggraph
2019-12-21,496,381914,ggraph
2019-12-22,531,382445,ggraph
2019-12-23,663,383108,ggraph
2019-12-24,536,383644,ggraph
2019-12-25,470,384114,ggraph
2019-12-26,650,384764,ggraph
2019-12-27,508,385272,ggraph
2019-12-28,417,385689,ggraph
2019-12-29,430,386119,ggraph
2019-12-30,765,386884,ggraph
2019-12-31,538,387422,ggraph
2020-01-01,363,387785,ggraph
2020-01-02,1067,388852,ggraph
2020-01-03,1479,390331,ggraph
2020-01-04,812,391143,ggraph
2020-01-05,625,391768,ggraph
2020-01-06,1217,392985,ggraph
2020-01-07,1735,394720,ggraph
2020-01-08,1402,396122,ggraph
2020-01-09,1387,397509,ggraph
2020-01-10,1250,398759,ggraph
2020-01-11,689,399448,ggraph
2020-01-12,629,400077,ggraph
2020-01-13,1305,401382,ggraph
2020-01-14,1756,403138,ggraph
2020-01-15,1508,404646,ggraph
2020-01-16,1322,405968,ggraph
2020-01-17,1079,407047,ggraph
2020-01-18,615,407662,ggraph
2020-01-19,536,408198,ggraph
2020-01-20,1323,409521,ggraph
2020-01-21,1750,411271,ggraph
2020-01-22,1462,412733,ggraph
2020-01-23,1280,414013,ggraph
2020-01-24,1057,415070,ggraph
2020-01-25,505,415575,ggraph
2020-01-26,491,416066,ggraph
2020-01-27,1077,417143,ggraph
2020-01-28,1439,418582,ggraph
2020-01-29,1241,419823,ggraph
2020-01-30,1287,421110,ggraph
2020-01-31,954,422064,ggraph
2020-02-01,556,422620,ggraph
2020-02-02,599,423219,ggraph
2020-02-03,1190,424409,ggraph
2020-02-04,1339,425748,ggraph
2020-02-05,1568,427316,ggraph
2020-02-06,1409,428725,ggraph
2020-02-07,2229,430954,ggraph
2020-02-08,1660,432614,ggraph
2020-02-09,1563,434177,ggraph
2020-02-10,3241,437418,ggraph
2020-02-11,2513,439931,ggraph
2020-02-12,2404,442335,ggraph
2020-02-13,2217,444552,ggraph
2020-02-14,2222,446774,ggraph
2020-02-15,957,447731,ggraph
2020-02-16,1015,448746,ggraph
2020-02-17,1978,450724,ggraph
2020-02-18,2264,452988,ggraph
2020-02-19,2253,455241,ggraph
2020-02-20,2224,457465,ggraph
2020-02-21,2272,459737,ggraph
2020-02-22,1551,461288,ggraph
2020-02-23,1491,462779,ggraph
2020-02-24,2349,465128,ggraph
2020-02-25,2223,467351,ggraph
2020-02-26,2183,469534,ggraph
2020-02-27,2076,471610,ggraph
2020-02-28,1978,473588,ggraph
2020-02-29,300,473888,ggraph
2020-03-01,1309,475197,ggraph
2020-03-02,2335,477532,ggraph
2020-03-03,2117,479649,ggraph
2020-03-04,2188,481837,ggraph
2020-03-05,2135,483972,ggraph
2020-03-06,2137,486109,ggraph
2020-03-07,1446,487555,ggraph
2020-03-08,1280,488835,ggraph
2020-03-09,2170,491005,ggraph
2020-03-10,2230,493235,ggraph
2020-03-11,1974,495209,ggraph
2020-03-12,2275,497484,ggraph
2020-03-13,1826,499310,ggraph
2020-03-14,1258,500568,ggraph
2020-03-15,1289,501857,ggraph
2020-03-16,1995,503852,ggraph
2020-03-17,2172,506024,ggraph
2020-03-18,4018,510042,ggraph
2020-03-19,3419,513461,ggraph
2020-03-20,2943,516404,ggraph
2020-03-21,2160,518564,ggraph
2020-03-22,1972,520536,ggraph
2020-03-23,3150,523686,ggraph
2020-03-24,2855,526541,ggraph
2020-03-25,2497,529038,ggraph
2020-03-26,2776,531814,ggraph
2020-03-27,2275,534089,ggraph
2020-03-28,1741,535830,ggraph
2020-03-29,1737,537567,ggraph
2020-03-30,2755,540322,ggraph
2020-03-31,2474,542796,ggraph
2020-04-01,2585,545381,ggraph
2020-04-02,2685,548066,ggraph
2020-04-03,2196,550262,ggraph
2020-04-04,1564,551826,ggraph
2020-04-05,1277,553103,ggraph
2020-04-06,2584,555687,ggraph
2020-04-07,2370,558057,ggraph
2020-04-08,2503,560560,ggraph
2020-04-09,2267,562827,ggraph
2020-04-10,2269,565096,ggraph
2020-04-11,1770,566866,ggraph
2020-04-12,1564,568430,ggraph
2020-04-13,2177,570607,ggraph
2020-04-14,2341,572948,ggraph
2020-04-15,2119,575067,ggraph
2020-04-16,2066,577133,ggraph
2020-04-17,1981,579114,ggraph
2020-04-18,1343,580457,ggraph
2020-04-19,1378,581835,ggraph
2020-04-20,1754,583589,ggraph
2020-04-21,1996,585585,ggraph
2020-04-22,2208,587793,ggraph
2020-04-23,1937,589730,ggraph
2020-04-24,2079,591809,ggraph
2020-04-25,1457,593266,ggraph
2020-04-26,1421,594687,ggraph
2020-04-27,2563,597250,ggraph
2020-04-28,2951,600201,ggraph
2020-04-29,2545,602746,ggraph
2020-04-30,2277,605023,ggraph
2020-05-01,1808,606831,ggraph
2020-05-02,1618,608449,ggraph
2020-05-03,1743,610192,ggraph
2020-05-04,2559,612751,ggraph
2020-05-05,2694,615445,ggraph
2020-05-06,2658,618103,ggraph
2020-05-07,2199,620302,ggraph
2020-05-08,1694,621996,ggraph
2020-05-09,1800,623796,ggraph
2020-05-10,1452,625248,ggraph
2020-05-11,2544,627792,ggraph
2020-05-12,2522,630314,ggraph
2020-05-13,2534,632848,ggraph
2020-05-14,1934,634782,ggraph
2020-05-15,1712,636494,ggraph
2020-05-16,1156,637650,ggraph
2020-05-17,1123,638773,ggraph
2020-05-18,1849,640622,ggraph
2020-05-19,1679,642301,ggraph
2020-05-20,1730,644031,ggraph
2020-05-21,3555,647586,ggraph
2020-05-22,3152,650738,ggraph
2020-05-23,1877,652615,ggraph
2020-05-24,1869,654484,ggraph
2020-05-25,2465,656949,ggraph
2020-05-26,2794,659743,ggraph
2020-05-27,2480,662223,ggraph
2020-05-28,2347,664570,ggraph
2020-05-29,2193,666763,ggraph
2020-05-30,1146,667909,ggraph
2020-05-31,1214,669123,ggraph
2020-06-01,1948,671071,ggraph
2020-06-02,2265,673336,ggraph
2020-06-03,2118,675454,ggraph
2020-06-04,1787,677241,ggraph
2020-06-05,1693,678934,ggraph
2020-06-06,1072,680006,ggraph
2020-06-07,1082,681088,ggraph
2020-06-08,1857,682945,ggraph
2020-06-09,2039,684984,ggraph
2020-06-10,1871,686855,ggraph
2020-06-11,1680,688535,ggraph
2020-06-12,1509,690044,ggraph
2020-06-13,866,690910,ggraph
2020-06-14,988,691898,ggraph
2020-06-15,1776,693674,ggraph
2020-06-16,1753,695427,ggraph
2020-06-17,1650,697077,ggraph
2020-06-18,1653,698730,ggraph
2020-06-19,1552,700282,ggraph
2020-06-20,860,701142,ggraph
2020-06-21,828,701970,ggraph
2020-06-22,1504,703474,ggraph
2020-06-23,1576,705050,ggraph
2020-06-24,1446,706496,ggraph
2020-06-25,1476,707972,ggraph
2020-06-26,1273,709245,ggraph
2020-06-27,743,709988,ggraph
2020-06-28,854,710842,ggraph
2020-06-29,1507,712349,ggraph
2020-06-30,1535,713884,ggraph
2020-07-01,1510,715394,ggraph
2020-07-02,1332,716726,ggraph
2020-07-03,1117,717843,ggraph
2020-07-04,667,718510,ggraph
2020-07-05,759,719269,ggraph
2020-07-06,1405,720674,ggraph
2020-07-07,1429,722103,ggraph
2020-07-08,1425,723528,ggraph
2020-07-09,1414,724942,ggraph
2020-07-10,1306,726248,ggraph
2020-07-11,718,726966,ggraph
2020-07-12,658,727624,ggraph
2020-07-13,1332,728956,ggraph
2020-07-14,1434,730390,ggraph
2020-07-15,1381,731771,ggraph
2020-07-16,1551,733322,ggraph
2020-07-17,1442,734764,ggraph
2020-07-18,713,735477,ggraph
2020-07-19,723,736200,ggraph
2020-07-20,1644,737844,ggraph
2020-07-21,1613,739457,ggraph
2020-07-22,1560,741017,ggraph
2020-07-23,1449,742466,ggraph
2020-07-24,1273,743739,ggraph
2020-07-25,654,744393,ggraph
2020-07-26,825,745218,ggraph
2020-07-27,1409,746627,ggraph
2020-07-28,1462,748089,ggraph
2020-07-29,1614,749703,ggraph
2020-07-30,1389,751092,ggraph
2020-07-31,1072,752164,ggraph
2020-08-01,648,752812,ggraph
2020-08-02,781,753593,ggraph
2020-08-03,1383,754976,ggraph
2020-08-04,1439,756415,ggraph
2020-08-05,1542,757957,ggraph
2020-08-06,1472,759429,ggraph
2020-08-07,1297,760726,ggraph
2020-08-08,804,761530,ggraph
2020-08-09,833,762363,ggraph
2020-08-10,1454,763817,ggraph
2020-08-11,1434,765251,ggraph
2020-08-12,1317,766568,ggraph
2020-08-13,1232,767800,ggraph
2020-08-14,1186,768986,ggraph
2020-08-15,812,769798,ggraph
2020-08-16,812,770610,ggraph
2020-08-17,1364,771974,ggraph
2020-08-18,1543,773517,ggraph
2020-08-19,1539,775056,ggraph
2020-08-20,1273,776329,ggraph
2020-08-21,1247,777576,ggraph
2020-08-22,651,778227,ggraph
2020-08-23,757,778984,ggraph
2020-08-24,1486,780470,ggraph
2020-08-25,1541,782011,ggraph
2020-08-26,1605,783616,ggraph
2020-08-27,1701,785317,ggraph
2020-08-28,1335,786652,ggraph
2020-08-29,683,787335,ggraph
2020-08-30,817,788152,ggraph
2020-08-31,1395,789547,ggraph
2020-09-01,1510,791057,ggraph
2020-09-02,1463,792520,ggraph
2020-09-03,1802,794322,ggraph
2020-09-04,1417,795739,ggraph
2020-09-05,671,796410,ggraph
2020-09-06,868,797278,ggraph
2020-09-07,1191,798469,ggraph
2020-09-08,1393,799862,ggraph
2020-09-09,1492,801354,ggraph
2020-09-10,1391,802745,ggraph
2020-09-11,1414,804159,ggraph
2020-09-12,767,804926,ggraph
2020-09-13,863,805789,ggraph
2020-09-14,1581,807370,ggraph
2020-09-15,1641,809011,ggraph
2020-09-16,1584,810595,ggraph
2020-09-17,1570,812165,ggraph
2020-09-18,1554,813719,ggraph
2020-09-19,733,814452,ggraph
2020-09-20,764,815216,ggraph
2020-09-21,1502,816718,ggraph
2020-09-22,1588,818306,ggraph
2020-09-23,1621,819927,ggraph
2020-09-24,1468,821395,ggraph
2020-09-25,1360,822755,ggraph
2020-09-26,770,823525,ggraph
2020-09-27,799,824324,ggraph
2020-09-28,1458,825782,ggraph
2020-09-29,1453,827235,ggraph
2020-09-30,1413,828648,ggraph
2020-10-01,1327,829975,ggraph
2020-10-02,1069,831044,ggraph
2020-10-03,678,831722,ggraph
2020-10-04,757,832479,ggraph
2020-10-05,1409,833888,ggraph
2020-10-06,1591,835479,ggraph
2020-10-07,1431,836910,ggraph
2020-10-08,1437,838347,ggraph
2020-10-09,1283,839630,ggraph
2020-10-10,741,840371,ggraph
2020-10-11,746,841117,ggraph
2020-10-12,1558,842675,ggraph
2020-10-13,1625,844300,ggraph
2020-10-14,1493,845793,ggraph
2020-10-15,1398,847191,ggraph
2020-10-16,1195,848386,ggraph
2020-10-17,649,849035,ggraph
2020-10-18,697,849732,ggraph
2020-10-19,1548,851280,ggraph
2020-10-20,1605,852885,ggraph
2020-10-21,1491,854376,ggraph
2020-10-22,1422,855798,ggraph
2020-10-23,1242,857040,ggraph
2020-10-24,739,857779,ggraph
2020-10-25,795,858574,ggraph
2020-10-26,1501,860075,ggraph
2020-10-27,1470,861545,ggraph
2020-10-28,1335,862880,ggraph
2020-10-29,1414,864294,ggraph
2020-10-30,1146,865440,ggraph
2020-10-31,676,866116,ggraph
2020-11-01,760,866876,ggraph
2020-11-02,1310,868186,ggraph
2020-11-03,1555,869741,ggraph
2020-11-04,1406,871147,ggraph
2020-11-05,1533,872680,ggraph
2020-11-06,1174,873854,ggraph
2020-11-07,842,874696,ggraph
2020-11-08,858,875554,ggraph
2020-11-09,1565,877119,ggraph
2020-11-10,1462,878581,ggraph
2020-11-11,1440,880021,ggraph
2020-11-12,1538,881559,ggraph
2020-11-13,1235,882794,ggraph
2020-11-14,814,883608,ggraph
2020-11-15,854,884462,ggraph
2020-11-16,3299,887761,ggraph
2020-11-17,3866,891627,ggraph
2020-11-18,3381,895008,ggraph
2020-11-19,2917,897925,ggraph
2020-11-20,2265,900190,ggraph
2020-11-21,1262,901452,ggraph
2020-11-22,1298,902750,ggraph
2020-11-23,2392,905142,ggraph
2020-11-24,2419,907561,ggraph
2020-11-25,1827,909388,ggraph
2020-11-26,1615,911003,ggraph
2020-11-27,1669,912672,ggraph
2020-11-28,1030,913702,ggraph
2020-11-29,1122,914824,ggraph
2020-11-30,1992,916816,ggraph
2020-12-01,1991,918807,ggraph
2020-12-02,1959,920766,ggraph
2020-12-03,1945,922711,ggraph
2020-12-04,1755,924466,ggraph
2020-12-05,933,925399,ggraph
2020-12-06,1000,926399,ggraph
2020-12-07,1729,928128,ggraph
2020-12-08,1828,929956,ggraph
2020-12-09,1741,931697,ggraph
2020-12-10,1740,933437,ggraph
2020-12-11,1507,934944,ggraph
2020-12-12,825,935769,ggraph
2020-12-13,1008,936777,ggraph
2020-12-14,1759,938536,ggraph
2020-12-15,1661,940197,ggraph
2020-12-16,1780,941977,ggraph
2020-12-17,1664,943641,ggraph
2020-12-18,1423,945064,ggraph
2020-12-19,763,945827,ggraph
2020-12-20,886,946713,ggraph
2020-12-21,1511,948224,ggraph
2020-12-22,1530,949754,ggraph
2020-12-23,1140,950894,ggraph
2020-12-24,758,951652,ggraph
2020-12-25,602,952254,ggraph
2020-12-26,641,952895,ggraph
2020-12-27,724,953619,ggraph
2020-12-28,1083,954702,ggraph
2020-12-29,1028,955730,ggraph
2020-12-30,942,956672,ggraph
2020-12-31,762,957434,ggraph
2021-01-01,483,957917,ggraph
2021-01-02,679,958596,ggraph
2021-01-03,664,959260,ggraph
2021-01-04,1295,960555,ggraph
2021-01-05,1252,961807,ggraph
2021-01-06,1315,963122,ggraph
2021-01-07,1293,964415,ggraph
2021-01-08,1206,965621,ggraph
2021-01-09,716,966337,ggraph
2021-01-10,747,967084,ggraph
2021-01-11,1436,968520,ggraph
2021-01-12,1415,969935,ggraph
2021-01-13,1543,971478,ggraph
2021-01-14,1429,972907,ggraph
2021-01-15,1258,974165,ggraph
2021-01-16,739,974904,ggraph
2021-01-17,841,975745,ggraph
2021-01-18,1350,977095,ggraph
2021-01-19,1621,978716,ggraph
2021-01-20,1557,980273,ggraph
2021-01-21,1565,981838,ggraph
2021-01-22,1364,983202,ggraph
2021-01-23,874,984076,ggraph
2021-01-24,880,984956,ggraph
2021-01-25,1514,986470,ggraph
2021-01-26,1547,988017,ggraph
2021-01-27,1642,989659,ggraph
2021-01-28,1380,991039,ggraph
2021-01-29,1091,992130,ggraph
2021-01-30,693,992823,ggraph
2021-01-31,686,993509,ggraph
2021-02-01,1307,994816,ggraph
2021-02-02,1218,996034,ggraph
2021-02-03,1207,997241,ggraph
2021-02-04,1285,998526,ggraph
2021-02-05,1121,999647,ggraph
2021-02-06,624,1000271,ggraph
2021-02-07,605,1000876,ggraph
2021-02-08,1106,1001982,ggraph
2021-02-09,1226,1003208,ggraph
2021-02-10,1137,1004345,ggraph
2021-02-11,943,1005288,ggraph
2021-02-12,902,1006190,ggraph
2021-02-13,530,1006720,ggraph
2021-02-14,502,1007222,ggraph
2021-02-15,1047,1008269,ggraph
2021-02-16,1117,1009386,ggraph
2021-02-17,1150,1010536,ggraph
2021-02-18,1273,1011809,ggraph
2021-02-19,1140,1012949,ggraph
2021-02-20,706,1013655,ggraph
2021-02-21,786,1014441,ggraph
2021-02-22,1273,1015714,ggraph
2021-02-23,2447,1018161,ggraph
2021-02-24,3583,1021744,ggraph
2021-02-25,3316,1025060,ggraph
2021-02-26,2915,1027975,ggraph
2021-02-27,1662,1029637,ggraph
2021-02-28,1449,1031086,ggraph
2021-03-01,3018,1034104,ggraph
2021-03-02,2831,1036935,ggraph
2021-03-03,2385,1039320,ggraph
2021-03-04,2189,1041509,ggraph
2021-03-05,1938,1043447,ggraph
2021-03-06,975,1044422,ggraph
2021-03-07,1160,1045582,ggraph
2021-03-08,2149,1047731,ggraph
2021-03-09,2042,1049773,ggraph
2021-03-10,1966,1051739,ggraph
2021-03-11,2006,1053745,ggraph
2021-03-12,1694,1055439,ggraph
2021-03-13,961,1056400,ggraph
2021-03-14,991,1057391,ggraph
2021-03-15,1779,1059170,ggraph
2021-03-16,1974,1061144,ggraph
2021-03-17,1897,1063041,ggraph
2021-03-18,1840,1064881,ggraph
2021-03-19,1468,1066349,ggraph
2021-03-20,832,1067181,ggraph
2021-03-21,900,1068081,ggraph
2021-03-22,1700,1069781,ggraph
2021-03-23,1739,1071520,ggraph
2021-03-24,1773,1073293,ggraph
2021-03-25,1680,1074973,ggraph
2021-03-26,1385,1076358,ggraph
2021-03-27,764,1077122,ggraph
2021-03-28,875,1077997,ggraph
2021-03-29,1588,1079585,ggraph
2021-03-30,1671,1081256,ggraph
2021-03-31,1676,1082932,ggraph
2021-04-01,1356,1084288,ggraph
2021-04-02,1153,1085441,ggraph
2021-04-03,692,1086133,ggraph
2021-04-04,603,1086736,ggraph
2021-04-05,1085,1087821,ggraph
2021-04-06,1463,1089284,ggraph
2021-04-07,1565,1090849,ggraph
2021-04-08,1407,1092256,ggraph
2021-04-09,1306,1093562,ggraph
2021-04-10,732,1094294,ggraph
2021-04-11,713,1095007,ggraph
2021-04-12,1495,1096502,ggraph
2021-04-13,1647,1098149,ggraph
2021-04-14,1538,1099687,ggraph
2021-04-15,1581,1101268,ggraph
2021-04-16,1343,1102611,ggraph
2021-04-17,649,1103260,ggraph
2021-04-18,752,1104012,ggraph
2021-04-19,1479,1105491,ggraph
2021-04-20,1639,1107130,ggraph
2021-04-21,1497,1108627,ggraph
2021-04-22,1453,1110080,ggraph
2021-04-23,1283,1111363,ggraph
2021-04-24,732,1112095,ggraph
2021-04-25,673,1112768,ggraph
2021-04-26,1491,1114259,ggraph
2021-04-27,1399,1115658,ggraph
2021-04-28,1569,1117227,ggraph
2021-04-29,1394,1118621,ggraph
2021-04-30,1106,1119727,ggraph
2021-05-01,566,1120293,ggraph
2021-05-02,580,1120873,ggraph
2021-05-03,1133,1122006,ggraph
2021-05-04,1280,1123286,ggraph
2021-05-05,1305,1124591,ggraph
2021-05-06,1380,1125971,ggraph
2021-05-07,1091,1127062,ggraph
2021-05-08,632,1127694,ggraph
2021-05-09,585,1128279,ggraph
2021-05-10,1155,1129434,ggraph
2021-05-11,1117,1130551,ggraph
2021-05-12,1102,1131653,ggraph
2021-05-13,1085,1132738,ggraph
2021-05-14,981,1133719,ggraph
2021-05-15,575,1134294,ggraph
2021-05-16,620,1134914,ggraph
2021-05-17,1152,1136066,ggraph
2021-05-18,1386,1137452,ggraph
2021-05-19,1517,1138969,ggraph
2021-05-20,1369,1140338,ggraph
2021-05-21,1227,1141565,ggraph
2021-05-22,639,1142204,ggraph
2021-05-23,627,1142831,ggraph
2021-05-24,1351,1144182,ggraph
2021-05-25,1364,1145546,ggraph
2021-05-26,1432,1146978,ggraph
2021-05-27,1506,1148484,ggraph
2021-05-28,1220,1149704,ggraph
2021-05-29,625,1150329,ggraph
2021-05-30,624,1150953,ggraph
2021-05-31,1089,1152042,ggraph
2021-06-01,1121,1153163,ggraph
2021-06-02,1156,1154319,ggraph
2021-06-03,1156,1155475,ggraph
2021-06-04,969,1156444,ggraph
2021-06-05,652,1157096,ggraph
2021-06-06,681,1157777,ggraph
2021-06-07,1179,1158956,ggraph
2021-06-08,1189,1160145,ggraph
2021-06-09,1257,1161402,ggraph
2021-06-10,1259,1162661,ggraph
2021-06-11,989,1163650,ggraph
2021-06-12,487,1164137,ggraph
2021-06-13,535,1164672,ggraph
2021-06-14,1132,1165804,ggraph
2021-06-15,1246,1167050,ggraph
2021-06-16,1181,1168231,ggraph
2021-06-17,1144,1169375,ggraph
2021-06-18,1042,1170417,ggraph
2021-06-19,486,1170903,ggraph
2021-06-20,528,1171431,ggraph
2021-06-21,1060,1172491,ggraph
2021-06-22,1186,1173677,ggraph
2021-06-23,1168,1174845,ggraph
2021-06-24,983,1175828,ggraph
2021-06-25,967,1176795,ggraph
2021-06-26,513,1177308,ggraph
2021-06-27,513,1177821,ggraph
2021-06-28,1136,1178957,ggraph
2021-06-29,1281,1180238,ggraph
2021-06-30,1065,1181303,ggraph
2021-07-01,962,1182265,ggraph
2021-07-02,1014,1183279,ggraph
2021-07-03,459,1183738,ggraph
2021-07-04,457,1184195,ggraph
2021-07-05,970,1185165,ggraph
2021-07-06,1076,1186241,ggraph
2021-07-07,1180,1187421,ggraph
2021-07-08,1267,1188688,ggraph
2021-07-09,1020,1189708,ggraph
2021-07-10,507,1190215,ggraph
2021-07-11,521,1190736,ggraph
2021-07-12,1198,1191934,ggraph
2021-07-13,1129,1193063,ggraph
2021-07-14,1174,1194237,ggraph
2021-07-15,1206,1195443,ggraph
2021-07-16,930,1196373,ggraph
2021-07-17,481,1196854,ggraph
2021-07-18,497,1197351,ggraph
2021-07-19,1140,1198491,ggraph
2021-07-20,1181,1199672,ggraph
2021-07-21,1221,1200893,ggraph
2021-07-22,1071,1201964,ggraph
2021-07-23,966,1202930,ggraph
2021-07-24,454,1203384,ggraph
2021-07-25,519,1203903,ggraph
2021-07-26,1055,1204958,ggraph
2021-07-27,2005,1206963,ggraph
2021-07-28,1346,1208309,ggraph
2021-07-29,1103,1209412,ggraph
2021-07-30,892,1210304,ggraph
2021-07-31,535,1210839,ggraph
2021-08-01,519,1211358,ggraph
2021-08-02,898,1212256,ggraph
2021-08-03,1089,1213345,ggraph
2021-08-04,1122,1214467,ggraph
2021-08-05,946,1215413,ggraph
2021-08-06,851,1216264,ggraph
2021-08-07,531,1216795,ggraph
2021-08-08,551,1217346,ggraph
2021-08-09,975,1218321,ggraph
2021-08-10,1070,1219391,ggraph
2021-08-11,1013,1220404,ggraph
2021-08-12,1005,1221409,ggraph
2021-08-13,906,1222315,ggraph
2021-08-14,643,1222958,ggraph
2021-08-15,688,1223646,ggraph
2021-08-16,967,1224613,ggraph
2021-08-17,1124,1225737,ggraph
2021-08-18,1137,1226874,ggraph
2021-08-19,1261,1228135,ggraph
2021-08-20,953,1229088,ggraph
2021-08-21,508,1229596,ggraph
2021-08-22,532,1230128,ggraph
2021-08-23,1026,1231154,ggraph
2021-08-24,1152,1232306,ggraph
2021-08-25,1168,1233474,ggraph
2021-08-26,1023,1234497,ggraph
2021-08-27,900,1235397,ggraph
2021-08-28,491,1235888,ggraph
2021-08-29,469,1236357,ggraph
2021-08-30,936,1237293,ggraph
2021-08-31,1191,1238484,ggraph
2021-09-01,1244,1239728,ggraph
2021-09-02,1011,1240739,ggraph
2021-09-03,958,1241697,ggraph
2021-09-04,492,1242189,ggraph
2021-09-05,494,1242683,ggraph
2021-09-06,814,1243497,ggraph
2021-09-07,1102,1244599,ggraph
2021-09-08,1124,1245723,ggraph
2021-09-09,1198,1246921,ggraph
2021-09-10,963,1247884,ggraph
2021-09-11,448,1248332,ggraph
2021-09-12,523,1248855,ggraph
2021-09-13,1217,1250072,ggraph
2021-09-14,1260,1251332,ggraph
2021-09-15,1234,1252566,ggraph
2021-09-16,1233,1253799,ggraph
2021-09-17,1005,1254804,ggraph
2021-09-18,518,1255322,ggraph
2021-09-19,539,1255861,ggraph
2021-09-20,990,1256851,ggraph
2021-09-21,1059,1257910,ggraph
2021-09-22,1117,1259027,ggraph
2021-09-23,1035,1260062,ggraph
2021-09-24,1114,1261176,ggraph
2021-09-25,442,1261618,ggraph
2021-09-26,573,1262191,ggraph
2021-09-27,1196,1263387,ggraph
2021-09-28,1207,1264594,ggraph
2021-09-29,1224,1265818,ggraph
2021-09-30,1066,1266884,ggraph
2021-10-01,919,1267803,ggraph
2021-10-02,505,1268308,ggraph
2021-10-03,617,1268925,ggraph
2021-10-04,1096,1270021,ggraph
2021-10-05,1188,1271209,ggraph
2021-10-06,1259,1272468,ggraph
2021-10-07,1163,1273631,ggraph
2021-10-08,1195,1274826,ggraph
2021-10-09,540,1275366,ggraph
2021-10-10,579,1275945,ggraph
2021-10-11,1135,1277080,ggraph
2021-10-12,1431,1278511,ggraph
2021-10-13,1352,1279863,ggraph
2021-10-14,1256,1281119,ggraph
2021-10-15,1107,1282226,ggraph
2021-10-16,535,1282761,ggraph
2021-10-17,536,1283297,ggraph
2021-10-18,1309,1284606,ggraph
2021-10-19,1376,1285982,ggraph
2021-10-20,1210,1287192,ggraph
2021-10-21,1244,1288436,ggraph
2021-10-22,952,1289388,ggraph
2021-10-23,541,1289929,ggraph
2021-10-24,548,1290477,ggraph
2021-10-25,1568,1292045,ggraph
2021-10-26,1162,1293207,ggraph
2021-10-27,1366,1294573,ggraph
2021-10-28,1073,1295646,ggraph
2021-10-29,1063,1296709,ggraph
2021-10-30,440,1297149,ggraph
2021-10-31,473,1297622,ggraph
2021-11-01,1068,1298690,ggraph
2021-11-02,1256,1299946,ggraph
2021-11-03,1274,1301220,ggraph
2021-11-04,1215,1302435,ggraph
2021-11-05,1174,1303609,ggraph
2021-11-06,609,1304218,ggraph
2021-11-07,603,1304821,ggraph
2021-11-08,1337,1306158,ggraph
2021-11-09,1305,1307463,ggraph
2021-11-10,1430,1308893,ggraph
2021-11-11,1158,1310051,ggraph
2021-11-12,1099,1311150,ggraph
2021-11-13,611,1311761,ggraph
2021-11-14,632,1312393,ggraph
2021-11-15,1393,1313786,ggraph
2021-11-16,1365,1315151,ggraph
2021-11-17,1364,1316515,ggraph
2021-11-18,1254,1317769,ggraph
2021-11-19,1175,1318944,ggraph
2021-11-20,960,1319904,ggraph
2021-11-21,1046,1320950,ggraph
2021-11-22,1883,1322833,ggraph
2021-11-23,1521,1324354,ggraph
2021-11-24,1786,1326140,ggraph
2021-11-25,1518,1327658,ggraph
2021-11-26,1204,1328862,ggraph
2021-11-27,778,1329640,ggraph
2021-11-28,771,1330411,ggraph
2021-11-29,1740,1332151,ggraph
2021-11-30,2018,1334169,ggraph
2021-12-01,1895,1336064,ggraph
2021-12-02,1789,1337853,ggraph
2021-12-03,1728,1339581,ggraph
2021-12-04,876,1340457,ggraph
2021-12-05,981,1341438,ggraph
2021-12-06,1661,1343099,ggraph
2021-12-07,1553,1344652,ggraph
2021-12-08,1618,1346270,ggraph
2021-12-09,1808,1348078,ggraph
2021-12-10,1584,1349662,ggraph
2021-12-11,731,1350393,ggraph
2021-12-12,704,1351097,ggraph
2021-12-13,1432,1352529,ggraph
2021-12-14,1485,1354014,ggraph
2021-12-15,1585,1355599,ggraph
2021-12-16,1466,1357065,ggraph
2021-12-17,1204,1358269,ggraph
2021-12-18,615,1358884,ggraph
2021-12-19,758,1359642,ggraph
2021-12-20,1263,1360905,ggraph
2021-12-21,1287,1362192,ggraph
2021-12-22,1079,1363271,ggraph
2021-12-23,972,1364243,ggraph
2021-12-24,599,1364842,ggraph
2021-12-25,352,1365194,ggraph
2021-12-26,462,1365656,ggraph
2021-12-27,791,1366447,ggraph
2021-12-28,929,1367376,ggraph
2021-12-29,927,1368303,ggraph
2021-12-30,788,1369091,ggraph
2021-12-31,506,1369597,ggraph
2022-01-01,353,1369950,ggraph
2022-01-02,509,1370459,ggraph
2022-01-03,1096,1371555,ggraph
2022-01-04,1140,1372695,ggraph
2022-01-05,1166,1373861,ggraph
2022-01-06,1146,1375007,ggraph
2022-01-07,1192,1376199,ggraph
2022-01-08,627,1376826,ggraph
2022-01-09,586,1377412,ggraph
2022-01-10,1261,1378673,ggraph
2022-01-11,1509,1380182,ggraph
2022-01-12,1378,1381560,ggraph
2022-01-13,1194,1382754,ggraph
2022-01-14,1066,1383820,ggraph
2022-01-15,667,1384487,ggraph
2022-01-16,550,1385037,ggraph
2022-01-17,1067,1386104,ggraph
2022-01-18,1396,1387500,ggraph
2022-01-19,1320,1388820,ggraph
2022-01-20,1306,1390126,ggraph
2022-01-21,1327,1391453,ggraph
2022-01-22,710,1392163,ggraph
2022-01-23,716,1392879,ggraph
2022-01-24,1378,1394257,ggraph
2022-01-25,1463,1395720,ggraph
2022-01-26,1404,1397124,ggraph
2022-01-27,1435,1398559,ggraph
2022-01-28,1162,1399721,ggraph
2022-01-29,634,1400355,ggraph
2022-01-30,705,1401060,ggraph
2022-01-31,1124,1402184,ggraph
2022-02-01,1472,1403656,ggraph
2022-02-02,1207,1404863,ggraph
2022-02-03,1364,1406227,ggraph
2022-02-04,1178,1407405,ggraph
2022-02-05,610,1408015,ggraph
2022-02-06,598,1408613,ggraph
2022-02-07,1351,1409964,ggraph
2022-02-08,1475,1411439,ggraph
2022-02-09,1315,1412754,ggraph
2022-02-10,1370,1414124,ggraph
2022-02-11,1141,1415265,ggraph
2022-02-12,539,1415804,ggraph
2022-02-13,696,1416500,ggraph
2022-02-14,1370,1417870,ggraph
2022-02-15,1971,1419841,ggraph
2022-02-16,1547,1421388,ggraph
2022-02-17,1534,1422922,ggraph
2022-02-18,1250,1424172,ggraph
2022-02-19,666,1424838,ggraph
2022-02-20,692,1425530,ggraph
2022-02-21,1357,1426887,ggraph
2022-02-22,1628,1428515,ggraph
2022-02-23,1606,1430121,ggraph
2022-02-24,1562,1431683,ggraph
2022-02-25,1308,1432991,ggraph
2022-02-26,661,1433652,ggraph
2022-02-27,742,1434394,ggraph
2022-02-28,1446,1435840,ggraph
2022-03-01,1613,1437453,ggraph
2022-03-02,1738,1439191,ggraph
2022-03-03,1512,1440703,ggraph
2022-03-04,1310,1442013,ggraph
2022-03-05,796,1442809,ggraph
2022-03-06,709,1443518,ggraph
2022-03-07,1364,1444882,ggraph
2022-03-08,1563,1446445,ggraph
2022-03-09,1518,1447963,ggraph
2022-03-10,1392,1449355,ggraph
2022-03-11,1364,1450719,ggraph
2022-03-12,841,1451560,ggraph
2022-03-13,791,1452351,ggraph
2022-03-14,1513,1453864,ggraph
2022-03-15,1541,1455405,ggraph
2022-03-16,1683,1457088,ggraph
2022-03-17,1726,1458814,ggraph
2022-03-18,1375,1460189,ggraph
2022-03-19,826,1461015,ggraph
2022-03-20,728,1461743,ggraph
2022-03-21,1966,1463709,ggraph
2022-03-22,1972,1465681,ggraph
2022-03-23,1903,1467584,ggraph
2022-03-24,1781,1469365,ggraph
2022-03-25,1385,1470750,ggraph
2022-03-26,750,1471500,ggraph
2022-03-27,832,1472332,ggraph
2022-03-28,1681,1474013,ggraph
2022-03-29,1578,1475591,ggraph
2022-03-30,1769,1477360,ggraph
2022-03-31,1605,1478965,ggraph
2022-04-01,1355,1480320,ggraph
2022-04-02,829,1481149,ggraph
2022-04-03,817,1481966,ggraph
2022-04-04,1486,1483452,ggraph
2022-04-05,1917,1485369,ggraph
2022-04-06,2136,1487505,ggraph
2022-04-07,1757,1489262,ggraph
2022-04-08,1602,1490864,ggraph
2022-04-09,939,1491803,ggraph
2022-04-10,802,1492605,ggraph
2022-04-11,1573,1494178,ggraph
2022-04-12,1648,1495826,ggraph
2022-04-13,1650,1497476,ggraph
2022-04-14,1816,1499292,ggraph
2022-04-15,1565,1500857,ggraph
2022-04-16,1158,1502015,ggraph
2022-04-17,1407,1503422,ggraph
2022-04-18,2163,1505585,ggraph
2022-04-19,2282,1507867,ggraph
2022-04-20,3310,1511177,ggraph
2022-04-21,3546,1514723,ggraph
2022-04-22,3003,1517726,ggraph
2022-04-23,1684,1519410,ggraph
2022-04-24,1860,1521270,ggraph
2022-04-25,3059,1524329,ggraph
2022-04-26,3198,1527527,ggraph
2022-04-27,4350,1531877,ggraph
2022-04-28,2442,1534319,ggraph
2022-04-29,2245,1536564,ggraph
2022-04-30,1198,1537762,ggraph
2022-05-01,1376,1539138,ggraph
2022-05-02,2444,1541582,ggraph
2022-05-03,2607,1544189,ggraph
2022-05-04,2537,1546726,ggraph
2022-05-05,2818,1549544,ggraph
2022-05-06,2345,1551889,ggraph
2022-05-07,1426,1553315,ggraph
2022-05-08,1305,1554620,ggraph
2022-05-09,3093,1557713,ggraph
2022-05-10,2979,1560692,ggraph
2022-05-11,3283,1563975,ggraph
2022-05-12,2475,1566450,ggraph
2022-05-13,2169,1568619,ggraph
2022-05-14,775,1569394,ggraph
2022-05-15,867,1570261,ggraph
2022-05-16,2002,1572263,ggraph
2022-05-17,2293,1574556,ggraph
2022-05-18,2272,1576828,ggraph
2022-05-19,3174,1580002,ggraph
2022-05-20,2546,1582548,ggraph
2022-05-21,1829,1584377,ggraph
2022-05-22,2084,1586461,ggraph
2022-05-23,2882,1589343,ggraph
2022-05-24,3203,1592546,ggraph
2022-05-25,2031,1594577,ggraph
2022-05-26,1872,1596449,ggraph
2022-05-27,2099,1598548,ggraph
2022-05-28,1497,1600045,ggraph
2022-05-29,1462,1601507,ggraph
2022-05-30,2372,1603879,ggraph
2022-05-31,2371,1606250,ggraph
2022-06-01,2126,1608376,ggraph
2022-06-02,1665,1610041,ggraph
2022-06-03,1283,1611324,ggraph
2022-06-04,900,1612224,ggraph
2022-06-05,1024,1613248,ggraph
2022-06-06,1656,1614904,ggraph
2022-06-07,2103,1617007,ggraph
2022-06-08,2735,1619742,ggraph
2022-06-09,2482,1622224,ggraph
2022-06-10,1793,1624017,ggraph
2022-06-11,1188,1625205,ggraph
2022-06-12,1522,1626727,ggraph
2022-06-13,2529,1629256,ggraph
2022-06-14,11709,1640965,ggraph
2022-06-15,9504,1650469,ggraph
2022-06-16,3852,1654321,ggraph
2022-06-17,6145,1660466,ggraph
2022-06-18,1586,1662052,ggraph
2022-06-19,1266,1663318,ggraph
2022-06-20,4324,1667642,ggraph
2022-06-21,6911,1674553,ggraph
2022-06-22,7365,1681918,ggraph
2022-06-23,8894,1690812,ggraph
2022-06-24,5398,1696210,ggraph
2022-06-25,1612,1697822,ggraph
2022-06-26,1706,1699528,ggraph
2022-06-27,3753,1703281,ggraph
2022-06-28,3472,1706753,ggraph
2022-06-29,5430,1712183,ggraph
2022-06-30,2259,1714442,ggraph
2022-07-01,4326,1718768,ggraph
2022-07-02,2617,1721385,ggraph
2022-07-03,2444,1723829,ggraph
2022-07-04,4557,1728386,ggraph
2022-07-05,9316,1737702,ggraph
2022-07-06,9512,1747214,ggraph
2022-07-07,8011,1755225,ggraph
2022-07-08,7331,1762556,ggraph
2022-07-09,4074,1766630,ggraph
2022-07-10,2092,1768722,ggraph
2022-07-11,6506,1775228,ggraph
2022-07-12,5036,1780264,ggraph
2022-07-13,6188,1786452,ggraph
2022-07-14,5350,1791802,ggraph
2022-07-15,7534,1799336,ggraph
2022-07-16,5572,1804908,ggraph
2022-07-17,5888,1810796,ggraph
2022-07-18,3987,1814783,ggraph
2022-07-19,9000,1823783,ggraph
2022-07-20,7253,1831036,ggraph
2022-07-21,7140,1838176,ggraph
2022-07-22,6067,1844243,ggraph
2022-07-23,3210,1847453,ggraph
2022-07-24,6094,1853547,ggraph
2022-07-25,3839,1857386,ggraph
2022-07-26,1841,1859227,ggraph
2022-07-27,1923,1861150,ggraph
2022-07-28,2199,1863349,ggraph
2022-07-29,1589,1864938,ggraph
2022-07-30,989,1865927,ggraph
2022-07-31,1049,1866976,ggraph
2022-08-01,1807,1868783,ggraph
2022-08-02,2446,1871229,ggraph
2022-08-03,2239,1873468,ggraph
2022-08-04,1765,1875233,ggraph
2022-08-05,1711,1876944,ggraph
2022-08-06,1174,1878118,ggraph
2022-08-07,1189,1879307,ggraph
2022-08-08,3306,1882613,ggraph
2022-08-09,4155,1886768,ggraph
2022-08-10,3537,1890305,ggraph
2022-08-11,2988,1893293,ggraph
2022-08-12,2655,1895948,ggraph
2022-08-13,1386,1897334,ggraph
2022-08-14,1335,1898669,ggraph
2022-08-15,2417,1901086,ggraph
2022-08-16,3622,1904708,ggraph
2022-08-17,2363,1907071,ggraph
2022-08-18,2385,1909456,ggraph
2022-08-19,2251,1911707,ggraph
2022-08-20,1194,1912901,ggraph
2022-08-21,1272,1914173,ggraph
2022-08-22,2592,1916765,ggraph
2022-08-23,2801,1919566,ggraph
2022-08-24,2655,1922221,ggraph
2022-08-25,2211,1924432,ggraph
2022-08-26,2388,1926820,ggraph
2022-08-27,1129,1927949,ggraph
2022-08-28,1177,1929126,ggraph
2022-08-29,2326,1931452,ggraph
2022-08-30,2359,1933811,ggraph
2022-08-31,2135,1935946,ggraph
2022-09-01,2082,1938028,ggraph
2022-09-02,1555,1939583,ggraph
2022-09-03,790,1940373,ggraph
2022-09-04,861,1941234,ggraph
2022-09-05,1757,1942991,ggraph
2022-09-06,1911,1944902,ggraph
2022-09-07,1875,1946777,ggraph
2022-09-08,1757,1948534,ggraph
2022-09-09,1375,1949909,ggraph
2022-09-10,721,1950630,ggraph
2022-09-11,897,1951527,ggraph
2022-09-12,1489,1953016,ggraph
2022-09-13,2018,1955034,ggraph
2022-09-14,1975,1957009,ggraph
2022-09-15,1875,1958884,ggraph
2022-09-16,1837,1960721,ggraph
2022-09-17,779,1961500,ggraph
2022-09-18,832,1962332,ggraph
2022-09-19,1931,1964263,ggraph
2022-09-20,1850,1966113,ggraph
2022-09-21,1771,1967884,ggraph
2022-09-22,1859,1969743,ggraph
2022-09-23,1623,1971366,ggraph
2022-09-24,848,1972214,ggraph
2022-09-25,892,1973106,ggraph
2022-09-26,1743,1974849,ggraph
2022-09-27,2191,1977040,ggraph
2022-09-28,1878,1978918,ggraph
2022-09-29,1950,1980868,ggraph
2022-09-30,1625,1982493,ggraph
2022-10-01,753,1983246,ggraph
2022-10-02,952,1984198,ggraph
2022-10-03,1885,1986083,ggraph
2022-10-04,2035,1988118,ggraph
2022-10-05,2038,1990156,ggraph
2022-10-06,1982,1992138,ggraph
2022-10-07,1588,1993726,ggraph
2022-10-08,928,1994654,ggraph
2022-10-09,1067,1995721,ggraph
2022-10-10,4661,2000382,ggraph
2022-10-11,5081,2005463,ggraph
2022-10-12,3526,2008989,ggraph
2022-10-13,2986,2011975,ggraph
2022-10-14,2889,2014864,ggraph
2022-10-15,1376,2016240,ggraph
2022-10-16,1407,2017647,ggraph
2022-10-17,3114,2020761,ggraph
2022-10-18,3257,2024018,ggraph
2022-10-19,3782,2027800,ggraph
2022-10-20,3003,2030803,ggraph
2022-10-21,2693,2033496,ggraph
2022-10-22,1351,2034847,ggraph
2022-10-23,1270,2036117,ggraph
2022-10-24,2950,2039067,ggraph
2022-10-25,3508,2042575,ggraph
2022-10-26,3154,2045729,ggraph
2022-10-27,2650,2048379,ggraph
2022-10-28,2372,2050751,ggraph
2022-10-29,1026,2051777,ggraph
2022-10-30,1087,2052864,ggraph
2022-10-31,2160,2055024,ggraph
2022-11-01,2668,2057692,ggraph
2022-11-02,2202,2059894,ggraph
2022-11-03,3192,2063086,ggraph
2022-11-04,2345,2065431,ggraph
2022-11-05,1145,2066576,ggraph
2022-11-06,1129,2067705,ggraph
2022-11-07,2362,2070067,ggraph
2022-11-08,2692,2072759,ggraph
2022-11-09,2648,2075407,ggraph
2022-11-10,3020,2078427,ggraph
2022-11-11,2106,2080533,ggraph
2022-11-12,1264,2081797,ggraph
2022-11-13,1300,2083097,ggraph
2022-11-14,2650,2085747,ggraph
2022-11-15,2691,2088438,ggraph
2022-11-16,2748,2091186,ggraph
2022-11-17,2327,2093513,ggraph
2022-11-18,1972,2095485,ggraph
2022-11-19,1173,2096658,ggraph
2022-11-20,2154,2098812,ggraph
2022-11-21,2704,2101516,ggraph
2022-11-22,2455,2103971,ggraph
2022-11-23,2334,2106305,ggraph
2022-11-24,2087,2108392,ggraph
2022-11-25,1698,2110090,ggraph
2022-11-26,1262,2111352,ggraph
2022-11-27,1225,2112577,ggraph
2022-11-28,2414,2114991,ggraph
2022-11-29,2431,2117422,ggraph
2022-11-30,2594,2120016,ggraph
2022-12-01,2481,2122497,ggraph
2022-12-02,2286,2124783,ggraph
2022-12-03,1567,2126350,ggraph
2022-12-04,1475,2127825,ggraph
2022-12-05,2407,2130232,ggraph
2022-12-06,2302,2132534,ggraph
2022-12-07,2623,2135157,ggraph
2022-12-08,2240,2137397,ggraph
2022-12-09,1922,2139319,ggraph
2022-12-10,1342,2140661,ggraph
2022-12-11,1414,2142075,ggraph
2022-12-12,2167,2144242,ggraph
2022-12-13,2260,2146502,ggraph
2022-12-14,1925,2148427,ggraph
2022-12-15,1979,2150406,ggraph
2022-12-16,1649,2152055,ggraph
2022-12-17,1185,2153240,ggraph
2022-12-18,997,2154237,ggraph
2022-12-19,1654,2155891,ggraph
2022-12-20,1776,2157667,ggraph
2022-12-21,1643,2159310,ggraph
2022-12-22,1606,2160916,ggraph
2022-12-23,1250,2162166,ggraph
2022-12-24,909,2163075,ggraph
2022-12-25,776,2163851,ggraph
2022-12-26,900,2164751,ggraph
2022-12-27,1304,2166055,ggraph
2022-12-28,1245,2167300,ggraph
2022-12-29,1337,2168637,ggraph
2022-12-30,1011,2169648,ggraph
2022-12-31,772,2170420,ggraph
2023-01-01,776,2171196,ggraph
2023-01-02,1178,2172374,ggraph
2023-01-03,1629,2174003,ggraph
2023-01-04,1708,2175711,ggraph
2023-01-05,1588,2177299,ggraph
2023-01-06,1771,2179070,ggraph
2023-01-07,1148,2180218,ggraph
2023-01-08,1212,2181430,ggraph
2023-01-09,1835,2183265,ggraph
2023-01-10,2216,2185481,ggraph
2023-01-11,2011,2187492,ggraph
2023-01-12,1832,2189324,ggraph
2023-01-13,1502,2190826,ggraph
2023-01-14,952,2191778,ggraph
2023-01-15,1057,2192835,ggraph
2023-01-16,1620,2194455,ggraph
2023-01-17,2097,2196552,ggraph
2023-01-18,2005,2198557,ggraph
2023-01-19,1843,2200400,ggraph
2023-01-20,1676,2202076,ggraph
2023-01-21,873,2202949,ggraph
2023-01-22,1127,2204076,ggraph
2023-01-23,1935,2206011,ggraph
2023-01-24,1771,2207782,ggraph
2023-01-25,1788,2209570,ggraph
2023-01-26,1742,2211312,ggraph
2023-01-27,1398,2212710,ggraph
2023-01-28,741,2213451,ggraph
2023-01-29,812,2214263,ggraph
2023-01-30,1651,2215914,ggraph
2023-01-31,1911,2217825,ggraph
2023-02-01,1986,2219811,ggraph
2023-02-02,1941,2221752,ggraph
2023-02-03,1641,2223393,ggraph
2023-02-04,875,2224268,ggraph
2023-02-05,892,2225160,ggraph
2023-02-06,1986,2227146,ggraph
2023-02-07,2393,2229539,ggraph
2023-02-08,1927,2231466,ggraph
2023-02-09,2047,2233513,ggraph
2023-02-10,1662,2235175,ggraph
2023-02-11,838,2236013,ggraph
2023-02-12,951,2236964,ggraph
2023-02-13,1833,2238797,ggraph
2023-02-14,2039,2240836,ggraph
2023-02-15,1918,2242754,ggraph
2023-02-16,1907,2244661,ggraph
2023-02-17,1687,2246348,ggraph
2023-02-18,738,2247086,ggraph
2023-02-19,892,2247978,ggraph
2023-02-20,1757,2249735,ggraph
2023-02-21,2134,2251869,ggraph
2023-02-22,2140,2254009,ggraph
2023-02-23,1977,2255986,ggraph
2023-02-24,1731,2257717,ggraph
2023-02-25,862,2258579,ggraph
2023-02-26,941,2259520,ggraph
2023-02-27,1994,2261514,ggraph
2023-02-28,2304,2263818,ggraph
2023-03-01,2351,2266169,ggraph
2023-03-02,2133,2268302,ggraph
2023-03-03,2013,2270315,ggraph
2023-03-04,919,2271234,ggraph
2023-03-05,945,2272179,ggraph
2023-03-06,2167,2274346,ggraph
2023-03-07,2170,2276516,ggraph
2023-03-08,1997,2278513,ggraph
2023-03-09,2138,2280651,ggraph
2023-03-10,1703,2282354,ggraph
2023-03-11,967,2283321,ggraph
2023-03-12,981,2284302,ggraph
2023-03-13,2031,2286333,ggraph
2023-03-14,2141,2288474,ggraph
2023-03-15,2080,2290554,ggraph
2023-03-16,2089,2292643,ggraph
2023-03-17,1634,2294277,ggraph
2023-03-18,853,2295130,ggraph
2023-03-19,994,2296124,ggraph
2023-03-20,2209,2298333,ggraph
2023-03-21,2382,2300715,ggraph
2023-03-22,2164,2302879,ggraph
2023-03-23,2112,2304991,ggraph
2023-03-24,2216,2307207,ggraph
2023-03-25,936,2308143,ggraph
2023-03-26,981,2309124,ggraph
2023-03-27,2065,2311189,ggraph
2023-03-28,2261,2313450,ggraph
2023-03-29,2081,2315531,ggraph
2023-03-30,2163,2317694,ggraph
2023-03-31,1717,2319411,ggraph
2023-04-01,1046,2320457,ggraph
2023-04-02,981,2321438,ggraph
2023-04-03,1853,2323291,ggraph
2023-04-04,2142,2325433,ggraph
2023-04-05,2076,2327509,ggraph
2023-04-06,2992,2330501,ggraph
2023-04-07,1752,2332253,ggraph
2023-04-08,1115,2333368,ggraph
2023-04-09,873,2334241,ggraph
2023-04-10,1612,2335853,ggraph
2023-04-11,2915,2338768,ggraph
2023-04-12,2829,2341597,ggraph
2023-04-13,2116,2343713,ggraph
2023-04-14,3003,2346716,ggraph
2023-04-15,1029,2347745,ggraph
2023-04-16,1143,2348888,ggraph
2023-04-17,3708,2352596,ggraph
2023-04-18,3400,2355996,ggraph
2023-04-19,2431,2358427,ggraph
2023-04-20,2719,2361146,ggraph
2023-04-21,3128,2364274,ggraph
2023-04-22,1328,2365602,ggraph
2023-04-23,3071,2368673,ggraph
2023-04-24,2792,2371465,ggraph
2023-04-25,3660,2375125,ggraph
2023-04-26,3388,2378513,ggraph
2023-04-27,2336,2380849,ggraph
2023-04-28,2367,2383216,ggraph
2023-04-29,1263,2384479,ggraph
2023-04-30,946,2385425,ggraph
2023-05-01,2582,2388007,ggraph
2023-05-02,2517,2390524,ggraph
2023-05-03,2671,2393195,ggraph
2023-05-04,3669,2396864,ggraph
2023-05-05,2098,2398962,ggraph
2023-05-06,1183,2400145,ggraph
2023-05-07,1514,2401659,ggraph
2023-05-08,2391,2404050,ggraph
2023-05-09,3817,2407867,ggraph
2023-05-10,1955,2409822,ggraph
2023-05-11,2216,2412038,ggraph
2023-05-12,1866,2413904,ggraph
2023-05-13,974,2414878,ggraph
2023-05-14,907,2415785,ggraph
2023-05-15,2283,2418068,ggraph
2023-05-16,4234,2422302,ggraph
2023-05-17,7218,2429520,ggraph
2023-05-18,2447,2431967,ggraph
2023-05-19,2717,2434684,ggraph
2023-05-20,952,2435636,ggraph
2023-05-21,943,2436579,ggraph
2023-05-22,2091,2438670,ggraph
2023-05-23,2013,2440683,ggraph
2023-05-24,1969,2442652,ggraph
2023-05-25,1749,2444401,ggraph
2023-05-26,1566,2445967,ggraph
2023-05-27,784,2446751,ggraph
2023-05-28,762,2447513,ggraph
2023-05-29,1353,2448866,ggraph
2023-05-30,1779,2450645,ggraph
2023-05-31,1813,2452458,ggraph
2023-06-01,1854,2454312,ggraph
2023-06-02,1541,2455853,ggraph
2023-06-03,875,2456728,ggraph
2023-06-04,834,2457562,ggraph
2023-06-05,1927,2459489,ggraph
2023-06-06,1744,2461233,ggraph
2023-06-07,1660,2462893,ggraph
2023-06-08,1731,2464624,ggraph
2023-06-09,1632,2466256,ggraph
2023-06-10,1163,2467419,ggraph
2023-06-11,1102,2468521,ggraph
2023-06-12,1984,2470505,ggraph
2023-06-13,1824,2472329,ggraph
2023-06-14,1917,2474246,ggraph
2023-06-15,1706,2475952,ggraph
2023-06-16,1470,2477422,ggraph
2023-06-17,920,2478342,ggraph
2023-06-18,1027,2479369,ggraph
2023-06-19,1715,2481084,ggraph
2023-06-20,2131,2483215,ggraph
2023-06-21,1795,2485010,ggraph
2023-06-22,1666,2486676,ggraph
2023-06-23,1396,2488072,ggraph
2023-06-24,887,2488959,ggraph
2023-06-25,1032,2489991,ggraph
2023-06-26,1907,2491898,ggraph
2023-06-27,2031,2493929,ggraph
2023-06-28,1599,2495528,ggraph
2023-06-29,1511,2497039,ggraph
2023-06-30,1372,2498411,ggraph
2023-07-01,853,2499264,ggraph
2023-07-02,828,2500092,ggraph
2023-07-03,1577,2501669,ggraph
2023-07-04,1440,2503109,ggraph
2023-07-05,1747,2504856,ggraph
2023-07-06,1844,2506700,ggraph
2023-07-07,1540,2508240,ggraph
2023-07-08,805,2509045,ggraph
2023-07-09,758,2509803,ggraph
2023-07-10,1805,2511608,ggraph
2023-07-11,1885,2513493,ggraph
2023-07-12,1902,2515395,ggraph
2023-07-13,1634,2517029,ggraph
2023-07-14,1539,2518568,ggraph
2023-07-15,822,2519390,ggraph
2023-07-16,801,2520191,ggraph
2023-07-17,1623,2521814,ggraph
2023-07-18,1804,2523618,ggraph
2023-07-19,2259,2525877,ggraph
2023-07-20,2048,2527925,ggraph
2023-07-21,1442,2529367,ggraph
2023-07-22,832,2530199,ggraph
2023-07-23,759,2530958,ggraph
2023-07-24,1604,2532562,ggraph
2023-07-25,1875,2534437,ggraph
2023-07-26,1741,2536178,ggraph
2023-07-27,1501,2537679,ggraph
2023-07-28,1372,2539051,ggraph
2023-07-29,712,2539763,ggraph
2023-07-30,634,2540397,ggraph
2023-07-31,1561,2541958,ggraph
2023-08-01,1474,2543432,ggraph
2023-08-02,1456,2544888,ggraph
2023-08-03,1731,2546619,ggraph
2023-08-04,1548,2548167,ggraph
2023-08-05,889,2549056,ggraph
2023-08-06,805,2549861,ggraph
2023-08-07,1432,2551293,ggraph
2023-08-08,1697,2552990,ggraph
2023-08-09,1681,2554671,ggraph
2023-08-10,1670,2556341,ggraph
2023-08-11,1357,2557698,ggraph
2023-08-12,737,2558435,ggraph
2023-08-13,760,2559195,ggraph
2023-08-14,1655,2560850,ggraph
2023-08-15,1456,2562306,ggraph
2023-08-16,1630,2563936,ggraph
2023-08-17,1499,2565435,ggraph
2023-08-18,1303,2566738,ggraph
2023-08-19,827,2567565,ggraph
2023-08-20,738,2568303,ggraph
2023-08-21,1492,2569795,ggraph
2023-08-22,1551,2571346,ggraph
2023-08-23,1636,2572982,ggraph
2023-08-24,1444,2574426,ggraph
2023-08-25,1509,2575935,ggraph
2023-08-26,708,2576643,ggraph
2023-08-27,783,2577426,ggraph
2023-08-28,1566,2578992,ggraph
2023-08-29,1692,2580684,ggraph
2023-08-30,1762,2582446,ggraph
2023-08-31,1828,2584274,ggraph
2023-09-01,1552,2585826,ggraph
2023-09-02,791,2586617,ggraph
2023-09-03,768,2587385,ggraph
2023-09-04,1305,2588690,ggraph
2023-09-05,1655,2590345,ggraph
2023-09-06,1862,2592207,ggraph
2023-09-07,1776,2593983,ggraph
2023-09-08,1650,2595633,ggraph
2023-09-09,793,2596426,ggraph
2023-09-10,854,2597280,ggraph
2023-09-11,1677,2598957,ggraph
2023-09-12,1875,2600832,ggraph
2023-09-13,2062,2602894,ggraph
2023-09-14,1741,2604635,ggraph
2023-09-15,1695,2606330,ggraph
2023-09-16,741,2607071,ggraph
2023-09-17,976,2608047,ggraph
2023-09-18,1621,2609668,ggraph
2023-09-19,1943,2611611,ggraph
2023-09-20,2121,2613732,ggraph
2023-09-21,1867,2615599,ggraph
2023-09-22,1925,2617524,ggraph
2023-09-23,862,2618386,ggraph
2023-09-24,944,2619330,ggraph
2023-09-25,1797,2621127,ggraph
2023-09-26,1960,2623087,ggraph
2023-09-27,2006,2625093,ggraph
2023-09-28,1690,2626783,ggraph
2023-09-29,1437,2628220,ggraph
2023-09-30,816,2629036,ggraph
2023-10-01,908,2629944,ggraph
2023-10-02,1704,2631648,ggraph
2023-10-03,1771,2633419,ggraph
2023-10-04,1734,2635153,ggraph
2023-10-05,1606,2636759,ggraph
2023-10-06,1562,2638321,ggraph
2023-10-07,1066,2639387,ggraph
2023-10-08,939,2640326,ggraph
2023-10-09,1721,2642047,ggraph
2023-10-10,2037,2644084,ggraph
2023-10-11,2038,2646122,ggraph
2023-10-12,1852,2647974,ggraph
2023-10-13,1568,2649542,ggraph
2023-10-14,820,2650362,ggraph
2023-10-15,920,2651282,ggraph
2023-10-16,1810,2653092,ggraph
2023-10-17,2057,2655149,ggraph
2023-10-18,1892,2657041,ggraph
2023-10-19,1778,2658819,ggraph
2023-10-20,1561,2660380,ggraph
2023-10-21,1014,2661394,ggraph
2023-10-22,854,2662248,ggraph
2023-10-23,1837,2664085,ggraph
2023-10-24,1977,2666062,ggraph
2023-10-25,1972,2668034,ggraph
2023-10-26,1947,2669981,ggraph
2023-10-27,1577,2671558,ggraph
2023-10-28,881,2672439,ggraph
2023-10-29,972,2673411,ggraph
2023-10-30,1845,2675256,ggraph
2023-10-31,1959,2677215,ggraph
2023-11-01,1971,2679186,ggraph
2023-11-02,2341,2681527,ggraph
2023-11-03,1615,2683142,ggraph
2023-11-04,990,2684132,ggraph
2023-11-05,923,2685055,ggraph
2023-11-06,2105,2687160,ggraph
2023-11-07,2151,2689311,ggraph
2023-11-08,2312,2691623,ggraph
2023-11-09,2120,2693743,ggraph
2023-11-10,1678,2695421,ggraph
2023-11-11,1010,2696431,ggraph
2023-11-12,874,2697305,ggraph
2023-11-13,2005,2699310,ggraph
2023-11-14,2077,2701387,ggraph
2023-11-15,2151,2703538,ggraph
2023-11-16,2234,2705772,ggraph
2023-11-17,1617,2707389,ggraph
2023-11-18,1032,2708421,ggraph
2023-11-19,1157,2709578,ggraph
2023-11-20,2412,2711990,ggraph
2023-11-21,2406,2714396,ggraph
2023-11-22,2007,2716403,ggraph
2023-11-23,1748,2718151,ggraph
2023-11-24,1463,2719614,ggraph
2023-11-25,963,2720577,ggraph
2023-11-26,1103,2721680,ggraph
2023-11-27,2171,2723851,ggraph
2023-11-28,2448,2726299,ggraph
2023-11-29,2364,2728663,ggraph
2023-11-30,2437,2731100,ggraph
2023-12-01,1928,2733028,ggraph
2023-12-02,1249,2734277,ggraph
2023-12-03,1279,2735556,ggraph
2023-12-04,2237,2737793,ggraph
2023-12-05,2365,2740158,ggraph
2023-12-06,2114,2742272,ggraph
2023-12-07,2139,2744411,ggraph
2023-12-08,1903,2746314,ggraph
2023-12-09,1045,2747359,ggraph
2023-12-10,1132,2748491,ggraph
2023-12-11,2039,2750530,ggraph
2023-12-12,2088,2752618,ggraph
2023-12-13,2016,2754634,ggraph
2023-12-14,2204,2756838,ggraph
2023-12-15,1597,2758435,ggraph
2023-12-16,1089,2759524,ggraph
2023-12-17,1246,2760770,ggraph
2023-12-18,1559,2762329,ggraph
2023-12-19,1801,2764130,ggraph
2023-12-20,1864,2765994,ggraph
2023-12-21,1576,2767570,ggraph
2023-12-22,1356,2768926,ggraph
2023-12-23,785,2769711,ggraph
2023-12-24,678,2770389,ggraph
2023-12-25,783,2771172,ggraph
2023-12-26,1038,2772210,ggraph
2023-12-27,1046,2773256,ggraph
2023-12-28,1187,2774443,ggraph
2023-12-29,996,2775439,ggraph
2023-12-30,729,2776168,ggraph
2023-12-31,646,2776814,ggraph
2024-01-01,672,2777486,ggraph
2024-01-02,1326,2778812,ggraph
2024-01-03,1497,2780309,ggraph
2024-01-04,1698,2782007,ggraph
2024-01-05,1442,2783449,ggraph
2024-01-06,847,2784296,ggraph
2024-01-07,957,2785253,ggraph
2024-01-08,1759,2787012,ggraph
2024-01-09,1703,2788715,ggraph
2024-01-10,1988,2790703,ggraph
2024-01-11,1848,2792551,ggraph
2024-01-12,1497,2794048,ggraph
2024-01-13,878,2794926,ggraph
2024-01-14,1021,2795947,ggraph
2024-01-15,1657,2797604,ggraph
2024-01-16,1870,2799474,ggraph
2024-01-17,1912,2801386,ggraph
2024-01-18,1772,2803158,ggraph
2024-01-19,2807,2805965,ggraph
2024-01-20,1042,2807007,ggraph
2024-01-21,2764,2809771,ggraph
2024-01-22,1682,2811453,ggraph
2024-01-23,1995,2813448,ggraph
2024-01-24,2073,2815521,ggraph
2024-01-25,1812,2817333,ggraph
2024-01-26,1524,2818857,ggraph
2024-01-27,938,2819795,ggraph
2024-01-28,1035,2820830,ggraph
2024-01-29,1914,2822744,ggraph
2024-01-30,2221,2824965,ggraph
2024-01-31,2536,2827501,ggraph
2024-02-01,2182,2829683,ggraph
2024-02-02,1750,2831433,ggraph
2024-02-03,990,2832423,ggraph
2024-02-04,1055,2833478,ggraph
2024-02-05,2069,2835547,ggraph
2024-02-06,2395,2837942,ggraph
2024-02-07,2125,2840067,ggraph
2024-02-08,1929,2841996,ggraph
2024-02-09,1393,2843389,ggraph
2024-02-10,748,2844137,ggraph
2024-02-11,758,2844895,ggraph
2024-02-12,1692,2846587,ggraph
2024-02-13,1961,2848548,ggraph
2024-02-14,1714,2850262,ggraph
2024-02-15,1996,2852258,ggraph
2024-02-16,1793,2854051,ggraph
2024-02-17,999,2855050,ggraph
2024-02-18,1184,2856234,ggraph
2024-02-19,1926,2858160,ggraph
2024-02-20,1897,2860057,ggraph
2024-02-21,2107,2862164,ggraph
2024-02-22,2061,2864225,ggraph
2024-02-23,1719,2865944,ggraph
2024-02-24,812,2866756,ggraph
2024-02-25,984,2867740,ggraph
2024-02-26,2178,2869918,ggraph
2024-02-27,2502,2872420,ggraph
2024-02-28,6168,2878588,ggraph
2024-02-29,4757,2883345,ggraph
2024-03-01,3890,2887235,ggraph
2024-03-02,1948,2889183,ggraph
2024-03-03,2162,2891345,ggraph
2024-03-04,4124,2895469,ggraph
2024-03-05,4095,2899564,ggraph
2024-03-06,3900,2903464,ggraph
2024-03-07,5082,2908546,ggraph
2024-03-08,4723,2913269,ggraph
2024-03-09,2407,2915676,ggraph
2024-03-10,2263,2917939,ggraph
2024-03-11,4235,2922174,ggraph
2024-03-12,3878,2926052,ggraph
2024-03-13,3631,2929683,ggraph
2024-03-14,3553,2933236,ggraph
2024-03-15,3060,2936296,ggraph
2024-03-16,1496,2937792,ggraph
2024-03-17,1568,2939360,ggraph
2024-03-18,3470,2942830,ggraph
2024-03-19,3555,2946385,ggraph
2024-03-20,3486,2949871,ggraph
2024-03-21,3019,2952890,ggraph
2024-03-22,2782,2955672,ggraph
2024-03-23,1483,2957155,ggraph
2024-03-24,1543,2958698,ggraph
2024-03-25,3016,2961714,ggraph
2024-03-26,3271,2964985,ggraph
2024-03-27,3247,2968232,ggraph
2024-03-28,2798,2971030,ggraph
2024-03-29,2133,2973163,ggraph
2024-03-30,1452,2974615,ggraph
2024-03-31,1353,2975968,ggraph
2024-04-01,2351,2978319,ggraph
2024-04-02,2960,2981279,ggraph
2024-04-03,3085,2984364,ggraph
2024-04-04,2531,2986895,ggraph
2024-04-05,2430,2989325,ggraph
2024-04-06,1230,2990555,ggraph
2024-04-07,1658,2992213,ggraph
2024-04-08,2861,2995074,ggraph
2024-04-09,3019,2998093,ggraph
2024-04-10,2835,3000928,ggraph
2024-04-11,3088,3004016,ggraph
2024-04-12,2579,3006595,ggraph
2024-04-13,1367,3007962,ggraph
2024-04-14,1514,3009476,ggraph
2024-04-15,2854,3012330,ggraph
2024-04-16,3023,3015353,ggraph
2024-04-17,2977,3018330,ggraph
2024-04-18,3470,3021800,ggraph
2024-04-19,2484,3024284,ggraph
2024-04-20,1191,3025475,ggraph
2024-04-21,1537,3027012,ggraph
2024-04-22,3072,3030084,ggraph
2024-04-23,3252,3033336,ggraph
2024-04-24,3055,3036391,ggraph
2024-04-25,2970,3039361,ggraph
2024-04-26,2520,3041881,ggraph
2024-04-27,1387,3043268,ggraph
2024-04-28,1697,3044965,ggraph
2024-04-29,2968,3047933,ggraph
2024-04-30,2788,3050721,ggraph
2024-05-01,2387,3053108,ggraph
2024-05-02,2753,3055861,ggraph
2024-05-03,2148,3058009,ggraph
2024-05-04,1489,3059498,ggraph
2024-05-05,1476,3060974,ggraph
2024-05-06,2689,3063663,ggraph
2024-05-07,2926,3066589,ggraph
2024-05-08,2883,3069472,ggraph
2024-05-09,2359,3071831,ggraph
2024-05-10,2275,3074106,ggraph
2024-05-11,1276,3075382,ggraph
2024-05-12,1051,3076433,ggraph
2024-05-13,2826,3079259,ggraph
2024-05-14,3057,3082316,ggraph
2024-05-15,2652,3084968,ggraph
2024-05-16,2508,3087476,ggraph
2024-05-17,2228,3089704,ggraph
2024-05-18,1396,3091100,ggraph
2024-05-19,1379,3092479,ggraph
2024-05-20,2532,3095011,ggraph
2024-05-21,3102,3098113,ggraph
2024-05-22,2821,3100934,ggraph
2024-05-23,2509,3103443,ggraph
2024-05-24,2245,3105688,ggraph
2024-05-25,1087,3106775,ggraph
2024-05-26,1389,3108164,ggraph
2024-05-27,2529,3110693,ggraph
2024-05-28,2714,3113407,ggraph
2024-05-29,2668,3116075,ggraph
2024-05-30,2484,3118559,ggraph
2024-05-31,2070,3120629,ggraph
2024-06-01,1187,3121816,ggraph
2024-06-02,1193,3123009,ggraph
2024-06-03,2431,3125440,ggraph
2024-06-04,2535,3127975,ggraph
2024-06-05,2523,3130498,ggraph
2024-06-06,2300,3132798,ggraph
2024-06-07,2061,3134859,ggraph
2024-06-08,1064,3135923,ggraph
2024-06-09,1200,3137123,ggraph
2024-06-10,2313,3139436,ggraph
2024-06-11,2672,3142108,ggraph
2024-06-12,2356,3144464,ggraph
2024-06-13,2341,3146805,ggraph
2024-06-14,2045,3148850,ggraph
2024-06-15,1018,3149868,ggraph
2024-06-16,1214,3151082,ggraph
2024-06-17,2312,3153394,ggraph
2024-06-18,2696,3156090,ggraph
2024-06-19,2275,3158365,ggraph
2024-06-20,2296,3160661,ggraph
2024-06-21,2074,3162735,ggraph
2024-06-22,1103,3163838,ggraph
2024-06-23,1105,3164943,ggraph
2024-06-24,2288,3167231,ggraph
2024-06-25,2298,3169529,ggraph
2024-06-26,2252,3171781,ggraph
2024-06-27,2044,3173825,ggraph
2024-06-28,1656,3175481,ggraph
2024-06-29,886,3176367,ggraph
2024-06-30,1005,3177372,ggraph
2024-07-01,1909,3179281,ggraph
2024-07-02,2334,3181615,ggraph
2024-07-03,2136,3183751,ggraph
2024-07-04,1917,3185668,ggraph
2024-07-05,1859,3187527,ggraph
2024-07-06,1083,3188610,ggraph
2024-07-07,1172,3189782,ggraph
2024-07-08,2164,3191946,ggraph
2024-07-09,2277,3194223,ggraph
2024-07-10,2248,3196471,ggraph
2024-07-11,2373,3198844,ggraph
2024-07-12,1821,3200665,ggraph
2024-07-13,964,3201629,ggraph
2024-07-14,1122,3202751,ggraph
2024-07-15,1872,3204623,ggraph
2024-07-16,2134,3206757,ggraph
2024-07-17,2178,3208935,ggraph
2024-07-18,2109,3211044,ggraph
2024-07-19,2026,3213070,ggraph
2024-07-20,1061,3214131,ggraph
2024-07-21,939,3215070,ggraph
2024-07-22,2190,3217260,ggraph
2024-07-23,1981,3219241,ggraph
2024-07-24,2145,3221386,ggraph
2024-07-25,2277,3223663,ggraph
2024-07-26,1762,3225425,ggraph
2024-07-27,928,3226353,ggraph
2024-07-28,921,3227274,ggraph
2024-07-29,1859,3229133,ggraph
2024-07-30,1996,3231129,ggraph
2024-07-31,1993,3233122,ggraph
2024-08-01,1909,3235031,ggraph
2024-08-02,1976,3237007,ggraph
2024-08-03,1079,3238086,ggraph
2024-08-04,1058,3239144,ggraph
2024-08-05,1838,3240982,ggraph
2024-08-06,2064,3243046,ggraph
2024-08-07,2006,3245052,ggraph
2024-08-08,1838,3246890,ggraph
2024-08-09,1648,3248538,ggraph
2024-08-10,1006,3249544,ggraph
2024-08-11,1016,3250560,ggraph
2024-08-12,2011,3252571,ggraph
2024-08-13,1942,3254513,ggraph
2024-08-14,1805,3256318,ggraph
2024-08-15,1716,3258034,ggraph
2024-08-16,1756,3259790,ggraph
2024-08-17,1038,3260828,ggraph
2024-08-18,942,3261770,ggraph
2024-08-19,1901,3263671,ggraph
2024-08-20,2008,3265679,ggraph
2024-08-21,2036,3267715,ggraph
2024-08-22,2018,3269733,ggraph
2024-08-23,1655,3271388,ggraph
2024-08-24,990,3272378,ggraph
2024-08-25,1024,3273402,ggraph
2024-08-26,1776,3275178,ggraph
2024-08-27,1983,3277161,ggraph
2024-08-28,1902,3279063,ggraph
2024-08-29,1885,3280948,ggraph
2024-08-30,1744,3282692,ggraph
2024-08-31,957,3283649,ggraph
2024-09-01,1081,3284730,ggraph
2024-09-02,2182,3286912,ggraph
2024-09-03,2059,3288971,ggraph
2024-09-04,1991,3290962,ggraph
2024-09-05,1968,3292930,ggraph
2024-09-06,1871,3294801,ggraph
2024-09-07,956,3295757,ggraph
2024-09-08,1112,3296869,ggraph
2024-09-09,2127,3298996,ggraph
2024-09-10,2099,3301095,ggraph
2024-09-11,2267,3303362,ggraph
2024-09-12,2067,3305429,ggraph
2024-09-13,1958,3307387,ggraph
2024-09-14,1011,3308398,ggraph
2024-09-15,977,3309375,ggraph
2024-09-16,1806,3311181,ggraph
2024-09-17,1859,3313040,ggraph
2024-09-18,2162,3315202,ggraph
2024-09-19,2107,3317309,ggraph
2024-09-20,2149,3319458,ggraph
2024-09-21,1106,3320564,ggraph
2024-09-22,1211,3321775,ggraph
2024-09-23,2254,3324029,ggraph
2024-09-24,2327,3326356,ggraph
2024-09-25,2385,3328741,ggraph
2024-09-26,2443,3331184,ggraph
2024-09-27,1982,3333166,ggraph
2024-09-28,1388,3334554,ggraph
2024-09-29,1282,3335836,ggraph
2024-09-30,1950,3337786,ggraph
2024-10-01,2182,3339968,ggraph
2024-10-02,1970,3341938,ggraph
2024-10-03,1948,3343886,ggraph
2024-10-04,1790,3345676,ggraph
2024-10-05,1232,3346908,ggraph
2024-10-06,1139,3348047,ggraph
2024-10-07,2212,3350259,ggraph
2024-10-08,2539,3352798,ggraph
2024-10-09,2571,3355369,ggraph
2024-10-10,2440,3357809,ggraph
2024-10-11,2133,3359942,ggraph
2024-10-12,1317,3361259,ggraph
2024-10-13,1236,3362495,ggraph
2024-10-14,2266,3364761,ggraph
2024-10-15,2376,3367137,ggraph
2024-10-16,2460,3369597,ggraph
2024-10-17,2627,3372224,ggraph
2024-10-18,2172,3374396,ggraph
2024-10-19,1145,3375541,ggraph
2024-10-20,1156,3376697,ggraph
2024-10-21,2346,3379043,ggraph
2024-10-22,2634,3381677,ggraph
2024-10-23,2590,3384267,ggraph
2024-10-24,2524,3386791,ggraph
2024-10-25,2137,3388928,ggraph
2024-10-26,1073,3390001,ggraph
2024-10-27,1227,3391228,ggraph
2024-10-28,2424,3393652,ggraph
2024-10-29,2567,3396219,ggraph
2024-10-30,2574,3398793,ggraph
2024-10-31,2214,3401007,ggraph
2024-11-01,1645,3402652,ggraph
2024-11-02,1053,3403705,ggraph
2024-11-03,1064,3404769,ggraph
2024-11-04,2399,3407168,ggraph
2024-11-05,2525,3409693,ggraph
2024-11-06,2263,3411956,ggraph
2024-11-07,2329,3414285,ggraph
2024-11-08,1994,3416279,ggraph
2024-11-09,1203,3417482,ggraph
2024-11-10,1155,3418637,ggraph
2024-11-11,2103,3420740,ggraph
2024-11-12,2355,3423095,ggraph
2024-11-13,2357,3425452,ggraph
2024-11-14,2214,3427666,ggraph
2024-11-15,1951,3429617,ggraph
2024-11-16,1107,3430724,ggraph
2024-11-17,1210,3431934,ggraph
2024-11-18,2308,3434242,ggraph
2024-11-19,2462,3436704,ggraph
2024-11-20,2392,3439096,ggraph
2024-11-21,2267,3441363,ggraph
2024-11-22,2056,3443419,ggraph
2024-11-23,1086,3444505,ggraph
2024-11-24,1357,3445862,ggraph
2024-11-25,2314,3448176,ggraph
2024-11-26,2373,3450549,ggraph
2024-11-27,2272,3452821,ggraph
2024-11-28,1772,3454593,ggraph
2024-11-29,1726,3456319,ggraph
2024-11-30,1093,3457412,ggraph
2024-12-01,1170,3458582,ggraph
2024-12-02,2292,3460874,ggraph
2024-12-03,2250,3463124,ggraph
2024-12-04,2289,3465413,ggraph
2024-12-05,2192,3467605,ggraph
2024-12-06,1777,3469382,ggraph
2024-12-07,1182,3470564,ggraph
2024-12-08,1043,3471607,ggraph
2024-12-09,2159,3473766,ggraph
2024-12-10,2287,3476053,ggraph
2024-12-11,1953,3478006,ggraph
2024-12-12,1880,3479886,ggraph
2024-12-13,1733,3481619,ggraph
2024-12-14,939,3482558,ggraph
2024-12-15,1074,3483632,ggraph
2024-12-16,1883,3485515,ggraph
2024-12-17,2085,3487600,ggraph
2024-12-18,1870,3489470,ggraph
2024-12-19,1799,3491269,ggraph
2024-12-20,1301,3492570,ggraph
2024-12-21,897,3493467,ggraph
2024-12-22,1039,3494506,ggraph
2024-12-23,1074,3495580,ggraph
2024-12-24,951,3496531,ggraph
2024-12-25,769,3497300,ggraph
2024-12-26,859,3498159,ggraph
2024-12-27,956,3499115,ggraph
2024-12-28,671,3499786,ggraph
2024-12-29,785,3500571,ggraph
2024-12-30,1072,3501643,ggraph
2024-12-31,920,3502563,ggraph
2025-01-01,569,3503132,ggraph
2025-01-02,1134,3504266,ggraph
2025-01-03,1063,3505329,ggraph
2025-01-04,878,3506207,ggraph
2025-01-05,720,3506927,ggraph
2025-01-06,1407,3508334,ggraph
2025-01-07,1461,3509795,ggraph
2025-01-08,1535,3511330,ggraph
2025-01-09,1494,3512824,ggraph
2025-01-10,1375,3514199,ggraph
2025-01-11,832,3515031,ggraph
2025-01-12,901,3515932,ggraph
2025-01-13,1410,3517342,ggraph
2025-01-14,1715,3519057,ggraph
2025-01-15,1565,3520622,ggraph
2025-01-16,1609,3522231,ggraph
2025-01-17,1453,3523684,ggraph
2025-01-18,926,3524610,ggraph
2025-01-19,846,3525456,ggraph
2025-01-20,1552,3527008,ggraph
2025-01-21,1624,3528632,ggraph
2025-01-22,1656,3530288,ggraph
2025-01-23,1658,3531946,ggraph
2025-01-24,1486,3533432,ggraph
2025-01-25,796,3534228,ggraph
2025-01-26,804,3535032,ggraph
2025-01-27,1363,3536395,ggraph
2025-01-28,1642,3538037,ggraph
2025-01-29,1617,3539654,ggraph
2025-01-30,1577,3541231,ggraph
2025-01-31,1543,3542774,ggraph
2025-02-01,903,3543677,ggraph
2025-02-02,969,3544646,ggraph
2025-02-03,1630,3546276,ggraph
2025-02-04,1979,3548255,ggraph
2025-02-05,2014,3550269,ggraph
2025-02-06,1844,3552113,ggraph
2025-02-07,2164,3554277,ggraph
2025-02-08,1058,3555335,ggraph
2025-02-09,1070,3556405,ggraph
2025-02-10,2078,3558483,ggraph
2025-02-11,2057,3560540,ggraph
2025-02-12,2214,3562754,ggraph
2025-02-13,2192,3564946,ggraph
2025-02-14,1839,3566785,ggraph
2025-02-15,999,3567784,ggraph
2025-02-16,1095,3568879,ggraph
2025-02-17,2040,3570919,ggraph
2025-02-18,2324,3573243,ggraph
2025-02-19,2122,3575365,ggraph
2025-02-20,1997,3577362,ggraph
2025-02-21,1748,3579110,ggraph
2025-02-22,1151,3580261,ggraph
2025-02-23,939,3581200,ggraph
2025-02-24,2160,3583360,ggraph
2025-02-25,2132,3585492,ggraph
2025-02-26,2707,3588199,ggraph
2025-02-27,2587,3590786,ggraph
2025-02-28,1842,3592628,ggraph
2025-03-01,1064,3593692,ggraph
2025-03-02,1183,3594875,ggraph
2025-03-03,1972,3596847,ggraph
2025-03-04,2218,3599065,ggraph
2025-03-05,2389,3601454,ggraph
2025-03-06,2205,3603659,ggraph
2025-03-07,1781,3605440,ggraph
2025-03-08,1201,3606641,ggraph
2025-03-09,1170,3607811,ggraph
2025-03-10,2120,3609931,ggraph
2025-03-11,2554,3612485,ggraph
2025-03-12,2249,3614734,ggraph
2025-03-13,2299,3617033,ggraph
2025-03-14,2026,3619059,ggraph
2025-03-15,1355,3620414,ggraph
2025-03-16,1029,3621443,ggraph
2025-03-17,2153,3623596,ggraph
2025-03-18,2176,3625772,ggraph
2025-03-19,2300,3628072,ggraph
2025-03-20,2337,3630409,ggraph
2025-03-21,2020,3632429,ggraph
2025-03-22,1008,3633437,ggraph
2025-03-23,955,3634392,ggraph
2025-03-24,2601,3636993,ggraph
2025-03-25,2555,3639548,ggraph
2025-03-26,2367,3641915,ggraph
2025-03-27,2308,3644223,ggraph
2025-03-28,1797,3646020,ggraph
2025-03-29,1113,3647133,ggraph
2025-03-30,1136,3648269,ggraph
2017-02-24,398,398,ggraph
2017-02-25,278,676,ggraph
2017-02-26,85,761,ggraph
2017-02-27,147,908,ggraph
2017-02-28,292,1200,ggraph
2017-03-01,98,1298,ggraph
2017-03-02,132,1430,ggraph
2017-03-03,144,1574,ggraph
2017-03-04,68,1642,ggraph
2017-03-05,47,1689,ggraph
2017-03-06,107,1796,ggraph
2017-03-07,79,1875,ggraph
2017-03-08,82,1957,ggraph
2017-03-09,66,2023,ggraph
2017-03-10,88,2111,ggraph
2017-03-11,33,2144,ggraph
2017-03-12,43,2187,ggraph
2017-03-13,67,2254,ggraph
2017-03-14,83,2337,ggraph
2017-03-15,53,2390,ggraph
2017-03-16,67,2457,ggraph
2017-03-17,95,2552,ggraph
2017-03-18,25,2577,ggraph
2017-03-19,44,2621,ggraph
2017-03-20,68,2689,ggraph
2017-03-21,95,2784,ggraph
2017-03-22,100,2884,ggraph
2017-03-23,138,3022,ggraph
2017-03-24,100,3122,ggraph
2017-03-25,53,3175,ggraph
2017-03-26,47,3222,ggraph
2017-03-27,69,3291,ggraph
2017-03-28,84,3375,ggraph
2017-03-29,106,3481,ggraph
2017-03-30,62,3543,ggraph
2017-03-31,53,3596,ggraph
2017-04-01,31,3627,ggraph
2017-04-02,33,3660,ggraph
2017-04-03,88,3748,ggraph
2017-04-04,153,3901,ggraph
2017-04-05,165,4066,ggraph
2017-04-06,121,4187,ggraph
2017-04-07,88,4275,ggraph
2017-04-08,34,4309,ggraph
2017-04-09,88,4397,ggraph
2017-04-10,66,4463,ggraph
2017-04-11,71,4534,ggraph
2017-04-12,80,4614,ggraph
2017-04-13,53,4667,ggraph
2017-04-14,40,4707,ggraph
2017-04-15,27,4734,ggraph
2017-04-16,13,4747,ggraph
2017-04-17,59,4806,ggraph
2017-04-18,56,4862,ggraph
2017-04-19,42,4904,ggraph
2017-04-20,57,4961,ggraph
2017-04-21,69,5030,ggraph
2017-04-22,53,5083,ggraph
2017-04-23,40,5123,ggraph
2017-04-24,97,5220,ggraph
2017-04-25,89,5309,ggraph
2017-04-26,83,5392,ggraph
2017-04-27,84,5476,ggraph
2017-04-28,64,5540,ggraph
2017-04-29,29,5569,ggraph
2017-04-30,28,5597,ggraph
2017-05-01,58,5655,ggraph
2017-05-02,108,5763,ggraph
2017-05-03,67,5830,ggraph
2017-05-04,62,5892,ggraph
2017-05-05,49,5941,ggraph
2017-05-06,38,5979,ggraph
2017-05-07,55,6034,ggraph
2017-05-08,52,6086,ggraph
2017-05-09,123,6209,ggraph
2017-05-10,152,6361,ggraph
2017-05-11,102,6463,ggraph
2017-05-12,54,6517,ggraph
2017-05-13,29,6546,ggraph
2017-05-14,28,6574,ggraph
2017-05-15,40,6614,ggraph
2017-05-16,82,6696,ggraph
2017-05-17,62,6758,ggraph
2017-05-18,77,6835,ggraph
2017-05-19,90,6925,ggraph
2017-05-20,39,6964,ggraph
2017-05-21,37,7001,ggraph
2017-05-22,56,7057,ggraph
2017-05-23,110,7167,ggraph
2017-05-24,65,7232,ggraph
2017-05-25,69,7301,ggraph
2017-05-26,60,7361,ggraph
2017-05-27,34,7395,ggraph
2017-05-28,34,7429,ggraph
2017-05-29,59,7488,ggraph
2017-05-30,55,7543,ggraph
2017-05-31,78,7621,ggraph
2017-06-01,71,7692,ggraph
2017-06-02,63,7755,ggraph
2017-06-03,39,7794,ggraph
2017-06-04,20,7814,ggraph
2017-06-05,114,7928,ggraph
2017-06-06,83,8011,ggraph
2017-06-07,59,8070,ggraph
2017-06-08,57,8127,ggraph
2017-06-09,50,8177,ggraph
2017-06-10,55,8232,ggraph
2017-06-11,63,8295,ggraph
2017-06-12,62,8357,ggraph
2017-06-13,69,8426,ggraph
2017-06-14,86,8512,ggraph
2017-06-15,71,8583,ggraph
2017-06-16,78,8661,ggraph
2017-06-17,15,8676,ggraph
2017-06-18,30,8706,ggraph
2017-06-19,82,8788,ggraph
2017-06-20,64,8852,ggraph
2017-06-21,62,8914,ggraph
2017-06-22,68,8982,ggraph
2017-06-23,87,9069,ggraph
2017-06-24,19,9088,ggraph
2017-06-25,33,9121,ggraph
2017-06-26,110,9231,ggraph
2017-06-27,88,9319,ggraph
2017-06-28,99,9418,ggraph
2017-06-29,69,9487,ggraph
2017-06-30,46,9533,ggraph
2017-07-01,38,9571,ggraph
2017-07-02,21,9592,ggraph
2017-07-03,43,9635,ggraph
2017-07-04,46,9681,ggraph
2017-07-05,66,9747,ggraph
2017-07-06,66,9813,ggraph
2017-07-07,102,9915,ggraph
2017-07-08,35,9950,ggraph
2017-07-09,31,9981,ggraph
2017-07-10,86,10067,ggraph
2017-07-11,61,10128,ggraph
2017-07-12,88,10216,ggraph
2017-07-13,87,10303,ggraph
2017-07-14,51,10354,ggraph
2017-07-15,33,10387,ggraph
2017-07-16,43,10430,ggraph
2017-07-17,46,10476,ggraph
2017-07-18,60,10536,ggraph
2017-07-19,65,10601,ggraph
2017-07-20,87,10688,ggraph
2017-07-21,69,10757,ggraph
2017-07-22,56,10813,ggraph
2017-07-23,29,10842,ggraph
2017-07-24,74,10916,ggraph
2017-07-25,67,10983,ggraph
2017-07-26,47,11030,ggraph
2017-07-27,84,11114,ggraph
2017-07-28,55,11169,ggraph
2017-07-29,32,11201,ggraph
2017-07-30,20,11221,ggraph
2017-07-31,50,11271,ggraph
2017-08-01,68,11339,ggraph
2017-08-02,50,11389,ggraph
2017-08-03,61,11450,ggraph
2017-08-04,65,11515,ggraph
2017-08-05,36,11551,ggraph
2017-08-06,20,11571,ggraph
2017-08-07,49,11620,ggraph
2017-08-08,42,11662,ggraph
2017-08-09,62,11724,ggraph
2017-08-10,48,11772,ggraph
2017-08-11,84,11856,ggraph
2017-08-12,28,11884,ggraph
2017-08-13,20,11904,ggraph
2017-08-14,60,11964,ggraph
2017-08-15,43,12007,ggraph
2017-08-16,53,12060,ggraph
2017-08-17,64,12124,ggraph
2017-08-18,64,12188,ggraph
2017-08-19,24,12212,ggraph
2017-08-20,26,12238,ggraph
2017-08-21,55,12293,ggraph
2017-08-22,54,12347,ggraph
2017-08-23,72,12419,ggraph
2017-08-24,54,12473,ggraph
2017-08-25,46,12519,ggraph
2017-08-26,33,12552,ggraph
2017-08-27,35,12587,ggraph
2017-08-28,162,12749,ggraph
2017-08-29,147,12896,ggraph
2017-08-30,91,12987,ggraph
2017-08-31,130,13117,ggraph
2017-09-01,82,13199,ggraph
2017-09-02,26,13225,ggraph
2017-09-03,22,13247,ggraph
2017-09-04,59,13306,ggraph
2017-09-05,118,13424,ggraph
2017-09-06,93,13517,ggraph
2017-09-07,78,13595,ggraph
2017-09-08,81,13676,ggraph
2017-09-09,40,13716,ggraph
2017-09-10,46,13762,ggraph
2017-09-11,37,13799,ggraph
2017-09-12,101,13900,ggraph
2017-09-13,88,13988,ggraph
2017-09-14,84,14072,ggraph
2017-09-15,54,14126,ggraph
2017-09-16,46,14172,ggraph
2017-09-17,49,14221,ggraph
2017-09-18,79,14300,ggraph
2017-09-19,81,14381,ggraph
2017-09-20,85,14466,ggraph
2017-09-21,102,14568,ggraph
2017-09-22,59,14627,ggraph
2017-09-23,41,14668,ggraph
2017-09-24,32,14700,ggraph
2017-09-25,86,14786,ggraph
2017-09-26,89,14875,ggraph
2017-09-27,121,14996,ggraph
2017-09-28,72,15068,ggraph
2017-09-29,74,15142,ggraph
2017-09-30,35,15177,ggraph
2017-10-01,44,15221,ggraph
2017-10-02,73,15294,ggraph
2017-10-03,147,15441,ggraph
2017-10-04,164,15605,ggraph
2017-10-05,103,15708,ggraph
2017-10-06,65,15773,ggraph
2017-10-07,82,15855,ggraph
2017-10-08,36,15891,ggraph
2017-10-09,71,15962,ggraph
2017-10-10,84,16046,ggraph
2017-10-11,73,16119,ggraph
2017-10-12,67,16186,ggraph
2017-10-13,62,16248,ggraph
2017-10-14,33,16281,ggraph
2017-10-15,42,16323,ggraph
2017-10-16,114,16437,ggraph
2017-10-17,111,16548,ggraph
2017-10-18,67,16615,ggraph
2017-10-19,70,16685,ggraph
2017-10-20,80,16765,ggraph
2017-10-21,35,16800,ggraph
2017-10-22,41,16841,ggraph
2017-10-23,69,16910,ggraph
2017-10-24,76,16986,ggraph
2017-10-25,75,17061,ggraph
2017-10-26,147,17208,ggraph
2017-10-27,89,17297,ggraph
2017-10-28,43,17340,ggraph
2017-10-29,29,17369,ggraph
2017-10-30,97,17466,ggraph
2017-10-31,101,17567,ggraph
2017-11-01,106,17673,ggraph
2017-11-02,87,17760,ggraph
2017-11-03,71,17831,ggraph
2017-11-04,39,17870,ggraph
2017-11-05,65,17935,ggraph
2017-11-06,130,18065,ggraph
2017-11-07,112,18177,ggraph
2017-11-08,159,18336,ggraph
2017-11-09,124,18460,ggraph
2017-11-10,127,18587,ggraph
2017-11-11,46,18633,ggraph
2017-11-12,47,18680,ggraph
2017-11-13,95,18775,ggraph
2017-11-14,84,18859,ggraph
2017-11-15,78,18937,ggraph
2017-11-16,83,19020,ggraph
2017-11-17,71,19091,ggraph
2017-11-18,79,19170,ggraph
2017-11-19,47,19217,ggraph
2017-11-20,62,19279,ggraph
2017-11-21,93,19372,ggraph
2017-11-22,118,19490,ggraph
2017-11-23,98,19588,ggraph
2017-11-24,86,19674,ggraph
2017-11-25,33,19707,ggraph
2017-11-26,63,19770,ggraph
2017-11-27,89,19859,ggraph
2017-11-28,149,20008,ggraph
2017-11-29,119,20127,ggraph
2017-11-30,95,20222,ggraph
2017-12-01,81,20303,ggraph
2017-12-02,74,20377,ggraph
2017-12-03,45,20422,ggraph
2017-12-04,103,20525,ggraph
2017-12-05,95,20620,ggraph
2017-12-06,71,20691,ggraph
2017-12-07,48,20739,ggraph
2017-12-08,73,20812,ggraph
2017-12-09,45,20857,ggraph
2017-12-10,53,20910,ggraph
2017-12-11,108,21018,ggraph
2017-12-12,111,21129,ggraph
2017-12-13,85,21214,ggraph
2017-12-14,85,21299,ggraph
2017-12-15,64,21363,ggraph
2017-12-16,41,21404,ggraph
2017-12-17,30,21434,ggraph
2017-12-18,75,21509,ggraph
2017-12-19,88,21597,ggraph
2017-12-20,115,21712,ggraph
2017-12-21,92,21804,ggraph
2017-12-22,68,21872,ggraph
2017-12-23,54,21926,ggraph
2017-12-24,53,21979,ggraph
2017-12-25,36,22015,ggraph
2017-12-26,65,22080,ggraph
2017-12-27,55,22135,ggraph
2017-12-28,93,22228,ggraph
2017-12-29,61,22289,ggraph
2017-12-30,41,22330,ggraph
2017-12-31,31,22361,ggraph
2018-01-01,30,22391,ggraph
2018-01-02,72,22463,ggraph
2018-01-03,75,22538,ggraph
2018-01-04,116,22654,ggraph
2018-01-05,103,22757,ggraph
2018-01-06,68,22825,ggraph
2018-01-07,61,22886,ggraph
2018-01-08,101,22987,ggraph
2018-01-09,103,23090,ggraph
2018-01-10,125,23215,ggraph
2018-01-11,93,23308,ggraph
2018-01-12,78,23386,ggraph
2018-01-13,64,23450,ggraph
2018-01-14,161,23611,ggraph
2018-01-15,91,23702,ggraph
2018-01-16,110,23812,ggraph
2018-01-17,129,23941,ggraph
2018-01-18,135,24076,ggraph
2018-01-19,113,24189,ggraph
2018-01-20,53,24242,ggraph
2018-01-21,55,24297,ggraph
2018-01-22,118,24415,ggraph
2018-01-23,106,24521,ggraph
2018-01-24,118,24639,ggraph
2018-01-25,152,24791,ggraph
2018-01-26,142,24933,ggraph
2018-01-27,108,25041,ggraph
2018-01-28,96,25137,ggraph
2018-01-29,305,25442,ggraph
2018-01-30,902,26344,ggraph
2018-01-31,309,26653,ggraph
2018-02-01,242,26895,ggraph
2018-02-02,223,27118,ggraph
2018-02-03,134,27252,ggraph
2018-02-04,123,27375,ggraph
2018-02-05,250,27625,ggraph
2018-02-06,220,27845,ggraph
2018-02-07,240,28085,ggraph
2018-02-08,217,28302,ggraph
2018-02-09,199,28501,ggraph
2018-02-10,103,28604,ggraph
2018-02-11,103,28707,ggraph
2018-02-12,225,28932,ggraph
2018-02-13,210,29142,ggraph
2018-02-14,196,29338,ggraph
2018-02-15,163,29501,ggraph
2018-02-16,179,29680,ggraph
2018-02-17,53,29733,ggraph
2018-02-18,82,29815,ggraph
2018-02-19,183,29998,ggraph
2018-02-20,154,30152,ggraph
2018-02-21,183,30335,ggraph
2018-02-22,183,30518,ggraph
2018-02-23,210,30728,ggraph
2018-02-24,112,30840,ggraph
2018-02-25,126,30966,ggraph
2018-02-26,181,31147,ggraph
2018-02-27,234,31381,ggraph
2018-02-28,177,31558,ggraph
2018-03-01,301,31859,ggraph
2018-03-02,155,32014,ggraph
2018-03-03,137,32151,ggraph
2018-03-04,127,32278,ggraph
2018-03-05,232,32510,ggraph
2018-03-06,286,32796,ggraph
2018-03-07,320,33116,ggraph
2018-03-08,194,33310,ggraph
2018-03-09,203,33513,ggraph
2018-03-10,168,33681,ggraph
2018-03-11,121,33802,ggraph
2018-03-12,185,33987,ggraph
2018-03-13,195,34182,ggraph
2018-03-14,240,34422,ggraph
2018-03-15,201,34623,ggraph
2018-03-16,174,34797,ggraph
2018-03-17,154,34951,ggraph
2018-03-18,115,35066,ggraph
2018-03-19,163,35229,ggraph
2018-03-20,314,35543,ggraph
2018-03-21,215,35758,ggraph
2018-03-22,241,35999,ggraph
2018-03-23,171,36170,ggraph
2018-03-24,115,36285,ggraph
2018-03-25,109,36394,ggraph
2018-03-26,169,36563,ggraph
2018-03-27,200,36763,ggraph
2018-03-28,216,36979,ggraph
2018-03-29,159,37138,ggraph
2018-03-30,111,37249,ggraph
2018-03-31,87,37336,ggraph
2018-04-01,52,37388,ggraph
2018-04-02,172,37560,ggraph
2018-04-03,249,37809,ggraph
2018-04-04,232,38041,ggraph
2018-04-05,177,38218,ggraph
2018-04-06,187,38405,ggraph
2018-04-07,119,38524,ggraph
2018-04-08,92,38616,ggraph
2018-04-09,224,38840,ggraph
2018-04-10,257,39097,ggraph
2018-04-11,234,39331,ggraph
2018-04-12,184,39515,ggraph
2018-04-13,165,39680,ggraph
2018-04-14,177,39857,ggraph
2018-04-15,158,40015,ggraph
2018-04-16,243,40258,ggraph
2018-04-17,274,40532,ggraph
2018-04-18,248,40780,ggraph
2018-04-19,213,40993,ggraph
2018-04-20,258,41251,ggraph
2018-04-21,86,41337,ggraph
2018-04-22,108,41445,ggraph
2018-04-23,223,41668,ggraph
2018-04-24,325,41993,ggraph
2018-04-25,355,42348,ggraph
2018-04-26,317,42665,ggraph
2018-04-27,322,42987,ggraph
2018-04-28,159,43146,ggraph
2018-04-29,127,43273,ggraph
2018-04-30,273,43546,ggraph
2018-05-01,257,43803,ggraph
2018-05-02,290,44093,ggraph
2018-05-03,369,44462,ggraph
2018-05-04,296,44758,ggraph
2018-05-05,179,44937,ggraph
2018-05-06,195,45132,ggraph
2018-05-07,330,45462,ggraph
2018-05-08,338,45800,ggraph
2018-05-09,392,46192,ggraph
2018-05-10,347,46539,ggraph
2018-05-11,270,46809,ggraph
2018-05-12,180,46989,ggraph
2018-05-13,148,47137,ggraph
2018-05-14,305,47442,ggraph
2018-05-15,298,47740,ggraph
2018-05-16,252,47992,ggraph
2018-05-17,267,48259,ggraph
2018-05-18,236,48495,ggraph
2018-05-19,118,48613,ggraph
2018-05-20,109,48722,ggraph
2018-05-21,221,48943,ggraph
2018-05-22,323,49266,ggraph
2018-05-23,362,49628,ggraph
2018-05-24,249,49877,ggraph
2018-05-25,236,50113,ggraph
2018-05-26,137,50250,ggraph
2018-05-27,119,50369,ggraph
2018-05-28,175,50544,ggraph
2018-05-29,359,50903,ggraph
2018-05-30,316,51219,ggraph
2018-05-31,275,51494,ggraph
2018-06-01,325,51819,ggraph
2018-06-02,117,51936,ggraph
2018-06-03,105,52041,ggraph
2018-06-04,271,52312,ggraph
2018-06-05,262,52574,ggraph
2018-06-06,245,52819,ggraph
2018-06-07,305,53124,ggraph
2018-06-08,232,53356,ggraph
2018-06-09,100,53456,ggraph
2018-06-10,173,53629,ggraph
2018-06-11,344,53973,ggraph
2018-06-12,273,54246,ggraph
2018-06-13,313,54559,ggraph
2018-06-14,342,54901,ggraph
2018-06-15,202,55103,ggraph
2018-06-16,110,55213,ggraph
2018-06-17,105,55318,ggraph
2018-06-18,238,55556,ggraph
2018-06-19,281,55837,ggraph
2018-06-20,377,56214,ggraph
2018-06-21,305,56519,ggraph
2018-06-22,254,56773,ggraph
2018-06-23,132,56905,ggraph
2018-06-24,119,57024,ggraph
2018-06-25,288,57312,ggraph
2018-06-26,695,58007,ggraph
2018-06-27,639,58646,ggraph
2018-06-28,315,58961,ggraph
2018-06-29,501,59462,ggraph
2018-06-30,136,59598,ggraph
2018-07-01,81,59679,ggraph
2018-07-02,230,59909,ggraph
2018-07-03,569,60478,ggraph
2018-07-04,636,61114,ggraph
2018-07-05,570,61684,ggraph
2018-07-06,265,61949,ggraph
2018-07-07,238,62187,ggraph
2018-07-08,834,63021,ggraph
2018-07-09,779,63800,ggraph
2018-07-10,760,64560,ggraph
2018-07-11,677,65237,ggraph
2018-07-12,483,65720,ggraph
2018-07-13,447,66167,ggraph
2018-07-14,217,66384,ggraph
2018-07-15,213,66597,ggraph
2018-07-16,440,67037,ggraph
2018-07-17,481,67518,ggraph
2018-07-18,466,67984,ggraph
2018-07-19,441,68425,ggraph
2018-07-20,290,68715,ggraph
2018-07-21,183,68898,ggraph
2018-07-22,239,69137,ggraph
2018-07-23,384,69521,ggraph
2018-07-24,410,69931,ggraph
2018-07-25,360,70291,ggraph
2018-07-26,389,70680,ggraph
2018-07-27,347,71027,ggraph
2018-07-28,314,71341,ggraph
2018-07-29,166,71507,ggraph
2018-07-30,423,71930,ggraph
2018-07-31,570,72500,ggraph
2018-08-01,349,72849,ggraph
2018-08-02,423,73272,ggraph
2018-08-03,297,73569,ggraph
2018-08-04,214,73783,ggraph
2018-08-05,189,73972,ggraph
2018-08-06,465,74437,ggraph
2018-08-07,397,74834,ggraph
2018-08-08,424,75258,ggraph
2018-08-09,426,75684,ggraph
2018-08-10,407,76091,ggraph
2018-08-11,178,76269,ggraph
2018-08-12,176,76445,ggraph
2018-08-13,343,76788,ggraph
2018-08-14,340,77128,ggraph
2018-08-15,343,77471,ggraph
2018-08-16,363,77834,ggraph
2018-08-17,285,78119,ggraph
2018-08-18,160,78279,ggraph
2018-08-19,129,78408,ggraph
2018-08-20,365,78773,ggraph
2018-08-21,308,79081,ggraph
2018-08-22,369,79450,ggraph
2018-08-23,359,79809,ggraph
2018-08-24,337,80146,ggraph
2018-08-25,174,80320,ggraph
2018-08-26,165,80485,ggraph
2018-08-27,308,80793,ggraph
2018-08-28,387,81180,ggraph
2018-08-29,380,81560,ggraph
2018-08-30,385,81945,ggraph
2018-08-31,282,82227,ggraph
2018-09-01,116,82343,ggraph
2018-09-02,168,82511,ggraph
2018-09-03,290,82801,ggraph
2018-09-04,356,83157,ggraph
2018-09-05,308,83465,ggraph
2018-09-06,384,83849,ggraph
2018-09-07,306,84155,ggraph
2018-09-08,167,84322,ggraph
2018-09-09,143,84465,ggraph
2018-09-10,384,84849,ggraph
2018-09-11,364,85213,ggraph
2018-09-12,450,85663,ggraph
2018-09-13,532,86195,ggraph
2018-09-14,400,86595,ggraph
2018-09-15,212,86807,ggraph
2018-09-16,241,87048,ggraph
2018-09-17,593,87641,ggraph
2018-09-18,474,88115,ggraph
2018-09-19,443,88558,ggraph
2018-09-20,563,89121,ggraph
2018-09-21,404,89525,ggraph
2018-09-22,205,89730,ggraph
2018-09-23,206,89936,ggraph
2018-09-24,410,90346,ggraph
2018-09-25,453,90799,ggraph
2018-09-26,657,91456,ggraph
2018-09-27,688,92144,ggraph
2018-09-28,395,92539,ggraph
2018-09-29,257,92796,ggraph
2018-09-30,275,93071,ggraph
2018-10-01,434,93505,ggraph
2018-10-02,504,94009,ggraph
2018-10-03,438,94447,ggraph
2018-10-04,448,94895,ggraph
2018-10-05,416,95311,ggraph
2018-10-06,267,95578,ggraph
2018-10-07,202,95780,ggraph
2018-10-08,447,96227,ggraph
2018-10-09,489,96716,ggraph
2018-10-10,596,97312,ggraph
2018-10-11,477,97789,ggraph
2018-10-12,470,98259,ggraph
2018-10-13,266,98525,ggraph
2018-10-14,280,98805,ggraph
2018-10-15,519,99324,ggraph
2018-10-16,580,99904,ggraph
2018-10-17,542,100446,ggraph
2018-10-18,494,100940,ggraph
2018-10-19,540,101480,ggraph
2018-10-20,271,101751,ggraph
2018-10-21,320,102071,ggraph
2018-10-22,525,102596,ggraph
2018-10-23,498,103094,ggraph
2018-10-24,589,103683,ggraph
2018-10-25,520,104203,ggraph
2018-10-26,530,104733,ggraph
2018-10-27,289,105022,ggraph
2018-10-28,235,105257,ggraph
2018-10-29,515,105772,ggraph
2018-10-30,561,106333,ggraph
2018-10-31,552,106885,ggraph
2018-11-01,503,107388,ggraph
2018-11-02,507,107895,ggraph
2018-11-03,402,108297,ggraph
2018-11-04,275,108572,ggraph
2018-11-05,583,109155,ggraph
2018-11-06,685,109840,ggraph
2018-11-07,579,110419,ggraph
2018-11-08,689,111108,ggraph
2018-11-09,538,111646,ggraph
2018-11-10,311,111957,ggraph
2018-11-11,352,112309,ggraph
2018-11-12,663,112972,ggraph
2018-11-13,641,113613,ggraph
2018-11-14,711,114324,ggraph
2018-11-15,630,114954,ggraph
2018-11-16,599,115553,ggraph
2018-11-17,332,115885,ggraph
2018-11-18,313,116198,ggraph
2018-11-19,645,116843,ggraph
2018-11-20,560,117403,ggraph
2018-11-21,611,118014,ggraph
2018-11-22,524,118538,ggraph
2018-11-23,434,118972,ggraph
2018-11-24,360,119332,ggraph
2018-11-25,359,119691,ggraph
2018-11-26,596,120287,ggraph
2018-11-27,660,120947,ggraph
2018-11-28,675,121622,ggraph
2018-11-29,621,122243,ggraph
2018-11-30,623,122866,ggraph
2018-12-01,314,123180,ggraph
2018-12-02,317,123497,ggraph
2018-12-03,605,124102,ggraph
2018-12-04,749,124851,ggraph
2018-12-05,683,125534,ggraph
2018-12-06,694,126228,ggraph
2018-12-07,637,126865,ggraph
2018-12-08,369,127234,ggraph
2018-12-09,345,127579,ggraph
2018-12-10,573,128152,ggraph
2018-12-11,542,128694,ggraph
2018-12-12,548,129242,ggraph
2018-12-13,563,129805,ggraph
2018-12-14,536,130341,ggraph
2018-12-15,316,130657,ggraph
2018-12-16,315,130972,ggraph
2018-12-17,515,131487,ggraph
2018-12-18,564,132051,ggraph
2018-12-19,578,132629,ggraph
2018-12-20,552,133181,ggraph
2018-12-21,501,133682,ggraph
2018-12-22,311,133993,ggraph
2018-12-23,360,134353,ggraph
2018-12-24,363,134716,ggraph
2018-12-25,295,135011,ggraph
2018-12-26,373,135384,ggraph
2018-12-27,373,135757,ggraph
2018-12-28,401,136158,ggraph
2018-12-29,335,136493,ggraph
2018-12-30,305,136798,ggraph
2018-12-31,294,137092,ggraph
2019-01-01,297,137389,ggraph
2019-01-02,539,137928,ggraph
2019-01-03,594,138522,ggraph
2019-01-04,539,139061,ggraph
2019-01-05,397,139458,ggraph
2019-01-06,400,139858,ggraph
2019-01-07,729,140587,ggraph
2019-01-08,676,141263,ggraph
2019-01-09,731,141994,ggraph
2019-01-10,659,142653,ggraph
2019-01-11,566,143219,ggraph
2019-01-12,394,143613,ggraph
2019-01-13,450,144063,ggraph
2019-01-14,685,144748,ggraph
2019-01-15,797,145545,ggraph
2019-01-16,679,146224,ggraph
2019-01-17,880,147104,ggraph
2019-01-18,721,147825,ggraph
2019-01-19,513,148338,ggraph
2019-01-20,499,148837,ggraph
2019-01-21,689,149526,ggraph
2019-01-22,789,150315,ggraph
2019-01-23,901,151216,ggraph
2019-01-24,908,152124,ggraph
2019-01-25,834,152958,ggraph
2019-01-26,558,153516,ggraph
2019-01-27,703,154219,ggraph
2019-01-28,986,155205,ggraph
2019-01-29,939,156144,ggraph
2019-01-30,899,157043,ggraph
2019-01-31,948,157991,ggraph
2019-02-01,884,158875,ggraph
2019-02-02,633,159508,ggraph
2019-02-03,713,160221,ggraph
2019-02-04,828,161049,ggraph
2019-02-05,800,161849,ggraph
2019-02-06,830,162679,ggraph
2019-02-07,942,163621,ggraph
2019-02-08,771,164392,ggraph
2019-02-09,571,164963,ggraph
2019-02-10,691,165654,ggraph
2019-02-11,889,166543,ggraph
2019-02-12,971,167514,ggraph
2019-02-13,909,168423,ggraph
2019-02-14,961,169384,ggraph
2019-02-15,843,170227,ggraph
2019-02-16,687,170914,ggraph
2019-02-17,595,171509,ggraph
2019-02-18,832,172341,ggraph
2019-02-19,951,173292,ggraph
2019-02-20,923,174215,ggraph
2019-02-21,997,175212,ggraph
2019-02-22,827,176039,ggraph
2019-02-23,502,176541,ggraph
2019-02-24,503,177044,ggraph
2019-02-25,818,177862,ggraph
2019-02-26,793,178655,ggraph
2019-02-27,725,179380,ggraph
2019-02-28,742,180122,ggraph
2019-03-01,626,180748,ggraph
2019-03-02,363,181111,ggraph
2019-03-03,355,181466,ggraph
2019-03-04,556,182022,ggraph
2019-03-05,649,182671,ggraph
2019-03-06,781,183452,ggraph
2019-03-07,744,184196,ggraph
2019-03-08,578,184774,ggraph
2019-03-09,229,185003,ggraph
2019-03-10,251,185254,ggraph
2019-03-11,466,185720,ggraph
2019-03-12,560,186280,ggraph
2019-03-13,554,186834,ggraph
2019-03-14,546,187380,ggraph
2019-03-15,486,187866,ggraph
2019-03-16,251,188117,ggraph
2019-03-17,232,188349,ggraph
2019-03-18,522,188871,ggraph
2019-03-19,619,189490,ggraph
2019-03-20,495,189985,ggraph
2019-03-21,515,190500,ggraph
2019-03-22,512,191012,ggraph
2019-03-23,296,191308,ggraph
2019-03-24,253,191561,ggraph
2019-03-25,557,192118,ggraph
2019-03-26,614,192732,ggraph
2019-03-27,543,193275,ggraph
2019-03-28,594,193869,ggraph
2019-03-29,555,194424,ggraph
2019-03-30,236,194660,ggraph
2019-03-31,272,194932,ggraph
2019-04-01,490,195422,ggraph
2019-04-02,621,196043,ggraph
2019-04-03,552,196595,ggraph
2019-04-04,550,197145,ggraph
2019-04-05,504,197649,ggraph
2019-04-06,276,197925,ggraph
2019-04-07,277,198202,ggraph
2019-04-08,527,198729,ggraph
2019-04-09,550,199279,ggraph
2019-04-10,548,199827,ggraph
2019-04-11,598,200425,ggraph
2019-04-12,472,200897,ggraph
2019-04-13,243,201140,ggraph
2019-04-14,293,201433,ggraph
2019-04-15,584,202017,ggraph
2019-04-16,567,202584,ggraph
2019-04-17,521,203105,ggraph
2019-04-18,487,203592,ggraph
2019-04-19,435,204027,ggraph
2019-04-20,264,204291,ggraph
2019-04-21,288,204579,ggraph
2019-04-22,506,205085,ggraph
2019-04-23,513,205598,ggraph
2019-04-24,524,206122,ggraph
2019-04-25,627,206749,ggraph
2019-04-26,668,207417,ggraph
2019-04-27,357,207774,ggraph
2019-04-28,341,208115,ggraph
2019-04-29,734,208849,ggraph
2019-04-30,710,209559,ggraph
2019-05-01,604,210163,ggraph
2019-05-02,803,210966,ggraph
2019-05-03,649,211615,ggraph
2019-05-04,349,211964,ggraph
2019-05-05,386,212350,ggraph
2019-05-06,813,213163,ggraph
2019-05-07,703,213866,ggraph
2019-05-08,772,214638,ggraph
2019-05-09,749,215387,ggraph
2019-05-10,633,216020,ggraph
2019-05-11,296,216316,ggraph
2019-05-12,360,216676,ggraph
2019-05-13,674,217350,ggraph
2019-05-14,719,218069,ggraph
2019-05-15,750,218819,ggraph
2019-05-16,726,219545,ggraph
2019-05-17,600,220145,ggraph
2019-05-18,332,220477,ggraph
2019-05-19,329,220806,ggraph
2019-05-20,582,221388,ggraph
2019-05-21,620,222008,ggraph
2019-05-22,600,222608,ggraph
2019-05-23,599,223207,ggraph
2019-05-24,538,223745,ggraph
2019-05-25,306,224051,ggraph
2019-05-26,240,224291,ggraph
2019-05-27,469,224760,ggraph
2019-05-28,602,225362,ggraph
2019-05-29,609,225971,ggraph
2019-05-30,559,226530,ggraph
2019-05-31,526,227056,ggraph
2019-06-01,280,227336,ggraph
2019-06-02,255,227591,ggraph
2019-06-03,527,228118,ggraph
2019-06-04,699,228817,ggraph
2019-06-05,564,229381,ggraph
2019-06-06,538,229919,ggraph
2019-06-07,526,230445,ggraph
2019-06-08,277,230722,ggraph
2019-06-09,256,230978,ggraph
2019-06-10,486,231464,ggraph
2019-06-11,622,232086,ggraph
2019-06-12,560,232646,ggraph
2019-06-13,586,233232,ggraph
2019-06-14,507,233739,ggraph
2019-06-15,260,233999,ggraph
2019-06-16,288,234287,ggraph
2019-06-17,587,234874,ggraph
2019-06-18,638,235512,ggraph
2019-06-19,691,236203,ggraph
2019-06-20,608,236811,ggraph
2019-06-21,497,237308,ggraph
2019-06-22,271,237579,ggraph
2019-06-23,296,237875,ggraph
2019-06-24,662,238537,ggraph
2019-06-25,663,239200,ggraph
2019-06-26,561,239761,ggraph
2019-06-27,595,240356,ggraph
2019-06-28,531,240887,ggraph
2019-06-29,217,241104,ggraph
2019-06-30,238,241342,ggraph
2019-07-01,534,241876,ggraph
2019-07-02,546,242422,ggraph
2019-07-03,714,243136,ggraph
2019-07-04,659,243795,ggraph
2019-07-05,515,244310,ggraph
2019-07-06,283,244593,ggraph
2019-07-07,268,244861,ggraph
2019-07-08,670,245531,ggraph
2019-07-09,625,246156,ggraph
2019-07-10,628,246784,ggraph
2019-07-11,635,247419,ggraph
2019-07-12,592,248011,ggraph
2019-07-13,289,248300,ggraph
2019-07-14,241,248541,ggraph
2019-07-15,552,249093,ggraph
2019-07-16,654,249747,ggraph
2019-07-17,795,250542,ggraph
2019-07-18,665,251207,ggraph
2019-07-19,820,252027,ggraph
2019-07-20,277,252304,ggraph
2019-07-21,284,252588,ggraph
2019-07-22,596,253184,ggraph
2019-07-23,614,253798,ggraph
2019-07-24,687,254485,ggraph
2019-07-25,658,255143,ggraph
2019-07-26,540,255683,ggraph
2019-07-27,391,256074,ggraph
2019-07-28,300,256374,ggraph
2019-07-29,628,257002,ggraph
2019-07-30,675,257677,ggraph
2019-07-31,743,258420,ggraph
2019-08-01,538,258958,ggraph
2019-08-02,548,259506,ggraph
2019-08-03,243,259749,ggraph
2019-08-04,210,259959,ggraph
2019-08-05,612,260571,ggraph
2019-08-06,663,261234,ggraph
2019-08-07,601,261835,ggraph
2019-08-08,636,262471,ggraph
2019-08-09,517,262988,ggraph
2019-08-10,196,263184,ggraph
2019-08-11,226,263410,ggraph
2019-08-12,530,263940,ggraph
2019-08-13,539,264479,ggraph
2019-08-14,567,265046,ggraph
2019-08-15,492,265538,ggraph
2019-08-16,485,266023,ggraph
2019-08-17,332,266355,ggraph
2019-08-18,253,266608,ggraph
2019-08-19,534,267142,ggraph
2019-08-20,621,267763,ggraph
2019-08-21,560,268323,ggraph
2019-08-22,610,268933,ggraph
2019-08-23,456,269389,ggraph
2019-08-24,265,269654,ggraph
2019-08-25,194,269848,ggraph
2019-08-26,464,270312,ggraph
2019-08-27,697,271009,ggraph
2019-08-28,610,271619,ggraph
2019-08-29,599,272218,ggraph
2019-08-30,491,272709,ggraph
2019-08-31,290,272999,ggraph
2019-09-01,214,273213,ggraph
2019-09-02,794,274007,ggraph
2019-09-03,2109,276116,ggraph
2019-09-04,1762,277878,ggraph
2019-09-05,1502,279380,ggraph
2019-09-06,1174,280554,ggraph
2019-09-07,496,281050,ggraph
2019-09-08,516,281566,ggraph
2019-09-09,1151,282717,ggraph
2019-09-10,1123,283840,ggraph
2019-09-11,1108,284948,ggraph
2019-09-12,923,285871,ggraph
2019-09-13,708,286579,ggraph
2019-09-14,437,287016,ggraph
2019-09-15,434,287450,ggraph
2019-09-16,1018,288468,ggraph
2019-09-17,1069,289537,ggraph
2019-09-18,1035,290572,ggraph
2019-09-19,925,291497,ggraph
2019-09-20,835,292332,ggraph
2019-09-21,444,292776,ggraph
2019-09-22,444,293220,ggraph
2019-09-23,920,294140,ggraph
2019-09-24,1038,295178,ggraph
2019-09-25,1061,296239,ggraph
2019-09-26,1022,297261,ggraph
2019-09-27,768,298029,ggraph
2019-09-28,433,298462,ggraph
2019-09-29,469,298931,ggraph
2019-09-30,929,299860,ggraph
2019-10-01,833,300693,ggraph
2019-10-02,819,301512,ggraph
2019-10-03,762,302274,ggraph
2019-10-04,817,303091,ggraph
2019-10-05,361,303452,ggraph
2019-10-06,350,303802,ggraph
2019-10-07,856,304658,ggraph
2019-10-08,1116,305774,ggraph
2019-10-09,962,306736,ggraph
2019-10-10,913,307649,ggraph
2019-10-11,830,308479,ggraph
2019-10-12,434,308913,ggraph
2019-10-13,371,309284,ggraph
2019-10-14,816,310100,ggraph
2019-10-15,1009,311109,ggraph
2019-10-16,771,311880,ggraph
2019-10-17,829,312709,ggraph
2019-10-18,793,313502,ggraph
2019-10-19,387,313889,ggraph
2019-10-20,391,314280,ggraph
2019-10-21,948,315228,ggraph
2019-10-22,986,316214,ggraph
2019-10-23,908,317122,ggraph
2019-10-24,886,318008,ggraph
2019-10-25,713,318721,ggraph
2019-10-26,417,319138,ggraph
2019-10-27,405,319543,ggraph
2019-10-28,940,320483,ggraph
2019-10-29,967,321450,ggraph
2019-10-30,1025,322475,ggraph
2019-10-31,819,323294,ggraph
2019-11-01,774,324068,ggraph
2019-11-02,509,324577,ggraph
2019-11-03,434,325011,ggraph
2019-11-04,941,325952,ggraph
2019-11-05,968,326920,ggraph
2019-11-06,926,327846,ggraph
2019-11-07,907,328753,ggraph
2019-11-08,905,329658,ggraph
2019-11-09,450,330108,ggraph
2019-11-10,413,330521,ggraph
2019-11-11,789,331310,ggraph
2019-11-12,902,332212,ggraph
2019-11-13,1016,333228,ggraph
2019-11-14,1093,334321,ggraph
2019-11-15,1069,335390,ggraph
2019-11-16,829,336219,ggraph
2019-11-17,790,337009,ggraph
2019-11-18,1653,338662,ggraph
2019-11-19,1759,340421,ggraph
2019-11-20,1700,342121,ggraph
2019-11-21,1691,343812,ggraph
2019-11-22,1332,345144,ggraph
2019-11-23,690,345834,ggraph
2019-11-24,687,346521,ggraph
2019-11-25,1515,348036,ggraph
2019-11-26,1680,349716,ggraph
2019-11-27,1508,351224,ggraph
2019-11-28,1063,352287,ggraph
2019-11-29,1031,353318,ggraph
2019-11-30,658,353976,ggraph
2019-12-01,668,354644,ggraph
2019-12-02,1952,356596,ggraph
2019-12-03,1993,358589,ggraph
2019-12-04,1782,360371,ggraph
2019-12-05,1719,362090,ggraph
2019-12-06,1699,363789,ggraph
2019-12-07,654,364443,ggraph
2019-12-08,804,365247,ggraph
2019-12-09,1727,366974,ggraph
2019-12-10,1948,368922,ggraph
2019-12-11,1782,370704,ggraph
2019-12-12,1534,372238,ggraph
2019-12-13,1244,373482,ggraph
2019-12-14,740,374222,ggraph
2019-12-15,641,374863,ggraph
2019-12-16,1333,376196,ggraph
2019-12-17,1457,377653,ggraph
2019-12-18,1501,379154,ggraph
2019-12-19,1297,380451,ggraph
2019-12-20,967,381418,ggraph
2019-12-21,496,381914,ggraph
2019-12-22,531,382445,ggraph
2019-12-23,663,383108,ggraph
2019-12-24,536,383644,ggraph
2019-12-25,470,384114,ggraph
2019-12-26,650,384764,ggraph
2019-12-27,508,385272,ggraph
2019-12-28,417,385689,ggraph
2019-12-29,430,386119,ggraph
2019-12-30,765,386884,ggraph
2019-12-31,538,387422,ggraph
2020-01-01,363,387785,ggraph
2020-01-02,1067,388852,ggraph
2020-01-03,1479,390331,ggraph
2020-01-04,812,391143,ggraph
2020-01-05,625,391768,ggraph
2020-01-06,1217,392985,ggraph
2020-01-07,1735,394720,ggraph
2020-01-08,1402,396122,ggraph
2020-01-09,1387,397509,ggraph
2020-01-10,1250,398759,ggraph
2020-01-11,689,399448,ggraph
2020-01-12,629,400077,ggraph
2020-01-13,1305,401382,ggraph
2020-01-14,1756,403138,ggraph
2020-01-15,1508,404646,ggraph
2020-01-16,1322,405968,ggraph
2020-01-17,1079,407047,ggraph
2020-01-18,615,407662,ggraph
2020-01-19,536,408198,ggraph
2020-01-20,1323,409521,ggraph
2020-01-21,1750,411271,ggraph
2020-01-22,1462,412733,ggraph
2020-01-23,1280,414013,ggraph
2020-01-24,1057,415070,ggraph
2020-01-25,505,415575,ggraph
2020-01-26,491,416066,ggraph
2020-01-27,1077,417143,ggraph
2020-01-28,1439,418582,ggraph
2020-01-29,1241,419823,ggraph
2020-01-30,1287,421110,ggraph
2020-01-31,954,422064,ggraph
2020-02-01,556,422620,ggraph
2020-02-02,599,423219,ggraph
2020-02-03,1190,424409,ggraph
2020-02-04,1339,425748,ggraph
2020-02-05,1568,427316,ggraph
2020-02-06,1409,428725,ggraph
2020-02-07,2229,430954,ggraph
2020-02-08,1660,432614,ggraph
2020-02-09,1563,434177,ggraph
2020-02-10,3241,437418,ggraph
2020-02-11,2513,439931,ggraph
2020-02-12,2404,442335,ggraph
2020-02-13,2217,444552,ggraph
2020-02-14,2222,446774,ggraph
2020-02-15,957,447731,ggraph
2020-02-16,1015,448746,ggraph
2020-02-17,1978,450724,ggraph
2020-02-18,2264,452988,ggraph
2020-02-19,2253,455241,ggraph
2020-02-20,2224,457465,ggraph
2020-02-21,2272,459737,ggraph
2020-02-22,1551,461288,ggraph
2020-02-23,1491,462779,ggraph
2020-02-24,2349,465128,ggraph
2020-02-25,2223,467351,ggraph
2020-02-26,2183,469534,ggraph
2020-02-27,2076,471610,ggraph
2020-02-28,1978,473588,ggraph
2020-02-29,300,473888,ggraph
2020-03-01,1309,475197,ggraph
2020-03-02,2335,477532,ggraph
2020-03-03,2117,479649,ggraph
2020-03-04,2188,481837,ggraph
2020-03-05,2135,483972,ggraph
2020-03-06,2137,486109,ggraph
2020-03-07,1446,487555,ggraph
2020-03-08,1280,488835,ggraph
2020-03-09,2170,491005,ggraph
2020-03-10,2230,493235,ggraph
2020-03-11,1974,495209,ggraph
2020-03-12,2275,497484,ggraph
2020-03-13,1826,499310,ggraph
2020-03-14,1258,500568,ggraph
2020-03-15,1289,501857,ggraph
2020-03-16,1995,503852,ggraph
2020-03-17,2172,506024,ggraph
2020-03-18,4018,510042,ggraph
2020-03-19,3419,513461,ggraph
2020-03-20,2943,516404,ggraph
2020-03-21,2160,518564,ggraph
2020-03-22,1972,520536,ggraph
2020-03-23,3150,523686,ggraph
2020-03-24,2855,526541,ggraph
2020-03-25,2497,529038,ggraph
2020-03-26,2776,531814,ggraph
2020-03-27,2275,534089,ggraph
2020-03-28,1741,535830,ggraph
2020-03-29,1737,537567,ggraph
2020-03-30,2755,540322,ggraph
2020-03-31,2474,542796,ggraph
2020-04-01,2585,545381,ggraph
2020-04-02,2685,548066,ggraph
2020-04-03,2196,550262,ggraph
2020-04-04,1564,551826,ggraph
2020-04-05,1277,553103,ggraph
2020-04-06,2584,555687,ggraph
2020-04-07,2370,558057,ggraph
2020-04-08,2503,560560,ggraph
2020-04-09,2267,562827,ggraph
2020-04-10,2269,565096,ggraph
2020-04-11,1770,566866,ggraph
2020-04-12,1564,568430,ggraph
2020-04-13,2177,570607,ggraph
2020-04-14,2341,572948,ggraph
2020-04-15,2119,575067,ggraph
2020-04-16,2066,577133,ggraph
2020-04-17,1981,579114,ggraph
2020-04-18,1343,580457,ggraph
2020-04-19,1378,581835,ggraph
2020-04-20,1754,583589,ggraph
2020-04-21,1996,585585,ggraph
2020-04-22,2208,587793,ggraph
2020-04-23,1937,589730,ggraph
2020-04-24,2079,591809,ggraph
2020-04-25,1457,593266,ggraph
2020-04-26,1421,594687,ggraph
2020-04-27,2563,597250,ggraph
2020-04-28,2951,600201,ggraph
2020-04-29,2545,602746,ggraph
2020-04-30,2277,605023,ggraph
2020-05-01,1808,606831,ggraph
2020-05-02,1618,608449,ggraph
2020-05-03,1743,610192,ggraph
2020-05-04,2559,612751,ggraph
2020-05-05,2694,615445,ggraph
2020-05-06,2658,618103,ggraph
2020-05-07,2199,620302,ggraph
2020-05-08,1694,621996,ggraph
2020-05-09,1800,623796,ggraph
2020-05-10,1452,625248,ggraph
2020-05-11,2544,627792,ggraph
2020-05-12,2522,630314,ggraph
2020-05-13,2534,632848,ggraph
2020-05-14,1934,634782,ggraph
2020-05-15,1712,636494,ggraph
2020-05-16,1156,637650,ggraph
2020-05-17,1123,638773,ggraph
2020-05-18,1849,640622,ggraph
2020-05-19,1679,642301,ggraph
2020-05-20,1730,644031,ggraph
2020-05-21,3555,647586,ggraph
2020-05-22,3152,650738,ggraph
2020-05-23,1877,652615,ggraph
2020-05-24,1869,654484,ggraph
2020-05-25,2465,656949,ggraph
2020-05-26,2794,659743,ggraph
2020-05-27,2480,662223,ggraph
2020-05-28,2347,664570,ggraph
2020-05-29,2193,666763,ggraph
2020-05-30,1146,667909,ggraph
2020-05-31,1214,669123,ggraph
2020-06-01,1948,671071,ggraph
2020-06-02,2265,673336,ggraph
2020-06-03,2118,675454,ggraph
2020-06-04,1787,677241,ggraph
2020-06-05,1693,678934,ggraph
2020-06-06,1072,680006,ggraph
2020-06-07,1082,681088,ggraph
2020-06-08,1857,682945,ggraph
2020-06-09,2039,684984,ggraph
2020-06-10,1871,686855,ggraph
2020-06-11,1680,688535,ggraph
2020-06-12,1509,690044,ggraph
2020-06-13,866,690910,ggraph
2020-06-14,988,691898,ggraph
2020-06-15,1776,693674,ggraph
2020-06-16,1753,695427,ggraph
2020-06-17,1650,697077,ggraph
2020-06-18,1653,698730,ggraph
2020-06-19,1552,700282,ggraph
2020-06-20,860,701142,ggraph
2020-06-21,828,701970,ggraph
2020-06-22,1504,703474,ggraph
2020-06-23,1576,705050,ggraph
2020-06-24,1446,706496,ggraph
2020-06-25,1476,707972,ggraph
2020-06-26,1273,709245,ggraph
2020-06-27,743,709988,ggraph
2020-06-28,854,710842,ggraph
2020-06-29,1507,712349,ggraph
2020-06-30,1535,713884,ggraph
2020-07-01,1510,715394,ggraph
2020-07-02,1332,716726,ggraph
2020-07-03,1117,717843,ggraph
2020-07-04,667,718510,ggraph
2020-07-05,759,719269,ggraph
2020-07-06,1405,720674,ggraph
2020-07-07,1429,722103,ggraph
2020-07-08,1425,723528,ggraph
2020-07-09,1414,724942,ggraph
2020-07-10,1306,726248,ggraph
2020-07-11,718,726966,ggraph
2020-07-12,658,727624,ggraph
2020-07-13,1332,728956,ggraph
2020-07-14,1434,730390,ggraph
2020-07-15,1381,731771,ggraph
2020-07-16,1551,733322,ggraph
2020-07-17,1442,734764,ggraph
2020-07-18,713,735477,ggraph
2020-07-19,723,736200,ggraph
2020-07-20,1644,737844,ggraph
2020-07-21,1613,739457,ggraph
2020-07-22,1560,741017,ggraph
2020-07-23,1449,742466,ggraph
2020-07-24,1273,743739,ggraph
2020-07-25,654,744393,ggraph
2020-07-26,825,745218,ggraph
2020-07-27,1409,746627,ggraph
2020-07-28,1462,748089,ggraph
2020-07-29,1614,749703,ggraph
2020-07-30,1389,751092,ggraph
2020-07-31,1072,752164,ggraph
2020-08-01,648,752812,ggraph
2020-08-02,781,753593,ggraph
2020-08-03,1383,754976,ggraph
2020-08-04,1439,756415,ggraph
2020-08-05,1542,757957,ggraph
2020-08-06,1472,759429,ggraph
2020-08-07,1297,760726,ggraph
2020-08-08,804,761530,ggraph
2020-08-09,833,762363,ggraph
2020-08-10,1454,763817,ggraph
2020-08-11,1434,765251,ggraph
2020-08-12,1317,766568,ggraph
2020-08-13,1232,767800,ggraph
2020-08-14,1186,768986,ggraph
2020-08-15,812,769798,ggraph
2020-08-16,812,770610,ggraph
2020-08-17,1364,771974,ggraph
2020-08-18,1543,773517,ggraph
2020-08-19,1539,775056,ggraph
2020-08-20,1273,776329,ggraph
2020-08-21,1247,777576,ggraph
2020-08-22,651,778227,ggraph
2020-08-23,757,778984,ggraph
2020-08-24,1486,780470,ggraph
2020-08-25,1541,782011,ggraph
2020-08-26,1605,783616,ggraph
2020-08-27,1701,785317,ggraph
2020-08-28,1335,786652,ggraph
2020-08-29,683,787335,ggraph
2020-08-30,817,788152,ggraph
2020-08-31,1395,789547,ggraph
2020-09-01,1510,791057,ggraph
2020-09-02,1463,792520,ggraph
2020-09-03,1802,794322,ggraph
2020-09-04,1417,795739,ggraph
2020-09-05,671,796410,ggraph
2020-09-06,868,797278,ggraph
2020-09-07,1191,798469,ggraph
2020-09-08,1393,799862,ggraph
2020-09-09,1492,801354,ggraph
2020-09-10,1391,802745,ggraph
2020-09-11,1414,804159,ggraph
2020-09-12,767,804926,ggraph
2020-09-13,863,805789,ggraph
2020-09-14,1581,807370,ggraph
2020-09-15,1641,809011,ggraph
2020-09-16,1584,810595,ggraph
2020-09-17,1570,812165,ggraph
2020-09-18,1554,813719,ggraph
2020-09-19,733,814452,ggraph
2020-09-20,764,815216,ggraph
2020-09-21,1502,816718,ggraph
2020-09-22,1588,818306,ggraph
2020-09-23,1621,819927,ggraph
2020-09-24,1468,821395,ggraph
2020-09-25,1360,822755,ggraph
2020-09-26,770,823525,ggraph
2020-09-27,799,824324,ggraph
2020-09-28,1458,825782,ggraph
2020-09-29,1453,827235,ggraph
2020-09-30,1413,828648,ggraph
2020-10-01,1327,829975,ggraph
2020-10-02,1069,831044,ggraph
2020-10-03,678,831722,ggraph
2020-10-04,757,832479,ggraph
2020-10-05,1409,833888,ggraph
2020-10-06,1591,835479,ggraph
2020-10-07,1431,836910,ggraph
2020-10-08,1437,838347,ggraph
2020-10-09,1283,839630,ggraph
2020-10-10,741,840371,ggraph
2020-10-11,746,841117,ggraph
2020-10-12,1558,842675,ggraph
2020-10-13,1625,844300,ggraph
2020-10-14,1493,845793,ggraph
2020-10-15,1398,847191,ggraph
2020-10-16,1195,848386,ggraph
2020-10-17,649,849035,ggraph
2020-10-18,697,849732,ggraph
2020-10-19,1548,851280,ggraph
2020-10-20,1605,852885,ggraph
2020-10-21,1491,854376,ggraph
2020-10-22,1422,855798,ggraph
2020-10-23,1242,857040,ggraph
2020-10-24,739,857779,ggraph
2020-10-25,795,858574,ggraph
2020-10-26,1501,860075,ggraph
2020-10-27,1470,861545,ggraph
2020-10-28,1335,862880,ggraph
2020-10-29,1414,864294,ggraph
2020-10-30,1146,865440,ggraph
2020-10-31,676,866116,ggraph
2020-11-01,760,866876,ggraph
2020-11-02,1310,868186,ggraph
2020-11-03,1555,869741,ggraph
2020-11-04,1406,871147,ggraph
2020-11-05,1533,872680,ggraph
2020-11-06,1174,873854,ggraph
2020-11-07,842,874696,ggraph
2020-11-08,858,875554,ggraph
2020-11-09,1565,877119,ggraph
2020-11-10,1462,878581,ggraph
2020-11-11,1440,880021,ggraph
2020-11-12,1538,881559,ggraph
2020-11-13,1235,882794,ggraph
2020-11-14,814,883608,ggraph
2020-11-15,854,884462,ggraph
2020-11-16,3299,887761,ggraph
2020-11-17,3866,891627,ggraph
2020-11-18,3381,895008,ggraph
2020-11-19,2917,897925,ggraph
2020-11-20,2265,900190,ggraph
2020-11-21,1262,901452,ggraph
2020-11-22,1298,902750,ggraph
2020-11-23,2392,905142,ggraph
2020-11-24,2419,907561,ggraph
2020-11-25,1827,909388,ggraph
2020-11-26,1615,911003,ggraph
2020-11-27,1669,912672,ggraph
2020-11-28,1030,913702,ggraph
2020-11-29,1122,914824,ggraph
2020-11-30,1992,916816,ggraph
2020-12-01,1991,918807,ggraph
2020-12-02,1959,920766,ggraph
2020-12-03,1945,922711,ggraph
2020-12-04,1755,924466,ggraph
2020-12-05,933,925399,ggraph
2020-12-06,1000,926399,ggraph
2020-12-07,1729,928128,ggraph
2020-12-08,1828,929956,ggraph
2020-12-09,1741,931697,ggraph
2020-12-10,1740,933437,ggraph
2020-12-11,1507,934944,ggraph
2020-12-12,825,935769,ggraph
2020-12-13,1008,936777,ggraph
2020-12-14,1759,938536,ggraph
2020-12-15,1661,940197,ggraph
2020-12-16,1780,941977,ggraph
2020-12-17,1664,943641,ggraph
2020-12-18,1423,945064,ggraph
2020-12-19,763,945827,ggraph
2020-12-20,886,946713,ggraph
2020-12-21,1511,948224,ggraph
2020-12-22,1530,949754,ggraph
2020-12-23,1140,950894,ggraph
2020-12-24,758,951652,ggraph
2020-12-25,602,952254,ggraph
2020-12-26,641,952895,ggraph
2020-12-27,724,953619,ggraph
2020-12-28,1083,954702,ggraph
2020-12-29,1028,955730,ggraph
2020-12-30,942,956672,ggraph
2020-12-31,762,957434,ggraph
2021-01-01,483,957917,ggraph
2021-01-02,679,958596,ggraph
2021-01-03,664,959260,ggraph
2021-01-04,1295,960555,ggraph
2021-01-05,1252,961807,ggraph
2021-01-06,1315,963122,ggraph
2021-01-07,1293,964415,ggraph
2021-01-08,1206,965621,ggraph
2021-01-09,716,966337,ggraph
2021-01-10,747,967084,ggraph
2021-01-11,1436,968520,ggraph
2021-01-12,1415,969935,ggraph
2021-01-13,1543,971478,ggraph
2021-01-14,1429,972907,ggraph
2021-01-15,1258,974165,ggraph
2021-01-16,739,974904,ggraph
2021-01-17,841,975745,ggraph
2021-01-18,1350,977095,ggraph
2021-01-19,1621,978716,ggraph
2021-01-20,1557,980273,ggraph
2021-01-21,1565,981838,ggraph
2021-01-22,1364,983202,ggraph
2021-01-23,874,984076,ggraph
2021-01-24,880,984956,ggraph
2021-01-25,1514,986470,ggraph
2021-01-26,1547,988017,ggraph
2021-01-27,1642,989659,ggraph
2021-01-28,1380,991039,ggraph
2021-01-29,1091,992130,ggraph
2021-01-30,693,992823,ggraph
2021-01-31,686,993509,ggraph
2021-02-01,1307,994816,ggraph
2021-02-02,1218,996034,ggraph
2021-02-03,1207,997241,ggraph
2021-02-04,1285,998526,ggraph
2021-02-05,1121,999647,ggraph
2021-02-06,624,1000271,ggraph
2021-02-07,605,1000876,ggraph
2021-02-08,1106,1001982,ggraph
2021-02-09,1226,1003208,ggraph
2021-02-10,1137,1004345,ggraph
2021-02-11,943,1005288,ggraph
2021-02-12,902,1006190,ggraph
2021-02-13,530,1006720,ggraph
2021-02-14,502,1007222,ggraph
2021-02-15,1047,1008269,ggraph
2021-02-16,1117,1009386,ggraph
2021-02-17,1150,1010536,ggraph
2021-02-18,1273,1011809,ggraph
2021-02-19,1140,1012949,ggraph
2021-02-20,706,1013655,ggraph
2021-02-21,786,1014441,ggraph
2021-02-22,1273,1015714,ggraph
2021-02-23,2447,1018161,ggraph
2021-02-24,3583,1021744,ggraph
2021-02-25,3316,1025060,ggraph
2021-02-26,2915,1027975,ggraph
2021-02-27,1662,1029637,ggraph
2021-02-28,1449,1031086,ggraph
2021-03-01,3018,1034104,ggraph
2021-03-02,2831,1036935,ggraph
2021-03-03,2385,1039320,ggraph
2021-03-04,2189,1041509,ggraph
2021-03-05,1938,1043447,ggraph
2021-03-06,975,1044422,ggraph
2021-03-07,1160,1045582,ggraph
2021-03-08,2149,1047731,ggraph
2021-03-09,2042,1049773,ggraph
2021-03-10,1966,1051739,ggraph
2021-03-11,2006,1053745,ggraph
2021-03-12,1694,1055439,ggraph
2021-03-13,961,1056400,ggraph
2021-03-14,991,1057391,ggraph
2021-03-15,1779,1059170,ggraph
2021-03-16,1974,1061144,ggraph
2021-03-17,1897,1063041,ggraph
2021-03-18,1840,1064881,ggraph
2021-03-19,1468,1066349,ggraph
2021-03-20,832,1067181,ggraph
2021-03-21,900,1068081,ggraph
2021-03-22,1700,1069781,ggraph
2021-03-23,1739,1071520,ggraph
2021-03-24,1773,1073293,ggraph
2021-03-25,1680,1074973,ggraph
2021-03-26,1385,1076358,ggraph
2021-03-27,764,1077122,ggraph
2021-03-28,875,1077997,ggraph
2021-03-29,1588,1079585,ggraph
2021-03-30,1671,1081256,ggraph
2021-03-31,1676,1082932,ggraph
2021-04-01,1356,1084288,ggraph
2021-04-02,1153,1085441,ggraph
2021-04-03,692,1086133,ggraph
2021-04-04,603,1086736,ggraph
2021-04-05,1085,1087821,ggraph
2021-04-06,1463,1089284,ggraph
2021-04-07,1565,1090849,ggraph
2021-04-08,1407,1092256,ggraph
2021-04-09,1306,1093562,ggraph
2021-04-10,732,1094294,ggraph
2021-04-11,713,1095007,ggraph
2021-04-12,1495,1096502,ggraph
2021-04-13,1647,1098149,ggraph
2021-04-14,1538,1099687,ggraph
2021-04-15,1581,1101268,ggraph
2021-04-16,1343,1102611,ggraph
2021-04-17,649,1103260,ggraph
2021-04-18,752,1104012,ggraph
2021-04-19,1479,1105491,ggraph
2021-04-20,1639,1107130,ggraph
2021-04-21,1497,1108627,ggraph
2021-04-22,1453,1110080,ggraph
2021-04-23,1283,1111363,ggraph
2021-04-24,732,1112095,ggraph
2021-04-25,673,1112768,ggraph
2021-04-26,1491,1114259,ggraph
2021-04-27,1399,1115658,ggraph
2021-04-28,1569,1117227,ggraph
2021-04-29,1394,1118621,ggraph
2021-04-30,1106,1119727,ggraph
2021-05-01,566,1120293,ggraph
2021-05-02,580,1120873,ggraph
2021-05-03,1133,1122006,ggraph
2021-05-04,1280,1123286,ggraph
2021-05-05,1305,1124591,ggraph
2021-05-06,1380,1125971,ggraph
2021-05-07,1091,1127062,ggraph
2021-05-08,632,1127694,ggraph
2021-05-09,585,1128279,ggraph
2021-05-10,1155,1129434,ggraph
2021-05-11,1117,1130551,ggraph
2021-05-12,1102,1131653,ggraph
2021-05-13,1085,1132738,ggraph
2021-05-14,981,1133719,ggraph
2021-05-15,575,1134294,ggraph
2021-05-16,620,1134914,ggraph
2021-05-17,1152,1136066,ggraph
2021-05-18,1386,1137452,ggraph
2021-05-19,1517,1138969,ggraph
2021-05-20,1369,1140338,ggraph
2021-05-21,1227,1141565,ggraph
2021-05-22,639,1142204,ggraph
2021-05-23,627,1142831,ggraph
2021-05-24,1351,1144182,ggraph
2021-05-25,1364,1145546,ggraph
2021-05-26,1432,1146978,ggraph
2021-05-27,1506,1148484,ggraph
2021-05-28,1220,1149704,ggraph
2021-05-29,625,1150329,ggraph
2021-05-30,624,1150953,ggraph
2021-05-31,1089,1152042,ggraph
2021-06-01,1121,1153163,ggraph
2021-06-02,1156,1154319,ggraph
2021-06-03,1156,1155475,ggraph
2021-06-04,969,1156444,ggraph
2021-06-05,652,1157096,ggraph
2021-06-06,681,1157777,ggraph
2021-06-07,1179,1158956,ggraph
2021-06-08,1189,1160145,ggraph
2021-06-09,1257,1161402,ggraph
2021-06-10,1259,1162661,ggraph
2021-06-11,989,1163650,ggraph
2021-06-12,487,1164137,ggraph
2021-06-13,535,1164672,ggraph
2021-06-14,1132,1165804,ggraph
2021-06-15,1246,1167050,ggraph
2021-06-16,1181,1168231,ggraph
2021-06-17,1144,1169375,ggraph
2021-06-18,1042,1170417,ggraph
2021-06-19,486,1170903,ggraph
2021-06-20,528,1171431,ggraph
2021-06-21,1060,1172491,ggraph
2021-06-22,1186,1173677,ggraph
2021-06-23,1168,1174845,ggraph
2021-06-24,983,1175828,ggraph
2021-06-25,967,1176795,ggraph
2021-06-26,513,1177308,ggraph
2021-06-27,513,1177821,ggraph
2021-06-28,1136,1178957,ggraph
2021-06-29,1281,1180238,ggraph
2021-06-30,1065,1181303,ggraph
2021-07-01,962,1182265,ggraph
2021-07-02,1014,1183279,ggraph
2021-07-03,459,1183738,ggraph
2021-07-04,457,1184195,ggraph
2021-07-05,970,1185165,ggraph
2021-07-06,1076,1186241,ggraph
2021-07-07,1180,1187421,ggraph
2021-07-08,1267,1188688,ggraph
2021-07-09,1020,1189708,ggraph
2021-07-10,507,1190215,ggraph
2021-07-11,521,1190736,ggraph
2021-07-12,1198,1191934,ggraph
2021-07-13,1129,1193063,ggraph
2021-07-14,1174,1194237,ggraph
2021-07-15,1206,1195443,ggraph
2021-07-16,930,1196373,ggraph
2021-07-17,481,1196854,ggraph
2021-07-18,497,1197351,ggraph
2021-07-19,1140,1198491,ggraph
2021-07-20,1181,1199672,ggraph
2021-07-21,1221,1200893,ggraph
2021-07-22,1071,1201964,ggraph
2021-07-23,966,1202930,ggraph
2021-07-24,454,1203384,ggraph
2021-07-25,519,1203903,ggraph
2021-07-26,1055,1204958,ggraph
2021-07-27,2005,1206963,ggraph
2021-07-28,1346,1208309,ggraph
2021-07-29,1103,1209412,ggraph
2021-07-30,892,1210304,ggraph
2021-07-31,535,1210839,ggraph
2021-08-01,519,1211358,ggraph
2021-08-02,898,1212256,ggraph
2021-08-03,1089,1213345,ggraph
2021-08-04,1122,1214467,ggraph
2021-08-05,946,1215413,ggraph
2021-08-06,851,1216264,ggraph
2021-08-07,531,1216795,ggraph
2021-08-08,551,1217346,ggraph
2021-08-09,975,1218321,ggraph
2021-08-10,1070,1219391,ggraph
2021-08-11,1013,1220404,ggraph
2021-08-12,1005,1221409,ggraph
2021-08-13,906,1222315,ggraph
2021-08-14,643,1222958,ggraph
2021-08-15,688,1223646,ggraph
2021-08-16,967,1224613,ggraph
2021-08-17,1124,1225737,ggraph
2021-08-18,1137,1226874,ggraph
2021-08-19,1261,1228135,ggraph
2021-08-20,953,1229088,ggraph
2021-08-21,508,1229596,ggraph
2021-08-22,532,1230128,ggraph
2021-08-23,1026,1231154,ggraph
2021-08-24,1152,1232306,ggraph
2021-08-25,1168,1233474,ggraph
2021-08-26,1023,1234497,ggraph
2021-08-27,900,1235397,ggraph
2021-08-28,491,1235888,ggraph
2021-08-29,469,1236357,ggraph
2021-08-30,936,1237293,ggraph
2021-08-31,1191,1238484,ggraph
2021-09-01,1244,1239728,ggraph
2021-09-02,1011,1240739,ggraph
2021-09-03,958,1241697,ggraph
2021-09-04,492,1242189,ggraph
2021-09-05,494,1242683,ggraph
2021-09-06,814,1243497,ggraph
2021-09-07,1102,1244599,ggraph
2021-09-08,1124,1245723,ggraph
2021-09-09,1198,1246921,ggraph
2021-09-10,963,1247884,ggraph
2021-09-11,448,1248332,ggraph
2021-09-12,523,1248855,ggraph
2021-09-13,1217,1250072,ggraph
2021-09-14,1260,1251332,ggraph
2021-09-15,1234,1252566,ggraph
2021-09-16,1233,1253799,ggraph
2021-09-17,1005,1254804,ggraph
2021-09-18,518,1255322,ggraph
2021-09-19,539,1255861,ggraph
2021-09-20,990,1256851,ggraph
2021-09-21,1059,1257910,ggraph
2021-09-22,1117,1259027,ggraph
2021-09-23,1035,1260062,ggraph
2021-09-24,1114,1261176,ggraph
2021-09-25,442,1261618,ggraph
2021-09-26,573,1262191,ggraph
2021-09-27,1196,1263387,ggraph
2021-09-28,1207,1264594,ggraph
2021-09-29,1224,1265818,ggraph
2021-09-30,1066,1266884,ggraph
2021-10-01,919,1267803,ggraph
2021-10-02,505,1268308,ggraph
2021-10-03,617,1268925,ggraph
2021-10-04,1096,1270021,ggraph
2021-10-05,1188,1271209,ggraph
2021-10-06,1259,1272468,ggraph
2021-10-07,1163,1273631,ggraph
2021-10-08,1195,1274826,ggraph
2021-10-09,540,1275366,ggraph
2021-10-10,579,1275945,ggraph
2021-10-11,1135,1277080,ggraph
2021-10-12,1431,1278511,ggraph
2021-10-13,1352,1279863,ggraph
2021-10-14,1256,1281119,ggraph
2021-10-15,1107,1282226,ggraph
2021-10-16,535,1282761,ggraph
2021-10-17,536,1283297,ggraph
2021-10-18,1309,1284606,ggraph
2021-10-19,1376,1285982,ggraph
2021-10-20,1210,1287192,ggraph
2021-10-21,1244,1288436,ggraph
2021-10-22,952,1289388,ggraph
2021-10-23,541,1289929,ggraph
2021-10-24,548,1290477,ggraph
2021-10-25,1568,1292045,ggraph
2021-10-26,1162,1293207,ggraph
2021-10-27,1366,1294573,ggraph
2021-10-28,1073,1295646,ggraph
2021-10-29,1063,1296709,ggraph
2021-10-30,440,1297149,ggraph
2021-10-31,473,1297622,ggraph
2021-11-01,1068,1298690,ggraph
2021-11-02,1256,1299946,ggraph
2021-11-03,1274,1301220,ggraph
2021-11-04,1215,1302435,ggraph
2021-11-05,1174,1303609,ggraph
2021-11-06,609,1304218,ggraph
2021-11-07,603,1304821,ggraph
2021-11-08,1337,1306158,ggraph
2021-11-09,1305,1307463,ggraph
2021-11-10,1430,1308893,ggraph
2021-11-11,1158,1310051,ggraph
2021-11-12,1099,1311150,ggraph
2021-11-13,611,1311761,ggraph
2021-11-14,632,1312393,ggraph
2021-11-15,1393,1313786,ggraph
2021-11-16,1365,1315151,ggraph
2021-11-17,1364,1316515,ggraph
2021-11-18,1254,1317769,ggraph
2021-11-19,1175,1318944,ggraph
2021-11-20,960,1319904,ggraph
2021-11-21,1046,1320950,ggraph
2021-11-22,1883,1322833,ggraph
2021-11-23,1521,1324354,ggraph
2021-11-24,1786,1326140,ggraph
2021-11-25,1518,1327658,ggraph
2021-11-26,1204,1328862,ggraph
2021-11-27,778,1329640,ggraph
2021-11-28,771,1330411,ggraph
2021-11-29,1740,1332151,ggraph
2021-11-30,2018,1334169,ggraph
2021-12-01,1895,1336064,ggraph
2021-12-02,1789,1337853,ggraph
2021-12-03,1728,1339581,ggraph
2021-12-04,876,1340457,ggraph
2021-12-05,981,1341438,ggraph
2021-12-06,1661,1343099,ggraph
2021-12-07,1553,1344652,ggraph
2021-12-08,1618,1346270,ggraph
2021-12-09,1808,1348078,ggraph
2021-12-10,1584,1349662,ggraph
2021-12-11,731,1350393,ggraph
2021-12-12,704,1351097,ggraph
2021-12-13,1432,1352529,ggraph
2021-12-14,1485,1354014,ggraph
2021-12-15,1585,1355599,ggraph
2021-12-16,1466,1357065,ggraph
2021-12-17,1204,1358269,ggraph
2021-12-18,615,1358884,ggraph
2021-12-19,758,1359642,ggraph
2021-12-20,1263,1360905,ggraph
2021-12-21,1287,1362192,ggraph
2021-12-22,1079,1363271,ggraph
2021-12-23,972,1364243,ggraph
2021-12-24,599,1364842,ggraph
2021-12-25,352,1365194,ggraph
2021-12-26,462,1365656,ggraph
2021-12-27,791,1366447,ggraph
2021-12-28,929,1367376,ggraph
2021-12-29,927,1368303,ggraph
2021-12-30,788,1369091,ggraph
2021-12-31,506,1369597,ggraph
2022-01-01,353,1369950,ggraph
2022-01-02,509,1370459,ggraph
2022-01-03,1096,1371555,ggraph
2022-01-04,1140,1372695,ggraph
2022-01-05,1166,1373861,ggraph
2022-01-06,1146,1375007,ggraph
2022-01-07,1192,1376199,ggraph
2022-01-08,627,1376826,ggraph
2022-01-09,586,1377412,ggraph
2022-01-10,1261,1378673,ggraph
2022-01-11,1509,1380182,ggraph
2022-01-12,1378,1381560,ggraph
2022-01-13,1194,1382754,ggraph
2022-01-14,1066,1383820,ggraph
2022-01-15,667,1384487,ggraph
2022-01-16,550,1385037,ggraph
2022-01-17,1067,1386104,ggraph
2022-01-18,1396,1387500,ggraph
2022-01-19,1320,1388820,ggraph
2022-01-20,1306,1390126,ggraph
2022-01-21,1327,1391453,ggraph
2022-01-22,710,1392163,ggraph
2022-01-23,716,1392879,ggraph
2022-01-24,1378,1394257,ggraph
2022-01-25,1463,1395720,ggraph
2022-01-26,1404,1397124,ggraph
2022-01-27,1435,1398559,ggraph
2022-01-28,1162,1399721,ggraph
2022-01-29,634,1400355,ggraph
2022-01-30,705,1401060,ggraph
2022-01-31,1124,1402184,ggraph
2022-02-01,1472,1403656,ggraph
2022-02-02,1207,1404863,ggraph
2022-02-03,1364,1406227,ggraph
2022-02-04,1178,1407405,ggraph
2022-02-05,610,1408015,ggraph
2022-02-06,598,1408613,ggraph
2022-02-07,1351,1409964,ggraph
2022-02-08,1475,1411439,ggraph
2022-02-09,1315,1412754,ggraph
2022-02-10,1370,1414124,ggraph
2022-02-11,1141,1415265,ggraph
2022-02-12,539,1415804,ggraph
2022-02-13,696,1416500,ggraph
2022-02-14,1370,1417870,ggraph
2022-02-15,1971,1419841,ggraph
2022-02-16,1547,1421388,ggraph
2022-02-17,1534,1422922,ggraph
2022-02-18,1250,1424172,ggraph
2022-02-19,666,1424838,ggraph
2022-02-20,692,1425530,ggraph
2022-02-21,1357,1426887,ggraph
2022-02-22,1628,1428515,ggraph
2022-02-23,1606,1430121,ggraph
2022-02-24,1562,1431683,ggraph
2022-02-25,1308,1432991,ggraph
2022-02-26,661,1433652,ggraph
2022-02-27,742,1434394,ggraph
2022-02-28,1446,1435840,ggraph
2022-03-01,1613,1437453,ggraph
2022-03-02,1738,1439191,ggraph
2022-03-03,1512,1440703,ggraph
2022-03-04,1310,1442013,ggraph
2022-03-05,796,1442809,ggraph
2022-03-06,709,1443518,ggraph
2022-03-07,1364,1444882,ggraph
2022-03-08,1563,1446445,ggraph
2022-03-09,1518,1447963,ggraph
2022-03-10,1392,1449355,ggraph
2022-03-11,1364,1450719,ggraph
2022-03-12,841,1451560,ggraph
2022-03-13,791,1452351,ggraph
2022-03-14,1513,1453864,ggraph
2022-03-15,1541,1455405,ggraph
2022-03-16,1683,1457088,ggraph
2022-03-17,1726,1458814,ggraph
2022-03-18,1375,1460189,ggraph
2022-03-19,826,1461015,ggraph
2022-03-20,728,1461743,ggraph
2022-03-21,1966,1463709,ggraph
2022-03-22,1972,1465681,ggraph
2022-03-23,1903,1467584,ggraph
2022-03-24,1781,1469365,ggraph
2022-03-25,1385,1470750,ggraph
2022-03-26,750,1471500,ggraph
2022-03-27,832,1472332,ggraph
2022-03-28,1681,1474013,ggraph
2022-03-29,1578,1475591,ggraph
2022-03-30,1769,1477360,ggraph
2022-03-31,1605,1478965,ggraph
2022-04-01,1355,1480320,ggraph
2022-04-02,829,1481149,ggraph
2022-04-03,817,1481966,ggraph
2022-04-04,1486,1483452,ggraph
2022-04-05,1917,1485369,ggraph
2022-04-06,2136,1487505,ggraph
2022-04-07,1757,1489262,ggraph
2022-04-08,1602,1490864,ggraph
2022-04-09,939,1491803,ggraph
2022-04-10,802,1492605,ggraph
2022-04-11,1573,1494178,ggraph
2022-04-12,1648,1495826,ggraph
2022-04-13,1650,1497476,ggraph
2022-04-14,1816,1499292,ggraph
2022-04-15,1565,1500857,ggraph
2022-04-16,1158,1502015,ggraph
2022-04-17,1407,1503422,ggraph
2022-04-18,2163,1505585,ggraph
2022-04-19,2282,1507867,ggraph
2022-04-20,3310,1511177,ggraph
2022-04-21,3546,1514723,ggraph
2022-04-22,3003,1517726,ggraph
2022-04-23,1684,1519410,ggraph
2022-04-24,1860,1521270,ggraph
2022-04-25,3059,1524329,ggraph
2022-04-26,3198,1527527,ggraph
2022-04-27,4350,1531877,ggraph
2022-04-28,2442,1534319,ggraph
2022-04-29,2245,1536564,ggraph
2022-04-30,1198,1537762,ggraph
2022-05-01,1376,1539138,ggraph
2022-05-02,2444,1541582,ggraph
2022-05-03,2607,1544189,ggraph
2022-05-04,2537,1546726,ggraph
2022-05-05,2818,1549544,ggraph
2022-05-06,2345,1551889,ggraph
2022-05-07,1426,1553315,ggraph
2022-05-08,1305,1554620,ggraph
2022-05-09,3093,1557713,ggraph
2022-05-10,2979,1560692,ggraph
2022-05-11,3283,1563975,ggraph
2022-05-12,2475,1566450,ggraph
2022-05-13,2169,1568619,ggraph
2022-05-14,775,1569394,ggraph
2022-05-15,867,1570261,ggraph
2022-05-16,2002,1572263,ggraph
2022-05-17,2293,1574556,ggraph
2022-05-18,2272,1576828,ggraph
2022-05-19,3174,1580002,ggraph
2022-05-20,2546,1582548,ggraph
2022-05-21,1829,1584377,ggraph
2022-05-22,2084,1586461,ggraph
2022-05-23,2882,1589343,ggraph
2022-05-24,3203,1592546,ggraph
2022-05-25,2031,1594577,ggraph
2022-05-26,1872,1596449,ggraph
2022-05-27,2099,1598548,ggraph
2022-05-28,1497,1600045,ggraph
2022-05-29,1462,1601507,ggraph
2022-05-30,2372,1603879,ggraph
2022-05-31,2371,1606250,ggraph
2022-06-01,2126,1608376,ggraph
2022-06-02,1665,1610041,ggraph
2022-06-03,1283,1611324,ggraph
2022-06-04,900,1612224,ggraph
2022-06-05,1024,1613248,ggraph
2022-06-06,1656,1614904,ggraph
2022-06-07,2103,1617007,ggraph
2022-06-08,2735,1619742,ggraph
2022-06-09,2482,1622224,ggraph
2022-06-10,1793,1624017,ggraph
2022-06-11,1188,1625205,ggraph
2022-06-12,1522,1626727,ggraph
2022-06-13,2529,1629256,ggraph
2022-06-14,11709,1640965,ggraph
2022-06-15,9504,1650469,ggraph
2022-06-16,3852,1654321,ggraph
2022-06-17,6145,1660466,ggraph
2022-06-18,1586,1662052,ggraph
2022-06-19,1266,1663318,ggraph
2022-06-20,4324,1667642,ggraph
2022-06-21,6911,1674553,ggraph
2022-06-22,7365,1681918,ggraph
2022-06-23,8894,1690812,ggraph
2022-06-24,5398,1696210,ggraph
2022-06-25,1612,1697822,ggraph
2022-06-26,1706,1699528,ggraph
2022-06-27,3753,1703281,ggraph
2022-06-28,3472,1706753,ggraph
2022-06-29,5430,1712183,ggraph
2022-06-30,2259,1714442,ggraph
2022-07-01,4326,1718768,ggraph
2022-07-02,2617,1721385,ggraph
2022-07-03,2444,1723829,ggraph
2022-07-04,4557,1728386,ggraph
2022-07-05,9316,1737702,ggraph
2022-07-06,9512,1747214,ggraph
2022-07-07,8011,1755225,ggraph
2022-07-08,7331,1762556,ggraph
2022-07-09,4074,1766630,ggraph
2022-07-10,2092,1768722,ggraph
2022-07-11,6506,1775228,ggraph
2022-07-12,5036,1780264,ggraph
2022-07-13,6188,1786452,ggraph
2022-07-14,5350,1791802,ggraph
2022-07-15,7534,1799336,ggraph
2022-07-16,5572,1804908,ggraph
2022-07-17,5888,1810796,ggraph
2022-07-18,3987,1814783,ggraph
2022-07-19,9000,1823783,ggraph
2022-07-20,7253,1831036,ggraph
2022-07-21,7140,1838176,ggraph
2022-07-22,6067,1844243,ggraph
2022-07-23,3210,1847453,ggraph
2022-07-24,6094,1853547,ggraph
2022-07-25,3839,1857386,ggraph
2022-07-26,1841,1859227,ggraph
2022-07-27,1923,1861150,ggraph
2022-07-28,2199,1863349,ggraph
2022-07-29,1589,1864938,ggraph
2022-07-30,989,1865927,ggraph
2022-07-31,1049,1866976,ggraph
2022-08-01,1807,1868783,ggraph
2022-08-02,2446,1871229,ggraph
2022-08-03,2239,1873468,ggraph
2022-08-04,1765,1875233,ggraph
2022-08-05,1711,1876944,ggraph
2022-08-06,1174,1878118,ggraph
2022-08-07,1189,1879307,ggraph
2022-08-08,3306,1882613,ggraph
2022-08-09,4155,1886768,ggraph
2022-08-10,3537,1890305,ggraph
2022-08-11,2988,1893293,ggraph
2022-08-12,2655,1895948,ggraph
2022-08-13,1386,1897334,ggraph
2022-08-14,1335,1898669,ggraph
2022-08-15,2417,1901086,ggraph
2022-08-16,3622,1904708,ggraph
2022-08-17,2363,1907071,ggraph
2022-08-18,2385,1909456,ggraph
2022-08-19,2251,1911707,ggraph
2022-08-20,1194,1912901,ggraph
2022-08-21,1272,1914173,ggraph
2022-08-22,2592,1916765,ggraph
2022-08-23,2801,1919566,ggraph
2022-08-24,2655,1922221,ggraph
2022-08-25,2211,1924432,ggraph
2022-08-26,2388,1926820,ggraph
2022-08-27,1129,1927949,ggraph
2022-08-28,1177,1929126,ggraph
2022-08-29,2326,1931452,ggraph
2022-08-30,2359,1933811,ggraph
2022-08-31,2135,1935946,ggraph
2022-09-01,2082,1938028,ggraph
2022-09-02,1555,1939583,ggraph
2022-09-03,790,1940373,ggraph
2022-09-04,861,1941234,ggraph
2022-09-05,1757,1942991,ggraph
2022-09-06,1911,1944902,ggraph
2022-09-07,1875,1946777,ggraph
2022-09-08,1757,1948534,ggraph
2022-09-09,1375,1949909,ggraph
2022-09-10,721,1950630,ggraph
2022-09-11,897,1951527,ggraph
2022-09-12,1489,1953016,ggraph
2022-09-13,2018,1955034,ggraph
2022-09-14,1975,1957009,ggraph
2022-09-15,1875,1958884,ggraph
2022-09-16,1837,1960721,ggraph
2022-09-17,779,1961500,ggraph
2022-09-18,832,1962332,ggraph
2022-09-19,1931,1964263,ggraph
2022-09-20,1850,1966113,ggraph
2022-09-21,1771,1967884,ggraph
2022-09-22,1859,1969743,ggraph
2022-09-23,1623,1971366,ggraph
2022-09-24,848,1972214,ggraph
2022-09-25,892,1973106,ggraph
2022-09-26,1743,1974849,ggraph
2022-09-27,2191,1977040,ggraph
2022-09-28,1878,1978918,ggraph
2022-09-29,1950,1980868,ggraph
2022-09-30,1625,1982493,ggraph
2022-10-01,753,1983246,ggraph
2022-10-02,952,1984198,ggraph
2022-10-03,1885,1986083,ggraph
2022-10-04,2035,1988118,ggraph
2022-10-05,2038,1990156,ggraph
2022-10-06,1982,1992138,ggraph
2022-10-07,1588,1993726,ggraph
2022-10-08,928,1994654,ggraph
2022-10-09,1067,1995721,ggraph
2022-10-10,4661,2000382,ggraph
2022-10-11,5081,2005463,ggraph
2022-10-12,3526,2008989,ggraph
2022-10-13,2986,2011975,ggraph
2022-10-14,2889,2014864,ggraph
2022-10-15,1376,2016240,ggraph
2022-10-16,1407,2017647,ggraph
2022-10-17,3114,2020761,ggraph
2022-10-18,3257,2024018,ggraph
2022-10-19,3782,2027800,ggraph
2022-10-20,3003,2030803,ggraph
2022-10-21,2693,2033496,ggraph
2022-10-22,1351,2034847,ggraph
2022-10-23,1270,2036117,ggraph
2022-10-24,2950,2039067,ggraph
2022-10-25,3508,2042575,ggraph
2022-10-26,3154,2045729,ggraph
2022-10-27,2650,2048379,ggraph
2022-10-28,2372,2050751,ggraph
2022-10-29,1026,2051777,ggraph
2022-10-30,1087,2052864,ggraph
2022-10-31,2160,2055024,ggraph
2022-11-01,2668,2057692,ggraph
2022-11-02,2202,2059894,ggraph
2022-11-03,3192,2063086,ggraph
2022-11-04,2345,2065431,ggraph
2022-11-05,1145,2066576,ggraph
2022-11-06,1129,2067705,ggraph
2022-11-07,2362,2070067,ggraph
2022-11-08,2692,2072759,ggraph
2022-11-09,2648,2075407,ggraph
2022-11-10,3020,2078427,ggraph
2022-11-11,2106,2080533,ggraph
2022-11-12,1264,2081797,ggraph
2022-11-13,1300,2083097,ggraph
2022-11-14,2650,2085747,ggraph
2022-11-15,2691,2088438,ggraph
2022-11-16,2748,2091186,ggraph
2022-11-17,2327,2093513,ggraph
2022-11-18,1972,2095485,ggraph
2022-11-19,1173,2096658,ggraph
2022-11-20,2154,2098812,ggraph
2022-11-21,2704,2101516,ggraph
2022-11-22,2455,2103971,ggraph
2022-11-23,2334,2106305,ggraph
2022-11-24,2087,2108392,ggraph
2022-11-25,1698,2110090,ggraph
2022-11-26,1262,2111352,ggraph
2022-11-27,1225,2112577,ggraph
2022-11-28,2414,2114991,ggraph
2022-11-29,2431,2117422,ggraph
2022-11-30,2594,2120016,ggraph
2022-12-01,2481,2122497,ggraph
2022-12-02,2286,2124783,ggraph
2022-12-03,1567,2126350,ggraph
2022-12-04,1475,2127825,ggraph
2022-12-05,2407,2130232,ggraph
2022-12-06,2302,2132534,ggraph
2022-12-07,2623,2135157,ggraph
2022-12-08,2240,2137397,ggraph
2022-12-09,1922,2139319,ggraph
2022-12-10,1342,2140661,ggraph
2022-12-11,1414,2142075,ggraph
2022-12-12,2167,2144242,ggraph
2022-12-13,2260,2146502,ggraph
2022-12-14,1925,2148427,ggraph
2022-12-15,1979,2150406,ggraph
2022-12-16,1649,2152055,ggraph
2022-12-17,1185,2153240,ggraph
2022-12-18,997,2154237,ggraph
2022-12-19,1654,2155891,ggraph
2022-12-20,1776,2157667,ggraph
2022-12-21,1643,2159310,ggraph
2022-12-22,1606,2160916,ggraph
2022-12-23,1250,2162166,ggraph
2022-12-24,909,2163075,ggraph
2022-12-25,776,2163851,ggraph
2022-12-26,900,2164751,ggraph
2022-12-27,1304,2166055,ggraph
2022-12-28,1245,2167300,ggraph
2022-12-29,1337,2168637,ggraph
2022-12-30,1011,2169648,ggraph
2022-12-31,772,2170420,ggraph
2023-01-01,776,2171196,ggraph
2023-01-02,1178,2172374,ggraph
2023-01-03,1629,2174003,ggraph
2023-01-04,1708,2175711,ggraph
2023-01-05,1588,2177299,ggraph
2023-01-06,1771,2179070,ggraph
2023-01-07,1148,2180218,ggraph
2023-01-08,1212,2181430,ggraph
2023-01-09,1835,2183265,ggraph
2023-01-10,2216,2185481,ggraph
2023-01-11,2011,2187492,ggraph
2023-01-12,1832,2189324,ggraph
2023-01-13,1502,2190826,ggraph
2023-01-14,952,2191778,ggraph
2023-01-15,1057,2192835,ggraph
2023-01-16,1620,2194455,ggraph
2023-01-17,2097,2196552,ggraph
2023-01-18,2005,2198557,ggraph
2023-01-19,1843,2200400,ggraph
2023-01-20,1676,2202076,ggraph
2023-01-21,873,2202949,ggraph
2023-01-22,1127,2204076,ggraph
2023-01-23,1935,2206011,ggraph
2023-01-24,1771,2207782,ggraph
2023-01-25,1788,2209570,ggraph
2023-01-26,1742,2211312,ggraph
2023-01-27,1398,2212710,ggraph
2023-01-28,741,2213451,ggraph
2023-01-29,812,2214263,ggraph
2023-01-30,1651,2215914,ggraph
2023-01-31,1911,2217825,ggraph
2023-02-01,1986,2219811,ggraph
2023-02-02,1941,2221752,ggraph
2023-02-03,1641,2223393,ggraph
2023-02-04,875,2224268,ggraph
2023-02-05,892,2225160,ggraph
2023-02-06,1986,2227146,ggraph
2023-02-07,2393,2229539,ggraph
2023-02-08,1927,2231466,ggraph
2023-02-09,2047,2233513,ggraph
2023-02-10,1662,2235175,ggraph
2023-02-11,838,2236013,ggraph
2023-02-12,951,2236964,ggraph
2023-02-13,1833,2238797,ggraph
2023-02-14,2039,2240836,ggraph
2023-02-15,1918,2242754,ggraph
2023-02-16,1907,2244661,ggraph
2023-02-17,1687,2246348,ggraph
2023-02-18,738,2247086,ggraph
2023-02-19,892,2247978,ggraph
2023-02-20,1757,2249735,ggraph
2023-02-21,2134,2251869,ggraph
2023-02-22,2140,2254009,ggraph
2023-02-23,1977,2255986,ggraph
2023-02-24,1731,2257717,ggraph
2023-02-25,862,2258579,ggraph
2023-02-26,941,2259520,ggraph
2023-02-27,1994,2261514,ggraph
2023-02-28,2304,2263818,ggraph
2023-03-01,2351,2266169,ggraph
2023-03-02,2133,2268302,ggraph
2023-03-03,2013,2270315,ggraph
2023-03-04,919,2271234,ggraph
2023-03-05,945,2272179,ggraph
2023-03-06,2167,2274346,ggraph
2023-03-07,2170,2276516,ggraph
2023-03-08,1997,2278513,ggraph
2023-03-09,2138,2280651,ggraph
2023-03-10,1703,2282354,ggraph
2023-03-11,967,2283321,ggraph
2023-03-12,981,2284302,ggraph
2023-03-13,2031,2286333,ggraph
2023-03-14,2141,2288474,ggraph
2023-03-15,2080,2290554,ggraph
2023-03-16,2089,2292643,ggraph
2023-03-17,1634,2294277,ggraph
2023-03-18,853,2295130,ggraph
2023-03-19,994,2296124,ggraph
2023-03-20,2209,2298333,ggraph
2023-03-21,2382,2300715,ggraph
2023-03-22,2164,2302879,ggraph
2023-03-23,2112,2304991,ggraph
2023-03-24,2216,2307207,ggraph
2023-03-25,936,2308143,ggraph
2023-03-26,981,2309124,ggraph
2023-03-27,2065,2311189,ggraph
2023-03-28,2261,2313450,ggraph
2023-03-29,2081,2315531,ggraph
2023-03-30,2163,2317694,ggraph
2023-03-31,1717,2319411,ggraph
2023-04-01,1046,2320457,ggraph
2023-04-02,981,2321438,ggraph
2023-04-03,1853,2323291,ggraph
2023-04-04,2142,2325433,ggraph
2023-04-05,2076,2327509,ggraph
2023-04-06,2992,2330501,ggraph
2023-04-07,1752,2332253,ggraph
2023-04-08,1115,2333368,ggraph
2023-04-09,873,2334241,ggraph
2023-04-10,1612,2335853,ggraph
2023-04-11,2915,2338768,ggraph
2023-04-12,2829,2341597,ggraph
2023-04-13,2116,2343713,ggraph
2023-04-14,3003,2346716,ggraph
2023-04-15,1029,2347745,ggraph
2023-04-16,1143,2348888,ggraph
2023-04-17,3708,2352596,ggraph
2023-04-18,3400,2355996,ggraph
2023-04-19,2431,2358427,ggraph
2023-04-20,2719,2361146,ggraph
2023-04-21,3128,2364274,ggraph
2023-04-22,1328,2365602,ggraph
2023-04-23,3071,2368673,ggraph
2023-04-24,2792,2371465,ggraph
2023-04-25,3660,2375125,ggraph
2023-04-26,3388,2378513,ggraph
2023-04-27,2336,2380849,ggraph
2023-04-28,2367,2383216,ggraph
2023-04-29,1263,2384479,ggraph
2023-04-30,946,2385425,ggraph
2023-05-01,2582,2388007,ggraph
2023-05-02,2517,2390524,ggraph
2023-05-03,2671,2393195,ggraph
2023-05-04,3669,2396864,ggraph
2023-05-05,2098,2398962,ggraph
2023-05-06,1183,2400145,ggraph
2023-05-07,1514,2401659,ggraph
2023-05-08,2391,2404050,ggraph
2023-05-09,3817,2407867,ggraph
2023-05-10,1955,2409822,ggraph
2023-05-11,2216,2412038,ggraph
2023-05-12,1866,2413904,ggraph
2023-05-13,974,2414878,ggraph
2023-05-14,907,2415785,ggraph
2023-05-15,2283,2418068,ggraph
2023-05-16,4234,2422302,ggraph
2023-05-17,7218,2429520,ggraph
2023-05-18,2447,2431967,ggraph
2023-05-19,2717,2434684,ggraph
2023-05-20,952,2435636,ggraph
2023-05-21,943,2436579,ggraph
2023-05-22,2091,2438670,ggraph
2023-05-23,2013,2440683,ggraph
2023-05-24,1969,2442652,ggraph
2023-05-25,1749,2444401,ggraph
2023-05-26,1566,2445967,ggraph
2023-05-27,784,2446751,ggraph
2023-05-28,762,2447513,ggraph
2023-05-29,1353,2448866,ggraph
2023-05-30,1779,2450645,ggraph
2023-05-31,1813,2452458,ggraph
2023-06-01,1854,2454312,ggraph
2023-06-02,1541,2455853,ggraph
2023-06-03,875,2456728,ggraph
2023-06-04,834,2457562,ggraph
2023-06-05,1927,2459489,ggraph
2023-06-06,1744,2461233,ggraph
2023-06-07,1660,2462893,ggraph
2023-06-08,1731,2464624,ggraph
2023-06-09,1632,2466256,ggraph
2023-06-10,1163,2467419,ggraph
2023-06-11,1102,2468521,ggraph
2023-06-12,1984,2470505,ggraph
2023-06-13,1824,2472329,ggraph
2023-06-14,1917,2474246,ggraph
2023-06-15,1706,2475952,ggraph
2023-06-16,1470,2477422,ggraph
2023-06-17,920,2478342,ggraph
2023-06-18,1027,2479369,ggraph
2023-06-19,1715,2481084,ggraph
2023-06-20,2131,2483215,ggraph
2023-06-21,1795,2485010,ggraph
2023-06-22,1666,2486676,ggraph
2023-06-23,1396,2488072,ggraph
2023-06-24,887,2488959,ggraph
2023-06-25,1032,2489991,ggraph
2023-06-26,1907,2491898,ggraph
2023-06-27,2031,2493929,ggraph
2023-06-28,1599,2495528,ggraph
2023-06-29,1511,2497039,ggraph
2023-06-30,1372,2498411,ggraph
2023-07-01,853,2499264,ggraph
2023-07-02,828,2500092,ggraph
2023-07-03,1577,2501669,ggraph
2023-07-04,1440,2503109,ggraph
2023-07-05,1747,2504856,ggraph
2023-07-06,1844,2506700,ggraph
2023-07-07,1540,2508240,ggraph
2023-07-08,805,2509045,ggraph
2023-07-09,758,2509803,ggraph
2023-07-10,1805,2511608,ggraph
2023-07-11,1885,2513493,ggraph
2023-07-12,1902,2515395,ggraph
2023-07-13,1634,2517029,ggraph
2023-07-14,1539,2518568,ggraph
2023-07-15,822,2519390,ggraph
2023-07-16,801,2520191,ggraph
2023-07-17,1623,2521814,ggraph
2023-07-18,1804,2523618,ggraph
2023-07-19,2259,2525877,ggraph
2023-07-20,2048,2527925,ggraph
2023-07-21,1442,2529367,ggraph
2023-07-22,832,2530199,ggraph
2023-07-23,759,2530958,ggraph
2023-07-24,1604,2532562,ggraph
2023-07-25,1875,2534437,ggraph
2023-07-26,1741,2536178,ggraph
2023-07-27,1501,2537679,ggraph
2023-07-28,1372,2539051,ggraph
2023-07-29,712,2539763,ggraph
2023-07-30,634,2540397,ggraph
2023-07-31,1561,2541958,ggraph
2023-08-01,1474,2543432,ggraph
2023-08-02,1456,2544888,ggraph
2023-08-03,1731,2546619,ggraph
2023-08-04,1548,2548167,ggraph
2023-08-05,889,2549056,ggraph
2023-08-06,805,2549861,ggraph
2023-08-07,1432,2551293,ggraph
2023-08-08,1697,2552990,ggraph
2023-08-09,1681,2554671,ggraph
2023-08-10,1670,2556341,ggraph
2023-08-11,1357,2557698,ggraph
2023-08-12,737,2558435,ggraph
2023-08-13,760,2559195,ggraph
2023-08-14,1655,2560850,ggraph
2023-08-15,1456,2562306,ggraph
2023-08-16,1630,2563936,ggraph
2023-08-17,1499,2565435,ggraph
2023-08-18,1303,2566738,ggraph
2023-08-19,827,2567565,ggraph
2023-08-20,738,2568303,ggraph
2023-08-21,1492,2569795,ggraph
2023-08-22,1551,2571346,ggraph
2023-08-23,1636,2572982,ggraph
2023-08-24,1444,2574426,ggraph
2023-08-25,1509,2575935,ggraph
2023-08-26,708,2576643,ggraph
2023-08-27,783,2577426,ggraph
2023-08-28,1566,2578992,ggraph
2023-08-29,1692,2580684,ggraph
2023-08-30,1762,2582446,ggraph
2023-08-31,1828,2584274,ggraph
2023-09-01,1552,2585826,ggraph
2023-09-02,791,2586617,ggraph
2023-09-03,768,2587385,ggraph
2023-09-04,1305,2588690,ggraph
2023-09-05,1655,2590345,ggraph
2023-09-06,1862,2592207,ggraph
2023-09-07,1776,2593983,ggraph
2023-09-08,1650,2595633,ggraph
2023-09-09,793,2596426,ggraph
2023-09-10,854,2597280,ggraph
2023-09-11,1677,2598957,ggraph
2023-09-12,1875,2600832,ggraph
2023-09-13,2062,2602894,ggraph
2023-09-14,1741,2604635,ggraph
2023-09-15,1695,2606330,ggraph
2023-09-16,741,2607071,ggraph
2023-09-17,976,2608047,ggraph
2023-09-18,1621,2609668,ggraph
2023-09-19,1943,2611611,ggraph
2023-09-20,2121,2613732,ggraph
2023-09-21,1867,2615599,ggraph
2023-09-22,1925,2617524,ggraph
2023-09-23,862,2618386,ggraph
2023-09-24,944,2619330,ggraph
2023-09-25,1797,2621127,ggraph
2023-09-26,1960,2623087,ggraph
2023-09-27,2006,2625093,ggraph
2023-09-28,1690,2626783,ggraph
2023-09-29,1437,2628220,ggraph
2023-09-30,816,2629036,ggraph
2023-10-01,908,2629944,ggraph
2023-10-02,1704,2631648,ggraph
2023-10-03,1771,2633419,ggraph
2023-10-04,1734,2635153,ggraph
2023-10-05,1606,2636759,ggraph
2023-10-06,1562,2638321,ggraph
2023-10-07,1066,2639387,ggraph
2023-10-08,939,2640326,ggraph
2023-10-09,1721,2642047,ggraph
2023-10-10,2037,2644084,ggraph
2023-10-11,2038,2646122,ggraph
2023-10-12,1852,2647974,ggraph
2023-10-13,1568,2649542,ggraph
2023-10-14,820,2650362,ggraph
2023-10-15,920,2651282,ggraph
2023-10-16,1810,2653092,ggraph
2023-10-17,2057,2655149,ggraph
2023-10-18,1892,2657041,ggraph
2023-10-19,1778,2658819,ggraph
2023-10-20,1561,2660380,ggraph
2023-10-21,1014,2661394,ggraph
2023-10-22,854,2662248,ggraph
2023-10-23,1837,2664085,ggraph
2023-10-24,1977,2666062,ggraph
2023-10-25,1972,2668034,ggraph
2023-10-26,1947,2669981,ggraph
2023-10-27,1577,2671558,ggraph
2023-10-28,881,2672439,ggraph
2023-10-29,972,2673411,ggraph
2023-10-30,1845,2675256,ggraph
2023-10-31,1959,2677215,ggraph
2023-11-01,1971,2679186,ggraph
2023-11-02,2341,2681527,ggraph
2023-11-03,1615,2683142,ggraph
2023-11-04,990,2684132,ggraph
2023-11-05,923,2685055,ggraph
2023-11-06,2105,2687160,ggraph
2023-11-07,2151,2689311,ggraph
2023-11-08,2312,2691623,ggraph
2023-11-09,2120,2693743,ggraph
2023-11-10,1678,2695421,ggraph
2023-11-11,1010,2696431,ggraph
2023-11-12,874,2697305,ggraph
2023-11-13,2005,2699310,ggraph
2023-11-14,2077,2701387,ggraph
2023-11-15,2151,2703538,ggraph
2023-11-16,2234,2705772,ggraph
2023-11-17,1617,2707389,ggraph
2023-11-18,1032,2708421,ggraph
2023-11-19,1157,2709578,ggraph
2023-11-20,2412,2711990,ggraph
2023-11-21,2406,2714396,ggraph
2023-11-22,2007,2716403,ggraph
2023-11-23,1748,2718151,ggraph
2023-11-24,1463,2719614,ggraph
2023-11-25,963,2720577,ggraph
2023-11-26,1103,2721680,ggraph
2023-11-27,2171,2723851,ggraph
2023-11-28,2448,2726299,ggraph
2023-11-29,2364,2728663,ggraph
2023-11-30,2437,2731100,ggraph
2023-12-01,1928,2733028,ggraph
2023-12-02,1249,2734277,ggraph
2023-12-03,1279,2735556,ggraph
2023-12-04,2237,2737793,ggraph
2023-12-05,2365,2740158,ggraph
2023-12-06,2114,2742272,ggraph
2023-12-07,2139,2744411,ggraph
2023-12-08,1903,2746314,ggraph
2023-12-09,1045,2747359,ggraph
2023-12-10,1132,2748491,ggraph
2023-12-11,2039,2750530,ggraph
2023-12-12,2088,2752618,ggraph
2023-12-13,2016,2754634,ggraph
2023-12-14,2204,2756838,ggraph
2023-12-15,1597,2758435,ggraph
2023-12-16,1089,2759524,ggraph
2023-12-17,1246,2760770,ggraph
2023-12-18,1559,2762329,ggraph
2023-12-19,1801,2764130,ggraph
2023-12-20,1864,2765994,ggraph
2023-12-21,1576,2767570,ggraph
2023-12-22,1356,2768926,ggraph
2023-12-23,785,2769711,ggraph
2023-12-24,678,2770389,ggraph
2023-12-25,783,2771172,ggraph
2023-12-26,1038,2772210,ggraph
2023-12-27,1046,2773256,ggraph
2023-12-28,1187,2774443,ggraph
2023-12-29,996,2775439,ggraph
2023-12-30,729,2776168,ggraph
2023-12-31,646,2776814,ggraph
2024-01-01,672,2777486,ggraph
2024-01-02,1326,2778812,ggraph
2024-01-03,1497,2780309,ggraph
2024-01-04,1698,2782007,ggraph
2024-01-05,1442,2783449,ggraph
2024-01-06,847,2784296,ggraph
2024-01-07,957,2785253,ggraph
2024-01-08,1759,2787012,ggraph
2024-01-09,1703,2788715,ggraph
2024-01-10,1988,2790703,ggraph
2024-01-11,1848,2792551,ggraph
2024-01-12,1497,2794048,ggraph
2024-01-13,878,2794926,ggraph
2024-01-14,1021,2795947,ggraph
2024-01-15,1657,2797604,ggraph
2024-01-16,1870,2799474,ggraph
2024-01-17,1912,2801386,ggraph
2024-01-18,1772,2803158,ggraph
2024-01-19,2807,2805965,ggraph
2024-01-20,1042,2807007,ggraph
2024-01-21,2764,2809771,ggraph
2024-01-22,1682,2811453,ggraph
2024-01-23,1995,2813448,ggraph
2024-01-24,2073,2815521,ggraph
2024-01-25,1812,2817333,ggraph
2024-01-26,1524,2818857,ggraph
2024-01-27,938,2819795,ggraph
2024-01-28,1035,2820830,ggraph
2024-01-29,1914,2822744,ggraph
2024-01-30,2221,2824965,ggraph
2024-01-31,2536,2827501,ggraph
2024-02-01,2182,2829683,ggraph
2024-02-02,1750,2831433,ggraph
2024-02-03,990,2832423,ggraph
2024-02-04,1055,2833478,ggraph
2024-02-05,2069,2835547,ggraph
2024-02-06,2395,2837942,ggraph
2024-02-07,2125,2840067,ggraph
2024-02-08,1929,2841996,ggraph
2024-02-09,1393,2843389,ggraph
2024-02-10,748,2844137,ggraph
2024-02-11,758,2844895,ggraph
2024-02-12,1692,2846587,ggraph
2024-02-13,1961,2848548,ggraph
2024-02-14,1714,2850262,ggraph
2024-02-15,1996,2852258,ggraph
2024-02-16,1793,2854051,ggraph
2024-02-17,999,2855050,ggraph
2024-02-18,1184,2856234,ggraph
2024-02-19,1926,2858160,ggraph
2024-02-20,1897,2860057,ggraph
2024-02-21,2107,2862164,ggraph
2024-02-22,2061,2864225,ggraph
2024-02-23,1719,2865944,ggraph
2024-02-24,812,2866756,ggraph
2024-02-25,984,2867740,ggraph
2024-02-26,2178,2869918,ggraph
2024-02-27,2502,2872420,ggraph
2024-02-28,6168,2878588,ggraph
2024-02-29,4757,2883345,ggraph
2024-03-01,3890,2887235,ggraph
2024-03-02,1948,2889183,ggraph
2024-03-03,2162,2891345,ggraph
2024-03-04,4124,2895469,ggraph
2024-03-05,4095,2899564,ggraph
2024-03-06,3900,2903464,ggraph
2024-03-07,5082,2908546,ggraph
2024-03-08,4723,2913269,ggraph
2024-03-09,2407,2915676,ggraph
2024-03-10,2263,2917939,ggraph
2024-03-11,4235,2922174,ggraph
2024-03-12,3878,2926052,ggraph
2024-03-13,3631,2929683,ggraph
2024-03-14,3553,2933236,ggraph
2024-03-15,3060,2936296,ggraph
2024-03-16,1496,2937792,ggraph
2024-03-17,1568,2939360,ggraph
2024-03-18,3470,2942830,ggraph
2024-03-19,3555,2946385,ggraph
2024-03-20,3486,2949871,ggraph
2024-03-21,3019,2952890,ggraph
2024-03-22,2782,2955672,ggraph
2024-03-23,1483,2957155,ggraph
2024-03-24,1543,2958698,ggraph
2024-03-25,3016,2961714,ggraph
2024-03-26,3271,2964985,ggraph
2024-03-27,3247,2968232,ggraph
2024-03-28,2798,2971030,ggraph
2024-03-29,2133,2973163,ggraph
2024-03-30,1452,2974615,ggraph
2024-03-31,1353,2975968,ggraph
2024-04-01,2351,2978319,ggraph
2024-04-02,2960,2981279,ggraph
2024-04-03,3085,2984364,ggraph
2024-04-04,2531,2986895,ggraph
2024-04-05,2430,2989325,ggraph
2024-04-06,1230,2990555,ggraph
2024-04-07,1658,2992213,ggraph
2024-04-08,2861,2995074,ggraph
2024-04-09,3019,2998093,ggraph
2024-04-10,2835,3000928,ggraph
2024-04-11,3088,3004016,ggraph
2024-04-12,2579,3006595,ggraph
2024-04-13,1367,3007962,ggraph
2024-04-14,1514,3009476,ggraph
2024-04-15,2854,3012330,ggraph
2024-04-16,3023,3015353,ggraph
2024-04-17,2977,3018330,ggraph
2024-04-18,3470,3021800,ggraph
2024-04-19,2484,3024284,ggraph
2024-04-20,1191,3025475,ggraph
2024-04-21,1537,3027012,ggraph
2024-04-22,3072,3030084,ggraph
2024-04-23,3252,3033336,ggraph
2024-04-24,3055,3036391,ggraph
2024-04-25,2970,3039361,ggraph
2024-04-26,2520,3041881,ggraph
2024-04-27,1387,3043268,ggraph
2024-04-28,1697,3044965,ggraph
2024-04-29,2968,3047933,ggraph
2024-04-30,2788,3050721,ggraph
2024-05-01,2387,3053108,ggraph
2024-05-02,2753,3055861,ggraph
2024-05-03,2148,3058009,ggraph
2024-05-04,1489,3059498,ggraph
2024-05-05,1476,3060974,ggraph
2024-05-06,2689,3063663,ggraph
2024-05-07,2926,3066589,ggraph
2024-05-08,2883,3069472,ggraph
2024-05-09,2359,3071831,ggraph
2024-05-10,2275,3074106,ggraph
2024-05-11,1276,3075382,ggraph
2024-05-12,1051,3076433,ggraph
2024-05-13,2826,3079259,ggraph
2024-05-14,3057,3082316,ggraph
2024-05-15,2652,3084968,ggraph
2024-05-16,2508,3087476,ggraph
2024-05-17,2228,3089704,ggraph
2024-05-18,1396,3091100,ggraph
2024-05-19,1379,3092479,ggraph
2024-05-20,2532,3095011,ggraph
2024-05-21,3102,3098113,ggraph
2024-05-22,2821,3100934,ggraph
2024-05-23,2509,3103443,ggraph
2024-05-24,2245,3105688,ggraph
2024-05-25,1087,3106775,ggraph
2024-05-26,1389,3108164,ggraph
2024-05-27,2529,3110693,ggraph
2024-05-28,2714,3113407,ggraph
2024-05-29,2668,3116075,ggraph
2024-05-30,2484,3118559,ggraph
2024-05-31,2070,3120629,ggraph
2024-06-01,1187,3121816,ggraph
2024-06-02,1193,3123009,ggraph
2024-06-03,2431,3125440,ggraph
2024-06-04,2535,3127975,ggraph
2024-06-05,2523,3130498,ggraph
2024-06-06,2300,3132798,ggraph
2024-06-07,2061,3134859,ggraph
2024-06-08,1064,3135923,ggraph
2024-06-09,1200,3137123,ggraph
2024-06-10,2313,3139436,ggraph
2024-06-11,2672,3142108,ggraph
2024-06-12,2356,3144464,ggraph
2024-06-13,2341,3146805,ggraph
2024-06-14,2045,3148850,ggraph
2024-06-15,1018,3149868,ggraph
2024-06-16,1214,3151082,ggraph
2024-06-17,2312,3153394,ggraph
2024-06-18,2696,3156090,ggraph
2024-06-19,2275,3158365,ggraph
2024-06-20,2296,3160661,ggraph
2024-06-21,2074,3162735,ggraph
2024-06-22,1103,3163838,ggraph
2024-06-23,1105,3164943,ggraph
2024-06-24,2288,3167231,ggraph
2024-06-25,2298,3169529,ggraph
2024-06-26,2252,3171781,ggraph
2024-06-27,2044,3173825,ggraph
2024-06-28,1656,3175481,ggraph
2024-06-29,886,3176367,ggraph
2024-06-30,1005,3177372,ggraph
2024-07-01,1909,3179281,ggraph
2024-07-02,2334,3181615,ggraph
2024-07-03,2136,3183751,ggraph
2024-07-04,1917,3185668,ggraph
2024-07-05,1859,3187527,ggraph
2024-07-06,1083,3188610,ggraph
2024-07-07,1172,3189782,ggraph
2024-07-08,2164,3191946,ggraph
2024-07-09,2277,3194223,ggraph
2024-07-10,2248,3196471,ggraph
2024-07-11,2373,3198844,ggraph
2024-07-12,1821,3200665,ggraph
2024-07-13,964,3201629,ggraph
2024-07-14,1122,3202751,ggraph
2024-07-15,1872,3204623,ggraph
2024-07-16,2134,3206757,ggraph
2024-07-17,2178,3208935,ggraph
2024-07-18,2109,3211044,ggraph
2024-07-19,2026,3213070,ggraph
2024-07-20,1061,3214131,ggraph
2024-07-21,939,3215070,ggraph
2024-07-22,2190,3217260,ggraph
2024-07-23,1981,3219241,ggraph
2024-07-24,2145,3221386,ggraph
2024-07-25,2277,3223663,ggraph
2024-07-26,1762,3225425,ggraph
2024-07-27,928,3226353,ggraph
2024-07-28,921,3227274,ggraph
2024-07-29,1859,3229133,ggraph
2024-07-30,1996,3231129,ggraph
2024-07-31,1993,3233122,ggraph
2024-08-01,1909,3235031,ggraph
2024-08-02,1976,3237007,ggraph
2024-08-03,1079,3238086,ggraph
2024-08-04,1058,3239144,ggraph
2024-08-05,1838,3240982,ggraph
2024-08-06,2064,3243046,ggraph
2024-08-07,2006,3245052,ggraph
2024-08-08,1838,3246890,ggraph
2024-08-09,1648,3248538,ggraph
2024-08-10,1006,3249544,ggraph
2024-08-11,1016,3250560,ggraph
2024-08-12,2011,3252571,ggraph
2024-08-13,1942,3254513,ggraph
2024-08-14,1805,3256318,ggraph
2024-08-15,1716,3258034,ggraph
2024-08-16,1756,3259790,ggraph
2024-08-17,1038,3260828,ggraph
2024-08-18,942,3261770,ggraph
2024-08-19,1901,3263671,ggraph
2024-08-20,2008,3265679,ggraph
2024-08-21,2036,3267715,ggraph
2024-08-22,2018,3269733,ggraph
2024-08-23,1655,3271388,ggraph
2024-08-24,990,3272378,ggraph
2024-08-25,1024,3273402,ggraph
2024-08-26,1776,3275178,ggraph
2024-08-27,1983,3277161,ggraph
2024-08-28,1902,3279063,ggraph
2024-08-29,1885,3280948,ggraph
2024-08-30,1744,3282692,ggraph
2024-08-31,957,3283649,ggraph
2024-09-01,1081,3284730,ggraph
2024-09-02,2182,3286912,ggraph
2024-09-03,2059,3288971,ggraph
2024-09-04,1991,3290962,ggraph
2024-09-05,1968,3292930,ggraph
2024-09-06,1871,3294801,ggraph
2024-09-07,956,3295757,ggraph
2024-09-08,1112,3296869,ggraph
2024-09-09,2127,3298996,ggraph
2024-09-10,2099,3301095,ggraph
2024-09-11,2267,3303362,ggraph
2024-09-12,2067,3305429,ggraph
2024-09-13,1958,3307387,ggraph
2024-09-14,1011,3308398,ggraph
2024-09-15,977,3309375,ggraph
2024-09-16,1806,3311181,ggraph
2024-09-17,1859,3313040,ggraph
2024-09-18,2162,3315202,ggraph
2024-09-19,2107,3317309,ggraph
2024-09-20,2149,3319458,ggraph
2024-09-21,1106,3320564,ggraph
2024-09-22,1211,3321775,ggraph
2024-09-23,2254,3324029,ggraph
2024-09-24,2327,3326356,ggraph
2024-09-25,2385,3328741,ggraph
2024-09-26,2443,3331184,ggraph
2024-09-27,1982,3333166,ggraph
2024-09-28,1388,3334554,ggraph
2024-09-29,1282,3335836,ggraph
2024-09-30,1950,3337786,ggraph
2024-10-01,2182,3339968,ggraph
2024-10-02,1970,3341938,ggraph
2024-10-03,1948,3343886,ggraph
2024-10-04,1790,3345676,ggraph
2024-10-05,1232,3346908,ggraph
2024-10-06,1139,3348047,ggraph
2024-10-07,2212,3350259,ggraph
2024-10-08,2539,3352798,ggraph
2024-10-09,2571,3355369,ggraph
2024-10-10,2440,3357809,ggraph
2024-10-11,2133,3359942,ggraph
2024-10-12,1317,3361259,ggraph
2024-10-13,1236,3362495,ggraph
2024-10-14,2266,3364761,ggraph
2024-10-15,2376,3367137,ggraph
2024-10-16,2460,3369597,ggraph
2024-10-17,2627,3372224,ggraph
2024-10-18,2172,3374396,ggraph
2024-10-19,1145,3375541,ggraph
2024-10-20,1156,3376697,ggraph
2024-10-21,2346,3379043,ggraph
2024-10-22,2634,3381677,ggraph
2024-10-23,2590,3384267,ggraph
2024-10-24,2524,3386791,ggraph
2024-10-25,2137,3388928,ggraph
2024-10-26,1073,3390001,ggraph
2024-10-27,1227,3391228,ggraph
2024-10-28,2424,3393652,ggraph
2024-10-29,2567,3396219,ggraph
2024-10-30,2574,3398793,ggraph
2024-10-31,2214,3401007,ggraph
2024-11-01,1645,3402652,ggraph
2024-11-02,1053,3403705,ggraph
2024-11-03,1064,3404769,ggraph
2024-11-04,2399,3407168,ggraph
2024-11-05,2525,3409693,ggraph
2024-11-06,2263,3411956,ggraph
2024-11-07,2329,3414285,ggraph
2024-11-08,1994,3416279,ggraph
2024-11-09,1203,3417482,ggraph
2024-11-10,1155,3418637,ggraph
2024-11-11,2103,3420740,ggraph
2024-11-12,2355,3423095,ggraph
2024-11-13,2357,3425452,ggraph
2024-11-14,2214,3427666,ggraph
2024-11-15,1951,3429617,ggraph
2024-11-16,1107,3430724,ggraph
2024-11-17,1210,3431934,ggraph
2024-11-18,2308,3434242,ggraph
2024-11-19,2462,3436704,ggraph
2024-11-20,2392,3439096,ggraph
2024-11-21,2267,3441363,ggraph
2024-11-22,2056,3443419,ggraph
2024-11-23,1086,3444505,ggraph
2024-11-24,1357,3445862,ggraph
2024-11-25,2314,3448176,ggraph
2024-11-26,2373,3450549,ggraph
2024-11-27,2272,3452821,ggraph
2024-11-28,1772,3454593,ggraph
2024-11-29,1726,3456319,ggraph
2024-11-30,1093,3457412,ggraph
2024-12-01,1170,3458582,ggraph
2024-12-02,2292,3460874,ggraph
2024-12-03,2250,3463124,ggraph
2024-12-04,2289,3465413,ggraph
2024-12-05,2192,3467605,ggraph
2024-12-06,1777,3469382,ggraph
2024-12-07,1182,3470564,ggraph
2024-12-08,1043,3471607,ggraph
2024-12-09,2159,3473766,ggraph
2024-12-10,2287,3476053,ggraph
2024-12-11,1953,3478006,ggraph
2024-12-12,1880,3479886,ggraph
2024-12-13,1733,3481619,ggraph
2024-12-14,939,3482558,ggraph
2024-12-15,1074,3483632,ggraph
2024-12-16,1883,3485515,ggraph
2024-12-17,2085,3487600,ggraph
2024-12-18,1870,3489470,ggraph
2024-12-19,1799,3491269,ggraph
2024-12-20,1301,3492570,ggraph
2024-12-21,897,3493467,ggraph
2024-12-22,1039,3494506,ggraph
2024-12-23,1074,3495580,ggraph
2024-12-24,951,3496531,ggraph
2024-12-25,769,3497300,ggraph
2024-12-26,859,3498159,ggraph
2024-12-27,956,3499115,ggraph
2024-12-28,671,3499786,ggraph
2024-12-29,785,3500571,ggraph
2024-12-30,1072,3501643,ggraph
2024-12-31,920,3502563,ggraph
2025-01-01,569,3503132,ggraph
2025-01-02,1134,3504266,ggraph
2025-01-03,1063,3505329,ggraph
2025-01-04,878,3506207,ggraph
2025-01-05,720,3506927,ggraph
2025-01-06,1407,3508334,ggraph
2025-01-07,1461,3509795,ggraph
2025-01-08,1535,3511330,ggraph
2025-01-09,1494,3512824,ggraph
2025-01-10,1375,3514199,ggraph
2025-01-11,832,3515031,ggraph
2025-01-12,901,3515932,ggraph
2025-01-13,1410,3517342,ggraph
2025-01-14,1715,3519057,ggraph
2025-01-15,1565,3520622,ggraph
2025-01-16,1609,3522231,ggraph
2025-01-17,1453,3523684,ggraph
2025-01-18,926,3524610,ggraph
2025-01-19,846,3525456,ggraph
2025-01-20,1552,3527008,ggraph
2025-01-21,1624,3528632,ggraph
2025-01-22,1656,3530288,ggraph
2025-01-23,1658,3531946,ggraph
2025-01-24,1486,3533432,ggraph
2025-01-25,796,3534228,ggraph
2025-01-26,804,3535032,ggraph
2025-01-27,1363,3536395,ggraph
2025-01-28,1642,3538037,ggraph
2025-01-29,1617,3539654,ggraph
2025-01-30,1577,3541231,ggraph
2025-01-31,1543,3542774,ggraph
2025-02-01,903,3543677,ggraph
2025-02-02,969,3544646,ggraph
2025-02-03,1630,3546276,ggraph
2025-02-04,1979,3548255,ggraph
2025-02-05,2014,3550269,ggraph
2025-02-06,1844,3552113,ggraph
2025-02-07,2164,3554277,ggraph
2025-02-08,1058,3555335,ggraph
2025-02-09,1070,3556405,ggraph
2025-02-10,2078,3558483,ggraph
2025-02-11,2057,3560540,ggraph
2025-02-12,2214,3562754,ggraph
2025-02-13,2192,3564946,ggraph
2025-02-14,1839,3566785,ggraph
2025-02-15,999,3567784,ggraph
2025-02-16,1095,3568879,ggraph
2025-02-17,2040,3570919,ggraph
2025-02-18,2324,3573243,ggraph
2025-02-19,2122,3575365,ggraph
2025-02-20,1997,3577362,ggraph
2025-02-21,1748,3579110,ggraph
2025-02-22,1151,3580261,ggraph
2025-02-23,939,3581200,ggraph
2025-02-24,2160,3583360,ggraph
2025-02-25,2132,3585492,ggraph
2025-02-26,2707,3588199,ggraph
2025-02-27,2587,3590786,ggraph
2025-02-28,1842,3592628,ggraph
2025-03-01,1064,3593692,ggraph
2025-03-02,1183,3594875,ggraph
2025-03-03,1972,3596847,ggraph
2025-03-04,2218,3599065,ggraph
2025-03-05,2389,3601454,ggraph
2025-03-06,2205,3603659,ggraph
2025-03-07,1781,3605440,ggraph
2025-03-08,1201,3606641,ggraph
2025-03-09,1170,3607811,ggraph
2025-03-10,2120,3609931,ggraph
2025-03-11,2554,3612485,ggraph
2025-03-12,2249,3614734,ggraph
2025-03-13,2299,3617033,ggraph
2025-03-14,2026,3619059,ggraph
2025-03-15,1355,3620414,ggraph
2025-03-16,1029,3621443,ggraph
2025-03-17,2153,3623596,ggraph
2025-03-18,2176,3625772,ggraph
2025-03-19,2300,3628072,ggraph
2025-03-20,2337,3630409,ggraph
2025-03-21,2020,3632429,ggraph
2025-03-22,1008,3633437,ggraph
2025-03-23,955,3634392,ggraph
2025-03-24,2601,3636993,ggraph
2025-03-25,2555,3639548,ggraph
2025-03-26,2367,3641915,ggraph
2025-03-27,2308,3644223,ggraph
2025-03-28,1797,3646020,ggraph
2025-03-29,1113,3647133,ggraph
2025-03-30,1136,3648269,ggraph
2020-06-04,94,94,ggtext
2020-06-05,122,216,ggtext
2020-06-06,77,293,ggtext
2020-06-07,57,350,ggtext
2020-06-08,110,460,ggtext
2020-06-09,98,558,ggtext
2020-06-10,124,682,ggtext
2020-06-11,84,766,ggtext
2020-06-12,78,844,ggtext
2020-06-13,44,888,ggtext
2020-06-14,57,945,ggtext
2020-06-15,107,1052,ggtext
2020-06-16,118,1170,ggtext
2020-06-17,131,1301,ggtext
2020-06-18,109,1410,ggtext
2020-06-19,84,1494,ggtext
2020-06-20,50,1544,ggtext
2020-06-21,46,1590,ggtext
2020-06-22,109,1699,ggtext
2020-06-23,85,1784,ggtext
2020-06-24,68,1852,ggtext
2020-06-25,65,1917,ggtext
2020-06-26,62,1979,ggtext
2020-06-27,34,2013,ggtext
2020-06-28,38,2051,ggtext
2020-06-29,77,2128,ggtext
2020-06-30,84,2212,ggtext
2020-07-01,74,2286,ggtext
2020-07-02,90,2376,ggtext
2020-07-03,86,2462,ggtext
2020-07-04,77,2539,ggtext
2020-07-05,116,2655,ggtext
2020-07-06,121,2776,ggtext
2020-07-07,154,2930,ggtext
2020-07-08,151,3081,ggtext
2020-07-09,159,3240,ggtext
2020-07-10,125,3365,ggtext
2020-07-11,92,3457,ggtext
2020-07-12,96,3553,ggtext
2020-07-13,118,3671,ggtext
2020-07-14,123,3794,ggtext
2020-07-15,157,3951,ggtext
2020-07-16,131,4082,ggtext
2020-07-17,129,4211,ggtext
2020-07-18,90,4301,ggtext
2020-07-19,108,4409,ggtext
2020-07-20,113,4522,ggtext
2020-07-21,132,4654,ggtext
2020-07-22,113,4767,ggtext
2020-07-23,113,4880,ggtext
2020-07-24,137,5017,ggtext
2020-07-25,112,5129,ggtext
2020-07-26,89,5218,ggtext
2020-07-27,122,5340,ggtext
2020-07-28,165,5505,ggtext
2020-07-29,136,5641,ggtext
2020-07-30,110,5751,ggtext
2020-07-31,109,5860,ggtext
2020-08-01,73,5933,ggtext
2020-08-02,67,6000,ggtext
2020-08-03,115,6115,ggtext
2020-08-04,141,6256,ggtext
2020-08-05,1593,7849,ggtext
2020-08-06,1411,9260,ggtext
2020-08-07,1006,10266,ggtext
2020-08-08,764,11030,ggtext
2020-08-09,745,11775,ggtext
2020-08-10,1173,12948,ggtext
2020-08-11,1329,14277,ggtext
2020-08-12,1214,15491,ggtext
2020-08-13,1131,16622,ggtext
2020-08-14,1051,17673,ggtext
2020-08-15,756,18429,ggtext
2020-08-16,726,19155,ggtext
2020-08-17,1195,20350,ggtext
2020-08-18,1074,21424,ggtext
2020-08-19,1144,22568,ggtext
2020-08-20,1191,23759,ggtext
2020-08-21,1123,24882,ggtext
2020-08-22,845,25727,ggtext
2020-08-23,846,26573,ggtext
2020-08-24,1318,27891,ggtext
2020-08-25,1308,29199,ggtext
2020-08-26,1552,30751,ggtext
2020-08-27,1322,32073,ggtext
2020-08-28,1215,33288,ggtext
2020-08-29,790,34078,ggtext
2020-08-30,701,34779,ggtext
2020-08-31,1215,35994,ggtext
2020-09-01,1272,37266,ggtext
2020-09-02,1336,38602,ggtext
2020-09-03,1318,39920,ggtext
2020-09-04,1098,41018,ggtext
2020-09-05,798,41816,ggtext
2020-09-06,807,42623,ggtext
2020-09-07,930,43553,ggtext
2020-09-08,1387,44940,ggtext
2020-09-09,1490,46430,ggtext
2020-09-10,1549,47979,ggtext
2020-09-11,1381,49360,ggtext
2020-09-12,891,50251,ggtext
2020-09-13,836,51087,ggtext
2020-09-14,1293,52380,ggtext
2020-09-15,1444,53824,ggtext
2020-09-16,1551,55375,ggtext
2020-09-17,1553,56928,ggtext
2020-09-18,1380,58308,ggtext
2020-09-19,877,59185,ggtext
2020-09-20,848,60033,ggtext
2020-09-21,1241,61274,ggtext
2020-09-22,1350,62624,ggtext
2020-09-23,1180,63804,ggtext
2020-09-24,1272,65076,ggtext
2020-09-25,1347,66423,ggtext
2020-09-26,903,67326,ggtext
2020-09-27,895,68221,ggtext
2020-09-28,1294,69515,ggtext
2020-09-29,1496,71011,ggtext
2020-09-30,1340,72351,ggtext
2020-10-01,1259,73610,ggtext
2020-10-02,1157,74767,ggtext
2020-10-03,734,75501,ggtext
2020-10-04,815,76316,ggtext
2020-10-05,1294,77610,ggtext
2020-10-06,1248,78858,ggtext
2020-10-07,1239,80097,ggtext
2020-10-08,1437,81534,ggtext
2020-10-09,1436,82970,ggtext
2020-10-10,931,83901,ggtext
2020-10-11,753,84654,ggtext
2020-10-12,1229,85883,ggtext
2020-10-13,1362,87245,ggtext
2020-10-14,1185,88430,ggtext
2020-10-15,1295,89725,ggtext
2020-10-16,1286,91011,ggtext
2020-10-17,769,91780,ggtext
2020-10-18,856,92636,ggtext
2020-10-19,1386,94022,ggtext
2020-10-20,1430,95452,ggtext
2020-10-21,1499,96951,ggtext
2020-10-22,1871,98822,ggtext
2020-10-23,1482,100304,ggtext
2020-10-24,1148,101452,ggtext
2020-10-25,1006,102458,ggtext
2020-10-26,1221,103679,ggtext
2020-10-27,1599,105278,ggtext
2020-10-28,1476,106754,ggtext
2020-10-29,1354,108108,ggtext
2020-10-30,1450,109558,ggtext
2020-10-31,906,110464,ggtext
2020-11-01,609,111073,ggtext
2020-11-02,1132,112205,ggtext
2020-11-03,1526,113731,ggtext
2020-11-04,1541,115272,ggtext
2020-11-05,1584,116856,ggtext
2020-11-06,1410,118266,ggtext
2020-11-07,1082,119348,ggtext
2020-11-08,920,120268,ggtext
2020-11-09,1366,121634,ggtext
2020-11-10,1401,123035,ggtext
2020-11-11,1332,124367,ggtext
2020-11-12,1518,125885,ggtext
2020-11-13,1314,127199,ggtext
2020-11-14,1063,128262,ggtext
2020-11-15,1089,129351,ggtext
2020-11-16,1311,130662,ggtext
2020-11-17,1399,132061,ggtext
2020-11-18,1436,133497,ggtext
2020-11-19,1317,134814,ggtext
2020-11-20,1288,136102,ggtext
2020-11-21,1042,137144,ggtext
2020-11-22,1047,138191,ggtext
2020-11-23,1383,139574,ggtext
2020-11-24,1517,141091,ggtext
2020-11-25,1106,142197,ggtext
2020-11-26,1120,143317,ggtext
2020-11-27,1194,144511,ggtext
2020-11-28,1033,145544,ggtext
2020-11-29,1055,146599,ggtext
2020-11-30,1386,147985,ggtext
2020-12-01,1506,149491,ggtext
2020-12-02,1525,151016,ggtext
2020-12-03,1617,152633,ggtext
2020-12-04,1647,154280,ggtext
2020-12-05,1175,155455,ggtext
2020-12-06,1162,156617,ggtext
2020-12-07,1499,158116,ggtext
2020-12-08,1359,159475,ggtext
2020-12-09,1533,161008,ggtext
2020-12-10,1331,162339,ggtext
2020-12-11,1563,163902,ggtext
2020-12-12,1001,164903,ggtext
2020-12-13,920,165823,ggtext
2020-12-14,1435,167258,ggtext
2020-12-15,1701,168959,ggtext
2020-12-16,1607,170566,ggtext
2020-12-17,1857,172423,ggtext
2020-12-18,1705,174128,ggtext
2020-12-19,1357,175485,ggtext
2020-12-20,1313,176798,ggtext
2020-12-21,1647,178445,ggtext
2020-12-22,1671,180116,ggtext
2020-12-23,1693,181809,ggtext
2020-12-24,1482,183291,ggtext
2020-12-25,1287,184578,ggtext
2020-12-26,1253,185831,ggtext
2020-12-27,1264,187095,ggtext
2020-12-28,1479,188574,ggtext
2020-12-29,1369,189943,ggtext
2020-12-30,1165,191108,ggtext
2020-12-31,1011,192119,ggtext
2021-01-01,982,193101,ggtext
2021-01-02,1094,194195,ggtext
2021-01-03,1021,195216,ggtext
2021-01-04,1801,197017,ggtext
2021-01-05,1826,198843,ggtext
2021-01-06,1881,200724,ggtext
2021-01-07,1863,202587,ggtext
2021-01-08,1726,204313,ggtext
2021-01-09,1274,205587,ggtext
2021-01-10,1260,206847,ggtext
2021-01-11,1696,208543,ggtext
2021-01-12,1799,210342,ggtext
2021-01-13,1823,212165,ggtext
2021-01-14,1687,213852,ggtext
2021-01-15,1665,215517,ggtext
2021-01-16,1353,216870,ggtext
2021-01-17,1225,218095,ggtext
2021-01-18,1683,219778,ggtext
2021-01-19,1741,221519,ggtext
2021-01-20,1663,223182,ggtext
2021-01-21,1815,224997,ggtext
2021-01-22,1991,226988,ggtext
2021-01-23,1501,228489,ggtext
2021-01-24,1318,229807,ggtext
2021-01-25,1844,231651,ggtext
2021-01-26,1805,233456,ggtext
2021-01-27,1498,234954,ggtext
2021-01-28,1681,236635,ggtext
2021-01-29,1568,238203,ggtext
2021-01-30,1099,239302,ggtext
2021-01-31,1014,240316,ggtext
2021-02-01,1978,242294,ggtext
2021-02-02,1552,243846,ggtext
2021-02-03,1801,245647,ggtext
2021-02-04,2051,247698,ggtext
2021-02-05,1546,249244,ggtext
2021-02-06,1235,250479,ggtext
2021-02-07,1081,251560,ggtext
2021-02-08,1879,253439,ggtext
2021-02-09,1522,254961,ggtext
2021-02-10,1597,256558,ggtext
2021-02-11,1639,258197,ggtext
2021-02-12,1653,259850,ggtext
2021-02-13,1059,260909,ggtext
2021-02-14,895,261804,ggtext
2021-02-15,1508,263312,ggtext
2021-02-16,1612,264924,ggtext
2021-02-17,1297,266221,ggtext
2021-02-18,1157,267378,ggtext
2021-02-19,1227,268605,ggtext
2021-02-20,897,269502,ggtext
2021-02-21,798,270300,ggtext
2021-02-22,1766,272066,ggtext
2021-02-23,1465,273531,ggtext
2021-02-24,1467,274998,ggtext
2021-02-25,1199,276197,ggtext
2021-02-26,985,277182,ggtext
2021-02-27,823,278005,ggtext
2021-02-28,574,278579,ggtext
2021-03-01,1210,279789,ggtext
2021-03-02,1332,281121,ggtext
2021-03-03,1519,282640,ggtext
2021-03-04,1464,284104,ggtext
2021-03-05,1345,285449,ggtext
2021-03-06,792,286241,ggtext
2021-03-07,757,286998,ggtext
2021-03-08,1360,288358,ggtext
2021-03-09,2390,290748,ggtext
2021-03-10,2961,293709,ggtext
2021-03-11,3258,296967,ggtext
2021-03-12,2501,299468,ggtext
2021-03-13,1664,301132,ggtext
2021-03-14,1654,302786,ggtext
2021-03-15,3000,305786,ggtext
2021-03-16,2981,308767,ggtext
2021-03-17,2879,311646,ggtext
2021-03-18,3012,314658,ggtext
2021-03-19,2809,317467,ggtext
2021-03-20,1740,319207,ggtext
2021-03-21,1769,320976,ggtext
2021-03-22,2862,323838,ggtext
2021-03-23,2656,326494,ggtext
2021-03-24,2481,328975,ggtext
2021-03-25,2288,331263,ggtext
2021-03-26,2256,333519,ggtext
2021-03-27,1366,334885,ggtext
2021-03-28,1700,336585,ggtext
2021-03-29,2621,339206,ggtext
2021-03-30,2373,341579,ggtext
2021-03-31,2441,344020,ggtext
2021-04-01,2306,346326,ggtext
2021-04-02,1815,348141,ggtext
2021-04-03,1317,349458,ggtext
2021-04-04,1582,351040,ggtext
2021-04-05,2269,353309,ggtext
2021-04-06,2515,355824,ggtext
2021-04-07,2558,358382,ggtext
2021-04-08,2572,360954,ggtext
2021-04-09,2473,363427,ggtext
2021-04-10,1601,365028,ggtext
2021-04-11,1538,366566,ggtext
2021-04-12,2472,369038,ggtext
2021-04-13,2260,371298,ggtext
2021-04-14,2229,373527,ggtext
2021-04-15,2177,375704,ggtext
2021-04-16,1905,377609,ggtext
2021-04-17,1252,378861,ggtext
2021-04-18,1207,380068,ggtext
2021-04-19,1903,381971,ggtext
2021-04-20,2010,383981,ggtext
2021-04-21,1926,385907,ggtext
2021-04-22,2063,387970,ggtext
2021-04-23,1793,389763,ggtext
2021-04-24,1250,391013,ggtext
2021-04-25,1250,392263,ggtext
2021-04-26,2008,394271,ggtext
2021-04-27,1950,396221,ggtext
2021-04-28,1887,398108,ggtext
2021-04-29,1861,399969,ggtext
2021-04-30,1575,401544,ggtext
2021-05-01,1048,402592,ggtext
2021-05-02,1097,403689,ggtext
2021-05-03,1858,405547,ggtext
2021-05-04,1949,407496,ggtext
2021-05-05,1837,409333,ggtext
2021-05-06,1911,411244,ggtext
2021-05-07,1707,412951,ggtext
2021-05-08,1146,414097,ggtext
2021-05-09,1080,415177,ggtext
2021-05-10,2115,417292,ggtext
2021-05-11,2229,419521,ggtext
2021-05-12,2026,421547,ggtext
2021-05-13,1750,423297,ggtext
2021-05-14,1585,424882,ggtext
2021-05-15,1226,426108,ggtext
2021-05-16,1112,427220,ggtext
2021-05-17,1837,429057,ggtext
2021-05-18,2339,431396,ggtext
2021-05-19,2500,433896,ggtext
2021-05-20,2292,436188,ggtext
2021-05-21,1599,437787,ggtext
2021-05-22,1243,439030,ggtext
2021-05-23,1212,440242,ggtext
2021-05-24,1949,442191,ggtext
2021-05-25,2399,444590,ggtext
2021-05-26,2263,446853,ggtext
2021-05-27,2038,448891,ggtext
2021-05-28,1781,450672,ggtext
2021-05-29,1175,451847,ggtext
2021-05-30,1230,453077,ggtext
2021-05-31,1719,454796,ggtext
2021-06-01,2075,456871,ggtext
2021-06-02,2056,458927,ggtext
2021-06-03,2061,460988,ggtext
2021-06-04,1948,462936,ggtext
2021-06-05,1187,464123,ggtext
2021-06-06,1312,465435,ggtext
2021-06-07,2058,467493,ggtext
2021-06-08,2183,469676,ggtext
2021-06-09,2014,471690,ggtext
2021-06-10,1892,473582,ggtext
2021-06-11,1822,475404,ggtext
2021-06-12,1067,476471,ggtext
2021-06-13,1111,477582,ggtext
2021-06-14,1998,479580,ggtext
2021-06-15,1973,481553,ggtext
2021-06-16,1909,483462,ggtext
2021-06-17,1930,485392,ggtext
2021-06-18,1655,487047,ggtext
2021-06-19,1186,488233,ggtext
2021-06-20,1103,489336,ggtext
2021-06-21,1836,491172,ggtext
2021-06-22,1967,493139,ggtext
2021-06-23,2112,495251,ggtext
2021-06-24,1933,497184,ggtext
2021-06-25,1751,498935,ggtext
2021-06-26,1104,500039,ggtext
2021-06-27,1041,501080,ggtext
2021-06-28,1921,503001,ggtext
2021-06-29,2004,505005,ggtext
2021-06-30,1912,506917,ggtext
2021-07-01,2112,509029,ggtext
2021-07-02,1865,510894,ggtext
2021-07-03,1349,512243,ggtext
2021-07-04,1375,513618,ggtext
2021-07-05,1862,515480,ggtext
2021-07-06,2046,517526,ggtext
2021-07-07,2026,519552,ggtext
2021-07-08,1888,521440,ggtext
2021-07-09,1528,522968,ggtext
2021-07-10,1071,524039,ggtext
2021-07-11,1145,525184,ggtext
2021-07-12,1941,527125,ggtext
2021-07-13,1913,529038,ggtext
2021-07-14,1977,531015,ggtext
2021-07-15,2039,533054,ggtext
2021-07-16,1772,534826,ggtext
2021-07-17,1206,536032,ggtext
2021-07-18,1200,537232,ggtext
2021-07-19,2030,539262,ggtext
2021-07-20,2016,541278,ggtext
2021-07-21,1917,543195,ggtext
2021-07-22,1878,545073,ggtext
2021-07-23,1706,546779,ggtext
2021-07-24,1151,547930,ggtext
2021-07-25,1266,549196,ggtext
2021-07-26,1926,551122,ggtext
2021-07-27,1853,552975,ggtext
2021-07-28,1930,554905,ggtext
2021-07-29,1725,556630,ggtext
2021-07-30,1612,558242,ggtext
2021-07-31,1094,559336,ggtext
2021-08-01,1223,560559,ggtext
2021-08-02,1756,562315,ggtext
2021-08-03,1870,564185,ggtext
2021-08-04,1902,566087,ggtext
2021-08-05,1726,567813,ggtext
2021-08-06,1770,569583,ggtext
2021-08-07,1172,570755,ggtext
2021-08-08,1197,571952,ggtext
2021-08-09,1828,573780,ggtext
2021-08-10,2386,576166,ggtext
2021-08-11,2196,578362,ggtext
2021-08-12,1855,580217,ggtext
2021-08-13,1697,581914,ggtext
2021-08-14,1423,583337,ggtext
2021-08-15,1316,584653,ggtext
2021-08-16,2002,586655,ggtext
2021-08-17,2057,588712,ggtext
2021-08-18,2048,590760,ggtext
2021-08-19,2046,592806,ggtext
2021-08-20,1898,594704,ggtext
2021-08-21,1215,595919,ggtext
2021-08-22,1255,597174,ggtext
2021-08-23,2016,599190,ggtext
2021-08-24,1938,601128,ggtext
2021-08-25,1879,603007,ggtext
2021-08-26,1883,604890,ggtext
2021-08-27,1565,606455,ggtext
2021-08-28,1234,607689,ggtext
2021-08-29,1153,608842,ggtext
2021-08-30,2018,610860,ggtext
2021-08-31,1971,612831,ggtext
2021-09-01,2116,614947,ggtext
2021-09-02,1880,616827,ggtext
2021-09-03,1763,618590,ggtext
2021-09-04,1195,619785,ggtext
2021-09-05,1240,621025,ggtext
2021-09-06,1565,622590,ggtext
2021-09-07,2189,624779,ggtext
2021-09-08,2014,626793,ggtext
2021-09-09,1949,628742,ggtext
2021-09-10,1600,630342,ggtext
2021-09-11,1074,631416,ggtext
2021-09-12,1088,632504,ggtext
2021-09-13,1723,634227,ggtext
2021-09-14,1847,636074,ggtext
2021-09-15,1869,637943,ggtext
2021-09-16,1908,639851,ggtext
2021-09-17,1771,641622,ggtext
2021-09-18,1252,642874,ggtext
2021-09-19,1075,643949,ggtext
2021-09-20,2043,645992,ggtext
2021-09-21,2067,648059,ggtext
2021-09-22,1721,649780,ggtext
2021-09-23,2027,651807,ggtext
2021-09-24,1730,653537,ggtext
2021-09-25,824,654361,ggtext
2021-09-26,1097,655458,ggtext
2021-09-27,1923,657381,ggtext
2021-09-28,1889,659270,ggtext
2021-09-29,1858,661128,ggtext
2021-09-30,2006,663134,ggtext
2021-10-01,1760,664894,ggtext
2021-10-02,902,665796,ggtext
2021-10-03,948,666744,ggtext
2021-10-04,1922,668666,ggtext
2021-10-05,1986,670652,ggtext
2021-10-06,1693,672345,ggtext
2021-10-07,1731,674076,ggtext
2021-10-08,1424,675500,ggtext
2021-10-09,868,676368,ggtext
2021-10-10,776,677144,ggtext
2021-10-11,1638,678782,ggtext
2021-10-12,2068,680850,ggtext
2021-10-13,1714,682564,ggtext
2021-10-14,2202,684766,ggtext
2021-10-15,1627,686393,ggtext
2021-10-16,820,687213,ggtext
2021-10-17,813,688026,ggtext
2021-10-18,1719,689745,ggtext
2021-10-19,1795,691540,ggtext
2021-10-20,1798,693338,ggtext
2021-10-21,2144,695482,ggtext
2021-10-22,1719,697201,ggtext
2021-10-23,993,698194,ggtext
2021-10-24,1031,699225,ggtext
2021-10-25,2018,701243,ggtext
2021-10-26,2159,703402,ggtext
2021-10-27,2160,705562,ggtext
2021-10-28,2214,707776,ggtext
2021-10-29,1878,709654,ggtext
2021-10-30,1095,710749,ggtext
2021-10-31,1067,711816,ggtext
2021-11-01,2023,713839,ggtext
2021-11-02,2166,716005,ggtext
2021-11-03,2022,718027,ggtext
2021-11-04,1986,720013,ggtext
2021-11-05,1968,721981,ggtext
2021-11-06,1258,723239,ggtext
2021-11-07,1152,724391,ggtext
2021-11-08,2105,726496,ggtext
2021-11-09,2081,728577,ggtext
2021-11-10,2090,730667,ggtext
2021-11-11,2121,732788,ggtext
2021-11-12,1891,734679,ggtext
2021-11-13,1070,735749,ggtext
2021-11-14,1218,736967,ggtext
2021-11-15,1889,738856,ggtext
2021-11-16,1947,740803,ggtext
2021-11-17,1876,742679,ggtext
2021-11-18,2006,744685,ggtext
2021-11-19,1711,746396,ggtext
2021-11-20,1135,747531,ggtext
2021-11-21,1049,748580,ggtext
2021-11-22,1867,750447,ggtext
2021-11-23,1757,752204,ggtext
2021-11-24,1746,753950,ggtext
2021-11-25,1417,755367,ggtext
2021-11-26,1248,756615,ggtext
2021-11-27,871,757486,ggtext
2021-11-28,885,758371,ggtext
2021-11-29,1819,760190,ggtext
2021-11-30,1913,762103,ggtext
2021-12-01,1919,764022,ggtext
2021-12-02,1992,766014,ggtext
2021-12-03,1487,767501,ggtext
2021-12-04,917,768418,ggtext
2021-12-05,889,769307,ggtext
2021-12-06,1715,771022,ggtext
2021-12-07,1961,772983,ggtext
2021-12-08,1467,774450,ggtext
2021-12-09,1603,776053,ggtext
2021-12-10,1209,777262,ggtext
2021-12-11,777,778039,ggtext
2021-12-12,889,778928,ggtext
2021-12-13,1442,780370,ggtext
2021-12-14,1503,781873,ggtext
2021-12-15,1553,783426,ggtext
2021-12-16,1428,784854,ggtext
2021-12-17,1192,786046,ggtext
2021-12-18,703,786749,ggtext
2021-12-19,697,787446,ggtext
2021-12-20,1320,788766,ggtext
2021-12-21,1338,790104,ggtext
2021-12-22,1351,791455,ggtext
2021-12-23,1023,792478,ggtext
2021-12-24,720,793198,ggtext
2021-12-25,543,793741,ggtext
2021-12-26,607,794348,ggtext
2021-12-27,906,795254,ggtext
2021-12-28,886,796140,ggtext
2021-12-29,918,797058,ggtext
2021-12-30,912,797970,ggtext
2021-12-31,640,798610,ggtext
2022-01-01,614,799224,ggtext
2022-01-02,662,799886,ggtext
2022-01-03,1114,801000,ggtext
2022-01-04,1343,802343,ggtext
2022-01-05,1272,803615,ggtext
2022-01-06,1415,805030,ggtext
2022-01-07,1243,806273,ggtext
2022-01-08,701,806974,ggtext
2022-01-09,812,807786,ggtext
2022-01-10,1474,809260,ggtext
2022-01-11,1567,810827,ggtext
2022-01-12,1602,812429,ggtext
2022-01-13,1628,814057,ggtext
2022-01-14,1426,815483,ggtext
2022-01-15,652,816135,ggtext
2022-01-16,778,816913,ggtext
2022-01-17,1447,818360,ggtext
2022-01-18,1500,819860,ggtext
2022-01-19,1574,821434,ggtext
2022-01-20,1632,823066,ggtext
2022-01-21,1445,824511,ggtext
2022-01-22,788,825299,ggtext
2022-01-23,712,826011,ggtext
2022-01-24,1678,827689,ggtext
2022-01-25,1604,829293,ggtext
2022-01-26,1435,830728,ggtext
2022-01-27,1416,832144,ggtext
2022-01-28,1305,833449,ggtext
2022-01-29,770,834219,ggtext
2022-01-30,723,834942,ggtext
2022-01-31,1474,836416,ggtext
2022-02-01,1416,837832,ggtext
2022-02-02,1560,839392,ggtext
2022-02-03,1508,840900,ggtext
2022-02-04,1377,842277,ggtext
2022-02-05,685,842962,ggtext
2022-02-06,731,843693,ggtext
2022-02-07,1657,845350,ggtext
2022-02-08,1479,846829,ggtext
2022-02-09,1640,848469,ggtext
2022-02-10,1790,850259,ggtext
2022-02-11,1392,851651,ggtext
2022-02-12,775,852426,ggtext
2022-02-13,798,853224,ggtext
2022-02-14,1600,854824,ggtext
2022-02-15,2060,856884,ggtext
2022-02-16,1720,858604,ggtext
2022-02-17,1571,860175,ggtext
2022-02-18,1434,861609,ggtext
2022-02-19,884,862493,ggtext
2022-02-20,799,863292,ggtext
2022-02-21,1503,864795,ggtext
2022-02-22,1578,866373,ggtext
2022-02-23,1760,868133,ggtext
2022-02-24,1618,869751,ggtext
2022-02-25,1414,871165,ggtext
2022-02-26,724,871889,ggtext
2022-02-27,817,872706,ggtext
2022-02-28,1472,874178,ggtext
2022-03-01,1645,875823,ggtext
2022-03-02,1702,877525,ggtext
2022-03-03,1607,879132,ggtext
2022-03-04,1432,880564,ggtext
2022-03-05,923,881487,ggtext
2022-03-06,900,882387,ggtext
2022-03-07,1741,884128,ggtext
2022-03-08,1854,885982,ggtext
2022-03-09,1800,887782,ggtext
2022-03-10,1936,889718,ggtext
2022-03-11,1421,891139,ggtext
2022-03-12,770,891909,ggtext
2022-03-13,828,892737,ggtext
2022-03-14,1654,894391,ggtext
2022-03-15,3724,898115,ggtext
2022-03-16,2099,900214,ggtext
2022-03-17,4074,904288,ggtext
2022-03-18,2482,906770,ggtext
2022-03-19,1050,907820,ggtext
2022-03-20,1004,908824,ggtext
2022-03-21,3498,912322,ggtext
2022-03-22,1954,914276,ggtext
2022-03-23,2224,916500,ggtext
2022-03-24,1626,918126,ggtext
2022-03-25,1533,919659,ggtext
2022-03-26,1264,920923,ggtext
2022-03-27,1188,922111,ggtext
2022-03-28,1940,924051,ggtext
2022-03-29,1871,925922,ggtext
2022-03-30,1652,927574,ggtext
2022-03-31,1577,929151,ggtext
2022-04-01,1449,930600,ggtext
2022-04-02,831,931431,ggtext
2022-04-03,893,932324,ggtext
2022-04-04,1645,933969,ggtext
2022-04-05,1755,935724,ggtext
2022-04-06,1845,937569,ggtext
2022-04-07,1650,939219,ggtext
2022-04-08,1425,940644,ggtext
2022-04-09,864,941508,ggtext
2022-04-10,826,942334,ggtext
2022-04-11,1784,944118,ggtext
2022-04-12,1772,945890,ggtext
2022-04-13,1898,947788,ggtext
2022-04-14,3205,950993,ggtext
2022-04-15,1629,952622,ggtext
2022-04-16,991,953613,ggtext
2022-04-17,1108,954721,ggtext
2022-04-18,5218,959939,ggtext
2022-04-19,4247,964186,ggtext
2022-04-20,6040,970226,ggtext
2022-04-21,4146,974372,ggtext
2022-04-22,4628,979000,ggtext
2022-04-23,1088,980088,ggtext
2022-04-24,1310,981398,ggtext
2022-04-25,3007,984405,ggtext
2022-04-26,3333,987738,ggtext
2022-04-27,2866,990604,ggtext
2022-04-28,3722,994326,ggtext
2022-04-29,3776,998102,ggtext
2022-04-30,2533,1000635,ggtext
2022-05-01,1535,1002170,ggtext
2022-05-02,4988,1007158,ggtext
2022-05-03,5381,1012539,ggtext
2022-05-04,7242,1019781,ggtext
2022-05-05,4347,1024128,ggtext
2022-05-06,7560,1031688,ggtext
2022-05-07,3771,1035459,ggtext
2022-05-08,6260,1041719,ggtext
2022-05-09,8932,1050651,ggtext
2022-05-10,10478,1061129,ggtext
2022-05-11,6620,1067749,ggtext
2022-05-12,8491,1076240,ggtext
2022-05-13,6805,1083045,ggtext
2022-05-14,929,1083974,ggtext
2022-05-15,1069,1085043,ggtext
2022-05-16,5193,1090236,ggtext
2022-05-17,6369,1096605,ggtext
2022-05-18,5472,1102077,ggtext
2022-05-19,5347,1107424,ggtext
2022-05-20,5802,1113226,ggtext
2022-05-21,1899,1115125,ggtext
2022-05-22,1503,1116628,ggtext
2022-05-23,6765,1123393,ggtext
2022-05-24,8535,1131928,ggtext
2022-05-25,7466,1139394,ggtext
2022-05-26,9828,1149222,ggtext
2022-05-27,12573,1161795,ggtext
2022-05-28,7539,1169334,ggtext
2022-05-29,3816,1173150,ggtext
2022-05-30,5001,1178151,ggtext
2022-05-31,13469,1191620,ggtext
2022-06-01,9874,1201494,ggtext
2022-06-02,7359,1208853,ggtext
2022-06-03,6550,1215403,ggtext
2022-06-04,6622,1222025,ggtext
2022-06-05,11270,1233295,ggtext
2022-06-06,18264,1251559,ggtext
2022-06-07,24102,1275661,ggtext
2022-06-08,8727,1284388,ggtext
2022-06-09,9411,1293799,ggtext
2022-06-10,9699,1303498,ggtext
2022-06-11,4366,1307864,ggtext
2022-06-12,2439,1310303,ggtext
2022-06-13,6831,1317134,ggtext
2022-06-14,4286,1321420,ggtext
2022-06-15,5795,1327215,ggtext
2022-06-16,7021,1334236,ggtext
2022-06-17,11187,1345423,ggtext
2022-06-18,4514,1349937,ggtext
2022-06-19,1483,1351420,ggtext
2022-06-20,5841,1357261,ggtext
2022-06-21,5824,1363085,ggtext
2022-06-22,5152,1368237,ggtext
2022-06-23,5451,1373688,ggtext
2022-06-24,5779,1379467,ggtext
2022-06-25,2473,1381940,ggtext
2022-06-26,2156,1384096,ggtext
2022-06-27,5007,1389103,ggtext
2022-06-28,4367,1393470,ggtext
2022-06-29,2993,1396463,ggtext
2022-06-30,3285,1399748,ggtext
2022-07-01,2875,1402623,ggtext
2022-07-02,2101,1404724,ggtext
2022-07-03,2150,1406874,ggtext
2022-07-04,2838,1409712,ggtext
2022-07-05,3800,1413512,ggtext
2022-07-06,3910,1417422,ggtext
2022-07-07,4181,1421603,ggtext
2022-07-08,3054,1424657,ggtext
2022-07-09,2052,1426709,ggtext
2022-07-10,2098,1428807,ggtext
2022-07-11,3198,1432005,ggtext
2022-07-12,2732,1434737,ggtext
2022-07-13,2811,1437548,ggtext
2022-07-14,3282,1440830,ggtext
2022-07-15,2989,1443819,ggtext
2022-07-16,2007,1445826,ggtext
2022-07-17,1329,1447155,ggtext
2022-07-18,3053,1450208,ggtext
2022-07-19,3314,1453522,ggtext
2022-07-20,2847,1456369,ggtext
2022-07-21,2720,1459089,ggtext
2022-07-22,2414,1461503,ggtext
2022-07-23,1713,1463216,ggtext
2022-07-24,1739,1464955,ggtext
2022-07-25,2920,1467875,ggtext
2022-07-26,2905,1470780,ggtext
2022-07-27,3373,1474153,ggtext
2022-07-28,3286,1477439,ggtext
2022-07-29,2328,1479767,ggtext
2022-07-30,2076,1481843,ggtext
2022-07-31,2462,1484305,ggtext
2022-08-01,3737,1488042,ggtext
2022-08-02,4055,1492097,ggtext
2022-08-03,3593,1495690,ggtext
2022-08-04,3445,1499135,ggtext
2022-08-05,2072,1501207,ggtext
2022-08-06,778,1501985,ggtext
2022-08-07,923,1502908,ggtext
2022-08-08,2644,1505552,ggtext
2022-08-09,2160,1507712,ggtext
2022-08-10,2771,1510483,ggtext
2022-08-11,2849,1513332,ggtext
2022-08-12,3426,1516758,ggtext
2022-08-13,1521,1518279,ggtext
2022-08-14,1287,1519566,ggtext
2022-08-15,2536,1522102,ggtext
2022-08-16,3713,1525815,ggtext
2022-08-17,3485,1529300,ggtext
2022-08-18,3207,1532507,ggtext
2022-08-19,3284,1535791,ggtext
2022-08-20,1418,1537209,ggtext
2022-08-21,1373,1538582,ggtext
2022-08-22,2901,1541483,ggtext
2022-08-23,2879,1544362,ggtext
2022-08-24,3030,1547392,ggtext
2022-08-25,2610,1550002,ggtext
2022-08-26,2644,1552646,ggtext
2022-08-27,1632,1554278,ggtext
2022-08-28,1187,1555465,ggtext
2022-08-29,2377,1557842,ggtext
2022-08-30,2742,1560584,ggtext
2022-08-31,2724,1563308,ggtext
2022-09-01,3281,1566589,ggtext
2022-09-02,2667,1569256,ggtext
2022-09-03,1534,1570790,ggtext
2022-09-04,1745,1572535,ggtext
2022-09-05,2484,1575019,ggtext
2022-09-06,3530,1578549,ggtext
2022-09-07,2342,1580891,ggtext
2022-09-08,2476,1583367,ggtext
2022-09-09,1909,1585276,ggtext
2022-09-10,1155,1586431,ggtext
2022-09-11,1316,1587747,ggtext
2022-09-12,2726,1590473,ggtext
2022-09-13,3184,1593657,ggtext
2022-09-14,3137,1596794,ggtext
2022-09-15,3373,1600167,ggtext
2022-09-16,3432,1603599,ggtext
2022-09-17,2139,1605738,ggtext
2022-09-18,1811,1607549,ggtext
2022-09-19,4684,1612233,ggtext
2022-09-20,4303,1616536,ggtext
2022-09-21,4457,1620993,ggtext
2022-09-22,5722,1626715,ggtext
2022-09-23,3460,1630175,ggtext
2022-09-24,1654,1631829,ggtext
2022-09-25,1816,1633645,ggtext
2022-09-26,3950,1637595,ggtext
2022-09-27,3654,1641249,ggtext
2022-09-28,3916,1645165,ggtext
2022-09-29,4617,1649782,ggtext
2022-09-30,3614,1653396,ggtext
2022-10-01,1983,1655379,ggtext
2022-10-02,3300,1658679,ggtext
2022-10-03,4598,1663277,ggtext
2022-10-04,3854,1667131,ggtext
2022-10-05,4429,1671560,ggtext
2022-10-06,4325,1675885,ggtext
2022-10-07,2490,1678375,ggtext
2022-10-08,2161,1680536,ggtext
2022-10-09,2129,1682665,ggtext
2022-10-10,3143,1685808,ggtext
2022-10-11,3723,1689531,ggtext
2022-10-12,3775,1693306,ggtext
2022-10-13,3475,1696781,ggtext
2022-10-14,3409,1700190,ggtext
2022-10-15,1739,1701929,ggtext
2022-10-16,1964,1703893,ggtext
2022-10-17,3808,1707701,ggtext
2022-10-18,4089,1711790,ggtext
2022-10-19,4109,1715899,ggtext
2022-10-20,3963,1719862,ggtext
2022-10-21,4350,1724212,ggtext
2022-10-22,2460,1726672,ggtext
2022-10-23,1725,1728397,ggtext
2022-10-24,4093,1732490,ggtext
2022-10-25,4401,1736891,ggtext
2022-10-26,4356,1741247,ggtext
2022-10-27,3894,1745141,ggtext
2022-10-28,3610,1748751,ggtext
2022-10-29,2153,1750904,ggtext
2022-10-30,1889,1752793,ggtext
2022-10-31,3419,1756212,ggtext
2022-11-01,3720,1759932,ggtext
2022-11-02,4644,1764576,ggtext
2022-11-03,4856,1769432,ggtext
2022-11-04,3489,1772921,ggtext
2022-11-05,2159,1775080,ggtext
2022-11-06,1857,1776937,ggtext
2022-11-07,3696,1780633,ggtext
2022-11-08,2848,1783481,ggtext
2022-11-09,3814,1787295,ggtext
2022-11-10,3430,1790725,ggtext
2022-11-11,2924,1793649,ggtext
2022-11-12,2159,1795808,ggtext
2022-11-13,1618,1797426,ggtext
2022-11-14,3839,1801265,ggtext
2022-11-15,4428,1805693,ggtext
2022-11-16,3883,1809576,ggtext
2022-11-17,4388,1813964,ggtext
2022-11-18,3720,1817684,ggtext
2022-11-19,1661,1819345,ggtext
2022-11-20,3556,1822901,ggtext
2022-11-21,3971,1826872,ggtext
2022-11-22,3606,1830478,ggtext
2022-11-23,3936,1834414,ggtext
2022-11-24,3017,1837431,ggtext
2022-11-25,2571,1840002,ggtext
2022-11-26,1497,1841499,ggtext
2022-11-27,1539,1843038,ggtext
2022-11-28,3619,1846657,ggtext
2022-11-29,4255,1850912,ggtext
2022-11-30,3728,1854640,ggtext
2022-12-01,3861,1858501,ggtext
2022-12-02,3192,1861693,ggtext
2022-12-03,1809,1863502,ggtext
2022-12-04,1714,1865216,ggtext
2022-12-05,3205,1868421,ggtext
2022-12-06,3289,1871710,ggtext
2022-12-07,4560,1876270,ggtext
2022-12-08,3047,1879317,ggtext
2022-12-09,2168,1881485,ggtext
2022-12-10,1463,1882948,ggtext
2022-12-11,1640,1884588,ggtext
2022-12-12,2493,1887081,ggtext
2022-12-13,2742,1889823,ggtext
2022-12-14,3282,1893105,ggtext
2022-12-15,2510,1895615,ggtext
2022-12-16,1825,1897440,ggtext
2022-12-17,1780,1899220,ggtext
2022-12-18,1749,1900969,ggtext
2022-12-19,2512,1903481,ggtext
2022-12-20,2195,1905676,ggtext
2022-12-21,2200,1907876,ggtext
2022-12-22,1820,1909696,ggtext
2022-12-23,1498,1911194,ggtext
2022-12-24,1017,1912211,ggtext
2022-12-25,1267,1913478,ggtext
2022-12-26,1628,1915106,ggtext
2022-12-27,1245,1916351,ggtext
2022-12-28,1514,1917865,ggtext
2022-12-29,1731,1919596,ggtext
2022-12-30,1539,1921135,ggtext
2022-12-31,832,1921967,ggtext
2023-01-01,928,1922895,ggtext
2023-01-02,1916,1924811,ggtext
2023-01-03,1958,1926769,ggtext
2023-01-04,2238,1929007,ggtext
2023-01-05,2092,1931099,ggtext
2023-01-06,2041,1933140,ggtext
2023-01-07,1159,1934299,ggtext
2023-01-08,1285,1935584,ggtext
2023-01-09,2646,1938230,ggtext
2023-01-10,2322,1940552,ggtext
2023-01-11,2018,1942570,ggtext
2023-01-12,2106,1944676,ggtext
2023-01-13,1914,1946590,ggtext
2023-01-14,818,1947408,ggtext
2023-01-15,845,1948253,ggtext
2023-01-16,2341,1950594,ggtext
2023-01-17,2274,1952868,ggtext
2023-01-18,2156,1955024,ggtext
2023-01-19,1829,1956853,ggtext
2023-01-20,1603,1958456,ggtext
2023-01-21,716,1959172,ggtext
2023-01-22,805,1959977,ggtext
2023-01-23,1816,1961793,ggtext
2023-01-24,1835,1963628,ggtext
2023-01-25,1818,1965446,ggtext
2023-01-26,1548,1966994,ggtext
2023-01-27,1856,1968850,ggtext
2023-01-28,850,1969700,ggtext
2023-01-29,863,1970563,ggtext
2023-01-30,1993,1972556,ggtext
2023-01-31,2058,1974614,ggtext
2023-02-01,1838,1976452,ggtext
2023-02-02,2014,1978466,ggtext
2023-02-03,1610,1980076,ggtext
2023-02-04,627,1980703,ggtext
2023-02-05,723,1981426,ggtext
2023-02-06,1691,1983117,ggtext
2023-02-07,1748,1984865,ggtext
2023-02-08,1909,1986774,ggtext
2023-02-09,1768,1988542,ggtext
2023-02-10,1541,1990083,ggtext
2023-02-11,780,1990863,ggtext
2023-02-12,820,1991683,ggtext
2023-02-13,2102,1993785,ggtext
2023-02-14,2275,1996060,ggtext
2023-02-15,1919,1997979,ggtext
2023-02-16,1979,1999958,ggtext
2023-02-17,1837,2001795,ggtext
2023-02-18,710,2002505,ggtext
2023-02-19,820,2003325,ggtext
2023-02-20,1553,2004878,ggtext
2023-02-21,1876,2006754,ggtext
2023-02-22,2511,2009265,ggtext
2023-02-23,2336,2011601,ggtext
2023-02-24,2244,2013845,ggtext
2023-02-25,881,2014726,ggtext
2023-02-26,876,2015602,ggtext
2023-02-27,2331,2017933,ggtext
2023-02-28,1893,2019826,ggtext
2023-03-01,2147,2021973,ggtext
2023-03-02,1994,2023967,ggtext
2023-03-03,1852,2025819,ggtext
2023-03-04,937,2026756,ggtext
2023-03-05,882,2027638,ggtext
2023-03-06,2071,2029709,ggtext
2023-03-07,1859,2031568,ggtext
2023-03-08,1999,2033567,ggtext
2023-03-09,1828,2035395,ggtext
2023-03-10,1498,2036893,ggtext
2023-03-11,908,2037801,ggtext
2023-03-12,928,2038729,ggtext
2023-03-13,1936,2040665,ggtext
2023-03-14,2318,2042983,ggtext
2023-03-15,1676,2044659,ggtext
2023-03-16,1923,2046582,ggtext
2023-03-17,1659,2048241,ggtext
2023-03-18,1074,2049315,ggtext
2023-03-19,937,2050252,ggtext
2023-03-20,1839,2052091,ggtext
2023-03-21,1949,2054040,ggtext
2023-03-22,1914,2055954,ggtext
2023-03-23,1967,2057921,ggtext
2023-03-24,1642,2059563,ggtext
2023-03-25,1122,2060685,ggtext
2023-03-26,1090,2061775,ggtext
2023-03-27,1971,2063746,ggtext
2023-03-28,2049,2065795,ggtext
2023-03-29,1753,2067548,ggtext
2023-03-30,1948,2069496,ggtext
2023-03-31,1721,2071217,ggtext
2023-04-01,1004,2072221,ggtext
2023-04-02,1050,2073271,ggtext
2023-04-03,2727,2075998,ggtext
2023-04-04,1914,2077912,ggtext
2023-04-05,1861,2079773,ggtext
2023-04-06,1833,2081606,ggtext
2023-04-07,1413,2083019,ggtext
2023-04-08,868,2083887,ggtext
2023-04-09,850,2084737,ggtext
2023-04-10,1560,2086297,ggtext
2023-04-11,1851,2088148,ggtext
2023-04-12,1921,2090069,ggtext
2023-04-13,1728,2091797,ggtext
2023-04-14,1882,2093679,ggtext
2023-04-15,951,2094630,ggtext
2023-04-16,1288,2095918,ggtext
2023-04-17,1814,2097732,ggtext
2023-04-18,2047,2099779,ggtext
2023-04-19,1991,2101770,ggtext
2023-04-20,1914,2103684,ggtext
2023-04-21,1779,2105463,ggtext
2023-04-22,1370,2106833,ggtext
2023-04-23,1145,2107978,ggtext
2023-04-24,2049,2110027,ggtext
2023-04-25,2063,2112090,ggtext
2023-04-26,2389,2114479,ggtext
2023-04-27,1979,2116458,ggtext
2023-04-28,1530,2117988,ggtext
2023-04-29,838,2118826,ggtext
2023-04-30,957,2119783,ggtext
2023-05-01,1450,2121233,ggtext
2023-05-02,1832,2123065,ggtext
2023-05-03,1831,2124896,ggtext
2023-05-04,1886,2126782,ggtext
2023-05-05,1558,2128340,ggtext
2023-05-06,1212,2129552,ggtext
2023-05-07,892,2130444,ggtext
2023-05-08,1659,2132103,ggtext
2023-05-09,2085,2134188,ggtext
2023-05-10,1831,2136019,ggtext
2023-05-11,1793,2137812,ggtext
2023-05-12,1749,2139561,ggtext
2023-05-13,1067,2140628,ggtext
2023-05-14,1054,2141682,ggtext
2023-05-15,2119,2143801,ggtext
2023-05-16,2603,2146404,ggtext
2023-05-17,1984,2148388,ggtext
2023-05-18,2113,2150501,ggtext
2023-05-19,1501,2152002,ggtext
2023-05-20,1358,2153360,ggtext
2023-05-21,885,2154245,ggtext
2023-05-22,1844,2156089,ggtext
2023-05-23,1820,2157909,ggtext
2023-05-24,2223,2160132,ggtext
2023-05-25,1931,2162063,ggtext
2023-05-26,1541,2163604,ggtext
2023-05-27,1033,2164637,ggtext
2023-05-28,896,2165533,ggtext
2023-05-29,1317,2166850,ggtext
2023-05-30,1853,2168703,ggtext
2023-05-31,1918,2170621,ggtext
2023-06-01,2165,2172786,ggtext
2023-06-02,1566,2174352,ggtext
2023-06-03,857,2175209,ggtext
2023-06-04,907,2176116,ggtext
2023-06-05,1833,2177949,ggtext
2023-06-06,1899,2179848,ggtext
2023-06-07,2068,2181916,ggtext
2023-06-08,1833,2183749,ggtext
2023-06-09,1685,2185434,ggtext
2023-06-10,1102,2186536,ggtext
2023-06-11,955,2187491,ggtext
2023-06-12,1795,2189286,ggtext
2023-06-13,2394,2191680,ggtext
2023-06-14,1792,2193472,ggtext
2023-06-15,1907,2195379,ggtext
2023-06-16,2257,2197636,ggtext
2023-06-17,953,2198589,ggtext
2023-06-18,907,2199496,ggtext
2023-06-19,1749,2201245,ggtext
2023-06-20,2096,2203341,ggtext
2023-06-21,2036,2205377,ggtext
2023-06-22,1615,2206992,ggtext
2023-06-23,1563,2208555,ggtext
2023-06-24,819,2209374,ggtext
2023-06-25,898,2210272,ggtext
2023-06-26,1848,2212120,ggtext
2023-06-27,1682,2213802,ggtext
2023-06-28,1629,2215431,ggtext
2023-06-29,1473,2216904,ggtext
2023-06-30,1479,2218383,ggtext
2023-07-01,1041,2219424,ggtext
2023-07-02,831,2220255,ggtext
2023-07-03,1455,2221710,ggtext
2023-07-04,1843,2223553,ggtext
2023-07-05,1444,2224997,ggtext
2023-07-06,1615,2226612,ggtext
2023-07-07,1351,2227963,ggtext
2023-07-08,769,2228732,ggtext
2023-07-09,817,2229549,ggtext
2023-07-10,1507,2231056,ggtext
2023-07-11,1746,2232802,ggtext
2023-07-12,1862,2234664,ggtext
2023-07-13,1757,2236421,ggtext
2023-07-14,1620,2238041,ggtext
2023-07-15,743,2238784,ggtext
2023-07-16,769,2239553,ggtext
2023-07-17,1459,2241012,ggtext
2023-07-18,1643,2242655,ggtext
2023-07-19,1485,2244140,ggtext
2023-07-20,1581,2245721,ggtext
2023-07-21,1359,2247080,ggtext
2023-07-22,659,2247739,ggtext
2023-07-23,799,2248538,ggtext
2023-07-24,1548,2250086,ggtext
2023-07-25,1598,2251684,ggtext
2023-07-26,1508,2253192,ggtext
2023-07-27,1472,2254664,ggtext
2023-07-28,1931,2256595,ggtext
2023-07-29,1216,2257811,ggtext
2023-07-30,1089,2258900,ggtext
2023-07-31,1927,2260827,ggtext
2023-08-01,2308,2263135,ggtext
2023-08-02,1829,2264964,ggtext
2023-08-03,2068,2267032,ggtext
2023-08-04,2025,2269057,ggtext
2023-08-05,1619,2270676,ggtext
2023-08-06,1315,2271991,ggtext
2023-08-07,2181,2274172,ggtext
2023-08-08,2160,2276332,ggtext
2023-08-09,2215,2278547,ggtext
2023-08-10,1970,2280517,ggtext
2023-08-11,2082,2282599,ggtext
2023-08-12,1073,2283672,ggtext
2023-08-13,1242,2284914,ggtext
2023-08-14,1783,2286697,ggtext
2023-08-15,1909,2288606,ggtext
2023-08-16,2177,2290783,ggtext
2023-08-17,1808,2292591,ggtext
2023-08-18,1814,2294405,ggtext
2023-08-19,951,2295356,ggtext
2023-08-20,1246,2296602,ggtext
2023-08-21,2023,2298625,ggtext
2023-08-22,2054,2300679,ggtext
2023-08-23,2188,2302867,ggtext
2023-08-24,2094,2304961,ggtext
2023-08-25,1851,2306812,ggtext
2023-08-26,1287,2308099,ggtext
2023-08-27,1333,2309432,ggtext
2023-08-28,2211,2311643,ggtext
2023-08-29,2154,2313797,ggtext
2023-08-30,2106,2315903,ggtext
2023-08-31,2150,2318053,ggtext
2023-09-01,2296,2320349,ggtext
2023-09-02,1504,2321853,ggtext
2023-09-03,1176,2323029,ggtext
2023-09-04,2029,2325058,ggtext
2023-09-05,2223,2327281,ggtext
2023-09-06,2129,2329410,ggtext
2023-09-07,2154,2331564,ggtext
2023-09-08,1887,2333451,ggtext
2023-09-09,1557,2335008,ggtext
2023-09-10,1277,2336285,ggtext
2023-09-11,2139,2338424,ggtext
2023-09-12,2447,2340871,ggtext
2023-09-13,2097,2342968,ggtext
2023-09-14,2022,2344990,ggtext
2023-09-15,1796,2346786,ggtext
2023-09-16,1235,2348021,ggtext
2023-09-17,1163,2349184,ggtext
2023-09-18,2177,2351361,ggtext
2023-09-19,2632,2353993,ggtext
2023-09-20,2728,2356721,ggtext
2023-09-21,2165,2358886,ggtext
2023-09-22,1561,2360447,ggtext
2023-09-23,1112,2361559,ggtext
2023-09-24,1078,2362637,ggtext
2023-09-25,1692,2364329,ggtext
2023-09-26,1974,2366303,ggtext
2023-09-27,1959,2368262,ggtext
2023-09-28,1820,2370082,ggtext
2023-09-29,1761,2371843,ggtext
2023-09-30,1046,2372889,ggtext
2023-10-01,1242,2374131,ggtext
2023-10-02,1989,2376120,ggtext
2023-10-03,2045,2378165,ggtext
2023-10-04,2242,2380407,ggtext
2023-10-05,2001,2382408,ggtext
2023-10-06,2116,2384524,ggtext
2023-10-07,1165,2385689,ggtext
2023-10-08,1185,2386874,ggtext
2023-10-09,2145,2389019,ggtext
2023-10-10,2104,2391123,ggtext
2023-10-11,2208,2393331,ggtext
2023-10-12,2150,2395481,ggtext
2023-10-13,2180,2397661,ggtext
2023-10-14,1334,2398995,ggtext
2023-10-15,1167,2400162,ggtext
2023-10-16,2037,2402199,ggtext
2023-10-17,2391,2404590,ggtext
2023-10-18,2566,2407156,ggtext
2023-10-19,2371,2409527,ggtext
2023-10-20,1992,2411519,ggtext
2023-10-21,1298,2412817,ggtext
2023-10-22,1195,2414012,ggtext
2023-10-23,2009,2416021,ggtext
2023-10-24,2244,2418265,ggtext
2023-10-25,2075,2420340,ggtext
2023-10-26,2112,2422452,ggtext
2023-10-27,1591,2424043,ggtext
2023-10-28,1019,2425062,ggtext
2023-10-29,1177,2426239,ggtext
2023-10-30,2126,2428365,ggtext
2023-10-31,1720,2430085,ggtext
2023-11-01,1591,2431676,ggtext
2023-11-02,1870,2433546,ggtext
2023-11-03,1689,2435235,ggtext
2023-11-04,934,2436169,ggtext
2023-11-05,944,2437113,ggtext
2023-11-06,1779,2438892,ggtext
2023-11-07,1909,2440801,ggtext
2023-11-08,1598,2442399,ggtext
2023-11-09,1702,2444101,ggtext
2023-11-10,1497,2445598,ggtext
2023-11-11,870,2446468,ggtext
2023-11-12,892,2447360,ggtext
2023-11-13,1691,2449051,ggtext
2023-11-14,1623,2450674,ggtext
2023-11-15,1946,2452620,ggtext
2023-11-16,1610,2454230,ggtext
2023-11-17,1425,2455655,ggtext
2023-11-18,808,2456463,ggtext
2023-11-19,820,2457283,ggtext
2023-11-20,1813,2459096,ggtext
2023-11-21,1806,2460902,ggtext
2023-11-22,1656,2462558,ggtext
2023-11-23,1533,2464091,ggtext
2023-11-24,1354,2465445,ggtext
2023-11-25,922,2466367,ggtext
2023-11-26,966,2467333,ggtext
2023-11-27,1752,2469085,ggtext
2023-11-28,1887,2470972,ggtext
2023-11-29,1760,2472732,ggtext
2023-11-30,1833,2474565,ggtext
2023-12-01,1548,2476113,ggtext
2023-12-02,885,2476998,ggtext
2023-12-03,987,2477985,ggtext
2023-12-04,1891,2479876,ggtext
2023-12-05,1939,2481815,ggtext
2023-12-06,1894,2483709,ggtext
2023-12-07,1646,2485355,ggtext
2023-12-08,3969,2489324,ggtext
2023-12-09,811,2490135,ggtext
2023-12-10,964,2491099,ggtext
2023-12-11,1862,2492961,ggtext
2023-12-12,1989,2494950,ggtext
2023-12-13,1703,2496653,ggtext
2023-12-14,1671,2498324,ggtext
2023-12-15,1497,2499821,ggtext
2023-12-16,841,2500662,ggtext
2023-12-17,924,2501586,ggtext
2023-12-18,1424,2503010,ggtext
2023-12-19,1553,2504563,ggtext
2023-12-20,1403,2505966,ggtext
2023-12-21,1296,2507262,ggtext
2023-12-22,1063,2508325,ggtext
2023-12-23,679,2509004,ggtext
2023-12-24,637,2509641,ggtext
2023-12-25,779,2510420,ggtext
2023-12-26,825,2511245,ggtext
2023-12-27,1045,2512290,ggtext
2023-12-28,1011,2513301,ggtext
2023-12-29,774,2514075,ggtext
2023-12-30,659,2514734,ggtext
2023-12-31,504,2515238,ggtext
2024-01-01,569,2515807,ggtext
2024-01-02,1200,2517007,ggtext
2024-01-03,1272,2518279,ggtext
2024-01-04,1284,2519563,ggtext
2024-01-05,1329,2520892,ggtext
2024-01-06,734,2521626,ggtext
2024-01-07,809,2522435,ggtext
2024-01-08,1409,2523844,ggtext
2024-01-09,1511,2525355,ggtext
2024-01-10,1609,2526964,ggtext
2024-01-11,1612,2528576,ggtext
2024-01-12,1372,2529948,ggtext
2024-01-13,788,2530736,ggtext
2024-01-14,823,2531559,ggtext
2024-01-15,1341,2532900,ggtext
2024-01-16,1548,2534448,ggtext
2024-01-17,1654,2536102,ggtext
2024-01-18,1455,2537557,ggtext
2024-01-19,1367,2538924,ggtext
2024-01-20,812,2539736,ggtext
2024-01-21,920,2540656,ggtext
2024-01-22,1607,2542263,ggtext
2024-01-23,1765,2544028,ggtext
2024-01-24,1745,2545773,ggtext
2024-01-25,1612,2547385,ggtext
2024-01-26,1360,2548745,ggtext
2024-01-27,849,2549594,ggtext
2024-01-28,811,2550405,ggtext
2024-01-29,1622,2552027,ggtext
2024-01-30,1711,2553738,ggtext
2024-01-31,1929,2555667,ggtext
2024-02-01,1541,2557208,ggtext
2024-02-02,1374,2558582,ggtext
2024-02-03,756,2559338,ggtext
2024-02-04,876,2560214,ggtext
2024-02-05,1517,2561731,ggtext
2024-02-06,1588,2563319,ggtext
2024-02-07,1791,2565110,ggtext
2024-02-08,1678,2566788,ggtext
2024-02-09,1414,2568202,ggtext
2024-02-10,764,2568966,ggtext
2024-02-11,850,2569816,ggtext
2024-02-12,1461,2571277,ggtext
2024-02-13,1336,2572613,ggtext
2024-02-14,1373,2573986,ggtext
2024-02-15,1623,2575609,ggtext
2024-02-16,1916,2577525,ggtext
2024-02-17,782,2578307,ggtext
2024-02-18,871,2579178,ggtext
2024-02-19,1454,2580632,ggtext
2024-02-20,1694,2582326,ggtext
2024-02-21,1606,2583932,ggtext
2024-02-22,1630,2585562,ggtext
2024-02-23,1554,2587116,ggtext
2024-02-24,706,2587822,ggtext
2024-02-25,787,2588609,ggtext
2024-02-26,1598,2590207,ggtext
2024-02-27,1830,2592037,ggtext
2024-02-28,1827,2593864,ggtext
2024-02-29,1548,2595412,ggtext
2024-03-01,1419,2596831,ggtext
2024-03-02,854,2597685,ggtext
2024-03-03,885,2598570,ggtext
2024-03-04,2054,2600624,ggtext
2024-03-05,1814,2602438,ggtext
2024-03-06,1888,2604326,ggtext
2024-03-07,1748,2606074,ggtext
2024-03-08,1518,2607592,ggtext
2024-03-09,718,2608310,ggtext
2024-03-10,828,2609138,ggtext
2024-03-11,1589,2610727,ggtext
2024-03-12,1644,2612371,ggtext
2024-03-13,1590,2613961,ggtext
2024-03-14,1857,2615818,ggtext
2024-03-15,1498,2617316,ggtext
2024-03-16,1055,2618371,ggtext
2024-03-17,812,2619183,ggtext
2024-03-18,2000,2621183,ggtext
2024-03-19,1832,2623015,ggtext
2024-03-20,1721,2624736,ggtext
2024-03-21,1742,2626478,ggtext
2024-03-22,1418,2627896,ggtext
2024-03-23,834,2628730,ggtext
2024-03-24,820,2629550,ggtext
2024-03-25,1492,2631042,ggtext
2024-03-26,1641,2632683,ggtext
2024-03-27,1676,2634359,ggtext
2024-03-28,1366,2635725,ggtext
2024-03-29,1085,2636810,ggtext
2024-03-30,711,2637521,ggtext
2024-03-31,738,2638259,ggtext
2024-04-01,1106,2639365,ggtext
2024-04-02,1552,2640917,ggtext
2024-04-03,1637,2642554,ggtext
2024-04-04,1609,2644163,ggtext
2024-04-05,1332,2645495,ggtext
2024-04-06,816,2646311,ggtext
2024-04-07,923,2647234,ggtext
2024-04-08,2914,2650148,ggtext
2024-04-09,2523,2652671,ggtext
2024-04-10,2725,2655396,ggtext
2024-04-11,2902,2658298,ggtext
2024-04-12,3031,2661329,ggtext
2024-04-13,2095,2663424,ggtext
2024-04-14,2094,2665518,ggtext
2024-04-15,3477,2668995,ggtext
2024-04-16,3028,2672023,ggtext
2024-04-17,2846,2674869,ggtext
2024-04-18,2571,2677440,ggtext
2024-04-19,1937,2679377,ggtext
2024-04-20,1547,2680924,ggtext
2024-04-21,2001,2682925,ggtext
2024-04-22,1825,2684750,ggtext
2024-04-23,2550,2687300,ggtext
2024-04-24,2332,2689632,ggtext
2024-04-25,2404,2692036,ggtext
2024-04-26,2650,2694686,ggtext
2024-04-27,2010,2696696,ggtext
2024-04-28,2059,2698755,ggtext
2024-04-29,2619,2701374,ggtext
2024-04-30,1902,2703276,ggtext
2024-05-01,2043,2705319,ggtext
2024-05-02,2118,2707437,ggtext
2024-05-03,1959,2709396,ggtext
2024-05-04,926,2710322,ggtext
2024-05-05,954,2711276,ggtext
2024-05-06,2069,2713345,ggtext
2024-05-07,2098,2715443,ggtext
2024-05-08,1953,2717396,ggtext
2024-05-09,1771,2719167,ggtext
2024-05-10,1535,2720702,ggtext
2024-05-11,848,2721550,ggtext
2024-05-12,862,2722412,ggtext
2024-05-13,1950,2724362,ggtext
2024-05-14,1902,2726264,ggtext
2024-05-15,1950,2728214,ggtext
2024-05-16,1964,2730178,ggtext
2024-05-17,1638,2731816,ggtext
2024-05-18,1036,2732852,ggtext
2024-05-19,917,2733769,ggtext
2024-05-20,1729,2735498,ggtext
2024-05-21,1996,2737494,ggtext
2024-05-22,2038,2739532,ggtext
2024-05-23,2027,2741559,ggtext
2024-05-24,1974,2743533,ggtext
2024-05-25,1213,2744746,ggtext
2024-05-26,1269,2746015,ggtext
2024-05-27,1685,2747700,ggtext
2024-05-28,1993,2749693,ggtext
2024-05-29,1864,2751557,ggtext
2024-05-30,2415,2753972,ggtext
2024-05-31,3107,2757079,ggtext
2024-06-01,2065,2759144,ggtext
2024-06-02,2229,2761373,ggtext
2024-06-03,2299,2763672,ggtext
2024-06-04,1968,2765640,ggtext
2024-06-05,1909,2767549,ggtext
2024-06-06,1727,2769276,ggtext
2024-06-07,1573,2770849,ggtext
2024-06-08,755,2771604,ggtext
2024-06-09,727,2772331,ggtext
2024-06-10,1577,2773908,ggtext
2024-06-11,1723,2775631,ggtext
2024-06-12,1731,2777362,ggtext
2024-06-13,1733,2779095,ggtext
2024-06-14,1451,2780546,ggtext
2024-06-15,731,2781277,ggtext
2024-06-16,824,2782101,ggtext
2024-06-17,1677,2783778,ggtext
2024-06-18,1758,2785536,ggtext
2024-06-19,1704,2787240,ggtext
2024-06-20,1712,2788952,ggtext
2024-06-21,1527,2790479,ggtext
2024-06-22,743,2791222,ggtext
2024-06-23,775,2791997,ggtext
2024-06-24,2040,2794037,ggtext
2024-06-25,1862,2795899,ggtext
2024-06-26,2133,2798032,ggtext
2024-06-27,1620,2799652,ggtext
2024-06-28,1795,2801447,ggtext
2024-06-29,746,2802193,ggtext
2024-06-30,779,2802972,ggtext
2024-07-01,1540,2804512,ggtext
2024-07-02,2043,2806555,ggtext
2024-07-03,2395,2808950,ggtext
2024-07-04,2133,2811083,ggtext
2024-07-05,1861,2812944,ggtext
2024-07-06,1147,2814091,ggtext
2024-07-07,1105,2815196,ggtext
2024-07-08,2304,2817500,ggtext
2024-07-09,2623,2820123,ggtext
2024-07-10,2291,2822414,ggtext
2024-07-11,1845,2824259,ggtext
2024-07-12,2822,2827081,ggtext
2024-07-13,1039,2828120,ggtext
2024-07-14,871,2828991,ggtext
2024-07-15,2304,2831295,ggtext
2024-07-16,2903,2834198,ggtext
2024-07-17,2406,2836604,ggtext
2024-07-18,2169,2838773,ggtext
2024-07-19,1815,2840588,ggtext
2024-07-20,1120,2841708,ggtext
2024-07-21,1149,2842857,ggtext
2024-07-22,2191,2845048,ggtext
2024-07-23,2498,2847546,ggtext
2024-07-24,2125,2849671,ggtext
2024-07-25,2484,2852155,ggtext
2024-07-26,2356,2854511,ggtext
2024-07-27,1187,2855698,ggtext
2024-07-28,1089,2856787,ggtext
2024-07-29,2436,2859223,ggtext
2024-07-30,2312,2861535,ggtext
2024-07-31,2122,2863657,ggtext
2024-08-01,2097,2865754,ggtext
2024-08-02,2485,2868239,ggtext
2024-08-03,1180,2869419,ggtext
2024-08-04,1286,2870705,ggtext
2024-08-05,2636,2873341,ggtext
2024-08-06,2550,2875891,ggtext
2024-08-07,2539,2878430,ggtext
2024-08-08,2178,2880608,ggtext
2024-08-09,1677,2882285,ggtext
2024-08-10,829,2883114,ggtext
2024-08-11,1201,2884315,ggtext
2024-08-12,1926,2886241,ggtext
2024-08-13,2339,2888580,ggtext
2024-08-14,2064,2890644,ggtext
2024-08-15,1875,2892519,ggtext
2024-08-16,1720,2894239,ggtext
2024-08-17,1052,2895291,ggtext
2024-08-18,774,2896065,ggtext
2024-08-19,1654,2897719,ggtext
2024-08-20,2429,2900148,ggtext
2024-08-21,1964,2902112,ggtext
2024-08-22,1854,2903966,ggtext
2024-08-23,1611,2905577,ggtext
2024-08-24,872,2906449,ggtext
2024-08-25,810,2907259,ggtext
2024-08-26,1868,2909127,ggtext
2024-08-27,2054,2911181,ggtext
2024-08-28,1935,2913116,ggtext
2024-08-29,2178,2915294,ggtext
2024-08-30,1870,2917164,ggtext
2024-08-31,862,2918026,ggtext
2024-09-01,901,2918927,ggtext
2024-09-02,2292,2921219,ggtext
2024-09-03,2208,2923427,ggtext
2024-09-04,2000,2925427,ggtext
2024-09-05,1894,2927321,ggtext
2024-09-06,1662,2928983,ggtext
2024-09-07,884,2929867,ggtext
2024-09-08,968,2930835,ggtext
2024-09-09,2007,2932842,ggtext
2024-09-10,1875,2934717,ggtext
2024-09-11,1789,2936506,ggtext
2024-09-12,1850,2938356,ggtext
2024-09-13,1706,2940062,ggtext
2024-09-14,935,2940997,ggtext
2024-09-15,964,2941961,ggtext
2024-09-16,1967,2943928,ggtext
2024-09-17,1741,2945669,ggtext
2024-09-18,1811,2947480,ggtext
2024-09-19,1937,2949417,ggtext
2024-09-20,2103,2951520,ggtext
2024-09-21,1041,2952561,ggtext
2024-09-22,1176,2953737,ggtext
2024-09-23,2648,2956385,ggtext
2024-09-24,2483,2958868,ggtext
2024-09-25,2467,2961335,ggtext
2024-09-26,2319,2963654,ggtext
2024-09-27,1662,2965316,ggtext
2024-09-28,981,2966297,ggtext
2024-09-29,1068,2967365,ggtext
2024-09-30,1987,2969352,ggtext
2024-10-01,2003,2971355,ggtext
2024-10-02,1956,2973311,ggtext
2024-10-03,1870,2975181,ggtext
2024-10-04,1467,2976648,ggtext
2024-10-05,977,2977625,ggtext
2024-10-06,894,2978519,ggtext
2024-10-07,2791,2981310,ggtext
2024-10-08,2044,2983354,ggtext
2024-10-09,2167,2985521,ggtext
2024-10-10,2495,2988016,ggtext
2024-10-11,3142,2991158,ggtext
2024-10-12,944,2992102,ggtext
2024-10-13,966,2993068,ggtext
2024-10-14,1960,2995028,ggtext
2024-10-15,2330,2997358,ggtext
2024-10-16,2260,2999618,ggtext
2024-10-17,1918,3001536,ggtext
2024-10-18,2247,3003783,ggtext
2024-10-19,897,3004680,ggtext
2024-10-20,917,3005597,ggtext
2024-10-21,2197,3007794,ggtext
2024-10-22,2472,3010266,ggtext
2024-10-23,2233,3012499,ggtext
2024-10-24,2192,3014691,ggtext
2024-10-25,2365,3017056,ggtext
2024-10-26,897,3017953,ggtext
2024-10-27,1022,3018975,ggtext
2024-10-28,2270,3021245,ggtext
2024-10-29,1896,3023141,ggtext
2024-10-30,2497,3025638,ggtext
2024-10-31,2239,3027877,ggtext
2024-11-01,1517,3029394,ggtext
2024-11-02,1024,3030418,ggtext
2024-11-03,950,3031368,ggtext
2024-11-04,2020,3033388,ggtext
2024-11-05,2479,3035867,ggtext
2024-11-06,2354,3038221,ggtext
2024-11-07,2406,3040627,ggtext
2024-11-08,2178,3042805,ggtext
2024-11-09,1153,3043958,ggtext
2024-11-10,1154,3045112,ggtext
2024-11-11,2232,3047344,ggtext
2024-11-12,2336,3049680,ggtext
2024-11-13,2025,3051705,ggtext
2024-11-14,2054,3053759,ggtext
2024-11-15,1910,3055669,ggtext
2024-11-16,991,3056660,ggtext
2024-11-17,1065,3057725,ggtext
2024-11-18,2172,3059897,ggtext
2024-11-19,2293,3062190,ggtext
2024-11-20,2667,3064857,ggtext
2024-11-21,2177,3067034,ggtext
2024-11-22,1767,3068801,ggtext
2024-11-23,1086,3069887,ggtext
2024-11-24,1190,3071077,ggtext
2024-11-25,2141,3073218,ggtext
2024-11-26,2082,3075300,ggtext
2024-11-27,1842,3077142,ggtext
2024-11-28,1902,3079044,ggtext
2024-11-29,1605,3080649,ggtext
2024-11-30,987,3081636,ggtext
2024-12-01,1156,3082792,ggtext
2024-12-02,2144,3084936,ggtext
2024-12-03,2056,3086992,ggtext
2024-12-04,2349,3089341,ggtext
2024-12-05,2428,3091769,ggtext
2024-12-06,2068,3093837,ggtext
2024-12-07,1030,3094867,ggtext
2024-12-08,1180,3096047,ggtext
2024-12-09,2342,3098389,ggtext
2024-12-10,2230,3100619,ggtext
2024-12-11,2109,3102728,ggtext
2024-12-12,2181,3104909,ggtext
2024-12-13,1783,3106692,ggtext
2024-12-14,1052,3107744,ggtext
2024-12-15,1079,3108823,ggtext
2024-12-16,2239,3111062,ggtext
2024-12-17,2249,3113311,ggtext
2024-12-18,2005,3115316,ggtext
2024-12-19,1945,3117261,ggtext
2024-12-20,1449,3118710,ggtext
2024-12-21,889,3119599,ggtext
2024-12-22,902,3120501,ggtext
2024-12-23,1382,3121883,ggtext
2024-12-24,1146,3123029,ggtext
2024-12-25,866,3123895,ggtext
2024-12-26,1097,3124992,ggtext
2024-12-27,1098,3126090,ggtext
2024-12-28,721,3126811,ggtext
2024-12-29,963,3127774,ggtext
2024-12-30,1724,3129498,ggtext
2024-12-31,975,3130473,ggtext
2025-01-01,808,3131281,ggtext
2025-01-02,1298,3132579,ggtext
2025-01-03,1459,3134038,ggtext
2025-01-04,892,3134930,ggtext
2025-01-05,926,3135856,ggtext
2025-01-06,1618,3137474,ggtext
2025-01-07,1908,3139382,ggtext
2025-01-08,1622,3141004,ggtext
2025-01-09,1781,3142785,ggtext
2025-01-10,1973,3144758,ggtext
2025-01-11,816,3145574,ggtext
2025-01-12,961,3146535,ggtext
2025-01-13,1974,3148509,ggtext
2025-01-14,2052,3150561,ggtext
2025-01-15,1983,3152544,ggtext
2025-01-16,2027,3154571,ggtext
2025-01-17,1836,3156407,ggtext
2025-01-18,961,3157368,ggtext
2025-01-19,1024,3158392,ggtext
2025-01-20,1775,3160167,ggtext
2025-01-21,1894,3162061,ggtext
2025-01-22,2097,3164158,ggtext
2025-01-23,2433,3166591,ggtext
2025-01-24,1718,3168309,ggtext
2025-01-25,946,3169255,ggtext
2025-01-26,1020,3170275,ggtext
2025-01-27,1839,3172114,ggtext
2025-01-28,1743,3173857,ggtext
2025-01-29,2108,3175965,ggtext
2025-01-30,2031,3177996,ggtext
2025-01-31,1790,3179786,ggtext
2025-02-01,914,3180700,ggtext
2025-02-02,1000,3181700,ggtext
2025-02-03,1742,3183442,ggtext
2025-02-04,2047,3185489,ggtext
2025-02-05,2014,3187503,ggtext
2025-02-06,2003,3189506,ggtext
2025-02-07,1996,3191502,ggtext
2025-02-08,1086,3192588,ggtext
2025-02-09,1195,3193783,ggtext
2025-02-10,2139,3195922,ggtext
2025-02-11,1885,3197807,ggtext
2025-02-12,2318,3200125,ggtext
2025-02-13,2139,3202264,ggtext
2025-02-14,1880,3204144,ggtext
2025-02-15,946,3205090,ggtext
2025-02-16,1111,3206201,ggtext
2025-02-17,2052,3208253,ggtext
2025-02-18,2273,3210526,ggtext
2025-02-19,2488,3213014,ggtext
2025-02-20,2569,3215583,ggtext
2025-02-21,2136,3217719,ggtext
2025-02-22,1340,3219059,ggtext
2025-02-23,1391,3220450,ggtext
2025-02-24,2243,3222693,ggtext
2025-02-25,2470,3225163,ggtext
2025-02-26,2796,3227959,ggtext
2025-02-27,2551,3230510,ggtext
2025-02-28,2347,3232857,ggtext
2025-03-01,1168,3234025,ggtext
2025-03-02,1452,3235477,ggtext
2025-03-03,2481,3237958,ggtext
2025-03-04,2129,3240087,ggtext
2025-03-05,2993,3243080,ggtext
2025-03-06,2866,3245946,ggtext
2025-03-07,2614,3248560,ggtext
2025-03-08,1276,3249836,ggtext
2025-03-09,1248,3251084,ggtext
2025-03-10,2465,3253549,ggtext
2025-03-11,2637,3256186,ggtext
2025-03-12,2690,3258876,ggtext
2025-03-13,2538,3261414,ggtext
2025-03-14,2365,3263779,ggtext
2025-03-15,1375,3265154,ggtext
2025-03-16,1318,3266472,ggtext
2025-03-17,2814,3269286,ggtext
2025-03-18,2523,3271809,ggtext
2025-03-19,2551,3274360,ggtext
2025-03-20,2457,3276817,ggtext
2025-03-21,2176,3278993,ggtext
2025-03-22,1225,3280218,ggtext
2025-03-23,1348,3281566,ggtext
2025-03-24,3118,3284684,ggtext
2025-03-25,2626,3287310,ggtext
2025-03-26,2504,3289814,ggtext
2025-03-27,2674,3292488,ggtext
2025-03-28,2113,3294601,ggtext
2025-03-29,1392,3295993,ggtext
2025-03-30,1413,3297406,ggtext
2020-06-04,94,94,ggtext
2020-06-05,122,216,ggtext
2020-06-06,77,293,ggtext
2020-06-07,57,350,ggtext
2020-06-08,110,460,ggtext
2020-06-09,98,558,ggtext
2020-06-10,124,682,ggtext
2020-06-11,84,766,ggtext
2020-06-12,78,844,ggtext
2020-06-13,44,888,ggtext
2020-06-14,57,945,ggtext
2020-06-15,107,1052,ggtext
2020-06-16,118,1170,ggtext
2020-06-17,131,1301,ggtext
2020-06-18,109,1410,ggtext
2020-06-19,84,1494,ggtext
2020-06-20,50,1544,ggtext
2020-06-21,46,1590,ggtext
2020-06-22,109,1699,ggtext
2020-06-23,85,1784,ggtext
2020-06-24,68,1852,ggtext
2020-06-25,65,1917,ggtext
2020-06-26,62,1979,ggtext
2020-06-27,34,2013,ggtext
2020-06-28,38,2051,ggtext
2020-06-29,77,2128,ggtext
2020-06-30,84,2212,ggtext
2020-07-01,74,2286,ggtext
2020-07-02,90,2376,ggtext
2020-07-03,86,2462,ggtext
2020-07-04,77,2539,ggtext
2020-07-05,116,2655,ggtext
2020-07-06,121,2776,ggtext
2020-07-07,154,2930,ggtext
2020-07-08,151,3081,ggtext
2020-07-09,159,3240,ggtext
2020-07-10,125,3365,ggtext
2020-07-11,92,3457,ggtext
2020-07-12,96,3553,ggtext
2020-07-13,118,3671,ggtext
2020-07-14,123,3794,ggtext
2020-07-15,157,3951,ggtext
2020-07-16,131,4082,ggtext
2020-07-17,129,4211,ggtext
2020-07-18,90,4301,ggtext
2020-07-19,108,4409,ggtext
2020-07-20,113,4522,ggtext
2020-07-21,132,4654,ggtext
2020-07-22,113,4767,ggtext
2020-07-23,113,4880,ggtext
2020-07-24,137,5017,ggtext
2020-07-25,112,5129,ggtext
2020-07-26,89,5218,ggtext
2020-07-27,122,5340,ggtext
2020-07-28,165,5505,ggtext
2020-07-29,136,5641,ggtext
2020-07-30,110,5751,ggtext
2020-07-31,109,5860,ggtext
2020-08-01,73,5933,ggtext
2020-08-02,67,6000,ggtext
2020-08-03,115,6115,ggtext
2020-08-04,141,6256,ggtext
2020-08-05,1593,7849,ggtext
2020-08-06,1411,9260,ggtext
2020-08-07,1006,10266,ggtext
2020-08-08,764,11030,ggtext
2020-08-09,745,11775,ggtext
2020-08-10,1173,12948,ggtext
2020-08-11,1329,14277,ggtext
2020-08-12,1214,15491,ggtext
2020-08-13,1131,16622,ggtext
2020-08-14,1051,17673,ggtext
2020-08-15,756,18429,ggtext
2020-08-16,726,19155,ggtext
2020-08-17,1195,20350,ggtext
2020-08-18,1074,21424,ggtext
2020-08-19,1144,22568,ggtext
2020-08-20,1191,23759,ggtext
2020-08-21,1123,24882,ggtext
2020-08-22,845,25727,ggtext
2020-08-23,846,26573,ggtext
2020-08-24,1318,27891,ggtext
2020-08-25,1308,29199,ggtext
2020-08-26,1552,30751,ggtext
2020-08-27,1322,32073,ggtext
2020-08-28,1215,33288,ggtext
2020-08-29,790,34078,ggtext
2020-08-30,701,34779,ggtext
2020-08-31,1215,35994,ggtext
2020-09-01,1272,37266,ggtext
2020-09-02,1336,38602,ggtext
2020-09-03,1318,39920,ggtext
2020-09-04,1098,41018,ggtext
2020-09-05,798,41816,ggtext
2020-09-06,807,42623,ggtext
2020-09-07,930,43553,ggtext
2020-09-08,1387,44940,ggtext
2020-09-09,1490,46430,ggtext
2020-09-10,1549,47979,ggtext
2020-09-11,1381,49360,ggtext
2020-09-12,891,50251,ggtext
2020-09-13,836,51087,ggtext
2020-09-14,1293,52380,ggtext
2020-09-15,1444,53824,ggtext
2020-09-16,1551,55375,ggtext
2020-09-17,1553,56928,ggtext
2020-09-18,1380,58308,ggtext
2020-09-19,877,59185,ggtext
2020-09-20,848,60033,ggtext
2020-09-21,1241,61274,ggtext
2020-09-22,1350,62624,ggtext
2020-09-23,1180,63804,ggtext
2020-09-24,1272,65076,ggtext
2020-09-25,1347,66423,ggtext
2020-09-26,903,67326,ggtext
2020-09-27,895,68221,ggtext
2020-09-28,1294,69515,ggtext
2020-09-29,1496,71011,ggtext
2020-09-30,1340,72351,ggtext
2020-10-01,1259,73610,ggtext
2020-10-02,1157,74767,ggtext
2020-10-03,734,75501,ggtext
2020-10-04,815,76316,ggtext
2020-10-05,1294,77610,ggtext
2020-10-06,1248,78858,ggtext
2020-10-07,1239,80097,ggtext
2020-10-08,1437,81534,ggtext
2020-10-09,1436,82970,ggtext
2020-10-10,931,83901,ggtext
2020-10-11,753,84654,ggtext
2020-10-12,1229,85883,ggtext
2020-10-13,1362,87245,ggtext
2020-10-14,1185,88430,ggtext
2020-10-15,1295,89725,ggtext
2020-10-16,1286,91011,ggtext
2020-10-17,769,91780,ggtext
2020-10-18,856,92636,ggtext
2020-10-19,1386,94022,ggtext
2020-10-20,1430,95452,ggtext
2020-10-21,1499,96951,ggtext
2020-10-22,1871,98822,ggtext
2020-10-23,1482,100304,ggtext
2020-10-24,1148,101452,ggtext
2020-10-25,1006,102458,ggtext
2020-10-26,1221,103679,ggtext
2020-10-27,1599,105278,ggtext
2020-10-28,1476,106754,ggtext
2020-10-29,1354,108108,ggtext
2020-10-30,1450,109558,ggtext
2020-10-31,906,110464,ggtext
2020-11-01,609,111073,ggtext
2020-11-02,1132,112205,ggtext
2020-11-03,1526,113731,ggtext
2020-11-04,1541,115272,ggtext
2020-11-05,1584,116856,ggtext
2020-11-06,1410,118266,ggtext
2020-11-07,1082,119348,ggtext
2020-11-08,920,120268,ggtext
2020-11-09,1366,121634,ggtext
2020-11-10,1401,123035,ggtext
2020-11-11,1332,124367,ggtext
2020-11-12,1518,125885,ggtext
2020-11-13,1314,127199,ggtext
2020-11-14,1063,128262,ggtext
2020-11-15,1089,129351,ggtext
2020-11-16,1311,130662,ggtext
2020-11-17,1399,132061,ggtext
2020-11-18,1436,133497,ggtext
2020-11-19,1317,134814,ggtext
2020-11-20,1288,136102,ggtext
2020-11-21,1042,137144,ggtext
2020-11-22,1047,138191,ggtext
2020-11-23,1383,139574,ggtext
2020-11-24,1517,141091,ggtext
2020-11-25,1106,142197,ggtext
2020-11-26,1120,143317,ggtext
2020-11-27,1194,144511,ggtext
2020-11-28,1033,145544,ggtext
2020-11-29,1055,146599,ggtext
2020-11-30,1386,147985,ggtext
2020-12-01,1506,149491,ggtext
2020-12-02,1525,151016,ggtext
2020-12-03,1617,152633,ggtext
2020-12-04,1647,154280,ggtext
2020-12-05,1175,155455,ggtext
2020-12-06,1162,156617,ggtext
2020-12-07,1499,158116,ggtext
2020-12-08,1359,159475,ggtext
2020-12-09,1533,161008,ggtext
2020-12-10,1331,162339,ggtext
2020-12-11,1563,163902,ggtext
2020-12-12,1001,164903,ggtext
2020-12-13,920,165823,ggtext
2020-12-14,1435,167258,ggtext
2020-12-15,1701,168959,ggtext
2020-12-16,1607,170566,ggtext
2020-12-17,1857,172423,ggtext
2020-12-18,1705,174128,ggtext
2020-12-19,1357,175485,ggtext
2020-12-20,1313,176798,ggtext
2020-12-21,1647,178445,ggtext
2020-12-22,1671,180116,ggtext
2020-12-23,1693,181809,ggtext
2020-12-24,1482,183291,ggtext
2020-12-25,1287,184578,ggtext
2020-12-26,1253,185831,ggtext
2020-12-27,1264,187095,ggtext
2020-12-28,1479,188574,ggtext
2020-12-29,1369,189943,ggtext
2020-12-30,1165,191108,ggtext
2020-12-31,1011,192119,ggtext
2021-01-01,982,193101,ggtext
2021-01-02,1094,194195,ggtext
2021-01-03,1021,195216,ggtext
2021-01-04,1801,197017,ggtext
2021-01-05,1826,198843,ggtext
2021-01-06,1881,200724,ggtext
2021-01-07,1863,202587,ggtext
2021-01-08,1726,204313,ggtext
2021-01-09,1274,205587,ggtext
2021-01-10,1260,206847,ggtext
2021-01-11,1696,208543,ggtext
2021-01-12,1799,210342,ggtext
2021-01-13,1823,212165,ggtext
2021-01-14,1687,213852,ggtext
2021-01-15,1665,215517,ggtext
2021-01-16,1353,216870,ggtext
2021-01-17,1225,218095,ggtext
2021-01-18,1683,219778,ggtext
2021-01-19,1741,221519,ggtext
2021-01-20,1663,223182,ggtext
2021-01-21,1815,224997,ggtext
2021-01-22,1991,226988,ggtext
2021-01-23,1501,228489,ggtext
2021-01-24,1318,229807,ggtext
2021-01-25,1844,231651,ggtext
2021-01-26,1805,233456,ggtext
2021-01-27,1498,234954,ggtext
2021-01-28,1681,236635,ggtext
2021-01-29,1568,238203,ggtext
2021-01-30,1099,239302,ggtext
2021-01-31,1014,240316,ggtext
2021-02-01,1978,242294,ggtext
2021-02-02,1552,243846,ggtext
2021-02-03,1801,245647,ggtext
2021-02-04,2051,247698,ggtext
2021-02-05,1546,249244,ggtext
2021-02-06,1235,250479,ggtext
2021-02-07,1081,251560,ggtext
2021-02-08,1879,253439,ggtext
2021-02-09,1522,254961,ggtext
2021-02-10,1597,256558,ggtext
2021-02-11,1639,258197,ggtext
2021-02-12,1653,259850,ggtext
2021-02-13,1059,260909,ggtext
2021-02-14,895,261804,ggtext
2021-02-15,1508,263312,ggtext
2021-02-16,1612,264924,ggtext
2021-02-17,1297,266221,ggtext
2021-02-18,1157,267378,ggtext
2021-02-19,1227,268605,ggtext
2021-02-20,897,269502,ggtext
2021-02-21,798,270300,ggtext
2021-02-22,1766,272066,ggtext
2021-02-23,1465,273531,ggtext
2021-02-24,1467,274998,ggtext
2021-02-25,1199,276197,ggtext
2021-02-26,985,277182,ggtext
2021-02-27,823,278005,ggtext
2021-02-28,574,278579,ggtext
2021-03-01,1210,279789,ggtext
2021-03-02,1332,281121,ggtext
2021-03-03,1519,282640,ggtext
2021-03-04,1464,284104,ggtext
2021-03-05,1345,285449,ggtext
2021-03-06,792,286241,ggtext
2021-03-07,757,286998,ggtext
2021-03-08,1360,288358,ggtext
2021-03-09,2390,290748,ggtext
2021-03-10,2961,293709,ggtext
2021-03-11,3258,296967,ggtext
2021-03-12,2501,299468,ggtext
2021-03-13,1664,301132,ggtext
2021-03-14,1654,302786,ggtext
2021-03-15,3000,305786,ggtext
2021-03-16,2981,308767,ggtext
2021-03-17,2879,311646,ggtext
2021-03-18,3012,314658,ggtext
2021-03-19,2809,317467,ggtext
2021-03-20,1740,319207,ggtext
2021-03-21,1769,320976,ggtext
2021-03-22,2862,323838,ggtext
2021-03-23,2656,326494,ggtext
2021-03-24,2481,328975,ggtext
2021-03-25,2288,331263,ggtext
2021-03-26,2256,333519,ggtext
2021-03-27,1366,334885,ggtext
2021-03-28,1700,336585,ggtext
2021-03-29,2621,339206,ggtext
2021-03-30,2373,341579,ggtext
2021-03-31,2441,344020,ggtext
2021-04-01,2306,346326,ggtext
2021-04-02,1815,348141,ggtext
2021-04-03,1317,349458,ggtext
2021-04-04,1582,351040,ggtext
2021-04-05,2269,353309,ggtext
2021-04-06,2515,355824,ggtext
2021-04-07,2558,358382,ggtext
2021-04-08,2572,360954,ggtext
2021-04-09,2473,363427,ggtext
2021-04-10,1601,365028,ggtext
2021-04-11,1538,366566,ggtext
2021-04-12,2472,369038,ggtext
2021-04-13,2260,371298,ggtext
2021-04-14,2229,373527,ggtext
2021-04-15,2177,375704,ggtext
2021-04-16,1905,377609,ggtext
2021-04-17,1252,378861,ggtext
2021-04-18,1207,380068,ggtext
2021-04-19,1903,381971,ggtext
2021-04-20,2010,383981,ggtext
2021-04-21,1926,385907,ggtext
2021-04-22,2063,387970,ggtext
2021-04-23,1793,389763,ggtext
2021-04-24,1250,391013,ggtext
2021-04-25,1250,392263,ggtext
2021-04-26,2008,394271,ggtext
2021-04-27,1950,396221,ggtext
2021-04-28,1887,398108,ggtext
2021-04-29,1861,399969,ggtext
2021-04-30,1575,401544,ggtext
2021-05-01,1048,402592,ggtext
2021-05-02,1097,403689,ggtext
2021-05-03,1858,405547,ggtext
2021-05-04,1949,407496,ggtext
2021-05-05,1837,409333,ggtext
2021-05-06,1911,411244,ggtext
2021-05-07,1707,412951,ggtext
2021-05-08,1146,414097,ggtext
2021-05-09,1080,415177,ggtext
2021-05-10,2115,417292,ggtext
2021-05-11,2229,419521,ggtext
2021-05-12,2026,421547,ggtext
2021-05-13,1750,423297,ggtext
2021-05-14,1585,424882,ggtext
2021-05-15,1226,426108,ggtext
2021-05-16,1112,427220,ggtext
2021-05-17,1837,429057,ggtext
2021-05-18,2339,431396,ggtext
2021-05-19,2500,433896,ggtext
2021-05-20,2292,436188,ggtext
2021-05-21,1599,437787,ggtext
2021-05-22,1243,439030,ggtext
2021-05-23,1212,440242,ggtext
2021-05-24,1949,442191,ggtext
2021-05-25,2399,444590,ggtext
2021-05-26,2263,446853,ggtext
2021-05-27,2038,448891,ggtext
2021-05-28,1781,450672,ggtext
2021-05-29,1175,451847,ggtext
2021-05-30,1230,453077,ggtext
2021-05-31,1719,454796,ggtext
2021-06-01,2075,456871,ggtext
2021-06-02,2056,458927,ggtext
2021-06-03,2061,460988,ggtext
2021-06-04,1948,462936,ggtext
2021-06-05,1187,464123,ggtext
2021-06-06,1312,465435,ggtext
2021-06-07,2058,467493,ggtext
2021-06-08,2183,469676,ggtext
2021-06-09,2014,471690,ggtext
2021-06-10,1892,473582,ggtext
2021-06-11,1822,475404,ggtext
2021-06-12,1067,476471,ggtext
2021-06-13,1111,477582,ggtext
2021-06-14,1998,479580,ggtext
2021-06-15,1973,481553,ggtext
2021-06-16,1909,483462,ggtext
2021-06-17,1930,485392,ggtext
2021-06-18,1655,487047,ggtext
2021-06-19,1186,488233,ggtext
2021-06-20,1103,489336,ggtext
2021-06-21,1836,491172,ggtext
2021-06-22,1967,493139,ggtext
2021-06-23,2112,495251,ggtext
2021-06-24,1933,497184,ggtext
2021-06-25,1751,498935,ggtext
2021-06-26,1104,500039,ggtext
2021-06-27,1041,501080,ggtext
2021-06-28,1921,503001,ggtext
2021-06-29,2004,505005,ggtext
2021-06-30,1912,506917,ggtext
2021-07-01,2112,509029,ggtext
2021-07-02,1865,510894,ggtext
2021-07-03,1349,512243,ggtext
2021-07-04,1375,513618,ggtext
2021-07-05,1862,515480,ggtext
2021-07-06,2046,517526,ggtext
2021-07-07,2026,519552,ggtext
2021-07-08,1888,521440,ggtext
2021-07-09,1528,522968,ggtext
2021-07-10,1071,524039,ggtext
2021-07-11,1145,525184,ggtext
2021-07-12,1941,527125,ggtext
2021-07-13,1913,529038,ggtext
2021-07-14,1977,531015,ggtext
2021-07-15,2039,533054,ggtext
2021-07-16,1772,534826,ggtext
2021-07-17,1206,536032,ggtext
2021-07-18,1200,537232,ggtext
2021-07-19,2030,539262,ggtext
2021-07-20,2016,541278,ggtext
2021-07-21,1917,543195,ggtext
2021-07-22,1878,545073,ggtext
2021-07-23,1706,546779,ggtext
2021-07-24,1151,547930,ggtext
2021-07-25,1266,549196,ggtext
2021-07-26,1926,551122,ggtext
2021-07-27,1853,552975,ggtext
2021-07-28,1930,554905,ggtext
2021-07-29,1725,556630,ggtext
2021-07-30,1612,558242,ggtext
2021-07-31,1094,559336,ggtext
2021-08-01,1223,560559,ggtext
2021-08-02,1756,562315,ggtext
2021-08-03,1870,564185,ggtext
2021-08-04,1902,566087,ggtext
2021-08-05,1726,567813,ggtext
2021-08-06,1770,569583,ggtext
2021-08-07,1172,570755,ggtext
2021-08-08,1197,571952,ggtext
2021-08-09,1828,573780,ggtext
2021-08-10,2386,576166,ggtext
2021-08-11,2196,578362,ggtext
2021-08-12,1855,580217,ggtext
2021-08-13,1697,581914,ggtext
2021-08-14,1423,583337,ggtext
2021-08-15,1316,584653,ggtext
2021-08-16,2002,586655,ggtext
2021-08-17,2057,588712,ggtext
2021-08-18,2048,590760,ggtext
2021-08-19,2046,592806,ggtext
2021-08-20,1898,594704,ggtext
2021-08-21,1215,595919,ggtext
2021-08-22,1255,597174,ggtext
2021-08-23,2016,599190,ggtext
2021-08-24,1938,601128,ggtext
2021-08-25,1879,603007,ggtext
2021-08-26,1883,604890,ggtext
2021-08-27,1565,606455,ggtext
2021-08-28,1234,607689,ggtext
2021-08-29,1153,608842,ggtext
2021-08-30,2018,610860,ggtext
2021-08-31,1971,612831,ggtext
2021-09-01,2116,614947,ggtext
2021-09-02,1880,616827,ggtext
2021-09-03,1763,618590,ggtext
2021-09-04,1195,619785,ggtext
2021-09-05,1240,621025,ggtext
2021-09-06,1565,622590,ggtext
2021-09-07,2189,624779,ggtext
2021-09-08,2014,626793,ggtext
2021-09-09,1949,628742,ggtext
2021-09-10,1600,630342,ggtext
2021-09-11,1074,631416,ggtext
2021-09-12,1088,632504,ggtext
2021-09-13,1723,634227,ggtext
2021-09-14,1847,636074,ggtext
2021-09-15,1869,637943,ggtext
2021-09-16,1908,639851,ggtext
2021-09-17,1771,641622,ggtext
2021-09-18,1252,642874,ggtext
2021-09-19,1075,643949,ggtext
2021-09-20,2043,645992,ggtext
2021-09-21,2067,648059,ggtext
2021-09-22,1721,649780,ggtext
2021-09-23,2027,651807,ggtext
2021-09-24,1730,653537,ggtext
2021-09-25,824,654361,ggtext
2021-09-26,1097,655458,ggtext
2021-09-27,1923,657381,ggtext
2021-09-28,1889,659270,ggtext
2021-09-29,1858,661128,ggtext
2021-09-30,2006,663134,ggtext
2021-10-01,1760,664894,ggtext
2021-10-02,902,665796,ggtext
2021-10-03,948,666744,ggtext
2021-10-04,1922,668666,ggtext
2021-10-05,1986,670652,ggtext
2021-10-06,1693,672345,ggtext
2021-10-07,1731,674076,ggtext
2021-10-08,1424,675500,ggtext
2021-10-09,868,676368,ggtext
2021-10-10,776,677144,ggtext
2021-10-11,1638,678782,ggtext
2021-10-12,2068,680850,ggtext
2021-10-13,1714,682564,ggtext
2021-10-14,2202,684766,ggtext
2021-10-15,1627,686393,ggtext
2021-10-16,820,687213,ggtext
2021-10-17,813,688026,ggtext
2021-10-18,1719,689745,ggtext
2021-10-19,1795,691540,ggtext
2021-10-20,1798,693338,ggtext
2021-10-21,2144,695482,ggtext
2021-10-22,1719,697201,ggtext
2021-10-23,993,698194,ggtext
2021-10-24,1031,699225,ggtext
2021-10-25,2018,701243,ggtext
2021-10-26,2159,703402,ggtext
2021-10-27,2160,705562,ggtext
2021-10-28,2214,707776,ggtext
2021-10-29,1878,709654,ggtext
2021-10-30,1095,710749,ggtext
2021-10-31,1067,711816,ggtext
2021-11-01,2023,713839,ggtext
2021-11-02,2166,716005,ggtext
2021-11-03,2022,718027,ggtext
2021-11-04,1986,720013,ggtext
2021-11-05,1968,721981,ggtext
2021-11-06,1258,723239,ggtext
2021-11-07,1152,724391,ggtext
2021-11-08,2105,726496,ggtext
2021-11-09,2081,728577,ggtext
2021-11-10,2090,730667,ggtext
2021-11-11,2121,732788,ggtext
2021-11-12,1891,734679,ggtext
2021-11-13,1070,735749,ggtext
2021-11-14,1218,736967,ggtext
2021-11-15,1889,738856,ggtext
2021-11-16,1947,740803,ggtext
2021-11-17,1876,742679,ggtext
2021-11-18,2006,744685,ggtext
2021-11-19,1711,746396,ggtext
2021-11-20,1135,747531,ggtext
2021-11-21,1049,748580,ggtext
2021-11-22,1867,750447,ggtext
2021-11-23,1757,752204,ggtext
2021-11-24,1746,753950,ggtext
2021-11-25,1417,755367,ggtext
2021-11-26,1248,756615,ggtext
2021-11-27,871,757486,ggtext
2021-11-28,885,758371,ggtext
2021-11-29,1819,760190,ggtext
2021-11-30,1913,762103,ggtext
2021-12-01,1919,764022,ggtext
2021-12-02,1992,766014,ggtext
2021-12-03,1487,767501,ggtext
2021-12-04,917,768418,ggtext
2021-12-05,889,769307,ggtext
2021-12-06,1715,771022,ggtext
2021-12-07,1961,772983,ggtext
2021-12-08,1467,774450,ggtext
2021-12-09,1603,776053,ggtext
2021-12-10,1209,777262,ggtext
2021-12-11,777,778039,ggtext
2021-12-12,889,778928,ggtext
2021-12-13,1442,780370,ggtext
2021-12-14,1503,781873,ggtext
2021-12-15,1553,783426,ggtext
2021-12-16,1428,784854,ggtext
2021-12-17,1192,786046,ggtext
2021-12-18,703,786749,ggtext
2021-12-19,697,787446,ggtext
2021-12-20,1320,788766,ggtext
2021-12-21,1338,790104,ggtext
2021-12-22,1351,791455,ggtext
2021-12-23,1023,792478,ggtext
2021-12-24,720,793198,ggtext
2021-12-25,543,793741,ggtext
2021-12-26,607,794348,ggtext
2021-12-27,906,795254,ggtext
2021-12-28,886,796140,ggtext
2021-12-29,918,797058,ggtext
2021-12-30,912,797970,ggtext
2021-12-31,640,798610,ggtext
2022-01-01,614,799224,ggtext
2022-01-02,662,799886,ggtext
2022-01-03,1114,801000,ggtext
2022-01-04,1343,802343,ggtext
2022-01-05,1272,803615,ggtext
2022-01-06,1415,805030,ggtext
2022-01-07,1243,806273,ggtext
2022-01-08,701,806974,ggtext
2022-01-09,812,807786,ggtext
2022-01-10,1474,809260,ggtext
2022-01-11,1567,810827,ggtext
2022-01-12,1602,812429,ggtext
2022-01-13,1628,814057,ggtext
2022-01-14,1426,815483,ggtext
2022-01-15,652,816135,ggtext
2022-01-16,778,816913,ggtext
2022-01-17,1447,818360,ggtext
2022-01-18,1500,819860,ggtext
2022-01-19,1574,821434,ggtext
2022-01-20,1632,823066,ggtext
2022-01-21,1445,824511,ggtext
2022-01-22,788,825299,ggtext
2022-01-23,712,826011,ggtext
2022-01-24,1678,827689,ggtext
2022-01-25,1604,829293,ggtext
2022-01-26,1435,830728,ggtext
2022-01-27,1416,832144,ggtext
2022-01-28,1305,833449,ggtext
2022-01-29,770,834219,ggtext
2022-01-30,723,834942,ggtext
2022-01-31,1474,836416,ggtext
2022-02-01,1416,837832,ggtext
2022-02-02,1560,839392,ggtext
2022-02-03,1508,840900,ggtext
2022-02-04,1377,842277,ggtext
2022-02-05,685,842962,ggtext
2022-02-06,731,843693,ggtext
2022-02-07,1657,845350,ggtext
2022-02-08,1479,846829,ggtext
2022-02-09,1640,848469,ggtext
2022-02-10,1790,850259,ggtext
2022-02-11,1392,851651,ggtext
2022-02-12,775,852426,ggtext
2022-02-13,798,853224,ggtext
2022-02-14,1600,854824,ggtext
2022-02-15,2060,856884,ggtext
2022-02-16,1720,858604,ggtext
2022-02-17,1571,860175,ggtext
2022-02-18,1434,861609,ggtext
2022-02-19,884,862493,ggtext
2022-02-20,799,863292,ggtext
2022-02-21,1503,864795,ggtext
2022-02-22,1578,866373,ggtext
2022-02-23,1760,868133,ggtext
2022-02-24,1618,869751,ggtext
2022-02-25,1414,871165,ggtext
2022-02-26,724,871889,ggtext
2022-02-27,817,872706,ggtext
2022-02-28,1472,874178,ggtext
2022-03-01,1645,875823,ggtext
2022-03-02,1702,877525,ggtext
2022-03-03,1607,879132,ggtext
2022-03-04,1432,880564,ggtext
2022-03-05,923,881487,ggtext
2022-03-06,900,882387,ggtext
2022-03-07,1741,884128,ggtext
2022-03-08,1854,885982,ggtext
2022-03-09,1800,887782,ggtext
2022-03-10,1936,889718,ggtext
2022-03-11,1421,891139,ggtext
2022-03-12,770,891909,ggtext
2022-03-13,828,892737,ggtext
2022-03-14,1654,894391,ggtext
2022-03-15,3724,898115,ggtext
2022-03-16,2099,900214,ggtext
2022-03-17,4074,904288,ggtext
2022-03-18,2482,906770,ggtext
2022-03-19,1050,907820,ggtext
2022-03-20,1004,908824,ggtext
2022-03-21,3498,912322,ggtext
2022-03-22,1954,914276,ggtext
2022-03-23,2224,916500,ggtext
2022-03-24,1626,918126,ggtext
2022-03-25,1533,919659,ggtext
2022-03-26,1264,920923,ggtext
2022-03-27,1188,922111,ggtext
2022-03-28,1940,924051,ggtext
2022-03-29,1871,925922,ggtext
2022-03-30,1652,927574,ggtext
2022-03-31,1577,929151,ggtext
2022-04-01,1449,930600,ggtext
2022-04-02,831,931431,ggtext
2022-04-03,893,932324,ggtext
2022-04-04,1645,933969,ggtext
2022-04-05,1755,935724,ggtext
2022-04-06,1845,937569,ggtext
2022-04-07,1650,939219,ggtext
2022-04-08,1425,940644,ggtext
2022-04-09,864,941508,ggtext
2022-04-10,826,942334,ggtext
2022-04-11,1784,944118,ggtext
2022-04-12,1772,945890,ggtext
2022-04-13,1898,947788,ggtext
2022-04-14,3205,950993,ggtext
2022-04-15,1629,952622,ggtext
2022-04-16,991,953613,ggtext
2022-04-17,1108,954721,ggtext
2022-04-18,5218,959939,ggtext
2022-04-19,4247,964186,ggtext
2022-04-20,6040,970226,ggtext
2022-04-21,4146,974372,ggtext
2022-04-22,4628,979000,ggtext
2022-04-23,1088,980088,ggtext
2022-04-24,1310,981398,ggtext
2022-04-25,3007,984405,ggtext
2022-04-26,3333,987738,ggtext
2022-04-27,2866,990604,ggtext
2022-04-28,3722,994326,ggtext
2022-04-29,3776,998102,ggtext
2022-04-30,2533,1000635,ggtext
2022-05-01,1535,1002170,ggtext
2022-05-02,4988,1007158,ggtext
2022-05-03,5381,1012539,ggtext
2022-05-04,7242,1019781,ggtext
2022-05-05,4347,1024128,ggtext
2022-05-06,7560,1031688,ggtext
2022-05-07,3771,1035459,ggtext
2022-05-08,6260,1041719,ggtext
2022-05-09,8932,1050651,ggtext
2022-05-10,10478,1061129,ggtext
2022-05-11,6620,1067749,ggtext
2022-05-12,8491,1076240,ggtext
2022-05-13,6805,1083045,ggtext
2022-05-14,929,1083974,ggtext
2022-05-15,1069,1085043,ggtext
2022-05-16,5193,1090236,ggtext
2022-05-17,6369,1096605,ggtext
2022-05-18,5472,1102077,ggtext
2022-05-19,5347,1107424,ggtext
2022-05-20,5802,1113226,ggtext
2022-05-21,1899,1115125,ggtext
2022-05-22,1503,1116628,ggtext
2022-05-23,6765,1123393,ggtext
2022-05-24,8535,1131928,ggtext
2022-05-25,7466,1139394,ggtext
2022-05-26,9828,1149222,ggtext
2022-05-27,12573,1161795,ggtext
2022-05-28,7539,1169334,ggtext
2022-05-29,3816,1173150,ggtext
2022-05-30,5001,1178151,ggtext
2022-05-31,13469,1191620,ggtext
2022-06-01,9874,1201494,ggtext
2022-06-02,7359,1208853,ggtext
2022-06-03,6550,1215403,ggtext
2022-06-04,6622,1222025,ggtext
2022-06-05,11270,1233295,ggtext
2022-06-06,18264,1251559,ggtext
2022-06-07,24102,1275661,ggtext
2022-06-08,8727,1284388,ggtext
2022-06-09,9411,1293799,ggtext
2022-06-10,9699,1303498,ggtext
2022-06-11,4366,1307864,ggtext
2022-06-12,2439,1310303,ggtext
2022-06-13,6831,1317134,ggtext
2022-06-14,4286,1321420,ggtext
2022-06-15,5795,1327215,ggtext
2022-06-16,7021,1334236,ggtext
2022-06-17,11187,1345423,ggtext
2022-06-18,4514,1349937,ggtext
2022-06-19,1483,1351420,ggtext
2022-06-20,5841,1357261,ggtext
2022-06-21,5824,1363085,ggtext
2022-06-22,5152,1368237,ggtext
2022-06-23,5451,1373688,ggtext
2022-06-24,5779,1379467,ggtext
2022-06-25,2473,1381940,ggtext
2022-06-26,2156,1384096,ggtext
2022-06-27,5007,1389103,ggtext
2022-06-28,4367,1393470,ggtext
2022-06-29,2993,1396463,ggtext
2022-06-30,3285,1399748,ggtext
2022-07-01,2875,1402623,ggtext
2022-07-02,2101,1404724,ggtext
2022-07-03,2150,1406874,ggtext
2022-07-04,2838,1409712,ggtext
2022-07-05,3800,1413512,ggtext
2022-07-06,3910,1417422,ggtext
2022-07-07,4181,1421603,ggtext
2022-07-08,3054,1424657,ggtext
2022-07-09,2052,1426709,ggtext
2022-07-10,2098,1428807,ggtext
2022-07-11,3198,1432005,ggtext
2022-07-12,2732,1434737,ggtext
2022-07-13,2811,1437548,ggtext
2022-07-14,3282,1440830,ggtext
2022-07-15,2989,1443819,ggtext
2022-07-16,2007,1445826,ggtext
2022-07-17,1329,1447155,ggtext
2022-07-18,3053,1450208,ggtext
2022-07-19,3314,1453522,ggtext
2022-07-20,2847,1456369,ggtext
2022-07-21,2720,1459089,ggtext
2022-07-22,2414,1461503,ggtext
2022-07-23,1713,1463216,ggtext
2022-07-24,1739,1464955,ggtext
2022-07-25,2920,1467875,ggtext
2022-07-26,2905,1470780,ggtext
2022-07-27,3373,1474153,ggtext
2022-07-28,3286,1477439,ggtext
2022-07-29,2328,1479767,ggtext
2022-07-30,2076,1481843,ggtext
2022-07-31,2462,1484305,ggtext
2022-08-01,3737,1488042,ggtext
2022-08-02,4055,1492097,ggtext
2022-08-03,3593,1495690,ggtext
2022-08-04,3445,1499135,ggtext
2022-08-05,2072,1501207,ggtext
2022-08-06,778,1501985,ggtext
2022-08-07,923,1502908,ggtext
2022-08-08,2644,1505552,ggtext
2022-08-09,2160,1507712,ggtext
2022-08-10,2771,1510483,ggtext
2022-08-11,2849,1513332,ggtext
2022-08-12,3426,1516758,ggtext
2022-08-13,1521,1518279,ggtext
2022-08-14,1287,1519566,ggtext
2022-08-15,2536,1522102,ggtext
2022-08-16,3713,1525815,ggtext
2022-08-17,3485,1529300,ggtext
2022-08-18,3207,1532507,ggtext
2022-08-19,3284,1535791,ggtext
2022-08-20,1418,1537209,ggtext
2022-08-21,1373,1538582,ggtext
2022-08-22,2901,1541483,ggtext
2022-08-23,2879,1544362,ggtext
2022-08-24,3030,1547392,ggtext
2022-08-25,2610,1550002,ggtext
2022-08-26,2644,1552646,ggtext
2022-08-27,1632,1554278,ggtext
2022-08-28,1187,1555465,ggtext
2022-08-29,2377,1557842,ggtext
2022-08-30,2742,1560584,ggtext
2022-08-31,2724,1563308,ggtext
2022-09-01,3281,1566589,ggtext
2022-09-02,2667,1569256,ggtext
2022-09-03,1534,1570790,ggtext
2022-09-04,1745,1572535,ggtext
2022-09-05,2484,1575019,ggtext
2022-09-06,3530,1578549,ggtext
2022-09-07,2342,1580891,ggtext
2022-09-08,2476,1583367,ggtext
2022-09-09,1909,1585276,ggtext
2022-09-10,1155,1586431,ggtext
2022-09-11,1316,1587747,ggtext
2022-09-12,2726,1590473,ggtext
2022-09-13,3184,1593657,ggtext
2022-09-14,3137,1596794,ggtext
2022-09-15,3373,1600167,ggtext
2022-09-16,3432,1603599,ggtext
2022-09-17,2139,1605738,ggtext
2022-09-18,1811,1607549,ggtext
2022-09-19,4684,1612233,ggtext
2022-09-20,4303,1616536,ggtext
2022-09-21,4457,1620993,ggtext
2022-09-22,5722,1626715,ggtext
2022-09-23,3460,1630175,ggtext
2022-09-24,1654,1631829,ggtext
2022-09-25,1816,1633645,ggtext
2022-09-26,3950,1637595,ggtext
2022-09-27,3654,1641249,ggtext
2022-09-28,3916,1645165,ggtext
2022-09-29,4617,1649782,ggtext
2022-09-30,3614,1653396,ggtext
2022-10-01,1983,1655379,ggtext
2022-10-02,3300,1658679,ggtext
2022-10-03,4598,1663277,ggtext
2022-10-04,3854,1667131,ggtext
2022-10-05,4429,1671560,ggtext
2022-10-06,4325,1675885,ggtext
2022-10-07,2490,1678375,ggtext
2022-10-08,2161,1680536,ggtext
2022-10-09,2129,1682665,ggtext
2022-10-10,3143,1685808,ggtext
2022-10-11,3723,1689531,ggtext
2022-10-12,3775,1693306,ggtext
2022-10-13,3475,1696781,ggtext
2022-10-14,3409,1700190,ggtext
2022-10-15,1739,1701929,ggtext
2022-10-16,1964,1703893,ggtext
2022-10-17,3808,1707701,ggtext
2022-10-18,4089,1711790,ggtext
2022-10-19,4109,1715899,ggtext
2022-10-20,3963,1719862,ggtext
2022-10-21,4350,1724212,ggtext
2022-10-22,2460,1726672,ggtext
2022-10-23,1725,1728397,ggtext
2022-10-24,4093,1732490,ggtext
2022-10-25,4401,1736891,ggtext
2022-10-26,4356,1741247,ggtext
2022-10-27,3894,1745141,ggtext
2022-10-28,3610,1748751,ggtext
2022-10-29,2153,1750904,ggtext
2022-10-30,1889,1752793,ggtext
2022-10-31,3419,1756212,ggtext
2022-11-01,3720,1759932,ggtext
2022-11-02,4644,1764576,ggtext
2022-11-03,4856,1769432,ggtext
2022-11-04,3489,1772921,ggtext
2022-11-05,2159,1775080,ggtext
2022-11-06,1857,1776937,ggtext
2022-11-07,3696,1780633,ggtext
2022-11-08,2848,1783481,ggtext
2022-11-09,3814,1787295,ggtext
2022-11-10,3430,1790725,ggtext
2022-11-11,2924,1793649,ggtext
2022-11-12,2159,1795808,ggtext
2022-11-13,1618,1797426,ggtext
2022-11-14,3839,1801265,ggtext
2022-11-15,4428,1805693,ggtext
2022-11-16,3883,1809576,ggtext
2022-11-17,4388,1813964,ggtext
2022-11-18,3720,1817684,ggtext
2022-11-19,1661,1819345,ggtext
2022-11-20,3556,1822901,ggtext
2022-11-21,3971,1826872,ggtext
2022-11-22,3606,1830478,ggtext
2022-11-23,3936,1834414,ggtext
2022-11-24,3017,1837431,ggtext
2022-11-25,2571,1840002,ggtext
2022-11-26,1497,1841499,ggtext
2022-11-27,1539,1843038,ggtext
2022-11-28,3619,1846657,ggtext
2022-11-29,4255,1850912,ggtext
2022-11-30,3728,1854640,ggtext
2022-12-01,3861,1858501,ggtext
2022-12-02,3192,1861693,ggtext
2022-12-03,1809,1863502,ggtext
2022-12-04,1714,1865216,ggtext
2022-12-05,3205,1868421,ggtext
2022-12-06,3289,1871710,ggtext
2022-12-07,4560,1876270,ggtext
2022-12-08,3047,1879317,ggtext
2022-12-09,2168,1881485,ggtext
2022-12-10,1463,1882948,ggtext
2022-12-11,1640,1884588,ggtext
2022-12-12,2493,1887081,ggtext
2022-12-13,2742,1889823,ggtext
2022-12-14,3282,1893105,ggtext
2022-12-15,2510,1895615,ggtext
2022-12-16,1825,1897440,ggtext
2022-12-17,1780,1899220,ggtext
2022-12-18,1749,1900969,ggtext
2022-12-19,2512,1903481,ggtext
2022-12-20,2195,1905676,ggtext
2022-12-21,2200,1907876,ggtext
2022-12-22,1820,1909696,ggtext
2022-12-23,1498,1911194,ggtext
2022-12-24,1017,1912211,ggtext
2022-12-25,1267,1913478,ggtext
2022-12-26,1628,1915106,ggtext
2022-12-27,1245,1916351,ggtext
2022-12-28,1514,1917865,ggtext
2022-12-29,1731,1919596,ggtext
2022-12-30,1539,1921135,ggtext
2022-12-31,832,1921967,ggtext
2023-01-01,928,1922895,ggtext
2023-01-02,1916,1924811,ggtext
2023-01-03,1958,1926769,ggtext
2023-01-04,2238,1929007,ggtext
2023-01-05,2092,1931099,ggtext
2023-01-06,2041,1933140,ggtext
2023-01-07,1159,1934299,ggtext
2023-01-08,1285,1935584,ggtext
2023-01-09,2646,1938230,ggtext
2023-01-10,2322,1940552,ggtext
2023-01-11,2018,1942570,ggtext
2023-01-12,2106,1944676,ggtext
2023-01-13,1914,1946590,ggtext
2023-01-14,818,1947408,ggtext
2023-01-15,845,1948253,ggtext
2023-01-16,2341,1950594,ggtext
2023-01-17,2274,1952868,ggtext
2023-01-18,2156,1955024,ggtext
2023-01-19,1829,1956853,ggtext
2023-01-20,1603,1958456,ggtext
2023-01-21,716,1959172,ggtext
2023-01-22,805,1959977,ggtext
2023-01-23,1816,1961793,ggtext
2023-01-24,1835,1963628,ggtext
2023-01-25,1818,1965446,ggtext
2023-01-26,1548,1966994,ggtext
2023-01-27,1856,1968850,ggtext
2023-01-28,850,1969700,ggtext
2023-01-29,863,1970563,ggtext
2023-01-30,1993,1972556,ggtext
2023-01-31,2058,1974614,ggtext
2023-02-01,1838,1976452,ggtext
2023-02-02,2014,1978466,ggtext
2023-02-03,1610,1980076,ggtext
2023-02-04,627,1980703,ggtext
2023-02-05,723,1981426,ggtext
2023-02-06,1691,1983117,ggtext
2023-02-07,1748,1984865,ggtext
2023-02-08,1909,1986774,ggtext
2023-02-09,1768,1988542,ggtext
2023-02-10,1541,1990083,ggtext
2023-02-11,780,1990863,ggtext
2023-02-12,820,1991683,ggtext
2023-02-13,2102,1993785,ggtext
2023-02-14,2275,1996060,ggtext
2023-02-15,1919,1997979,ggtext
2023-02-16,1979,1999958,ggtext
2023-02-17,1837,2001795,ggtext
2023-02-18,710,2002505,ggtext
2023-02-19,820,2003325,ggtext
2023-02-20,1553,2004878,ggtext
2023-02-21,1876,2006754,ggtext
2023-02-22,2511,2009265,ggtext
2023-02-23,2336,2011601,ggtext
2023-02-24,2244,2013845,ggtext
2023-02-25,881,2014726,ggtext
2023-02-26,876,2015602,ggtext
2023-02-27,2331,2017933,ggtext
2023-02-28,1893,2019826,ggtext
2023-03-01,2147,2021973,ggtext
2023-03-02,1994,2023967,ggtext
2023-03-03,1852,2025819,ggtext
2023-03-04,937,2026756,ggtext
2023-03-05,882,2027638,ggtext
2023-03-06,2071,2029709,ggtext
2023-03-07,1859,2031568,ggtext
2023-03-08,1999,2033567,ggtext
2023-03-09,1828,2035395,ggtext
2023-03-10,1498,2036893,ggtext
2023-03-11,908,2037801,ggtext
2023-03-12,928,2038729,ggtext
2023-03-13,1936,2040665,ggtext
2023-03-14,2318,2042983,ggtext
2023-03-15,1676,2044659,ggtext
2023-03-16,1923,2046582,ggtext
2023-03-17,1659,2048241,ggtext
2023-03-18,1074,2049315,ggtext
2023-03-19,937,2050252,ggtext
2023-03-20,1839,2052091,ggtext
2023-03-21,1949,2054040,ggtext
2023-03-22,1914,2055954,ggtext
2023-03-23,1967,2057921,ggtext
2023-03-24,1642,2059563,ggtext
2023-03-25,1122,2060685,ggtext
2023-03-26,1090,2061775,ggtext
2023-03-27,1971,2063746,ggtext
2023-03-28,2049,2065795,ggtext
2023-03-29,1753,2067548,ggtext
2023-03-30,1948,2069496,ggtext
2023-03-31,1721,2071217,ggtext
2023-04-01,1004,2072221,ggtext
2023-04-02,1050,2073271,ggtext
2023-04-03,2727,2075998,ggtext
2023-04-04,1914,2077912,ggtext
2023-04-05,1861,2079773,ggtext
2023-04-06,1833,2081606,ggtext
2023-04-07,1413,2083019,ggtext
2023-04-08,868,2083887,ggtext
2023-04-09,850,2084737,ggtext
2023-04-10,1560,2086297,ggtext
2023-04-11,1851,2088148,ggtext
2023-04-12,1921,2090069,ggtext
2023-04-13,1728,2091797,ggtext
2023-04-14,1882,2093679,ggtext
2023-04-15,951,2094630,ggtext
2023-04-16,1288,2095918,ggtext
2023-04-17,1814,2097732,ggtext
2023-04-18,2047,2099779,ggtext
2023-04-19,1991,2101770,ggtext
2023-04-20,1914,2103684,ggtext
2023-04-21,1779,2105463,ggtext
2023-04-22,1370,2106833,ggtext
2023-04-23,1145,2107978,ggtext
2023-04-24,2049,2110027,ggtext
2023-04-25,2063,2112090,ggtext
2023-04-26,2389,2114479,ggtext
2023-04-27,1979,2116458,ggtext
2023-04-28,1530,2117988,ggtext
2023-04-29,838,2118826,ggtext
2023-04-30,957,2119783,ggtext
2023-05-01,1450,2121233,ggtext
2023-05-02,1832,2123065,ggtext
2023-05-03,1831,2124896,ggtext
2023-05-04,1886,2126782,ggtext
2023-05-05,1558,2128340,ggtext
2023-05-06,1212,2129552,ggtext
2023-05-07,892,2130444,ggtext
2023-05-08,1659,2132103,ggtext
2023-05-09,2085,2134188,ggtext
2023-05-10,1831,2136019,ggtext
2023-05-11,1793,2137812,ggtext
2023-05-12,1749,2139561,ggtext
2023-05-13,1067,2140628,ggtext
2023-05-14,1054,2141682,ggtext
2023-05-15,2119,2143801,ggtext
2023-05-16,2603,2146404,ggtext
2023-05-17,1984,2148388,ggtext
2023-05-18,2113,2150501,ggtext
2023-05-19,1501,2152002,ggtext
2023-05-20,1358,2153360,ggtext
2023-05-21,885,2154245,ggtext
2023-05-22,1844,2156089,ggtext
2023-05-23,1820,2157909,ggtext
2023-05-24,2223,2160132,ggtext
2023-05-25,1931,2162063,ggtext
2023-05-26,1541,2163604,ggtext
2023-05-27,1033,2164637,ggtext
2023-05-28,896,2165533,ggtext
2023-05-29,1317,2166850,ggtext
2023-05-30,1853,2168703,ggtext
2023-05-31,1918,2170621,ggtext
2023-06-01,2165,2172786,ggtext
2023-06-02,1566,2174352,ggtext
2023-06-03,857,2175209,ggtext
2023-06-04,907,2176116,ggtext
2023-06-05,1833,2177949,ggtext
2023-06-06,1899,2179848,ggtext
2023-06-07,2068,2181916,ggtext
2023-06-08,1833,2183749,ggtext
2023-06-09,1685,2185434,ggtext
2023-06-10,1102,2186536,ggtext
2023-06-11,955,2187491,ggtext
2023-06-12,1795,2189286,ggtext
2023-06-13,2394,2191680,ggtext
2023-06-14,1792,2193472,ggtext
2023-06-15,1907,2195379,ggtext
2023-06-16,2257,2197636,ggtext
2023-06-17,953,2198589,ggtext
2023-06-18,907,2199496,ggtext
2023-06-19,1749,2201245,ggtext
2023-06-20,2096,2203341,ggtext
2023-06-21,2036,2205377,ggtext
2023-06-22,1615,2206992,ggtext
2023-06-23,1563,2208555,ggtext
2023-06-24,819,2209374,ggtext
2023-06-25,898,2210272,ggtext
2023-06-26,1848,2212120,ggtext
2023-06-27,1682,2213802,ggtext
2023-06-28,1629,2215431,ggtext
2023-06-29,1473,2216904,ggtext
2023-06-30,1479,2218383,ggtext
2023-07-01,1041,2219424,ggtext
2023-07-02,831,2220255,ggtext
2023-07-03,1455,2221710,ggtext
2023-07-04,1843,2223553,ggtext
2023-07-05,1444,2224997,ggtext
2023-07-06,1615,2226612,ggtext
2023-07-07,1351,2227963,ggtext
2023-07-08,769,2228732,ggtext
2023-07-09,817,2229549,ggtext
2023-07-10,1507,2231056,ggtext
2023-07-11,1746,2232802,ggtext
2023-07-12,1862,2234664,ggtext
2023-07-13,1757,2236421,ggtext
2023-07-14,1620,2238041,ggtext
2023-07-15,743,2238784,ggtext
2023-07-16,769,2239553,ggtext
2023-07-17,1459,2241012,ggtext
2023-07-18,1643,2242655,ggtext
2023-07-19,1485,2244140,ggtext
2023-07-20,1581,2245721,ggtext
2023-07-21,1359,2247080,ggtext
2023-07-22,659,2247739,ggtext
2023-07-23,799,2248538,ggtext
2023-07-24,1548,2250086,ggtext
2023-07-25,1598,2251684,ggtext
2023-07-26,1508,2253192,ggtext
2023-07-27,1472,2254664,ggtext
2023-07-28,1931,2256595,ggtext
2023-07-29,1216,2257811,ggtext
2023-07-30,1089,2258900,ggtext
2023-07-31,1927,2260827,ggtext
2023-08-01,2308,2263135,ggtext
2023-08-02,1829,2264964,ggtext
2023-08-03,2068,2267032,ggtext
2023-08-04,2025,2269057,ggtext
2023-08-05,1619,2270676,ggtext
2023-08-06,1315,2271991,ggtext
2023-08-07,2181,2274172,ggtext
2023-08-08,2160,2276332,ggtext
2023-08-09,2215,2278547,ggtext
2023-08-10,1970,2280517,ggtext
2023-08-11,2082,2282599,ggtext
2023-08-12,1073,2283672,ggtext
2023-08-13,1242,2284914,ggtext
2023-08-14,1783,2286697,ggtext
2023-08-15,1909,2288606,ggtext
2023-08-16,2177,2290783,ggtext
2023-08-17,1808,2292591,ggtext
2023-08-18,1814,2294405,ggtext
2023-08-19,951,2295356,ggtext
2023-08-20,1246,2296602,ggtext
2023-08-21,2023,2298625,ggtext
2023-08-22,2054,2300679,ggtext
2023-08-23,2188,2302867,ggtext
2023-08-24,2094,2304961,ggtext
2023-08-25,1851,2306812,ggtext
2023-08-26,1287,2308099,ggtext
2023-08-27,1333,2309432,ggtext
2023-08-28,2211,2311643,ggtext
2023-08-29,2154,2313797,ggtext
2023-08-30,2106,2315903,ggtext
2023-08-31,2150,2318053,ggtext
2023-09-01,2296,2320349,ggtext
2023-09-02,1504,2321853,ggtext
2023-09-03,1176,2323029,ggtext
2023-09-04,2029,2325058,ggtext
2023-09-05,2223,2327281,ggtext
2023-09-06,2129,2329410,ggtext
2023-09-07,2154,2331564,ggtext
2023-09-08,1887,2333451,ggtext
2023-09-09,1557,2335008,ggtext
2023-09-10,1277,2336285,ggtext
2023-09-11,2139,2338424,ggtext
2023-09-12,2447,2340871,ggtext
2023-09-13,2097,2342968,ggtext
2023-09-14,2022,2344990,ggtext
2023-09-15,1796,2346786,ggtext
2023-09-16,1235,2348021,ggtext
2023-09-17,1163,2349184,ggtext
2023-09-18,2177,2351361,ggtext
2023-09-19,2632,2353993,ggtext
2023-09-20,2728,2356721,ggtext
2023-09-21,2165,2358886,ggtext
2023-09-22,1561,2360447,ggtext
2023-09-23,1112,2361559,ggtext
2023-09-24,1078,2362637,ggtext
2023-09-25,1692,2364329,ggtext
2023-09-26,1974,2366303,ggtext
2023-09-27,1959,2368262,ggtext
2023-09-28,1820,2370082,ggtext
2023-09-29,1761,2371843,ggtext
2023-09-30,1046,2372889,ggtext
2023-10-01,1242,2374131,ggtext
2023-10-02,1989,2376120,ggtext
2023-10-03,2045,2378165,ggtext
2023-10-04,2242,2380407,ggtext
2023-10-05,2001,2382408,ggtext
2023-10-06,2116,2384524,ggtext
2023-10-07,1165,2385689,ggtext
2023-10-08,1185,2386874,ggtext
2023-10-09,2145,2389019,ggtext
2023-10-10,2104,2391123,ggtext
2023-10-11,2208,2393331,ggtext
2023-10-12,2150,2395481,ggtext
2023-10-13,2180,2397661,ggtext
2023-10-14,1334,2398995,ggtext
2023-10-15,1167,2400162,ggtext
2023-10-16,2037,2402199,ggtext
2023-10-17,2391,2404590,ggtext
2023-10-18,2566,2407156,ggtext
2023-10-19,2371,2409527,ggtext
2023-10-20,1992,2411519,ggtext
2023-10-21,1298,2412817,ggtext
2023-10-22,1195,2414012,ggtext
2023-10-23,2009,2416021,ggtext
2023-10-24,2244,2418265,ggtext
2023-10-25,2075,2420340,ggtext
2023-10-26,2112,2422452,ggtext
2023-10-27,1591,2424043,ggtext
2023-10-28,1019,2425062,ggtext
2023-10-29,1177,2426239,ggtext
2023-10-30,2126,2428365,ggtext
2023-10-31,1720,2430085,ggtext
2023-11-01,1591,2431676,ggtext
2023-11-02,1870,2433546,ggtext
2023-11-03,1689,2435235,ggtext
2023-11-04,934,2436169,ggtext
2023-11-05,944,2437113,ggtext
2023-11-06,1779,2438892,ggtext
2023-11-07,1909,2440801,ggtext
2023-11-08,1598,2442399,ggtext
2023-11-09,1702,2444101,ggtext
2023-11-10,1497,2445598,ggtext
2023-11-11,870,2446468,ggtext
2023-11-12,892,2447360,ggtext
2023-11-13,1691,2449051,ggtext
2023-11-14,1623,2450674,ggtext
2023-11-15,1946,2452620,ggtext
2023-11-16,1610,2454230,ggtext
2023-11-17,1425,2455655,ggtext
2023-11-18,808,2456463,ggtext
2023-11-19,820,2457283,ggtext
2023-11-20,1813,2459096,ggtext
2023-11-21,1806,2460902,ggtext
2023-11-22,1656,2462558,ggtext
2023-11-23,1533,2464091,ggtext
2023-11-24,1354,2465445,ggtext
2023-11-25,922,2466367,ggtext
2023-11-26,966,2467333,ggtext
2023-11-27,1752,2469085,ggtext
2023-11-28,1887,2470972,ggtext
2023-11-29,1760,2472732,ggtext
2023-11-30,1833,2474565,ggtext
2023-12-01,1548,2476113,ggtext
2023-12-02,885,2476998,ggtext
2023-12-03,987,2477985,ggtext
2023-12-04,1891,2479876,ggtext
2023-12-05,1939,2481815,ggtext
2023-12-06,1894,2483709,ggtext
2023-12-07,1646,2485355,ggtext
2023-12-08,3969,2489324,ggtext
2023-12-09,811,2490135,ggtext
2023-12-10,964,2491099,ggtext
2023-12-11,1862,2492961,ggtext
2023-12-12,1989,2494950,ggtext
2023-12-13,1703,2496653,ggtext
2023-12-14,1671,2498324,ggtext
2023-12-15,1497,2499821,ggtext
2023-12-16,841,2500662,ggtext
2023-12-17,924,2501586,ggtext
2023-12-18,1424,2503010,ggtext
2023-12-19,1553,2504563,ggtext
2023-12-20,1403,2505966,ggtext
2023-12-21,1296,2507262,ggtext
2023-12-22,1063,2508325,ggtext
2023-12-23,679,2509004,ggtext
2023-12-24,637,2509641,ggtext
2023-12-25,779,2510420,ggtext
2023-12-26,825,2511245,ggtext
2023-12-27,1045,2512290,ggtext
2023-12-28,1011,2513301,ggtext
2023-12-29,774,2514075,ggtext
2023-12-30,659,2514734,ggtext
2023-12-31,504,2515238,ggtext
2024-01-01,569,2515807,ggtext
2024-01-02,1200,2517007,ggtext
2024-01-03,1272,2518279,ggtext
2024-01-04,1284,2519563,ggtext
2024-01-05,1329,2520892,ggtext
2024-01-06,734,2521626,ggtext
2024-01-07,809,2522435,ggtext
2024-01-08,1409,2523844,ggtext
2024-01-09,1511,2525355,ggtext
2024-01-10,1609,2526964,ggtext
2024-01-11,1612,2528576,ggtext
2024-01-12,1372,2529948,ggtext
2024-01-13,788,2530736,ggtext
2024-01-14,823,2531559,ggtext
2024-01-15,1341,2532900,ggtext
2024-01-16,1548,2534448,ggtext
2024-01-17,1654,2536102,ggtext
2024-01-18,1455,2537557,ggtext
2024-01-19,1367,2538924,ggtext
2024-01-20,812,2539736,ggtext
2024-01-21,920,2540656,ggtext
2024-01-22,1607,2542263,ggtext
2024-01-23,1765,2544028,ggtext
2024-01-24,1745,2545773,ggtext
2024-01-25,1612,2547385,ggtext
2024-01-26,1360,2548745,ggtext
2024-01-27,849,2549594,ggtext
2024-01-28,811,2550405,ggtext
2024-01-29,1622,2552027,ggtext
2024-01-30,1711,2553738,ggtext
2024-01-31,1929,2555667,ggtext
2024-02-01,1541,2557208,ggtext
2024-02-02,1374,2558582,ggtext
2024-02-03,756,2559338,ggtext
2024-02-04,876,2560214,ggtext
2024-02-05,1517,2561731,ggtext
2024-02-06,1588,2563319,ggtext
2024-02-07,1791,2565110,ggtext
2024-02-08,1678,2566788,ggtext
2024-02-09,1414,2568202,ggtext
2024-02-10,764,2568966,ggtext
2024-02-11,850,2569816,ggtext
2024-02-12,1461,2571277,ggtext
2024-02-13,1336,2572613,ggtext
2024-02-14,1373,2573986,ggtext
2024-02-15,1623,2575609,ggtext
2024-02-16,1916,2577525,ggtext
2024-02-17,782,2578307,ggtext
2024-02-18,871,2579178,ggtext
2024-02-19,1454,2580632,ggtext
2024-02-20,1694,2582326,ggtext
2024-02-21,1606,2583932,ggtext
2024-02-22,1630,2585562,ggtext
2024-02-23,1554,2587116,ggtext
2024-02-24,706,2587822,ggtext
2024-02-25,787,2588609,ggtext
2024-02-26,1598,2590207,ggtext
2024-02-27,1830,2592037,ggtext
2024-02-28,1827,2593864,ggtext
2024-02-29,1548,2595412,ggtext
2024-03-01,1419,2596831,ggtext
2024-03-02,854,2597685,ggtext
2024-03-03,885,2598570,ggtext
2024-03-04,2054,2600624,ggtext
2024-03-05,1814,2602438,ggtext
2024-03-06,1888,2604326,ggtext
2024-03-07,1748,2606074,ggtext
2024-03-08,1518,2607592,ggtext
2024-03-09,718,2608310,ggtext
2024-03-10,828,2609138,ggtext
2024-03-11,1589,2610727,ggtext
2024-03-12,1644,2612371,ggtext
2024-03-13,1590,2613961,ggtext
2024-03-14,1857,2615818,ggtext
2024-03-15,1498,2617316,ggtext
2024-03-16,1055,2618371,ggtext
2024-03-17,812,2619183,ggtext
2024-03-18,2000,2621183,ggtext
2024-03-19,1832,2623015,ggtext
2024-03-20,1721,2624736,ggtext
2024-03-21,1742,2626478,ggtext
2024-03-22,1418,2627896,ggtext
2024-03-23,834,2628730,ggtext
2024-03-24,820,2629550,ggtext
2024-03-25,1492,2631042,ggtext
2024-03-26,1641,2632683,ggtext
2024-03-27,1676,2634359,ggtext
2024-03-28,1366,2635725,ggtext
2024-03-29,1085,2636810,ggtext
2024-03-30,711,2637521,ggtext
2024-03-31,738,2638259,ggtext
2024-04-01,1106,2639365,ggtext
2024-04-02,1552,2640917,ggtext
2024-04-03,1637,2642554,ggtext
2024-04-04,1609,2644163,ggtext
2024-04-05,1332,2645495,ggtext
2024-04-06,816,2646311,ggtext
2024-04-07,923,2647234,ggtext
2024-04-08,2914,2650148,ggtext
2024-04-09,2523,2652671,ggtext
2024-04-10,2725,2655396,ggtext
2024-04-11,2902,2658298,ggtext
2024-04-12,3031,2661329,ggtext
2024-04-13,2095,2663424,ggtext
2024-04-14,2094,2665518,ggtext
2024-04-15,3477,2668995,ggtext
2024-04-16,3028,2672023,ggtext
2024-04-17,2846,2674869,ggtext
2024-04-18,2571,2677440,ggtext
2024-04-19,1937,2679377,ggtext
2024-04-20,1547,2680924,ggtext
2024-04-21,2001,2682925,ggtext
2024-04-22,1825,2684750,ggtext
2024-04-23,2550,2687300,ggtext
2024-04-24,2332,2689632,ggtext
2024-04-25,2404,2692036,ggtext
2024-04-26,2650,2694686,ggtext
2024-04-27,2010,2696696,ggtext
2024-04-28,2059,2698755,ggtext
2024-04-29,2619,2701374,ggtext
2024-04-30,1902,2703276,ggtext
2024-05-01,2043,2705319,ggtext
2024-05-02,2118,2707437,ggtext
2024-05-03,1959,2709396,ggtext
2024-05-04,926,2710322,ggtext
2024-05-05,954,2711276,ggtext
2024-05-06,2069,2713345,ggtext
2024-05-07,2098,2715443,ggtext
2024-05-08,1953,2717396,ggtext
2024-05-09,1771,2719167,ggtext
2024-05-10,1535,2720702,ggtext
2024-05-11,848,2721550,ggtext
2024-05-12,862,2722412,ggtext
2024-05-13,1950,2724362,ggtext
2024-05-14,1902,2726264,ggtext
2024-05-15,1950,2728214,ggtext
2024-05-16,1964,2730178,ggtext
2024-05-17,1638,2731816,ggtext
2024-05-18,1036,2732852,ggtext
2024-05-19,917,2733769,ggtext
2024-05-20,1729,2735498,ggtext
2024-05-21,1996,2737494,ggtext
2024-05-22,2038,2739532,ggtext
2024-05-23,2027,2741559,ggtext
2024-05-24,1974,2743533,ggtext
2024-05-25,1213,2744746,ggtext
2024-05-26,1269,2746015,ggtext
2024-05-27,1685,2747700,ggtext
2024-05-28,1993,2749693,ggtext
2024-05-29,1864,2751557,ggtext
2024-05-30,2415,2753972,ggtext
2024-05-31,3107,2757079,ggtext
2024-06-01,2065,2759144,ggtext
2024-06-02,2229,2761373,ggtext
2024-06-03,2299,2763672,ggtext
2024-06-04,1968,2765640,ggtext
2024-06-05,1909,2767549,ggtext
2024-06-06,1727,2769276,ggtext
2024-06-07,1573,2770849,ggtext
2024-06-08,755,2771604,ggtext
2024-06-09,727,2772331,ggtext
2024-06-10,1577,2773908,ggtext
2024-06-11,1723,2775631,ggtext
2024-06-12,1731,2777362,ggtext
2024-06-13,1733,2779095,ggtext
2024-06-14,1451,2780546,ggtext
2024-06-15,731,2781277,ggtext
2024-06-16,824,2782101,ggtext
2024-06-17,1677,2783778,ggtext
2024-06-18,1758,2785536,ggtext
2024-06-19,1704,2787240,ggtext
2024-06-20,1712,2788952,ggtext
2024-06-21,1527,2790479,ggtext
2024-06-22,743,2791222,ggtext
2024-06-23,775,2791997,ggtext
2024-06-24,2040,2794037,ggtext
2024-06-25,1862,2795899,ggtext
2024-06-26,2133,2798032,ggtext
2024-06-27,1620,2799652,ggtext
2024-06-28,1795,2801447,ggtext
2024-06-29,746,2802193,ggtext
2024-06-30,779,2802972,ggtext
2024-07-01,1540,2804512,ggtext
2024-07-02,2043,2806555,ggtext
2024-07-03,2395,2808950,ggtext
2024-07-04,2133,2811083,ggtext
2024-07-05,1861,2812944,ggtext
2024-07-06,1147,2814091,ggtext
2024-07-07,1105,2815196,ggtext
2024-07-08,2304,2817500,ggtext
2024-07-09,2623,2820123,ggtext
2024-07-10,2291,2822414,ggtext
2024-07-11,1845,2824259,ggtext
2024-07-12,2822,2827081,ggtext
2024-07-13,1039,2828120,ggtext
2024-07-14,871,2828991,ggtext
2024-07-15,2304,2831295,ggtext
2024-07-16,2903,2834198,ggtext
2024-07-17,2406,2836604,ggtext
2024-07-18,2169,2838773,ggtext
2024-07-19,1815,2840588,ggtext
2024-07-20,1120,2841708,ggtext
2024-07-21,1149,2842857,ggtext
2024-07-22,2191,2845048,ggtext
2024-07-23,2498,2847546,ggtext
2024-07-24,2125,2849671,ggtext
2024-07-25,2484,2852155,ggtext
2024-07-26,2356,2854511,ggtext
2024-07-27,1187,2855698,ggtext
2024-07-28,1089,2856787,ggtext
2024-07-29,2436,2859223,ggtext
2024-07-30,2312,2861535,ggtext
2024-07-31,2122,2863657,ggtext
2024-08-01,2097,2865754,ggtext
2024-08-02,2485,2868239,ggtext
2024-08-03,1180,2869419,ggtext
2024-08-04,1286,2870705,ggtext
2024-08-05,2636,2873341,ggtext
2024-08-06,2550,2875891,ggtext
2024-08-07,2539,2878430,ggtext
2024-08-08,2178,2880608,ggtext
2024-08-09,1677,2882285,ggtext
2024-08-10,829,2883114,ggtext
2024-08-11,1201,2884315,ggtext
2024-08-12,1926,2886241,ggtext
2024-08-13,2339,2888580,ggtext
2024-08-14,2064,2890644,ggtext
2024-08-15,1875,2892519,ggtext
2024-08-16,1720,2894239,ggtext
2024-08-17,1052,2895291,ggtext
2024-08-18,774,2896065,ggtext
2024-08-19,1654,2897719,ggtext
2024-08-20,2429,2900148,ggtext
2024-08-21,1964,2902112,ggtext
2024-08-22,1854,2903966,ggtext
2024-08-23,1611,2905577,ggtext
2024-08-24,872,2906449,ggtext
2024-08-25,810,2907259,ggtext
2024-08-26,1868,2909127,ggtext
2024-08-27,2054,2911181,ggtext
2024-08-28,1935,2913116,ggtext
2024-08-29,2178,2915294,ggtext
2024-08-30,1870,2917164,ggtext
2024-08-31,862,2918026,ggtext
2024-09-01,901,2918927,ggtext
2024-09-02,2292,2921219,ggtext
2024-09-03,2208,2923427,ggtext
2024-09-04,2000,2925427,ggtext
2024-09-05,1894,2927321,ggtext
2024-09-06,1662,2928983,ggtext
2024-09-07,884,2929867,ggtext
2024-09-08,968,2930835,ggtext
2024-09-09,2007,2932842,ggtext
2024-09-10,1875,2934717,ggtext
2024-09-11,1789,2936506,ggtext
2024-09-12,1850,2938356,ggtext
2024-09-13,1706,2940062,ggtext
2024-09-14,935,2940997,ggtext
2024-09-15,964,2941961,ggtext
2024-09-16,1967,2943928,ggtext
2024-09-17,1741,2945669,ggtext
2024-09-18,1811,2947480,ggtext
2024-09-19,1937,2949417,ggtext
2024-09-20,2103,2951520,ggtext
2024-09-21,1041,2952561,ggtext
2024-09-22,1176,2953737,ggtext
2024-09-23,2648,2956385,ggtext
2024-09-24,2483,2958868,ggtext
2024-09-25,2467,2961335,ggtext
2024-09-26,2319,2963654,ggtext
2024-09-27,1662,2965316,ggtext
2024-09-28,981,2966297,ggtext
2024-09-29,1068,2967365,ggtext
2024-09-30,1987,2969352,ggtext
2024-10-01,2003,2971355,ggtext
2024-10-02,1956,2973311,ggtext
2024-10-03,1870,2975181,ggtext
2024-10-04,1467,2976648,ggtext
2024-10-05,977,2977625,ggtext
2024-10-06,894,2978519,ggtext
2024-10-07,2791,2981310,ggtext
2024-10-08,2044,2983354,ggtext
2024-10-09,2167,2985521,ggtext
2024-10-10,2495,2988016,ggtext
2024-10-11,3142,2991158,ggtext
2024-10-12,944,2992102,ggtext
2024-10-13,966,2993068,ggtext
2024-10-14,1960,2995028,ggtext
2024-10-15,2330,2997358,ggtext
2024-10-16,2260,2999618,ggtext
2024-10-17,1918,3001536,ggtext
2024-10-18,2247,3003783,ggtext
2024-10-19,897,3004680,ggtext
2024-10-20,917,3005597,ggtext
2024-10-21,2197,3007794,ggtext
2024-10-22,2472,3010266,ggtext
2024-10-23,2233,3012499,ggtext
2024-10-24,2192,3014691,ggtext
2024-10-25,2365,3017056,ggtext
2024-10-26,897,3017953,ggtext
2024-10-27,1022,3018975,ggtext
2024-10-28,2270,3021245,ggtext
2024-10-29,1896,3023141,ggtext
2024-10-30,2497,3025638,ggtext
2024-10-31,2239,3027877,ggtext
2024-11-01,1517,3029394,ggtext
2024-11-02,1024,3030418,ggtext
2024-11-03,950,3031368,ggtext
2024-11-04,2020,3033388,ggtext
2024-11-05,2479,3035867,ggtext
2024-11-06,2354,3038221,ggtext
2024-11-07,2406,3040627,ggtext
2024-11-08,2178,3042805,ggtext
2024-11-09,1153,3043958,ggtext
2024-11-10,1154,3045112,ggtext
2024-11-11,2232,3047344,ggtext
2024-11-12,2336,3049680,ggtext
2024-11-13,2025,3051705,ggtext
2024-11-14,2054,3053759,ggtext
2024-11-15,1910,3055669,ggtext
2024-11-16,991,3056660,ggtext
2024-11-17,1065,3057725,ggtext
2024-11-18,2172,3059897,ggtext
2024-11-19,2293,3062190,ggtext
2024-11-20,2667,3064857,ggtext
2024-11-21,2177,3067034,ggtext
2024-11-22,1767,3068801,ggtext
2024-11-23,1086,3069887,ggtext
2024-11-24,1190,3071077,ggtext
2024-11-25,2141,3073218,ggtext
2024-11-26,2082,3075300,ggtext
2024-11-27,1842,3077142,ggtext
2024-11-28,1902,3079044,ggtext
2024-11-29,1605,3080649,ggtext
2024-11-30,987,3081636,ggtext
2024-12-01,1156,3082792,ggtext
2024-12-02,2144,3084936,ggtext
2024-12-03,2056,3086992,ggtext
2024-12-04,2349,3089341,ggtext
2024-12-05,2428,3091769,ggtext
2024-12-06,2068,3093837,ggtext
2024-12-07,1030,3094867,ggtext
2024-12-08,1180,3096047,ggtext
2024-12-09,2342,3098389,ggtext
2024-12-10,2230,3100619,ggtext
2024-12-11,2109,3102728,ggtext
2024-12-12,2181,3104909,ggtext
2024-12-13,1783,3106692,ggtext
2024-12-14,1052,3107744,ggtext
2024-12-15,1079,3108823,ggtext
2024-12-16,2239,3111062,ggtext
2024-12-17,2249,3113311,ggtext
2024-12-18,2005,3115316,ggtext
2024-12-19,1945,3117261,ggtext
2024-12-20,1449,3118710,ggtext
2024-12-21,889,3119599,ggtext
2024-12-22,902,3120501,ggtext
2024-12-23,1382,3121883,ggtext
2024-12-24,1146,3123029,ggtext
2024-12-25,866,3123895,ggtext
2024-12-26,1097,3124992,ggtext
2024-12-27,1098,3126090,ggtext
2024-12-28,721,3126811,ggtext
2024-12-29,963,3127774,ggtext
2024-12-30,1724,3129498,ggtext
2024-12-31,975,3130473,ggtext
2025-01-01,808,3131281,ggtext
2025-01-02,1298,3132579,ggtext
2025-01-03,1459,3134038,ggtext
2025-01-04,892,3134930,ggtext
2025-01-05,926,3135856,ggtext
2025-01-06,1618,3137474,ggtext
2025-01-07,1908,3139382,ggtext
2025-01-08,1622,3141004,ggtext
2025-01-09,1781,3142785,ggtext
2025-01-10,1973,3144758,ggtext
2025-01-11,816,3145574,ggtext
2025-01-12,961,3146535,ggtext
2025-01-13,1974,3148509,ggtext
2025-01-14,2052,3150561,ggtext
2025-01-15,1983,3152544,ggtext
2025-01-16,2027,3154571,ggtext
2025-01-17,1836,3156407,ggtext
2025-01-18,961,3157368,ggtext
2025-01-19,1024,3158392,ggtext
2025-01-20,1775,3160167,ggtext
2025-01-21,1894,3162061,ggtext
2025-01-22,2097,3164158,ggtext
2025-01-23,2433,3166591,ggtext
2025-01-24,1718,3168309,ggtext
2025-01-25,946,3169255,ggtext
2025-01-26,1020,3170275,ggtext
2025-01-27,1839,3172114,ggtext
2025-01-28,1743,3173857,ggtext
2025-01-29,2108,3175965,ggtext
2025-01-30,2031,3177996,ggtext
2025-01-31,1790,3179786,ggtext
2025-02-01,914,3180700,ggtext
2025-02-02,1000,3181700,ggtext
2025-02-03,1742,3183442,ggtext
2025-02-04,2047,3185489,ggtext
2025-02-05,2014,3187503,ggtext
2025-02-06,2003,3189506,ggtext
2025-02-07,1996,3191502,ggtext
2025-02-08,1086,3192588,ggtext
2025-02-09,1195,3193783,ggtext
2025-02-10,2139,3195922,ggtext
2025-02-11,1885,3197807,ggtext
2025-02-12,2318,3200125,ggtext
2025-02-13,2139,3202264,ggtext
2025-02-14,1880,3204144,ggtext
2025-02-15,946,3205090,ggtext
2025-02-16,1111,3206201,ggtext
2025-02-17,2052,3208253,ggtext
2025-02-18,2273,3210526,ggtext
2025-02-19,2488,3213014,ggtext
2025-02-20,2569,3215583,ggtext
2025-02-21,2136,3217719,ggtext
2025-02-22,1340,3219059,ggtext
2025-02-23,1391,3220450,ggtext
2025-02-24,2243,3222693,ggtext
2025-02-25,2470,3225163,ggtext
2025-02-26,2796,3227959,ggtext
2025-02-27,2551,3230510,ggtext
2025-02-28,2347,3232857,ggtext
2025-03-01,1168,3234025,ggtext
2025-03-02,1452,3235477,ggtext
2025-03-03,2481,3237958,ggtext
2025-03-04,2129,3240087,ggtext
2025-03-05,2993,3243080,ggtext
2025-03-06,2866,3245946,ggtext
2025-03-07,2614,3248560,ggtext
2025-03-08,1276,3249836,ggtext
2025-03-09,1248,3251084,ggtext
2025-03-10,2465,3253549,ggtext
2025-03-11,2637,3256186,ggtext
2025-03-12,2690,3258876,ggtext
2025-03-13,2538,3261414,ggtext
2025-03-14,2365,3263779,ggtext
2025-03-15,1375,3265154,ggtext
2025-03-16,1318,3266472,ggtext
2025-03-17,2814,3269286,ggtext
2025-03-18,2523,3271809,ggtext
2025-03-19,2551,3274360,ggtext
2025-03-20,2457,3276817,ggtext
2025-03-21,2176,3278993,ggtext
2025-03-22,1225,3280218,ggtext
2025-03-23,1348,3281566,ggtext
2025-03-24,3118,3284684,ggtext
2025-03-25,2626,3287310,ggtext
2025-03-26,2504,3289814,ggtext
2025-03-27,2674,3292488,ggtext
2025-03-28,2113,3294601,ggtext
2025-03-29,1392,3295993,ggtext
2025-03-30,1413,3297406,ggtext
2017-02-26,263,263,hrbrthemes
2017-02-27,165,428,hrbrthemes
2017-02-28,32,460,hrbrthemes
2017-03-01,31,491,hrbrthemes
2017-03-02,33,524,hrbrthemes
2017-03-03,28,552,hrbrthemes
2017-03-04,15,567,hrbrthemes
2017-03-05,10,577,hrbrthemes
2017-03-06,32,609,hrbrthemes
2017-03-07,14,623,hrbrthemes
2017-03-08,13,636,hrbrthemes
2017-03-09,16,652,hrbrthemes
2017-03-10,36,688,hrbrthemes
2017-03-11,21,709,hrbrthemes
2017-03-12,13,722,hrbrthemes
2017-03-13,23,745,hrbrthemes
2017-03-14,21,766,hrbrthemes
2017-03-15,26,792,hrbrthemes
2017-03-16,23,815,hrbrthemes
2017-03-17,29,844,hrbrthemes
2017-03-18,9,853,hrbrthemes
2017-03-19,8,861,hrbrthemes
2017-03-20,38,899,hrbrthemes
2017-03-21,62,961,hrbrthemes
2017-03-22,28,989,hrbrthemes
2017-03-23,32,1021,hrbrthemes
2017-03-24,16,1037,hrbrthemes
2017-03-25,4,1041,hrbrthemes
2017-03-26,14,1055,hrbrthemes
2017-03-27,32,1087,hrbrthemes
2017-03-28,29,1116,hrbrthemes
2017-03-29,25,1141,hrbrthemes
2017-03-30,29,1170,hrbrthemes
2017-03-31,9,1179,hrbrthemes
2017-04-01,6,1185,hrbrthemes
2017-04-02,24,1209,hrbrthemes
2017-04-03,38,1247,hrbrthemes
2017-04-04,76,1323,hrbrthemes
2017-04-05,42,1365,hrbrthemes
2017-04-06,37,1402,hrbrthemes
2017-04-07,29,1431,hrbrthemes
2017-04-08,18,1449,hrbrthemes
2017-04-09,10,1459,hrbrthemes
2017-04-10,20,1479,hrbrthemes
2017-04-11,33,1512,hrbrthemes
2017-04-12,31,1543,hrbrthemes
2017-04-13,41,1584,hrbrthemes
2017-04-14,34,1618,hrbrthemes
2017-04-15,14,1632,hrbrthemes
2017-04-16,4,1636,hrbrthemes
2017-04-17,14,1650,hrbrthemes
2017-04-18,20,1670,hrbrthemes
2017-04-19,35,1705,hrbrthemes
2017-04-20,20,1725,hrbrthemes
2017-04-21,40,1765,hrbrthemes
2017-04-22,37,1802,hrbrthemes
2017-04-23,24,1826,hrbrthemes
2017-04-24,115,1941,hrbrthemes
2017-04-25,89,2030,hrbrthemes
2017-04-26,63,2093,hrbrthemes
2017-04-27,35,2128,hrbrthemes
2017-04-28,38,2166,hrbrthemes
2017-04-29,14,2180,hrbrthemes
2017-04-30,9,2189,hrbrthemes
2017-05-01,29,2218,hrbrthemes
2017-05-02,30,2248,hrbrthemes
2017-05-03,33,2281,hrbrthemes
2017-05-04,21,2302,hrbrthemes
2017-05-05,18,2320,hrbrthemes
2017-05-06,15,2335,hrbrthemes
2017-05-07,18,2353,hrbrthemes
2017-05-08,27,2380,hrbrthemes
2017-05-09,22,2402,hrbrthemes
2017-05-10,37,2439,hrbrthemes
2017-05-11,33,2472,hrbrthemes
2017-05-12,28,2500,hrbrthemes
2017-05-13,12,2512,hrbrthemes
2017-05-14,16,2528,hrbrthemes
2017-05-15,77,2605,hrbrthemes
2017-05-16,89,2694,hrbrthemes
2017-05-17,35,2729,hrbrthemes
2017-05-18,18,2747,hrbrthemes
2017-05-19,42,2789,hrbrthemes
2017-05-20,14,2803,hrbrthemes
2017-05-21,8,2811,hrbrthemes
2017-05-22,25,2836,hrbrthemes
2017-05-23,25,2861,hrbrthemes
2017-05-24,14,2875,hrbrthemes
2017-05-25,23,2898,hrbrthemes
2017-05-26,16,2914,hrbrthemes
2017-05-27,5,2919,hrbrthemes
2017-05-28,9,2928,hrbrthemes
2017-05-29,25,2953,hrbrthemes
2017-05-30,19,2972,hrbrthemes
2017-05-31,27,2999,hrbrthemes
2017-06-01,22,3021,hrbrthemes
2017-06-02,16,3037,hrbrthemes
2017-06-03,10,3047,hrbrthemes
2017-06-04,7,3054,hrbrthemes
2017-06-05,37,3091,hrbrthemes
2017-06-06,36,3127,hrbrthemes
2017-06-07,19,3146,hrbrthemes
2017-06-08,23,3169,hrbrthemes
2017-06-09,14,3183,hrbrthemes
2017-06-10,10,3193,hrbrthemes
2017-06-11,11,3204,hrbrthemes
2017-06-12,29,3233,hrbrthemes
2017-06-13,27,3260,hrbrthemes
2017-06-14,35,3295,hrbrthemes
2017-06-15,19,3314,hrbrthemes
2017-06-16,20,3334,hrbrthemes
2017-06-17,2,3336,hrbrthemes
2017-06-18,20,3356,hrbrthemes
2017-06-19,57,3413,hrbrthemes
2017-06-20,32,3445,hrbrthemes
2017-06-21,9,3454,hrbrthemes
2017-06-22,13,3467,hrbrthemes
2017-06-23,39,3506,hrbrthemes
2017-06-24,14,3520,hrbrthemes
2017-06-25,18,3538,hrbrthemes
2017-06-26,50,3588,hrbrthemes
2017-06-27,36,3624,hrbrthemes
2017-06-28,34,3658,hrbrthemes
2017-06-29,33,3691,hrbrthemes
2017-06-30,31,3722,hrbrthemes
2017-07-01,5,3727,hrbrthemes
2017-07-02,5,3732,hrbrthemes
2017-07-03,16,3748,hrbrthemes
2017-07-04,34,3782,hrbrthemes
2017-07-05,24,3806,hrbrthemes
2017-07-06,21,3827,hrbrthemes
2017-07-07,27,3854,hrbrthemes
2017-07-08,8,3862,hrbrthemes
2017-07-09,7,3869,hrbrthemes
2017-07-10,24,3893,hrbrthemes
2017-07-11,24,3917,hrbrthemes
2017-07-12,29,3946,hrbrthemes
2017-07-13,22,3968,hrbrthemes
2017-07-14,31,3999,hrbrthemes
2017-07-15,12,4011,hrbrthemes
2017-07-16,10,4021,hrbrthemes
2017-07-17,21,4042,hrbrthemes
2017-07-18,22,4064,hrbrthemes
2017-07-19,29,4093,hrbrthemes
2017-07-20,38,4131,hrbrthemes
2017-07-21,24,4155,hrbrthemes
2017-07-22,9,4164,hrbrthemes
2017-07-23,6,4170,hrbrthemes
2017-07-24,24,4194,hrbrthemes
2017-07-25,19,4213,hrbrthemes
2017-07-26,47,4260,hrbrthemes
2017-07-27,24,4284,hrbrthemes
2017-07-28,11,4295,hrbrthemes
2017-07-29,17,4312,hrbrthemes
2017-07-30,7,4319,hrbrthemes
2017-07-31,15,4334,hrbrthemes
2017-08-01,24,4358,hrbrthemes
2017-08-02,19,4377,hrbrthemes
2017-08-03,10,4387,hrbrthemes
2017-08-04,24,4411,hrbrthemes
2017-08-05,2,4413,hrbrthemes
2017-08-06,7,4420,hrbrthemes
2017-08-07,29,4449,hrbrthemes
2017-08-08,27,4476,hrbrthemes
2017-08-09,21,4497,hrbrthemes
2017-08-10,23,4520,hrbrthemes
2017-08-11,18,4538,hrbrthemes
2017-08-12,18,4556,hrbrthemes
2017-08-13,39,4595,hrbrthemes
2017-08-14,58,4653,hrbrthemes
2017-08-15,30,4683,hrbrthemes
2017-08-16,27,4710,hrbrthemes
2017-08-17,31,4741,hrbrthemes
2017-08-18,40,4781,hrbrthemes
2017-08-19,9,4790,hrbrthemes
2017-08-20,6,4796,hrbrthemes
2017-08-21,23,4819,hrbrthemes
2017-08-22,14,4833,hrbrthemes
2017-08-23,31,4864,hrbrthemes
2017-08-24,28,4892,hrbrthemes
2017-08-25,21,4913,hrbrthemes
2017-08-26,12,4925,hrbrthemes
2017-08-27,14,4939,hrbrthemes
2017-08-28,31,4970,hrbrthemes
2017-08-29,46,5016,hrbrthemes
2017-08-30,43,5059,hrbrthemes
2017-08-31,23,5082,hrbrthemes
2017-09-01,20,5102,hrbrthemes
2017-09-02,8,5110,hrbrthemes
2017-09-03,11,5121,hrbrthemes
2017-09-04,21,5142,hrbrthemes
2017-09-05,19,5161,hrbrthemes
2017-09-06,23,5184,hrbrthemes
2017-09-07,32,5216,hrbrthemes
2017-09-08,33,5249,hrbrthemes
2017-09-09,11,5260,hrbrthemes
2017-09-10,21,5281,hrbrthemes
2017-09-11,42,5323,hrbrthemes
2017-09-12,28,5351,hrbrthemes
2017-09-13,55,5406,hrbrthemes
2017-09-14,41,5447,hrbrthemes
2017-09-15,35,5482,hrbrthemes
2017-09-16,17,5499,hrbrthemes
2017-09-17,14,5513,hrbrthemes
2017-09-18,39,5552,hrbrthemes
2017-09-19,33,5585,hrbrthemes
2017-09-20,51,5636,hrbrthemes
2017-09-21,40,5676,hrbrthemes
2017-09-22,68,5744,hrbrthemes
2017-09-23,9,5753,hrbrthemes
2017-09-24,19,5772,hrbrthemes
2017-09-25,65,5837,hrbrthemes
2017-09-26,43,5880,hrbrthemes
2017-09-27,44,5924,hrbrthemes
2017-09-28,51,5975,hrbrthemes
2017-09-29,13,5988,hrbrthemes
2017-09-30,12,6000,hrbrthemes
2017-10-01,13,6013,hrbrthemes
2017-10-02,32,6045,hrbrthemes
2017-10-03,24,6069,hrbrthemes
2017-10-04,27,6096,hrbrthemes
2017-10-05,36,6132,hrbrthemes
2017-10-06,21,6153,hrbrthemes
2017-10-07,16,6169,hrbrthemes
2017-10-08,10,6179,hrbrthemes
2017-10-09,28,6207,hrbrthemes
2017-10-10,27,6234,hrbrthemes
2017-10-11,31,6265,hrbrthemes
2017-10-12,29,6294,hrbrthemes
2017-10-13,34,6328,hrbrthemes
2017-10-14,11,6339,hrbrthemes
2017-10-15,16,6355,hrbrthemes
2017-10-16,23,6378,hrbrthemes
2017-10-17,32,6410,hrbrthemes
2017-10-18,23,6433,hrbrthemes
2017-10-19,20,6453,hrbrthemes
2017-10-20,49,6502,hrbrthemes
2017-10-21,11,6513,hrbrthemes
2017-10-22,12,6525,hrbrthemes
2017-10-23,32,6557,hrbrthemes
2017-10-24,34,6591,hrbrthemes
2017-10-25,25,6616,hrbrthemes
2017-10-26,18,6634,hrbrthemes
2017-10-27,29,6663,hrbrthemes
2017-10-28,11,6674,hrbrthemes
2017-10-29,14,6688,hrbrthemes
2017-10-30,23,6711,hrbrthemes
2017-10-31,27,6738,hrbrthemes
2017-11-01,28,6766,hrbrthemes
2017-11-02,18,6784,hrbrthemes
2017-11-03,31,6815,hrbrthemes
2017-11-04,15,6830,hrbrthemes
2017-11-05,21,6851,hrbrthemes
2017-11-06,24,6875,hrbrthemes
2017-11-07,21,6896,hrbrthemes
2017-11-08,33,6929,hrbrthemes
2017-11-09,28,6957,hrbrthemes
2017-11-10,20,6977,hrbrthemes
2017-11-11,15,6992,hrbrthemes
2017-11-12,30,7022,hrbrthemes
2017-11-13,49,7071,hrbrthemes
2017-11-14,59,7130,hrbrthemes
2017-11-15,25,7155,hrbrthemes
2017-11-16,31,7186,hrbrthemes
2017-11-17,36,7222,hrbrthemes
2017-11-18,15,7237,hrbrthemes
2017-11-19,18,7255,hrbrthemes
2017-11-20,24,7279,hrbrthemes
2017-11-21,37,7316,hrbrthemes
2017-11-22,23,7339,hrbrthemes
2017-11-23,17,7356,hrbrthemes
2017-11-24,20,7376,hrbrthemes
2017-11-25,32,7408,hrbrthemes
2017-11-26,15,7423,hrbrthemes
2017-11-27,40,7463,hrbrthemes
2017-11-28,36,7499,hrbrthemes
2017-11-29,19,7518,hrbrthemes
2017-11-30,48,7566,hrbrthemes
2017-12-01,28,7594,hrbrthemes
2017-12-02,26,7620,hrbrthemes
2017-12-03,13,7633,hrbrthemes
2017-12-04,18,7651,hrbrthemes
2017-12-05,39,7690,hrbrthemes
2017-12-06,43,7733,hrbrthemes
2017-12-07,41,7774,hrbrthemes
2017-12-08,21,7795,hrbrthemes
2017-12-09,14,7809,hrbrthemes
2017-12-10,14,7823,hrbrthemes
2017-12-11,60,7883,hrbrthemes
2017-12-12,28,7911,hrbrthemes
2017-12-13,26,7937,hrbrthemes
2017-12-14,43,7980,hrbrthemes
2017-12-15,29,8009,hrbrthemes
2017-12-16,16,8025,hrbrthemes
2017-12-17,11,8036,hrbrthemes
2017-12-18,19,8055,hrbrthemes
2017-12-19,22,8077,hrbrthemes
2017-12-20,17,8094,hrbrthemes
2017-12-21,26,8120,hrbrthemes
2017-12-22,18,8138,hrbrthemes
2017-12-23,11,8149,hrbrthemes
2017-12-24,15,8164,hrbrthemes
2017-12-25,6,8170,hrbrthemes
2017-12-26,13,8183,hrbrthemes
2017-12-27,10,8193,hrbrthemes
2017-12-28,19,8212,hrbrthemes
2017-12-29,22,8234,hrbrthemes
2017-12-30,10,8244,hrbrthemes
2017-12-31,13,8257,hrbrthemes
2018-01-01,6,8263,hrbrthemes
2018-01-02,23,8286,hrbrthemes
2018-01-03,19,8305,hrbrthemes
2018-01-04,26,8331,hrbrthemes
2018-01-05,31,8362,hrbrthemes
2018-01-06,11,8373,hrbrthemes
2018-01-07,21,8394,hrbrthemes
2018-01-08,32,8426,hrbrthemes
2018-01-09,32,8458,hrbrthemes
2018-01-10,35,8493,hrbrthemes
2018-01-11,28,8521,hrbrthemes
2018-01-12,26,8547,hrbrthemes
2018-01-13,21,8568,hrbrthemes
2018-01-14,12,8580,hrbrthemes
2018-01-15,45,8625,hrbrthemes
2018-01-16,36,8661,hrbrthemes
2018-01-17,31,8692,hrbrthemes
2018-01-18,28,8720,hrbrthemes
2018-01-19,49,8769,hrbrthemes
2018-01-20,14,8783,hrbrthemes
2018-01-21,15,8798,hrbrthemes
2018-01-22,26,8824,hrbrthemes
2018-01-23,44,8868,hrbrthemes
2018-01-24,37,8905,hrbrthemes
2018-01-25,49,8954,hrbrthemes
2018-01-26,25,8979,hrbrthemes
2018-01-27,37,9016,hrbrthemes
2018-01-28,11,9027,hrbrthemes
2018-01-29,44,9071,hrbrthemes
2018-01-30,33,9104,hrbrthemes
2018-01-31,42,9146,hrbrthemes
2018-02-01,59,9205,hrbrthemes
2018-02-02,24,9229,hrbrthemes
2018-02-03,21,9250,hrbrthemes
2018-02-04,11,9261,hrbrthemes
2018-02-05,41,9302,hrbrthemes
2018-02-06,45,9347,hrbrthemes
2018-02-07,50,9397,hrbrthemes
2018-02-08,35,9432,hrbrthemes
2018-02-09,35,9467,hrbrthemes
2018-02-10,19,9486,hrbrthemes
2018-02-11,18,9504,hrbrthemes
2018-02-12,23,9527,hrbrthemes
2018-02-13,23,9550,hrbrthemes
2018-02-14,39,9589,hrbrthemes
2018-02-15,30,9619,hrbrthemes
2018-02-16,19,9638,hrbrthemes
2018-02-17,8,9646,hrbrthemes
2018-02-18,14,9660,hrbrthemes
2018-02-19,47,9707,hrbrthemes
2018-02-20,50,9757,hrbrthemes
2018-02-21,40,9797,hrbrthemes
2018-02-22,44,9841,hrbrthemes
2018-02-23,37,9878,hrbrthemes
2018-02-24,26,9904,hrbrthemes
2018-02-25,22,9926,hrbrthemes
2018-02-26,18,9944,hrbrthemes
2018-02-27,34,9978,hrbrthemes
2018-02-28,25,10003,hrbrthemes
2018-03-01,25,10028,hrbrthemes
2018-03-02,25,10053,hrbrthemes
2018-03-03,17,10070,hrbrthemes
2018-03-04,22,10092,hrbrthemes
2018-03-05,76,10168,hrbrthemes
2018-03-06,40,10208,hrbrthemes
2018-03-07,52,10260,hrbrthemes
2018-03-08,36,10296,hrbrthemes
2018-03-09,24,10320,hrbrthemes
2018-03-10,11,10331,hrbrthemes
2018-03-11,18,10349,hrbrthemes
2018-03-12,28,10377,hrbrthemes
2018-03-13,29,10406,hrbrthemes
2018-03-14,28,10434,hrbrthemes
2018-03-15,26,10460,hrbrthemes
2018-03-16,24,10484,hrbrthemes
2018-03-17,33,10517,hrbrthemes
2018-03-18,13,10530,hrbrthemes
2018-03-19,30,10560,hrbrthemes
2018-03-20,27,10587,hrbrthemes
2018-03-21,25,10612,hrbrthemes
2018-03-22,22,10634,hrbrthemes
2018-03-23,33,10667,hrbrthemes
2018-03-24,29,10696,hrbrthemes
2018-03-25,39,10735,hrbrthemes
2018-03-26,25,10760,hrbrthemes
2018-03-27,30,10790,hrbrthemes
2018-03-28,29,10819,hrbrthemes
2018-03-29,30,10849,hrbrthemes
2018-03-30,19,10868,hrbrthemes
2018-03-31,16,10884,hrbrthemes
2018-04-01,14,10898,hrbrthemes
2018-04-02,53,10951,hrbrthemes
2018-04-03,41,10992,hrbrthemes
2018-04-04,47,11039,hrbrthemes
2018-04-05,32,11071,hrbrthemes
2018-04-06,34,11105,hrbrthemes
2018-04-07,25,11130,hrbrthemes
2018-04-08,18,11148,hrbrthemes
2018-04-09,45,11193,hrbrthemes
2018-04-10,38,11231,hrbrthemes
2018-04-11,54,11285,hrbrthemes
2018-04-12,33,11318,hrbrthemes
2018-04-13,27,11345,hrbrthemes
2018-04-14,19,11364,hrbrthemes
2018-04-15,14,11378,hrbrthemes
2018-04-16,25,11403,hrbrthemes
2018-04-17,34,11437,hrbrthemes
2018-04-18,30,11467,hrbrthemes
2018-04-19,45,11512,hrbrthemes
2018-04-20,40,11552,hrbrthemes
2018-04-21,11,11563,hrbrthemes
2018-04-22,18,11581,hrbrthemes
2018-04-23,49,11630,hrbrthemes
2018-04-24,111,11741,hrbrthemes
2018-04-25,291,12032,hrbrthemes
2018-04-26,162,12194,hrbrthemes
2018-04-27,92,12286,hrbrthemes
2018-04-28,55,12341,hrbrthemes
2018-04-29,41,12382,hrbrthemes
2018-04-30,79,12461,hrbrthemes
2018-05-01,77,12538,hrbrthemes
2018-05-02,113,12651,hrbrthemes
2018-05-03,66,12717,hrbrthemes
2018-05-04,75,12792,hrbrthemes
2018-05-05,35,12827,hrbrthemes
2018-05-06,27,12854,hrbrthemes
2018-05-07,67,12921,hrbrthemes
2018-05-08,65,12986,hrbrthemes
2018-05-09,56,13042,hrbrthemes
2018-05-10,69,13111,hrbrthemes
2018-05-11,37,13148,hrbrthemes
2018-05-12,27,13175,hrbrthemes
2018-05-13,25,13200,hrbrthemes
2018-05-14,63,13263,hrbrthemes
2018-05-15,38,13301,hrbrthemes
2018-05-16,49,13350,hrbrthemes
2018-05-17,43,13393,hrbrthemes
2018-05-18,35,13428,hrbrthemes
2018-05-19,32,13460,hrbrthemes
2018-05-20,36,13496,hrbrthemes
2018-05-21,42,13538,hrbrthemes
2018-05-22,88,13626,hrbrthemes
2018-05-23,59,13685,hrbrthemes
2018-05-24,53,13738,hrbrthemes
2018-05-25,51,13789,hrbrthemes
2018-05-26,18,13807,hrbrthemes
2018-05-27,33,13840,hrbrthemes
2018-05-28,34,13874,hrbrthemes
2018-05-29,56,13930,hrbrthemes
2018-05-30,55,13985,hrbrthemes
2018-05-31,51,14036,hrbrthemes
2018-06-01,36,14072,hrbrthemes
2018-06-02,38,14110,hrbrthemes
2018-06-03,31,14141,hrbrthemes
2018-06-04,49,14190,hrbrthemes
2018-06-05,56,14246,hrbrthemes
2018-06-06,49,14295,hrbrthemes
2018-06-07,39,14334,hrbrthemes
2018-06-08,80,14414,hrbrthemes
2018-06-09,31,14445,hrbrthemes
2018-06-10,23,14468,hrbrthemes
2018-06-11,34,14502,hrbrthemes
2018-06-12,45,14547,hrbrthemes
2018-06-13,40,14587,hrbrthemes
2018-06-14,52,14639,hrbrthemes
2018-06-15,40,14679,hrbrthemes
2018-06-16,21,14700,hrbrthemes
2018-06-17,16,14716,hrbrthemes
2018-06-18,34,14750,hrbrthemes
2018-06-19,38,14788,hrbrthemes
2018-06-20,35,14823,hrbrthemes
2018-06-21,32,14855,hrbrthemes
2018-06-22,59,14914,hrbrthemes
2018-06-23,16,14930,hrbrthemes
2018-06-24,28,14958,hrbrthemes
2018-06-25,45,15003,hrbrthemes
2018-06-26,50,15053,hrbrthemes
2018-06-27,40,15093,hrbrthemes
2018-06-28,34,15127,hrbrthemes
2018-06-29,42,15169,hrbrthemes
2018-06-30,25,15194,hrbrthemes
2018-07-01,7,15201,hrbrthemes
2018-07-02,52,15253,hrbrthemes
2018-07-03,60,15313,hrbrthemes
2018-07-04,38,15351,hrbrthemes
2018-07-05,54,15405,hrbrthemes
2018-07-06,52,15457,hrbrthemes
2018-07-07,32,15489,hrbrthemes
2018-07-08,20,15509,hrbrthemes
2018-07-09,37,15546,hrbrthemes
2018-07-10,51,15597,hrbrthemes
2018-07-11,44,15641,hrbrthemes
2018-07-12,46,15687,hrbrthemes
2018-07-13,30,15717,hrbrthemes
2018-07-14,22,15739,hrbrthemes
2018-07-15,21,15760,hrbrthemes
2018-07-16,48,15808,hrbrthemes
2018-07-17,51,15859,hrbrthemes
2018-07-18,73,15932,hrbrthemes
2018-07-19,49,15981,hrbrthemes
2018-07-20,52,16033,hrbrthemes
2018-07-21,42,16075,hrbrthemes
2018-07-22,28,16103,hrbrthemes
2018-07-23,58,16161,hrbrthemes
2018-07-24,54,16215,hrbrthemes
2018-07-25,62,16277,hrbrthemes
2018-07-26,44,16321,hrbrthemes
2018-07-27,36,16357,hrbrthemes
2018-07-28,48,16405,hrbrthemes
2018-07-29,17,16422,hrbrthemes
2018-07-30,41,16463,hrbrthemes
2018-07-31,36,16499,hrbrthemes
2018-08-01,37,16536,hrbrthemes
2018-08-02,49,16585,hrbrthemes
2018-08-03,37,16622,hrbrthemes
2018-08-04,17,16639,hrbrthemes
2018-08-05,27,16666,hrbrthemes
2018-08-06,52,16718,hrbrthemes
2018-08-07,43,16761,hrbrthemes
2018-08-08,51,16812,hrbrthemes
2018-08-09,45,16857,hrbrthemes
2018-08-10,41,16898,hrbrthemes
2018-08-11,22,16920,hrbrthemes
2018-08-12,18,16938,hrbrthemes
2018-08-13,65,17003,hrbrthemes
2018-08-14,61,17064,hrbrthemes
2018-08-15,46,17110,hrbrthemes
2018-08-16,42,17152,hrbrthemes
2018-08-17,50,17202,hrbrthemes
2018-08-18,31,17233,hrbrthemes
2018-08-19,495,17728,hrbrthemes
2018-08-20,265,17993,hrbrthemes
2018-08-21,114,18107,hrbrthemes
2018-08-22,138,18245,hrbrthemes
2018-08-23,108,18353,hrbrthemes
2018-08-24,82,18435,hrbrthemes
2018-08-25,65,18500,hrbrthemes
2018-08-26,50,18550,hrbrthemes
2018-08-27,95,18645,hrbrthemes
2018-08-28,86,18731,hrbrthemes
2018-08-29,101,18832,hrbrthemes
2018-08-30,92,18924,hrbrthemes
2018-08-31,94,19018,hrbrthemes
2018-09-01,43,19061,hrbrthemes
2018-09-02,54,19115,hrbrthemes
2018-09-03,114,19229,hrbrthemes
2018-09-04,94,19323,hrbrthemes
2018-09-05,105,19428,hrbrthemes
2018-09-06,126,19554,hrbrthemes
2018-09-07,97,19651,hrbrthemes
2018-09-08,70,19721,hrbrthemes
2018-09-09,68,19789,hrbrthemes
2018-09-10,87,19876,hrbrthemes
2018-09-11,129,20005,hrbrthemes
2018-09-12,152,20157,hrbrthemes
2018-09-13,157,20314,hrbrthemes
2018-09-14,128,20442,hrbrthemes
2018-09-15,51,20493,hrbrthemes
2018-09-16,98,20591,hrbrthemes
2018-09-17,129,20720,hrbrthemes
2018-09-18,143,20863,hrbrthemes
2018-09-19,158,21021,hrbrthemes
2018-09-20,169,21190,hrbrthemes
2018-09-21,112,21302,hrbrthemes
2018-09-22,64,21366,hrbrthemes
2018-09-23,90,21456,hrbrthemes
2018-09-24,133,21589,hrbrthemes
2018-09-25,155,21744,hrbrthemes
2018-09-26,156,21900,hrbrthemes
2018-09-27,166,22066,hrbrthemes
2018-09-28,116,22182,hrbrthemes
2018-09-29,93,22275,hrbrthemes
2018-09-30,88,22363,hrbrthemes
2018-10-01,141,22504,hrbrthemes
2018-10-02,155,22659,hrbrthemes
2018-10-03,161,22820,hrbrthemes
2018-10-04,168,22988,hrbrthemes
2018-10-05,121,23109,hrbrthemes
2018-10-06,64,23173,hrbrthemes
2018-10-07,62,23235,hrbrthemes
2018-10-08,146,23381,hrbrthemes
2018-10-09,152,23533,hrbrthemes
2018-10-10,142,23675,hrbrthemes
2018-10-11,165,23840,hrbrthemes
2018-10-12,123,23963,hrbrthemes
2018-10-13,80,24043,hrbrthemes
2018-10-14,78,24121,hrbrthemes
2018-10-15,98,24219,hrbrthemes
2018-10-16,132,24351,hrbrthemes
2018-10-17,115,24466,hrbrthemes
2018-10-18,147,24613,hrbrthemes
2018-10-19,91,24704,hrbrthemes
2018-10-20,61,24765,hrbrthemes
2018-10-21,70,24835,hrbrthemes
2018-10-22,121,24956,hrbrthemes
2018-10-23,110,25066,hrbrthemes
2018-10-24,133,25199,hrbrthemes
2018-10-25,95,25294,hrbrthemes
2018-10-26,95,25389,hrbrthemes
2018-10-27,82,25471,hrbrthemes
2018-10-28,51,25522,hrbrthemes
2018-10-29,133,25655,hrbrthemes
2018-10-30,143,25798,hrbrthemes
2018-10-31,149,25947,hrbrthemes
2018-11-01,137,26084,hrbrthemes
2018-11-02,115,26199,hrbrthemes
2018-11-03,87,26286,hrbrthemes
2018-11-04,103,26389,hrbrthemes
2018-11-05,186,26575,hrbrthemes
2018-11-06,123,26698,hrbrthemes
2018-11-07,134,26832,hrbrthemes
2018-11-08,136,26968,hrbrthemes
2018-11-09,166,27134,hrbrthemes
2018-11-10,126,27260,hrbrthemes
2018-11-11,103,27363,hrbrthemes
2018-11-12,152,27515,hrbrthemes
2018-11-13,183,27698,hrbrthemes
2018-11-14,168,27866,hrbrthemes
2018-11-15,173,28039,hrbrthemes
2018-11-16,154,28193,hrbrthemes
2018-11-17,70,28263,hrbrthemes
2018-11-18,74,28337,hrbrthemes
2018-11-19,123,28460,hrbrthemes
2018-11-20,132,28592,hrbrthemes
2018-11-21,141,28733,hrbrthemes
2018-11-22,126,28859,hrbrthemes
2018-11-23,128,28987,hrbrthemes
2018-11-24,78,29065,hrbrthemes
2018-11-25,101,29166,hrbrthemes
2018-11-26,136,29302,hrbrthemes
2018-11-27,156,29458,hrbrthemes
2018-11-28,143,29601,hrbrthemes
2018-11-29,144,29745,hrbrthemes
2018-11-30,124,29869,hrbrthemes
2018-12-01,107,29976,hrbrthemes
2018-12-02,74,30050,hrbrthemes
2018-12-03,152,30202,hrbrthemes
2018-12-04,152,30354,hrbrthemes
2018-12-05,143,30497,hrbrthemes
2018-12-06,133,30630,hrbrthemes
2018-12-07,96,30726,hrbrthemes
2018-12-08,63,30789,hrbrthemes
2018-12-09,62,30851,hrbrthemes
2018-12-10,124,30975,hrbrthemes
2018-12-11,111,31086,hrbrthemes
2018-12-12,122,31208,hrbrthemes
2018-12-13,95,31303,hrbrthemes
2018-12-14,95,31398,hrbrthemes
2018-12-15,51,31449,hrbrthemes
2018-12-16,75,31524,hrbrthemes
2018-12-17,100,31624,hrbrthemes
2018-12-18,81,31705,hrbrthemes
2018-12-19,116,31821,hrbrthemes
2018-12-20,109,31930,hrbrthemes
2018-12-21,108,32038,hrbrthemes
2018-12-22,40,32078,hrbrthemes
2018-12-23,51,32129,hrbrthemes
2018-12-24,46,32175,hrbrthemes
2018-12-25,31,32206,hrbrthemes
2018-12-26,48,32254,hrbrthemes
2018-12-27,64,32318,hrbrthemes
2018-12-28,48,32366,hrbrthemes
2018-12-29,46,32412,hrbrthemes
2018-12-30,37,32449,hrbrthemes
2018-12-31,49,32498,hrbrthemes
2019-01-01,35,32533,hrbrthemes
2019-01-02,104,32637,hrbrthemes
2019-01-03,82,32719,hrbrthemes
2019-01-04,87,32806,hrbrthemes
2019-01-05,60,32866,hrbrthemes
2019-01-06,49,32915,hrbrthemes
2019-01-07,121,33036,hrbrthemes
2019-01-08,124,33160,hrbrthemes
2019-01-09,124,33284,hrbrthemes
2019-01-10,103,33387,hrbrthemes
2019-01-11,91,33478,hrbrthemes
2019-01-12,47,33525,hrbrthemes
2019-01-13,61,33586,hrbrthemes
2019-01-14,92,33678,hrbrthemes
2019-01-15,101,33779,hrbrthemes
2019-01-16,97,33876,hrbrthemes
2019-01-17,107,33983,hrbrthemes
2019-01-18,83,34066,hrbrthemes
2019-01-19,58,34124,hrbrthemes
2019-01-20,61,34185,hrbrthemes
2019-01-21,313,34498,hrbrthemes
2019-01-22,349,34847,hrbrthemes
2019-01-23,248,35095,hrbrthemes
2019-01-24,224,35319,hrbrthemes
2019-01-25,173,35492,hrbrthemes
2019-01-26,94,35586,hrbrthemes
2019-01-27,90,35676,hrbrthemes
2019-01-28,219,35895,hrbrthemes
2019-01-29,171,36066,hrbrthemes
2019-01-30,202,36268,hrbrthemes
2019-01-31,147,36415,hrbrthemes
2019-02-01,141,36556,hrbrthemes
2019-02-02,78,36634,hrbrthemes
2019-02-03,106,36740,hrbrthemes
2019-02-04,146,36886,hrbrthemes
2019-02-05,153,37039,hrbrthemes
2019-02-06,142,37181,hrbrthemes
2019-02-07,148,37329,hrbrthemes
2019-02-08,124,37453,hrbrthemes
2019-02-09,69,37522,hrbrthemes
2019-02-10,68,37590,hrbrthemes
2019-02-11,147,37737,hrbrthemes
2019-02-12,223,37960,hrbrthemes
2019-02-13,199,38159,hrbrthemes
2019-02-14,169,38328,hrbrthemes
2019-02-15,117,38445,hrbrthemes
2019-02-16,74,38519,hrbrthemes
2019-02-17,76,38595,hrbrthemes
2019-02-18,146,38741,hrbrthemes
2019-02-19,171,38912,hrbrthemes
2019-02-20,250,39162,hrbrthemes
2019-02-21,144,39306,hrbrthemes
2019-02-22,184,39490,hrbrthemes
2019-02-23,104,39594,hrbrthemes
2019-02-24,72,39666,hrbrthemes
2019-02-25,141,39807,hrbrthemes
2019-02-26,132,39939,hrbrthemes
2019-02-27,171,40110,hrbrthemes
2019-02-28,188,40298,hrbrthemes
2019-03-01,178,40476,hrbrthemes
2019-03-02,90,40566,hrbrthemes
2019-03-03,90,40656,hrbrthemes
2019-03-04,155,40811,hrbrthemes
2019-03-05,155,40966,hrbrthemes
2019-03-06,162,41128,hrbrthemes
2019-03-07,146,41274,hrbrthemes
2019-03-08,149,41423,hrbrthemes
2019-03-09,81,41504,hrbrthemes
2019-03-10,85,41589,hrbrthemes
2019-03-11,139,41728,hrbrthemes
2019-03-12,142,41870,hrbrthemes
2019-03-13,168,42038,hrbrthemes
2019-03-14,172,42210,hrbrthemes
2019-03-15,145,42355,hrbrthemes
2019-03-16,84,42439,hrbrthemes
2019-03-17,82,42521,hrbrthemes
2019-03-18,137,42658,hrbrthemes
2019-03-19,122,42780,hrbrthemes
2019-03-20,130,42910,hrbrthemes
2019-03-21,153,43063,hrbrthemes
2019-03-22,113,43176,hrbrthemes
2019-03-23,64,43240,hrbrthemes
2019-03-24,85,43325,hrbrthemes
2019-03-25,161,43486,hrbrthemes
2019-03-26,207,43693,hrbrthemes
2019-03-27,180,43873,hrbrthemes
2019-03-28,191,44064,hrbrthemes
2019-03-29,125,44189,hrbrthemes
2019-03-30,75,44264,hrbrthemes
2019-03-31,90,44354,hrbrthemes
2019-04-01,158,44512,hrbrthemes
2019-04-02,136,44648,hrbrthemes
2019-04-03,160,44808,hrbrthemes
2019-04-04,143,44951,hrbrthemes
2019-04-05,140,45091,hrbrthemes
2019-04-06,85,45176,hrbrthemes
2019-04-07,89,45265,hrbrthemes
2019-04-08,221,45486,hrbrthemes
2019-04-09,164,45650,hrbrthemes
2019-04-10,178,45828,hrbrthemes
2019-04-11,180,46008,hrbrthemes
2019-04-12,185,46193,hrbrthemes
2019-04-13,88,46281,hrbrthemes
2019-04-14,109,46390,hrbrthemes
2019-04-15,185,46575,hrbrthemes
2019-04-16,153,46728,hrbrthemes
2019-04-17,160,46888,hrbrthemes
2019-04-18,166,47054,hrbrthemes
2019-04-19,92,47146,hrbrthemes
2019-04-20,79,47225,hrbrthemes
2019-04-21,84,47309,hrbrthemes
2019-04-22,98,47407,hrbrthemes
2019-04-23,161,47568,hrbrthemes
2019-04-24,141,47709,hrbrthemes
2019-04-25,174,47883,hrbrthemes
2019-04-26,178,48061,hrbrthemes
2019-04-27,93,48154,hrbrthemes
2019-04-28,139,48293,hrbrthemes
2019-04-29,220,48513,hrbrthemes
2019-04-30,249,48762,hrbrthemes
2019-05-01,174,48936,hrbrthemes
2019-05-02,238,49174,hrbrthemes
2019-05-03,206,49380,hrbrthemes
2019-05-04,130,49510,hrbrthemes
2019-05-05,111,49621,hrbrthemes
2019-05-06,258,49879,hrbrthemes
2019-05-07,219,50098,hrbrthemes
2019-05-08,186,50284,hrbrthemes
2019-05-09,195,50479,hrbrthemes
2019-05-10,163,50642,hrbrthemes
2019-05-11,117,50759,hrbrthemes
2019-05-12,116,50875,hrbrthemes
2019-05-13,161,51036,hrbrthemes
2019-05-14,167,51203,hrbrthemes
2019-05-15,255,51458,hrbrthemes
2019-05-16,206,51664,hrbrthemes
2019-05-17,146,51810,hrbrthemes
2019-05-18,123,51933,hrbrthemes
2019-05-19,125,52058,hrbrthemes
2019-05-20,153,52211,hrbrthemes
2019-05-21,198,52409,hrbrthemes
2019-05-22,154,52563,hrbrthemes
2019-05-23,169,52732,hrbrthemes
2019-05-24,133,52865,hrbrthemes
2019-05-25,68,52933,hrbrthemes
2019-05-26,75,53008,hrbrthemes
2019-05-27,163,53171,hrbrthemes
2019-05-28,167,53338,hrbrthemes
2019-05-29,172,53510,hrbrthemes
2019-05-30,150,53660,hrbrthemes
2019-05-31,185,53845,hrbrthemes
2019-06-01,89,53934,hrbrthemes
2019-06-02,81,54015,hrbrthemes
2019-06-03,140,54155,hrbrthemes
2019-06-04,121,54276,hrbrthemes
2019-06-05,170,54446,hrbrthemes
2019-06-06,133,54579,hrbrthemes
2019-06-07,170,54749,hrbrthemes
2019-06-08,76,54825,hrbrthemes
2019-06-09,111,54936,hrbrthemes
2019-06-10,166,55102,hrbrthemes
2019-06-11,125,55227,hrbrthemes
2019-06-12,168,55395,hrbrthemes
2019-06-13,155,55550,hrbrthemes
2019-06-14,122,55672,hrbrthemes
2019-06-15,81,55753,hrbrthemes
2019-06-16,74,55827,hrbrthemes
2019-06-17,143,55970,hrbrthemes
2019-06-18,159,56129,hrbrthemes
2019-06-19,156,56285,hrbrthemes
2019-06-20,140,56425,hrbrthemes
2019-06-21,136,56561,hrbrthemes
2019-06-22,95,56656,hrbrthemes
2019-06-23,86,56742,hrbrthemes
2019-06-24,141,56883,hrbrthemes
2019-06-25,158,57041,hrbrthemes
2019-06-26,151,57192,hrbrthemes
2019-06-27,122,57314,hrbrthemes
2019-06-28,109,57423,hrbrthemes
2019-06-29,77,57500,hrbrthemes
2019-06-30,80,57580,hrbrthemes
2019-07-01,422,58002,hrbrthemes
2019-07-02,430,58432,hrbrthemes
2019-07-03,409,58841,hrbrthemes
2019-07-04,292,59133,hrbrthemes
2019-07-05,304,59437,hrbrthemes
2019-07-06,176,59613,hrbrthemes
2019-07-07,174,59787,hrbrthemes
2019-07-08,350,60137,hrbrthemes
2019-07-09,373,60510,hrbrthemes
2019-07-10,411,60921,hrbrthemes
2019-07-11,387,61308,hrbrthemes
2019-07-12,316,61624,hrbrthemes
2019-07-13,178,61802,hrbrthemes
2019-07-14,136,61938,hrbrthemes
2019-07-15,310,62248,hrbrthemes
2019-07-16,325,62573,hrbrthemes
2019-07-17,341,62914,hrbrthemes
2019-07-18,312,63226,hrbrthemes
2019-07-19,274,63500,hrbrthemes
2019-07-20,135,63635,hrbrthemes
2019-07-21,156,63791,hrbrthemes
2019-07-22,321,64112,hrbrthemes
2019-07-23,336,64448,hrbrthemes
2019-07-24,320,64768,hrbrthemes
2019-07-25,314,65082,hrbrthemes
2019-07-26,217,65299,hrbrthemes
2019-07-27,149,65448,hrbrthemes
2019-07-28,174,65622,hrbrthemes
2019-07-29,274,65896,hrbrthemes
2019-07-30,390,66286,hrbrthemes
2019-07-31,303,66589,hrbrthemes
2019-08-01,301,66890,hrbrthemes
2019-08-02,295,67185,hrbrthemes
2019-08-03,200,67385,hrbrthemes
2019-08-04,232,67617,hrbrthemes
2019-08-05,353,67970,hrbrthemes
2019-08-06,473,68443,hrbrthemes
2019-08-07,385,68828,hrbrthemes
2019-08-08,432,69260,hrbrthemes
2019-08-09,426,69686,hrbrthemes
2019-08-10,175,69861,hrbrthemes
2019-08-11,148,70009,hrbrthemes
2019-08-12,390,70399,hrbrthemes
2019-08-13,341,70740,hrbrthemes
2019-08-14,353,71093,hrbrthemes
2019-08-15,352,71445,hrbrthemes
2019-08-16,504,71949,hrbrthemes
2019-08-17,205,72154,hrbrthemes
2019-08-18,177,72331,hrbrthemes
2019-08-19,459,72790,hrbrthemes
2019-08-20,458,73248,hrbrthemes
2019-08-21,337,73585,hrbrthemes
2019-08-22,352,73937,hrbrthemes
2019-08-23,332,74269,hrbrthemes
2019-08-24,221,74490,hrbrthemes
2019-08-25,155,74645,hrbrthemes
2019-08-26,356,75001,hrbrthemes
2019-08-27,449,75450,hrbrthemes
2019-08-28,394,75844,hrbrthemes
2019-08-29,444,76288,hrbrthemes
2019-08-30,354,76642,hrbrthemes
2019-08-31,172,76814,hrbrthemes
2019-09-01,150,76964,hrbrthemes
2019-09-02,341,77305,hrbrthemes
2019-09-03,642,77947,hrbrthemes
2019-09-04,575,78522,hrbrthemes
2019-09-05,547,79069,hrbrthemes
2019-09-06,361,79430,hrbrthemes
2019-09-07,186,79616,hrbrthemes
2019-09-08,212,79828,hrbrthemes
2019-09-09,492,80320,hrbrthemes
2019-09-10,504,80824,hrbrthemes
2019-09-11,539,81363,hrbrthemes
2019-09-12,420,81783,hrbrthemes
2019-09-13,413,82196,hrbrthemes
2019-09-14,191,82387,hrbrthemes
2019-09-15,186,82573,hrbrthemes
2019-09-16,446,83019,hrbrthemes
2019-09-17,593,83612,hrbrthemes
2019-09-18,443,84055,hrbrthemes
2019-09-19,490,84545,hrbrthemes
2019-09-20,469,85014,hrbrthemes
2019-09-21,240,85254,hrbrthemes
2019-09-22,239,85493,hrbrthemes
2019-09-23,459,85952,hrbrthemes
2019-09-24,513,86465,hrbrthemes
2019-09-25,439,86904,hrbrthemes
2019-09-26,487,87391,hrbrthemes
2019-09-27,377,87768,hrbrthemes
2019-09-28,186,87954,hrbrthemes
2019-09-29,222,88176,hrbrthemes
2019-09-30,515,88691,hrbrthemes
2019-10-01,461,89152,hrbrthemes
2019-10-02,412,89564,hrbrthemes
2019-10-03,455,90019,hrbrthemes
2019-10-04,414,90433,hrbrthemes
2019-10-05,239,90672,hrbrthemes
2019-10-06,202,90874,hrbrthemes
2019-10-07,438,91312,hrbrthemes
2019-10-08,661,91973,hrbrthemes
2019-10-09,533,92506,hrbrthemes
2019-10-10,486,92992,hrbrthemes
2019-10-11,424,93416,hrbrthemes
2019-10-12,218,93634,hrbrthemes
2019-10-13,232,93866,hrbrthemes
2019-10-14,458,94324,hrbrthemes
2019-10-15,485,94809,hrbrthemes
2019-10-16,539,95348,hrbrthemes
2019-10-17,522,95870,hrbrthemes
2019-10-18,443,96313,hrbrthemes
2019-10-19,267,96580,hrbrthemes
2019-10-20,258,96838,hrbrthemes
2019-10-21,617,97455,hrbrthemes
2019-10-22,571,98026,hrbrthemes
2019-10-23,640,98666,hrbrthemes
2019-10-24,485,99151,hrbrthemes
2019-10-25,412,99563,hrbrthemes
2019-10-26,219,99782,hrbrthemes
2019-10-27,201,99983,hrbrthemes
2019-10-28,498,100481,hrbrthemes
2019-10-29,510,100991,hrbrthemes
2019-10-30,483,101474,hrbrthemes
2019-10-31,450,101924,hrbrthemes
2019-11-01,417,102341,hrbrthemes
2019-11-02,238,102579,hrbrthemes
2019-11-03,195,102774,hrbrthemes
2019-11-04,427,103201,hrbrthemes
2019-11-05,539,103740,hrbrthemes
2019-11-06,512,104252,hrbrthemes
2019-11-07,711,104963,hrbrthemes
2019-11-08,562,105525,hrbrthemes
2019-11-09,331,105856,hrbrthemes
2019-11-10,303,106159,hrbrthemes
2019-11-11,480,106639,hrbrthemes
2019-11-12,576,107215,hrbrthemes
2019-11-13,512,107727,hrbrthemes
2019-11-14,632,108359,hrbrthemes
2019-11-15,581,108940,hrbrthemes
2019-11-16,298,109238,hrbrthemes
2019-11-17,305,109543,hrbrthemes
2019-11-18,537,110080,hrbrthemes
2019-11-19,677,110757,hrbrthemes
2019-11-20,620,111377,hrbrthemes
2019-11-21,569,111946,hrbrthemes
2019-11-22,515,112461,hrbrthemes
2019-11-23,582,113043,hrbrthemes
2019-11-24,330,113373,hrbrthemes
2019-11-25,477,113850,hrbrthemes
2019-11-26,707,114557,hrbrthemes
2019-11-27,578,115135,hrbrthemes
2019-11-28,510,115645,hrbrthemes
2019-11-29,498,116143,hrbrthemes
2019-11-30,294,116437,hrbrthemes
2019-12-01,302,116739,hrbrthemes
2019-12-02,514,117253,hrbrthemes
2019-12-03,687,117940,hrbrthemes
2019-12-04,650,118590,hrbrthemes
2019-12-05,549,119139,hrbrthemes
2019-12-06,582,119721,hrbrthemes
2019-12-07,268,119989,hrbrthemes
2019-12-08,342,120331,hrbrthemes
2019-12-09,604,120935,hrbrthemes
2019-12-10,636,121571,hrbrthemes
2019-12-11,585,122156,hrbrthemes
2019-12-12,626,122782,hrbrthemes
2019-12-13,584,123366,hrbrthemes
2019-12-14,250,123616,hrbrthemes
2019-12-15,405,124021,hrbrthemes
2019-12-16,967,124988,hrbrthemes
2019-12-17,952,125940,hrbrthemes
2019-12-18,1095,127035,hrbrthemes
2019-12-19,751,127786,hrbrthemes
2019-12-20,647,128433,hrbrthemes
2019-12-21,453,128886,hrbrthemes
2019-12-22,188,129074,hrbrthemes
2019-12-23,539,129613,hrbrthemes
2019-12-24,288,129901,hrbrthemes
2019-12-25,168,130069,hrbrthemes
2019-12-26,398,130467,hrbrthemes
2019-12-27,271,130738,hrbrthemes
2019-12-28,225,130963,hrbrthemes
2019-12-29,243,131206,hrbrthemes
2019-12-30,286,131492,hrbrthemes
2019-12-31,210,131702,hrbrthemes
2020-01-01,163,131865,hrbrthemes
2020-01-02,616,132481,hrbrthemes
2020-01-03,395,132876,hrbrthemes
2020-01-04,265,133141,hrbrthemes
2020-01-05,259,133400,hrbrthemes
2020-01-06,447,133847,hrbrthemes
2020-01-07,563,134410,hrbrthemes
2020-01-08,601,135011,hrbrthemes
2020-01-09,602,135613,hrbrthemes
2020-01-10,479,136092,hrbrthemes
2020-01-11,262,136354,hrbrthemes
2020-01-12,246,136600,hrbrthemes
2020-01-13,533,137133,hrbrthemes
2020-01-14,544,137677,hrbrthemes
2020-01-15,591,138268,hrbrthemes
2020-01-16,563,138831,hrbrthemes
2020-01-17,532,139363,hrbrthemes
2020-01-18,250,139613,hrbrthemes
2020-01-19,247,139860,hrbrthemes
2020-01-20,563,140423,hrbrthemes
2020-01-21,542,140965,hrbrthemes
2020-01-22,668,141633,hrbrthemes
2020-01-23,684,142317,hrbrthemes
2020-01-24,680,142997,hrbrthemes
2020-01-25,273,143270,hrbrthemes
2020-01-26,346,143616,hrbrthemes
2020-01-27,561,144177,hrbrthemes
2020-01-28,509,144686,hrbrthemes
2020-01-29,545,145231,hrbrthemes
2020-01-30,562,145793,hrbrthemes
2020-01-31,444,146237,hrbrthemes
2020-02-01,217,146454,hrbrthemes
2020-02-02,236,146690,hrbrthemes
2020-02-03,429,147119,hrbrthemes
2020-02-04,609,147728,hrbrthemes
2020-02-05,546,148274,hrbrthemes
2020-02-06,561,148835,hrbrthemes
2020-02-07,506,149341,hrbrthemes
2020-02-08,306,149647,hrbrthemes
2020-02-09,310,149957,hrbrthemes
2020-02-10,512,150469,hrbrthemes
2020-02-11,611,151080,hrbrthemes
2020-02-12,609,151689,hrbrthemes
2020-02-13,571,152260,hrbrthemes
2020-02-14,435,152695,hrbrthemes
2020-02-15,232,152927,hrbrthemes
2020-02-16,217,153144,hrbrthemes
2020-02-17,528,153672,hrbrthemes
2020-02-18,680,154352,hrbrthemes
2020-02-19,734,155086,hrbrthemes
2020-02-20,618,155704,hrbrthemes
2020-02-21,507,156211,hrbrthemes
2020-02-22,306,156517,hrbrthemes
2020-02-23,345,156862,hrbrthemes
2020-02-24,553,157415,hrbrthemes
2020-02-25,711,158126,hrbrthemes
2020-02-26,780,158906,hrbrthemes
2020-02-27,684,159590,hrbrthemes
2020-02-28,544,160134,hrbrthemes
2020-02-29,71,160205,hrbrthemes
2020-03-01,285,160490,hrbrthemes
2020-03-02,548,161038,hrbrthemes
2020-03-03,508,161546,hrbrthemes
2020-03-04,702,162248,hrbrthemes
2020-03-05,551,162799,hrbrthemes
2020-03-06,692,163491,hrbrthemes
2020-03-07,776,164267,hrbrthemes
2020-03-08,601,164868,hrbrthemes
2020-03-09,1129,165997,hrbrthemes
2020-03-10,905,166902,hrbrthemes
2020-03-11,1181,168083,hrbrthemes
2020-03-12,910,168993,hrbrthemes
2020-03-13,770,169763,hrbrthemes
2020-03-14,537,170300,hrbrthemes
2020-03-15,514,170814,hrbrthemes
2020-03-16,808,171622,hrbrthemes
2020-03-17,785,172407,hrbrthemes
2020-03-18,765,173172,hrbrthemes
2020-03-19,750,173922,hrbrthemes
2020-03-20,712,174634,hrbrthemes
2020-03-21,593,175227,hrbrthemes
2020-03-22,573,175800,hrbrthemes
2020-03-23,799,176599,hrbrthemes
2020-03-24,981,177580,hrbrthemes
2020-03-25,911,178491,hrbrthemes
2020-03-26,1741,180232,hrbrthemes
2020-03-27,727,180959,hrbrthemes
2020-03-28,536,181495,hrbrthemes
2020-03-29,580,182075,hrbrthemes
2020-03-30,804,182879,hrbrthemes
2020-03-31,845,183724,hrbrthemes
2020-04-01,882,184606,hrbrthemes
2020-04-02,840,185446,hrbrthemes
2020-04-03,714,186160,hrbrthemes
2020-04-04,409,186569,hrbrthemes
2020-04-05,458,187027,hrbrthemes
2020-04-06,814,187841,hrbrthemes
2020-04-07,774,188615,hrbrthemes
2020-04-08,776,189391,hrbrthemes
2020-04-09,812,190203,hrbrthemes
2020-04-10,681,190884,hrbrthemes
2020-04-11,507,191391,hrbrthemes
2020-04-12,522,191913,hrbrthemes
2020-04-13,776,192689,hrbrthemes
2020-04-14,782,193471,hrbrthemes
2020-04-15,806,194277,hrbrthemes
2020-04-16,736,195013,hrbrthemes
2020-04-17,701,195714,hrbrthemes
2020-04-18,493,196207,hrbrthemes
2020-04-19,411,196618,hrbrthemes
2020-04-20,774,197392,hrbrthemes
2020-04-21,772,198164,hrbrthemes
2020-04-22,837,199001,hrbrthemes
2020-04-23,817,199818,hrbrthemes
2020-04-24,850,200668,hrbrthemes
2020-04-25,625,201293,hrbrthemes
2020-04-26,632,201925,hrbrthemes
2020-04-27,826,202751,hrbrthemes
2020-04-28,1059,203810,hrbrthemes
2020-04-29,902,204712,hrbrthemes
2020-04-30,844,205556,hrbrthemes
2020-05-01,826,206382,hrbrthemes
2020-05-02,596,206978,hrbrthemes
2020-05-03,591,207569,hrbrthemes
2020-05-04,864,208433,hrbrthemes
2020-05-05,765,209198,hrbrthemes
2020-05-06,776,209974,hrbrthemes
2020-05-07,761,210735,hrbrthemes
2020-05-08,665,211400,hrbrthemes
2020-05-09,492,211892,hrbrthemes
2020-05-10,498,212390,hrbrthemes
2020-05-11,754,213144,hrbrthemes
2020-05-12,787,213931,hrbrthemes
2020-05-13,787,214718,hrbrthemes
2020-05-14,734,215452,hrbrthemes
2020-05-15,595,216047,hrbrthemes
2020-05-16,447,216494,hrbrthemes
2020-05-17,460,216954,hrbrthemes
2020-05-18,763,217717,hrbrthemes
2020-05-19,789,218506,hrbrthemes
2020-05-20,705,219211,hrbrthemes
2020-05-21,707,219918,hrbrthemes
2020-05-22,621,220539,hrbrthemes
2020-05-23,393,220932,hrbrthemes
2020-05-24,335,221267,hrbrthemes
2020-05-25,557,221824,hrbrthemes
2020-05-26,759,222583,hrbrthemes
2020-05-27,833,223416,hrbrthemes
2020-05-28,708,224124,hrbrthemes
2020-05-29,642,224766,hrbrthemes
2020-05-30,403,225169,hrbrthemes
2020-05-31,531,225700,hrbrthemes
2020-06-01,795,226495,hrbrthemes
2020-06-02,681,227176,hrbrthemes
2020-06-03,768,227944,hrbrthemes
2020-06-04,796,228740,hrbrthemes
2020-06-05,718,229458,hrbrthemes
2020-06-06,362,229820,hrbrthemes
2020-06-07,422,230242,hrbrthemes
2020-06-08,771,231013,hrbrthemes
2020-06-09,712,231725,hrbrthemes
2020-06-10,739,232464,hrbrthemes
2020-06-11,747,233211,hrbrthemes
2020-06-12,609,233820,hrbrthemes
2020-06-13,312,234132,hrbrthemes
2020-06-14,367,234499,hrbrthemes
2020-06-15,663,235162,hrbrthemes
2020-06-16,690,235852,hrbrthemes
2020-06-17,612,236464,hrbrthemes
2020-06-18,689,237153,hrbrthemes
2020-06-19,626,237779,hrbrthemes
2020-06-20,378,238157,hrbrthemes
2020-06-21,368,238525,hrbrthemes
2020-06-22,598,239123,hrbrthemes
2020-06-23,585,239708,hrbrthemes
2020-06-24,628,240336,hrbrthemes
2020-06-25,608,240944,hrbrthemes
2020-06-26,515,241459,hrbrthemes
2020-06-27,335,241794,hrbrthemes
2020-06-28,368,242162,hrbrthemes
2020-06-29,574,242736,hrbrthemes
2020-06-30,656,243392,hrbrthemes
2020-07-01,598,243990,hrbrthemes
2020-07-02,632,244622,hrbrthemes
2020-07-03,500,245122,hrbrthemes
2020-07-04,280,245402,hrbrthemes
2020-07-05,266,245668,hrbrthemes
2020-07-06,592,246260,hrbrthemes
2020-07-07,549,246809,hrbrthemes
2020-07-08,567,247376,hrbrthemes
2020-07-09,716,248092,hrbrthemes
2020-07-10,607,248699,hrbrthemes
2020-07-11,310,249009,hrbrthemes
2020-07-12,292,249301,hrbrthemes
2020-07-13,576,249877,hrbrthemes
2020-07-14,671,250548,hrbrthemes
2020-07-15,628,251176,hrbrthemes
2020-07-16,589,251765,hrbrthemes
2020-07-17,555,252320,hrbrthemes
2020-07-18,329,252649,hrbrthemes
2020-07-19,302,252951,hrbrthemes
2020-07-20,617,253568,hrbrthemes
2020-07-21,607,254175,hrbrthemes
2020-07-22,634,254809,hrbrthemes
2020-07-23,610,255419,hrbrthemes
2020-07-24,486,255905,hrbrthemes
2020-07-25,281,256186,hrbrthemes
2020-07-26,287,256473,hrbrthemes
2020-07-27,535,257008,hrbrthemes
2020-07-28,670,257678,hrbrthemes
2020-07-29,640,258318,hrbrthemes
2020-07-30,626,258944,hrbrthemes
2020-07-31,577,259521,hrbrthemes
2020-08-01,313,259834,hrbrthemes
2020-08-02,311,260145,hrbrthemes
2020-08-03,549,260694,hrbrthemes
2020-08-04,524,261218,hrbrthemes
2020-08-05,583,261801,hrbrthemes
2020-08-06,576,262377,hrbrthemes
2020-08-07,466,262843,hrbrthemes
2020-08-08,258,263101,hrbrthemes
2020-08-09,297,263398,hrbrthemes
2020-08-10,499,263897,hrbrthemes
2020-08-11,518,264415,hrbrthemes
2020-08-12,507,264922,hrbrthemes
2020-08-13,498,265420,hrbrthemes
2020-08-14,431,265851,hrbrthemes
2020-08-15,291,266142,hrbrthemes
2020-08-16,286,266428,hrbrthemes
2020-08-17,509,266937,hrbrthemes
2020-08-18,629,267566,hrbrthemes
2020-08-19,479,268045,hrbrthemes
2020-08-20,540,268585,hrbrthemes
2020-08-21,501,269086,hrbrthemes
2020-08-22,271,269357,hrbrthemes
2020-08-23,297,269654,hrbrthemes
2020-08-24,511,270165,hrbrthemes
2020-08-25,566,270731,hrbrthemes
2020-08-26,520,271251,hrbrthemes
2020-08-27,567,271818,hrbrthemes
2020-08-28,481,272299,hrbrthemes
2020-08-29,438,272737,hrbrthemes
2020-08-30,392,273129,hrbrthemes
2020-08-31,495,273624,hrbrthemes
2020-09-01,631,274255,hrbrthemes
2020-09-02,663,274918,hrbrthemes
2020-09-03,615,275533,hrbrthemes
2020-09-04,511,276044,hrbrthemes
2020-09-05,351,276395,hrbrthemes
2020-09-06,327,276722,hrbrthemes
2020-09-07,466,277188,hrbrthemes
2020-09-08,583,277771,hrbrthemes
2020-09-09,703,278474,hrbrthemes
2020-09-10,624,279098,hrbrthemes
2020-09-11,532,279630,hrbrthemes
2020-09-12,342,279972,hrbrthemes
2020-09-13,322,280294,hrbrthemes
2020-09-14,586,280880,hrbrthemes
2020-09-15,602,281482,hrbrthemes
2020-09-16,713,282195,hrbrthemes
2020-09-17,707,282902,hrbrthemes
2020-09-18,601,283503,hrbrthemes
2020-09-19,298,283801,hrbrthemes
2020-09-20,368,284169,hrbrthemes
2020-09-21,696,284865,hrbrthemes
2020-09-22,784,285649,hrbrthemes
2020-09-23,665,286314,hrbrthemes
2020-09-24,622,286936,hrbrthemes
2020-09-25,638,287574,hrbrthemes
2020-09-26,278,287852,hrbrthemes
2020-09-27,282,288134,hrbrthemes
2020-09-28,581,288715,hrbrthemes
2020-09-29,624,289339,hrbrthemes
2020-09-30,668,290007,hrbrthemes
2020-10-01,623,290630,hrbrthemes
2020-10-02,575,291205,hrbrthemes
2020-10-03,333,291538,hrbrthemes
2020-10-04,351,291889,hrbrthemes
2020-10-05,571,292460,hrbrthemes
2020-10-06,613,293073,hrbrthemes
2020-10-07,594,293667,hrbrthemes
2020-10-08,714,294381,hrbrthemes
2020-10-09,501,294882,hrbrthemes
2020-10-10,308,295190,hrbrthemes
2020-10-11,305,295495,hrbrthemes
2020-10-12,512,296007,hrbrthemes
2020-10-13,628,296635,hrbrthemes
2020-10-14,695,297330,hrbrthemes
2020-10-15,588,297918,hrbrthemes
2020-10-16,495,298413,hrbrthemes
2020-10-17,281,298694,hrbrthemes
2020-10-18,376,299070,hrbrthemes
2020-10-19,575,299645,hrbrthemes
2020-10-20,689,300334,hrbrthemes
2020-10-21,627,300961,hrbrthemes
2020-10-22,621,301582,hrbrthemes
2020-10-23,628,302210,hrbrthemes
2020-10-24,331,302541,hrbrthemes
2020-10-25,369,302910,hrbrthemes
2020-10-26,601,303511,hrbrthemes
2020-10-27,604,304115,hrbrthemes
2020-10-28,638,304753,hrbrthemes
2020-10-29,727,305480,hrbrthemes
2020-10-30,616,306096,hrbrthemes
2020-10-31,370,306466,hrbrthemes
2020-11-01,367,306833,hrbrthemes
2020-11-02,532,307365,hrbrthemes
2020-11-03,653,308018,hrbrthemes
2020-11-04,554,308572,hrbrthemes
2020-11-05,626,309198,hrbrthemes
2020-11-06,564,309762,hrbrthemes
2020-11-07,373,310135,hrbrthemes
2020-11-08,294,310429,hrbrthemes
2020-11-09,590,311019,hrbrthemes
2020-11-10,703,311722,hrbrthemes
2020-11-11,651,312373,hrbrthemes
2020-11-12,1113,313486,hrbrthemes
2020-11-13,616,314102,hrbrthemes
2020-11-14,361,314463,hrbrthemes
2020-11-15,392,314855,hrbrthemes
2020-11-16,664,315519,hrbrthemes
2020-11-17,654,316173,hrbrthemes
2020-11-18,676,316849,hrbrthemes
2020-11-19,603,317452,hrbrthemes
2020-11-20,624,318076,hrbrthemes
2020-11-21,321,318397,hrbrthemes
2020-11-22,389,318786,hrbrthemes
2020-11-23,637,319423,hrbrthemes
2020-11-24,672,320095,hrbrthemes
2020-11-25,541,320636,hrbrthemes
2020-11-26,572,321208,hrbrthemes
2020-11-27,507,321715,hrbrthemes
2020-11-28,480,322195,hrbrthemes
2020-11-29,581,322776,hrbrthemes
2020-11-30,707,323483,hrbrthemes
2020-12-01,660,324143,hrbrthemes
2020-12-02,673,324816,hrbrthemes
2020-12-03,746,325562,hrbrthemes
2020-12-04,702,326264,hrbrthemes
2020-12-05,396,326660,hrbrthemes
2020-12-06,512,327172,hrbrthemes
2020-12-07,685,327857,hrbrthemes
2020-12-08,631,328488,hrbrthemes
2020-12-09,710,329198,hrbrthemes
2020-12-10,699,329897,hrbrthemes
2020-12-11,590,330487,hrbrthemes
2020-12-12,533,331020,hrbrthemes
2020-12-13,463,331483,hrbrthemes
2020-12-14,683,332166,hrbrthemes
2020-12-15,656,332822,hrbrthemes
2020-12-16,658,333480,hrbrthemes
2020-12-17,617,334097,hrbrthemes
2020-12-18,540,334637,hrbrthemes
2020-12-19,283,334920,hrbrthemes
2020-12-20,293,335213,hrbrthemes
2020-12-21,414,335627,hrbrthemes
2020-12-22,486,336113,hrbrthemes
2020-12-23,410,336523,hrbrthemes
2020-12-24,233,336756,hrbrthemes
2020-12-25,170,336926,hrbrthemes
2020-12-26,230,337156,hrbrthemes
2020-12-27,220,337376,hrbrthemes
2020-12-28,335,337711,hrbrthemes
2020-12-29,400,338111,hrbrthemes
2020-12-30,373,338484,hrbrthemes
2020-12-31,234,338718,hrbrthemes
2021-01-01,177,338895,hrbrthemes
2021-01-02,249,339144,hrbrthemes
2021-01-03,269,339413,hrbrthemes
2021-01-04,550,339963,hrbrthemes
2021-01-05,523,340486,hrbrthemes
2021-01-06,620,341106,hrbrthemes
2021-01-07,505,341611,hrbrthemes
2021-01-08,501,342112,hrbrthemes
2021-01-09,292,342404,hrbrthemes
2021-01-10,299,342703,hrbrthemes
2021-01-11,526,343229,hrbrthemes
2021-01-12,527,343756,hrbrthemes
2021-01-13,599,344355,hrbrthemes
2021-01-14,980,345335,hrbrthemes
2021-01-15,514,345849,hrbrthemes
2021-01-16,300,346149,hrbrthemes
2021-01-17,343,346492,hrbrthemes
2021-01-18,564,347056,hrbrthemes
2021-01-19,619,347675,hrbrthemes
2021-01-20,666,348341,hrbrthemes
2021-01-21,597,348938,hrbrthemes
2021-01-22,578,349516,hrbrthemes
2021-01-23,365,349881,hrbrthemes
2021-01-24,304,350185,hrbrthemes
2021-01-25,601,350786,hrbrthemes
2021-01-26,637,351423,hrbrthemes
2021-01-27,743,352166,hrbrthemes
2021-01-28,746,352912,hrbrthemes
2021-01-29,643,353555,hrbrthemes
2021-01-30,355,353910,hrbrthemes
2021-01-31,389,354299,hrbrthemes
2021-02-01,650,354949,hrbrthemes
2021-02-02,741,355690,hrbrthemes
2021-02-03,751,356441,hrbrthemes
2021-02-04,769,357210,hrbrthemes
2021-02-05,589,357799,hrbrthemes
2021-02-06,365,358164,hrbrthemes
2021-02-07,404,358568,hrbrthemes
2021-02-08,656,359224,hrbrthemes
2021-02-09,719,359943,hrbrthemes
2021-02-10,746,360689,hrbrthemes
2021-02-11,711,361400,hrbrthemes
2021-02-12,518,361918,hrbrthemes
2021-02-13,314,362232,hrbrthemes
2021-02-14,350,362582,hrbrthemes
2021-02-15,590,363172,hrbrthemes
2021-02-16,727,363899,hrbrthemes
2021-02-17,724,364623,hrbrthemes
2021-02-18,682,365305,hrbrthemes
2021-02-19,676,365981,hrbrthemes
2021-02-20,366,366347,hrbrthemes
2021-02-21,425,366772,hrbrthemes
2021-02-22,710,367482,hrbrthemes
2021-02-23,730,368212,hrbrthemes
2021-02-24,916,369128,hrbrthemes
2021-02-25,887,370015,hrbrthemes
2021-02-26,770,370785,hrbrthemes
2021-02-27,389,371174,hrbrthemes
2021-02-28,399,371573,hrbrthemes
2021-03-01,637,372210,hrbrthemes
2021-03-02,748,372958,hrbrthemes
2021-03-03,771,373729,hrbrthemes
2021-03-04,786,374515,hrbrthemes
2021-03-05,679,375194,hrbrthemes
2021-03-06,441,375635,hrbrthemes
2021-03-07,396,376031,hrbrthemes
2021-03-08,791,376822,hrbrthemes
2021-03-09,910,377732,hrbrthemes
2021-03-10,878,378610,hrbrthemes
2021-03-11,872,379482,hrbrthemes
2021-03-12,671,380153,hrbrthemes
2021-03-13,384,380537,hrbrthemes
2021-03-14,469,381006,hrbrthemes
2021-03-15,738,381744,hrbrthemes
2021-03-16,898,382642,hrbrthemes
2021-03-17,892,383534,hrbrthemes
2021-03-18,840,384374,hrbrthemes
2021-03-19,763,385137,hrbrthemes
2021-03-20,485,385622,hrbrthemes
2021-03-21,479,386101,hrbrthemes
2021-03-22,817,386918,hrbrthemes
2021-03-23,788,387706,hrbrthemes
2021-03-24,876,388582,hrbrthemes
2021-03-25,808,389390,hrbrthemes
2021-03-26,799,390189,hrbrthemes
2021-03-27,454,390643,hrbrthemes
2021-03-28,482,391125,hrbrthemes
2021-03-29,757,391882,hrbrthemes
2021-03-30,763,392645,hrbrthemes
2021-03-31,745,393390,hrbrthemes
2021-04-01,736,394126,hrbrthemes
2021-04-02,516,394642,hrbrthemes
2021-04-03,374,395016,hrbrthemes
2021-04-04,396,395412,hrbrthemes
2021-04-05,582,395994,hrbrthemes
2021-04-06,840,396834,hrbrthemes
2021-04-07,821,397655,hrbrthemes
2021-04-08,899,398554,hrbrthemes
2021-04-09,758,399312,hrbrthemes
2021-04-10,440,399752,hrbrthemes
2021-04-11,494,400246,hrbrthemes
2021-04-12,770,401016,hrbrthemes
2021-04-13,953,401969,hrbrthemes
2021-04-14,818,402787,hrbrthemes
2021-04-15,818,403605,hrbrthemes
2021-04-16,2174,405779,hrbrthemes
2021-04-17,420,406199,hrbrthemes
2021-04-18,454,406653,hrbrthemes
2021-04-19,886,407539,hrbrthemes
2021-04-20,6856,414395,hrbrthemes
2021-04-21,8741,423136,hrbrthemes
2021-04-22,8522,431658,hrbrthemes
2021-04-23,8743,440401,hrbrthemes
2021-04-24,10389,450790,hrbrthemes
2021-04-25,9051,459841,hrbrthemes
2021-04-26,9684,469525,hrbrthemes
2021-04-27,9820,479345,hrbrthemes
2021-04-28,9370,488715,hrbrthemes
2021-04-29,10784,499499,hrbrthemes
2021-04-30,10635,510134,hrbrthemes
2021-05-01,10807,520941,hrbrthemes
2021-05-02,1455,522396,hrbrthemes
2021-05-03,731,523127,hrbrthemes
2021-05-04,798,523925,hrbrthemes
2021-05-05,815,524740,hrbrthemes
2021-05-06,928,525668,hrbrthemes
2021-05-07,718,526386,hrbrthemes
2021-05-08,453,526839,hrbrthemes
2021-05-09,527,527366,hrbrthemes
2021-05-10,745,528111,hrbrthemes
2021-05-11,790,528901,hrbrthemes
2021-05-12,715,529616,hrbrthemes
2021-05-13,728,530344,hrbrthemes
2021-05-14,673,531017,hrbrthemes
2021-05-15,403,531420,hrbrthemes
2021-05-16,479,531899,hrbrthemes
2021-05-17,721,532620,hrbrthemes
2021-05-18,977,533597,hrbrthemes
2021-05-19,952,534549,hrbrthemes
2021-05-20,925,535474,hrbrthemes
2021-05-21,802,536276,hrbrthemes
2021-05-22,494,536770,hrbrthemes
2021-05-23,519,537289,hrbrthemes
2021-05-24,861,538150,hrbrthemes
2021-05-25,973,539123,hrbrthemes
2021-05-26,923,540046,hrbrthemes
2021-05-27,938,540984,hrbrthemes
2021-05-28,718,541702,hrbrthemes
2021-05-29,456,542158,hrbrthemes
2021-05-30,475,542633,hrbrthemes
2021-05-31,854,543487,hrbrthemes
2021-06-01,930,544417,hrbrthemes
2021-06-02,985,545402,hrbrthemes
2021-06-03,864,546266,hrbrthemes
2021-06-04,767,547033,hrbrthemes
2021-06-05,497,547530,hrbrthemes
2021-06-06,501,548031,hrbrthemes
2021-06-07,895,548926,hrbrthemes
2021-06-08,888,549814,hrbrthemes
2021-06-09,955,550769,hrbrthemes
2021-06-10,836,551605,hrbrthemes
2021-06-11,856,552461,hrbrthemes
2021-06-12,462,552923,hrbrthemes
2021-06-13,431,553354,hrbrthemes
2021-06-14,826,554180,hrbrthemes
2021-06-15,840,555020,hrbrthemes
2021-06-16,995,556015,hrbrthemes
2021-06-17,768,556783,hrbrthemes
2021-06-18,666,557449,hrbrthemes
2021-06-19,381,557830,hrbrthemes
2021-06-20,479,558309,hrbrthemes
2021-06-21,861,559170,hrbrthemes
2021-06-22,1039,560209,hrbrthemes
2021-06-23,692,560901,hrbrthemes
2021-06-24,919,561820,hrbrthemes
2021-06-25,700,562520,hrbrthemes
2021-06-26,300,562820,hrbrthemes
2021-06-27,699,563519,hrbrthemes
2021-06-28,1011,564530,hrbrthemes
2021-06-29,736,565266,hrbrthemes
2021-06-30,736,566002,hrbrthemes
2021-07-01,748,566750,hrbrthemes
2021-07-02,609,567359,hrbrthemes
2021-07-03,403,567762,hrbrthemes
2021-07-04,345,568107,hrbrthemes
2021-07-05,696,568803,hrbrthemes
2021-07-06,708,569511,hrbrthemes
2021-07-07,840,570351,hrbrthemes
2021-07-08,828,571179,hrbrthemes
2021-07-09,718,571897,hrbrthemes
2021-07-10,407,572304,hrbrthemes
2021-07-11,388,572692,hrbrthemes
2021-07-12,795,573487,hrbrthemes
2021-07-13,816,574303,hrbrthemes
2021-07-14,820,575123,hrbrthemes
2021-07-15,709,575832,hrbrthemes
2021-07-16,701,576533,hrbrthemes
2021-07-17,358,576891,hrbrthemes
2021-07-18,389,577280,hrbrthemes
2021-07-19,790,578070,hrbrthemes
2021-07-20,904,578974,hrbrthemes
2021-07-21,844,579818,hrbrthemes
2021-07-22,737,580555,hrbrthemes
2021-07-23,658,581213,hrbrthemes
2021-07-24,316,581529,hrbrthemes
2021-07-25,401,581930,hrbrthemes
2021-07-26,647,582577,hrbrthemes
2021-07-27,800,583377,hrbrthemes
2021-07-28,775,584152,hrbrthemes
2021-07-29,781,584933,hrbrthemes
2021-07-30,685,585618,hrbrthemes
2021-07-31,376,585994,hrbrthemes
2021-08-01,359,586353,hrbrthemes
2021-08-02,664,587017,hrbrthemes
2021-08-03,818,587835,hrbrthemes
2021-08-04,894,588729,hrbrthemes
2021-08-05,673,589402,hrbrthemes
2021-08-06,654,590056,hrbrthemes
2021-08-07,365,590421,hrbrthemes
2021-08-08,343,590764,hrbrthemes
2021-08-09,692,591456,hrbrthemes
2021-08-10,765,592221,hrbrthemes
2021-08-11,741,592962,hrbrthemes
2021-08-12,775,593737,hrbrthemes
2021-08-13,667,594404,hrbrthemes
2021-08-14,335,594739,hrbrthemes
2021-08-15,334,595073,hrbrthemes
2021-08-16,711,595784,hrbrthemes
2021-08-17,820,596604,hrbrthemes
2021-08-18,818,597422,hrbrthemes
2021-08-19,782,598204,hrbrthemes
2021-08-20,1029,599233,hrbrthemes
2021-08-21,362,599595,hrbrthemes
2021-08-22,418,600013,hrbrthemes
2021-08-23,784,600797,hrbrthemes
2021-08-24,789,601586,hrbrthemes
2021-08-25,763,602349,hrbrthemes
2021-08-26,884,603233,hrbrthemes
2021-08-27,1134,604367,hrbrthemes
2021-08-28,378,604745,hrbrthemes
2021-08-29,331,605076,hrbrthemes
2021-08-30,732,605808,hrbrthemes
2021-08-31,753,606561,hrbrthemes
2021-09-01,724,607285,hrbrthemes
2021-09-02,785,608070,hrbrthemes
2021-09-03,696,608766,hrbrthemes
2021-09-04,414,609180,hrbrthemes
2021-09-05,376,609556,hrbrthemes
2021-09-06,647,610203,hrbrthemes
2021-09-07,1082,611285,hrbrthemes
2021-09-08,815,612100,hrbrthemes
2021-09-09,804,612904,hrbrthemes
2021-09-10,780,613684,hrbrthemes
2021-09-11,411,614095,hrbrthemes
2021-09-12,523,614618,hrbrthemes
2021-09-13,867,615485,hrbrthemes
2021-09-14,1103,616588,hrbrthemes
2021-09-15,865,617453,hrbrthemes
2021-09-16,832,618285,hrbrthemes
2021-09-17,791,619076,hrbrthemes
2021-09-18,398,619474,hrbrthemes
2021-09-19,406,619880,hrbrthemes
2021-09-20,817,620697,hrbrthemes
2021-09-21,993,621690,hrbrthemes
2021-09-22,925,622615,hrbrthemes
2021-09-23,859,623474,hrbrthemes
2021-09-24,873,624347,hrbrthemes
2021-09-25,496,624843,hrbrthemes
2021-09-26,440,625283,hrbrthemes
2021-09-27,978,626261,hrbrthemes
2021-09-28,975,627236,hrbrthemes
2021-09-29,949,628185,hrbrthemes
2021-09-30,1000,629185,hrbrthemes
2021-10-01,736,629921,hrbrthemes
2021-10-02,399,630320,hrbrthemes
2021-10-03,396,630716,hrbrthemes
2021-10-04,860,631576,hrbrthemes
2021-10-05,943,632519,hrbrthemes
2021-10-06,922,633441,hrbrthemes
2021-10-07,947,634388,hrbrthemes
2021-10-08,796,635184,hrbrthemes
2021-10-09,462,635646,hrbrthemes
2021-10-10,451,636097,hrbrthemes
2021-10-11,901,636998,hrbrthemes
2021-10-12,964,637962,hrbrthemes
2021-10-13,981,638943,hrbrthemes
2021-10-14,998,639941,hrbrthemes
2021-10-15,775,640716,hrbrthemes
2021-10-16,440,641156,hrbrthemes
2021-10-17,520,641676,hrbrthemes
2021-10-18,886,642562,hrbrthemes
2021-10-19,971,643533,hrbrthemes
2021-10-20,959,644492,hrbrthemes
2021-10-21,897,645389,hrbrthemes
2021-10-22,824,646213,hrbrthemes
2021-10-23,519,646732,hrbrthemes
2021-10-24,566,647298,hrbrthemes
2021-10-25,1069,648367,hrbrthemes
2021-10-26,1104,649471,hrbrthemes
2021-10-27,1110,650581,hrbrthemes
2021-10-28,928,651509,hrbrthemes
2021-10-29,836,652345,hrbrthemes
2021-10-30,492,652837,hrbrthemes
2021-10-31,512,653349,hrbrthemes
2021-11-01,869,654218,hrbrthemes
2021-11-02,882,655100,hrbrthemes
2021-11-03,862,655962,hrbrthemes
2021-11-04,859,656821,hrbrthemes
2021-11-05,865,657686,hrbrthemes
2021-11-06,586,658272,hrbrthemes
2021-11-07,538,658810,hrbrthemes
2021-11-08,969,659779,hrbrthemes
2021-11-09,921,660700,hrbrthemes
2021-11-10,1157,661857,hrbrthemes
2021-11-11,955,662812,hrbrthemes
2021-11-12,1045,663857,hrbrthemes
2021-11-13,562,664419,hrbrthemes
2021-11-14,512,664931,hrbrthemes
2021-11-15,1034,665965,hrbrthemes
2021-11-16,1041,667006,hrbrthemes
2021-11-17,983,667989,hrbrthemes
2021-11-18,1016,669005,hrbrthemes
2021-11-19,903,669908,hrbrthemes
2021-11-20,484,670392,hrbrthemes
2021-11-21,611,671003,hrbrthemes
2021-11-22,911,671914,hrbrthemes
2021-11-23,956,672870,hrbrthemes
2021-11-24,931,673801,hrbrthemes
2021-11-25,783,674584,hrbrthemes
2021-11-26,708,675292,hrbrthemes
2021-11-27,532,675824,hrbrthemes
2021-11-28,560,676384,hrbrthemes
2021-11-29,924,677308,hrbrthemes
2021-11-30,1111,678419,hrbrthemes
2021-12-01,1045,679464,hrbrthemes
2021-12-02,972,680436,hrbrthemes
2021-12-03,922,681358,hrbrthemes
2021-12-04,578,681936,hrbrthemes
2021-12-05,547,682483,hrbrthemes
2021-12-06,1047,683530,hrbrthemes
2021-12-07,1055,684585,hrbrthemes
2021-12-08,949,685534,hrbrthemes
2021-12-09,962,686496,hrbrthemes
2021-12-10,816,687312,hrbrthemes
2021-12-11,607,687919,hrbrthemes
2021-12-12,491,688410,hrbrthemes
2021-12-13,858,689268,hrbrthemes
2021-12-14,878,690146,hrbrthemes
2021-12-15,1069,691215,hrbrthemes
2021-12-16,744,691959,hrbrthemes
2021-12-17,672,692631,hrbrthemes
2021-12-18,512,693143,hrbrthemes
2021-12-19,416,693559,hrbrthemes
2021-12-20,801,694360,hrbrthemes
2021-12-21,711,695071,hrbrthemes
2021-12-22,709,695780,hrbrthemes
2021-12-23,513,696293,hrbrthemes
2021-12-24,303,696596,hrbrthemes
2021-12-25,251,696847,hrbrthemes
2021-12-26,296,697143,hrbrthemes
2021-12-27,464,697607,hrbrthemes
2021-12-28,567,698174,hrbrthemes
2021-12-29,484,698658,hrbrthemes
2021-12-30,450,699108,hrbrthemes
2021-12-31,342,699450,hrbrthemes
2022-01-01,256,699706,hrbrthemes
2022-01-02,393,700099,hrbrthemes
2022-01-03,579,700678,hrbrthemes
2022-01-04,715,701393,hrbrthemes
2022-01-05,728,702121,hrbrthemes
2022-01-06,837,702958,hrbrthemes
2022-01-07,600,703558,hrbrthemes
2022-01-08,367,703925,hrbrthemes
2022-01-09,450,704375,hrbrthemes
2022-01-10,671,705046,hrbrthemes
2022-01-11,817,705863,hrbrthemes
2022-01-12,873,706736,hrbrthemes
2022-01-13,764,707500,hrbrthemes
2022-01-14,755,708255,hrbrthemes
2022-01-15,460,708715,hrbrthemes
2022-01-16,443,709158,hrbrthemes
2022-01-17,814,709972,hrbrthemes
2022-01-18,820,710792,hrbrthemes
2022-01-19,875,711667,hrbrthemes
2022-01-20,790,712457,hrbrthemes
2022-01-21,708,713165,hrbrthemes
2022-01-22,445,713610,hrbrthemes
2022-01-23,493,714103,hrbrthemes
2022-01-24,909,715012,hrbrthemes
2022-01-25,893,715905,hrbrthemes
2022-01-26,935,716840,hrbrthemes
2022-01-27,823,717663,hrbrthemes
2022-01-28,737,718400,hrbrthemes
2022-01-29,470,718870,hrbrthemes
2022-01-30,443,719313,hrbrthemes
2022-01-31,711,720024,hrbrthemes
2022-02-01,764,720788,hrbrthemes
2022-02-02,879,721667,hrbrthemes
2022-02-03,797,722464,hrbrthemes
2022-02-04,797,723261,hrbrthemes
2022-02-05,425,723686,hrbrthemes
2022-02-06,476,724162,hrbrthemes
2022-02-07,934,725096,hrbrthemes
2022-02-08,920,726016,hrbrthemes
2022-02-09,917,726933,hrbrthemes
2022-02-10,812,727745,hrbrthemes
2022-02-11,764,728509,hrbrthemes
2022-02-12,431,728940,hrbrthemes
2022-02-13,446,729386,hrbrthemes
2022-02-14,795,730181,hrbrthemes
2022-02-15,1224,731405,hrbrthemes
2022-02-16,845,732250,hrbrthemes
2022-02-17,900,733150,hrbrthemes
2022-02-18,751,733901,hrbrthemes
2022-02-19,468,734369,hrbrthemes
2022-02-20,384,734753,hrbrthemes
2022-02-21,864,735617,hrbrthemes
2022-02-22,950,736567,hrbrthemes
2022-02-23,928,737495,hrbrthemes
2022-02-24,919,738414,hrbrthemes
2022-02-25,700,739114,hrbrthemes
2022-02-26,463,739577,hrbrthemes
2022-02-27,513,740090,hrbrthemes
2022-02-28,749,740839,hrbrthemes
2022-03-01,1047,741886,hrbrthemes
2022-03-02,918,742804,hrbrthemes
2022-03-03,999,743803,hrbrthemes
2022-03-04,757,744560,hrbrthemes
2022-03-05,451,745011,hrbrthemes
2022-03-06,490,745501,hrbrthemes
2022-03-07,1008,746509,hrbrthemes
2022-03-08,1102,747611,hrbrthemes
2022-03-09,896,748507,hrbrthemes
2022-03-10,1003,749510,hrbrthemes
2022-03-11,865,750375,hrbrthemes
2022-03-12,521,750896,hrbrthemes
2022-03-13,710,751606,hrbrthemes
2022-03-14,1004,752610,hrbrthemes
2022-03-15,1144,753754,hrbrthemes
2022-03-16,1290,755044,hrbrthemes
2022-03-17,1008,756052,hrbrthemes
2022-03-18,870,756922,hrbrthemes
2022-03-19,536,757458,hrbrthemes
2022-03-20,568,758026,hrbrthemes
2022-03-21,942,758968,hrbrthemes
2022-03-22,1156,760124,hrbrthemes
2022-03-23,1080,761204,hrbrthemes
2022-03-24,932,762136,hrbrthemes
2022-03-25,873,763009,hrbrthemes
2022-03-26,462,763471,hrbrthemes
2022-03-27,1412,764883,hrbrthemes
2022-03-28,1214,766097,hrbrthemes
2022-03-29,976,767073,hrbrthemes
2022-03-30,1009,768082,hrbrthemes
2022-03-31,855,768937,hrbrthemes
2022-04-01,849,769786,hrbrthemes
2022-04-02,480,770266,hrbrthemes
2022-04-03,551,770817,hrbrthemes
2022-04-04,971,771788,hrbrthemes
2022-04-05,1090,772878,hrbrthemes
2022-04-06,976,773854,hrbrthemes
2022-04-07,878,774732,hrbrthemes
2022-04-08,857,775589,hrbrthemes
2022-04-09,504,776093,hrbrthemes
2022-04-10,481,776574,hrbrthemes
2022-04-11,888,777462,hrbrthemes
2022-04-12,968,778430,hrbrthemes
2022-04-13,1289,779719,hrbrthemes
2022-04-14,1211,780930,hrbrthemes
2022-04-15,687,781617,hrbrthemes
2022-04-16,514,782131,hrbrthemes
2022-04-17,450,782581,hrbrthemes
2022-04-18,878,783459,hrbrthemes
2022-04-19,1136,784595,hrbrthemes
2022-04-20,1133,785728,hrbrthemes
2022-04-21,1292,787020,hrbrthemes
2022-04-22,1008,788028,hrbrthemes
2022-04-23,630,788658,hrbrthemes
2022-04-24,673,789331,hrbrthemes
2022-04-25,990,790321,hrbrthemes
2022-04-26,1121,791442,hrbrthemes
2022-04-27,1358,792800,hrbrthemes
2022-04-28,2035,794835,hrbrthemes
2022-04-29,3389,798224,hrbrthemes
2022-04-30,521,798745,hrbrthemes
2022-05-01,603,799348,hrbrthemes
2022-05-02,2088,801436,hrbrthemes
2022-05-03,1863,803299,hrbrthemes
2022-05-04,1280,804579,hrbrthemes
2022-05-05,1720,806299,hrbrthemes
2022-05-06,1176,807475,hrbrthemes
2022-05-07,522,807997,hrbrthemes
2022-05-08,718,808715,hrbrthemes
2022-05-09,1417,810132,hrbrthemes
2022-05-10,1379,811511,hrbrthemes
2022-05-11,1168,812679,hrbrthemes
2022-05-12,1184,813863,hrbrthemes
2022-05-13,861,814724,hrbrthemes
2022-05-14,437,815161,hrbrthemes
2022-05-15,463,815624,hrbrthemes
2022-05-16,1086,816710,hrbrthemes
2022-05-17,1118,817828,hrbrthemes
2022-05-18,1486,819314,hrbrthemes
2022-05-19,982,820296,hrbrthemes
2022-05-20,889,821185,hrbrthemes
2022-05-21,456,821641,hrbrthemes
2022-05-22,500,822141,hrbrthemes
2022-05-23,1549,823690,hrbrthemes
2022-05-24,1168,824858,hrbrthemes
2022-05-25,1210,826068,hrbrthemes
2022-05-26,1095,827163,hrbrthemes
2022-05-27,1222,828385,hrbrthemes
2022-05-28,530,828915,hrbrthemes
2022-05-29,633,829548,hrbrthemes
2022-05-30,1039,830587,hrbrthemes
2022-05-31,1742,832329,hrbrthemes
2022-06-01,1530,833859,hrbrthemes
2022-06-02,1279,835138,hrbrthemes
2022-06-03,1003,836141,hrbrthemes
2022-06-04,474,836615,hrbrthemes
2022-06-05,543,837158,hrbrthemes
2022-06-06,945,838103,hrbrthemes
2022-06-07,1548,839651,hrbrthemes
2022-06-08,1144,840795,hrbrthemes
2022-06-09,1023,841818,hrbrthemes
2022-06-10,960,842778,hrbrthemes
2022-06-11,541,843319,hrbrthemes
2022-06-12,589,843908,hrbrthemes
2022-06-13,964,844872,hrbrthemes
2022-06-14,1093,845965,hrbrthemes
2022-06-15,1137,847102,hrbrthemes
2022-06-16,1036,848138,hrbrthemes
2022-06-17,917,849055,hrbrthemes
2022-06-18,517,849572,hrbrthemes
2022-06-19,478,850050,hrbrthemes
2022-06-20,843,850893,hrbrthemes
2022-06-21,1348,852241,hrbrthemes
2022-06-22,1506,853747,hrbrthemes
2022-06-23,974,854721,hrbrthemes
2022-06-24,838,855559,hrbrthemes
2022-06-25,416,855975,hrbrthemes
2022-06-26,466,856441,hrbrthemes
2022-06-27,1476,857917,hrbrthemes
2022-06-28,1366,859283,hrbrthemes
2022-06-29,1148,860431,hrbrthemes
2022-06-30,914,861345,hrbrthemes
2022-07-01,825,862170,hrbrthemes
2022-07-02,430,862600,hrbrthemes
2022-07-03,471,863071,hrbrthemes
2022-07-04,779,863850,hrbrthemes
2022-07-05,995,864845,hrbrthemes
2022-07-06,1068,865913,hrbrthemes
2022-07-07,870,866783,hrbrthemes
2022-07-08,680,867463,hrbrthemes
2022-07-09,406,867869,hrbrthemes
2022-07-10,483,868352,hrbrthemes
2022-07-11,831,869183,hrbrthemes
2022-07-12,852,870035,hrbrthemes
2022-07-13,1303,871338,hrbrthemes
2022-07-14,914,872252,hrbrthemes
2022-07-15,897,873149,hrbrthemes
2022-07-16,381,873530,hrbrthemes
2022-07-17,365,873895,hrbrthemes
2022-07-18,1042,874937,hrbrthemes
2022-07-19,1136,876073,hrbrthemes
2022-07-20,891,876964,hrbrthemes
2022-07-21,746,877710,hrbrthemes
2022-07-22,752,878462,hrbrthemes
2022-07-23,363,878825,hrbrthemes
2022-07-24,379,879204,hrbrthemes
2022-07-25,905,880109,hrbrthemes
2022-07-26,941,881050,hrbrthemes
2022-07-27,866,881916,hrbrthemes
2022-07-28,852,882768,hrbrthemes
2022-07-29,658,883426,hrbrthemes
2022-07-30,341,883767,hrbrthemes
2022-07-31,364,884131,hrbrthemes
2022-08-01,870,885001,hrbrthemes
2022-08-02,952,885953,hrbrthemes
2022-08-03,926,886879,hrbrthemes
2022-08-04,928,887807,hrbrthemes
2022-08-05,620,888427,hrbrthemes
2022-08-06,341,888768,hrbrthemes
2022-08-07,355,889123,hrbrthemes
2022-08-08,801,889924,hrbrthemes
2022-08-09,1300,891224,hrbrthemes
2022-08-10,797,892021,hrbrthemes
2022-08-11,695,892716,hrbrthemes
2022-08-12,788,893504,hrbrthemes
2022-08-13,396,893900,hrbrthemes
2022-08-14,406,894306,hrbrthemes
2022-08-15,714,895020,hrbrthemes
2022-08-16,1070,896090,hrbrthemes
2022-08-17,885,896975,hrbrthemes
2022-08-18,828,897803,hrbrthemes
2022-08-19,866,898669,hrbrthemes
2022-08-20,512,899181,hrbrthemes
2022-08-21,462,899643,hrbrthemes
2022-08-22,914,900557,hrbrthemes
2022-08-23,782,901339,hrbrthemes
2022-08-24,1188,902527,hrbrthemes
2022-08-25,869,903396,hrbrthemes
2022-08-26,1301,904697,hrbrthemes
2022-08-27,754,905451,hrbrthemes
2022-08-28,771,906222,hrbrthemes
2022-08-29,1960,908182,hrbrthemes
2022-08-30,1588,909770,hrbrthemes
2022-08-31,1851,911621,hrbrthemes
2022-09-01,1711,913332,hrbrthemes
2022-09-02,2095,915427,hrbrthemes
2022-09-03,690,916117,hrbrthemes
2022-09-04,846,916963,hrbrthemes
2022-09-05,4131,921094,hrbrthemes
2022-09-06,10525,931619,hrbrthemes
2022-09-07,7627,939246,hrbrthemes
2022-09-08,7613,946859,hrbrthemes
2022-09-09,6462,953321,hrbrthemes
2022-09-10,6958,960279,hrbrthemes
2022-09-11,6283,966562,hrbrthemes
2022-09-12,8968,975530,hrbrthemes
2022-09-13,8001,983531,hrbrthemes
2022-09-14,7854,991385,hrbrthemes
2022-09-15,5472,996857,hrbrthemes
2022-09-16,7793,1004650,hrbrthemes
2022-09-17,6941,1011591,hrbrthemes
2022-09-18,6951,1018542,hrbrthemes
2022-09-19,10418,1028960,hrbrthemes
2022-09-20,10996,1039956,hrbrthemes
2022-09-21,10617,1050573,hrbrthemes
2022-09-22,10381,1060954,hrbrthemes
2022-09-23,10311,1071265,hrbrthemes
2022-09-24,10148,1081413,hrbrthemes
2022-09-25,9984,1091397,hrbrthemes
2022-09-26,10300,1101697,hrbrthemes
2022-09-27,10185,1111882,hrbrthemes
2022-09-28,11630,1123512,hrbrthemes
2022-09-29,10969,1134481,hrbrthemes
2022-09-30,10812,1145293,hrbrthemes
2022-10-01,10370,1155663,hrbrthemes
2022-10-02,10309,1165972,hrbrthemes
2022-10-03,10820,1176792,hrbrthemes
2022-10-04,10859,1187651,hrbrthemes
2022-10-05,10549,1198200,hrbrthemes
2022-10-06,9612,1207812,hrbrthemes
2022-10-07,9515,1217327,hrbrthemes
2022-10-08,8571,1225898,hrbrthemes
2022-10-09,9492,1235390,hrbrthemes
2022-10-10,10274,1245664,hrbrthemes
2022-10-11,10048,1255712,hrbrthemes
2022-10-12,10125,1265837,hrbrthemes
2022-10-13,10517,1276354,hrbrthemes
2022-10-14,10381,1286735,hrbrthemes
2022-10-15,9459,1296194,hrbrthemes
2022-10-16,9940,1306134,hrbrthemes
2022-10-17,10675,1316809,hrbrthemes
2022-10-18,10403,1327212,hrbrthemes
2022-10-19,8731,1335943,hrbrthemes
2022-10-20,10666,1346609,hrbrthemes
2022-10-21,10452,1357061,hrbrthemes
2022-10-22,10003,1367064,hrbrthemes
2022-10-23,10024,1377088,hrbrthemes
2022-10-24,10029,1387117,hrbrthemes
2022-10-25,10225,1397342,hrbrthemes
2022-10-26,9293,1406635,hrbrthemes
2022-10-27,10044,1416679,hrbrthemes
2022-10-28,9903,1426582,hrbrthemes
2022-10-29,8257,1434839,hrbrthemes
2022-10-30,8939,1443778,hrbrthemes
2022-10-31,10344,1454122,hrbrthemes
2022-11-01,10428,1464550,hrbrthemes
2022-11-02,9863,1474413,hrbrthemes
2022-11-03,9909,1484322,hrbrthemes
2022-11-04,8493,1492815,hrbrthemes
2022-11-05,6144,1498959,hrbrthemes
2022-11-06,6426,1505385,hrbrthemes
2022-11-07,7366,1512751,hrbrthemes
2022-11-08,7081,1519832,hrbrthemes
2022-11-09,7392,1527224,hrbrthemes
2022-11-10,7410,1534634,hrbrthemes
2022-11-11,6370,1541004,hrbrthemes
2022-11-12,6409,1547413,hrbrthemes
2022-11-13,6599,1554012,hrbrthemes
2022-11-14,7215,1561227,hrbrthemes
2022-11-15,6240,1567467,hrbrthemes
2022-11-16,6584,1574051,hrbrthemes
2022-11-17,6049,1580100,hrbrthemes
2022-11-18,6272,1586372,hrbrthemes
2022-11-19,5255,1591627,hrbrthemes
2022-11-20,10446,1602073,hrbrthemes
2022-11-21,6028,1608101,hrbrthemes
2022-11-22,5606,1613707,hrbrthemes
2022-11-23,4525,1618232,hrbrthemes
2022-11-24,5128,1623360,hrbrthemes
2022-11-25,6382,1629742,hrbrthemes
2022-11-26,6117,1635859,hrbrthemes
2022-11-27,6337,1642196,hrbrthemes
2022-11-28,6451,1648647,hrbrthemes
2022-11-29,4929,1653576,hrbrthemes
2022-11-30,6671,1660247,hrbrthemes
2022-12-01,6782,1667029,hrbrthemes
2022-12-02,6633,1673662,hrbrthemes
2022-12-03,6577,1680239,hrbrthemes
2022-12-04,6803,1687042,hrbrthemes
2022-12-05,6566,1693608,hrbrthemes
2022-12-06,6691,1700299,hrbrthemes
2022-12-07,7039,1707338,hrbrthemes
2022-12-08,6959,1714297,hrbrthemes
2022-12-09,6544,1720841,hrbrthemes
2022-12-10,6164,1727005,hrbrthemes
2022-12-11,6320,1733325,hrbrthemes
2022-12-12,6522,1739847,hrbrthemes
2022-12-13,6477,1746324,hrbrthemes
2022-12-14,6607,1752931,hrbrthemes
2022-12-15,6546,1759477,hrbrthemes
2022-12-16,6520,1765997,hrbrthemes
2022-12-17,6042,1772039,hrbrthemes
2022-12-18,5939,1777978,hrbrthemes
2022-12-19,6383,1784361,hrbrthemes
2022-12-20,6451,1790812,hrbrthemes
2022-12-21,6302,1797114,hrbrthemes
2022-12-22,6358,1803472,hrbrthemes
2022-12-23,6170,1809642,hrbrthemes
2022-12-24,5892,1815534,hrbrthemes
2022-12-25,5816,1821350,hrbrthemes
2022-12-26,5663,1827013,hrbrthemes
2022-12-27,6096,1833109,hrbrthemes
2022-12-28,6146,1839255,hrbrthemes
2022-12-29,6104,1845359,hrbrthemes
2022-12-30,6227,1851586,hrbrthemes
2022-12-31,6085,1857671,hrbrthemes
2023-01-01,6086,1863757,hrbrthemes
2023-01-02,6255,1870012,hrbrthemes
2023-01-03,6556,1876568,hrbrthemes
2023-01-04,6577,1883145,hrbrthemes
2023-01-05,5968,1889113,hrbrthemes
2023-01-06,5951,1895064,hrbrthemes
2023-01-07,5028,1900092,hrbrthemes
2023-01-08,6132,1906224,hrbrthemes
2023-01-09,6285,1912509,hrbrthemes
2023-01-10,6491,1919000,hrbrthemes
2023-01-11,6487,1925487,hrbrthemes
2023-01-12,6474,1931961,hrbrthemes
2023-01-13,6315,1938276,hrbrthemes
2023-01-14,6099,1944375,hrbrthemes
2023-01-15,6036,1950411,hrbrthemes
2023-01-16,6478,1956889,hrbrthemes
2023-01-17,5757,1962646,hrbrthemes
2023-01-18,6442,1969088,hrbrthemes
2023-01-19,5438,1974526,hrbrthemes
2023-01-20,6504,1981030,hrbrthemes
2023-01-21,6068,1987098,hrbrthemes
2023-01-22,6006,1993104,hrbrthemes
2023-01-23,6541,1999645,hrbrthemes
2023-01-24,6427,2006072,hrbrthemes
2023-01-25,6915,2012987,hrbrthemes
2023-01-26,6600,2019587,hrbrthemes
2023-01-27,6277,2025864,hrbrthemes
2023-01-28,6143,2032007,hrbrthemes
2023-01-29,6039,2038046,hrbrthemes
2023-01-30,7774,2045820,hrbrthemes
2023-01-31,8660,2054480,hrbrthemes
2023-02-01,7140,2061620,hrbrthemes
2023-02-02,7657,2069277,hrbrthemes
2023-02-03,7644,2076921,hrbrthemes
2023-02-04,6071,2082992,hrbrthemes
2023-02-05,6023,2089015,hrbrthemes
2023-02-06,5386,2094401,hrbrthemes
2023-02-07,5802,2100203,hrbrthemes
2023-02-08,5424,2105627,hrbrthemes
2023-02-09,5578,2111205,hrbrthemes
2023-02-10,5554,2116759,hrbrthemes
2023-02-11,5390,2122149,hrbrthemes
2023-02-12,5488,2127637,hrbrthemes
2023-02-13,5998,2133635,hrbrthemes
2023-02-14,5967,2139602,hrbrthemes
2023-02-15,4700,2144302,hrbrthemes
2023-02-16,4274,2148576,hrbrthemes
2023-02-17,4010,2152586,hrbrthemes
2023-02-18,929,2153515,hrbrthemes
2023-02-19,612,2154127,hrbrthemes
2023-02-20,924,2155051,hrbrthemes
2023-02-21,1213,2156264,hrbrthemes
2023-02-22,1029,2157293,hrbrthemes
2023-02-23,1274,2158567,hrbrthemes
2023-02-24,968,2159535,hrbrthemes
2023-02-25,794,2160329,hrbrthemes
2023-02-26,657,2160986,hrbrthemes
2023-02-27,1160,2162146,hrbrthemes
2023-02-28,1175,2163321,hrbrthemes
2023-03-01,1280,2164601,hrbrthemes
2023-03-02,1239,2165840,hrbrthemes
2023-03-03,1028,2166868,hrbrthemes
2023-03-04,610,2167478,hrbrthemes
2023-03-05,528,2168006,hrbrthemes
2023-03-06,1034,2169040,hrbrthemes
2023-03-07,1053,2170093,hrbrthemes
2023-03-08,1012,2171105,hrbrthemes
2023-03-09,958,2172063,hrbrthemes
2023-03-10,1069,2173132,hrbrthemes
2023-03-11,524,2173656,hrbrthemes
2023-03-12,591,2174247,hrbrthemes
2023-03-13,995,2175242,hrbrthemes
2023-03-14,935,2176177,hrbrthemes
2023-03-15,1085,2177262,hrbrthemes
2023-03-16,2502,2179764,hrbrthemes
2023-03-17,4255,2184019,hrbrthemes
2023-03-18,3667,2187686,hrbrthemes
2023-03-19,3980,2191666,hrbrthemes
2023-03-20,3772,2195438,hrbrthemes
2023-03-21,3896,2199334,hrbrthemes
2023-03-22,4216,2203550,hrbrthemes
2023-03-23,4146,2207696,hrbrthemes
2023-03-24,4004,2211700,hrbrthemes
2023-03-25,3689,2215389,hrbrthemes
2023-03-26,2946,2218335,hrbrthemes
2023-03-27,3481,2221816,hrbrthemes
2023-03-28,3204,2225020,hrbrthemes
2023-03-29,4127,2229147,hrbrthemes
2023-03-30,3455,2232602,hrbrthemes
2023-03-31,3312,2235914,hrbrthemes
2023-04-01,3148,2239062,hrbrthemes
2023-04-02,3077,2242139,hrbrthemes
2023-04-03,3522,2245661,hrbrthemes
2023-04-04,3314,2248975,hrbrthemes
2023-04-05,3427,2252402,hrbrthemes
2023-04-06,3336,2255738,hrbrthemes
2023-04-07,3233,2258971,hrbrthemes
2023-04-08,3023,2261994,hrbrthemes
2023-04-09,3391,2265385,hrbrthemes
2023-04-10,3674,2269059,hrbrthemes
2023-04-11,3416,2272475,hrbrthemes
2023-04-12,3137,2275612,hrbrthemes
2023-04-13,3383,2278995,hrbrthemes
2023-04-14,3490,2282485,hrbrthemes
2023-04-15,2896,2285381,hrbrthemes
2023-04-16,2993,2288374,hrbrthemes
2023-04-17,3576,2291950,hrbrthemes
2023-04-18,3504,2295454,hrbrthemes
2023-04-19,3226,2298680,hrbrthemes
2023-04-20,3247,2301927,hrbrthemes
2023-04-21,4002,2305929,hrbrthemes
2023-04-22,3787,2309716,hrbrthemes
2023-04-23,3821,2313537,hrbrthemes
2023-04-24,4318,2317855,hrbrthemes
2023-04-25,4385,2322240,hrbrthemes
2023-04-26,4435,2326675,hrbrthemes
2023-04-27,4387,2331062,hrbrthemes
2023-04-28,4150,2335212,hrbrthemes
2023-04-29,3735,2338947,hrbrthemes
2023-04-30,3807,2342754,hrbrthemes
2023-05-01,4064,2346818,hrbrthemes
2023-05-02,4250,2351068,hrbrthemes
2023-05-03,3987,2355055,hrbrthemes
2023-05-04,4096,2359151,hrbrthemes
2023-05-05,3736,2362887,hrbrthemes
2023-05-06,3640,2366527,hrbrthemes
2023-05-07,2941,2369468,hrbrthemes
2023-05-08,4261,2373729,hrbrthemes
2023-05-09,3743,2377472,hrbrthemes
2023-05-10,3936,2381408,hrbrthemes
2023-05-11,4040,2385448,hrbrthemes
2023-05-12,4033,2389481,hrbrthemes
2023-05-13,3768,2393249,hrbrthemes
2023-05-14,3580,2396829,hrbrthemes
2023-05-15,4272,2401101,hrbrthemes
2023-05-16,4139,2405240,hrbrthemes
2023-05-17,4226,2409466,hrbrthemes
2023-05-18,4256,2413722,hrbrthemes
2023-05-19,4200,2417922,hrbrthemes
2023-05-20,3656,2421578,hrbrthemes
2023-05-21,3687,2425265,hrbrthemes
2023-05-22,4058,2429323,hrbrthemes
2023-05-23,4111,2433434,hrbrthemes
2023-05-24,3992,2437426,hrbrthemes
2023-05-25,3889,2441315,hrbrthemes
2023-05-26,3782,2445097,hrbrthemes
2023-05-27,3550,2448647,hrbrthemes
2023-05-28,3549,2452196,hrbrthemes
2023-05-29,3886,2456082,hrbrthemes
2023-05-30,4057,2460139,hrbrthemes
2023-05-31,3975,2464114,hrbrthemes
2023-06-01,4057,2468171,hrbrthemes
2023-06-02,3938,2472109,hrbrthemes
2023-06-03,3664,2475773,hrbrthemes
2023-06-04,3514,2479287,hrbrthemes
2023-06-05,3829,2483116,hrbrthemes
2023-06-06,3943,2487059,hrbrthemes
2023-06-07,4025,2491084,hrbrthemes
2023-06-08,3745,2494829,hrbrthemes
2023-06-09,4003,2498832,hrbrthemes
2023-06-10,2507,2501339,hrbrthemes
2023-06-11,2481,2503820,hrbrthemes
2023-06-12,3817,2507637,hrbrthemes
2023-06-13,3857,2511494,hrbrthemes
2023-06-14,3901,2515395,hrbrthemes
2023-06-15,3649,2519044,hrbrthemes
2023-06-16,1051,2520095,hrbrthemes
2023-06-17,366,2520461,hrbrthemes
2023-06-18,335,2520796,hrbrthemes
2023-06-19,797,2521593,hrbrthemes
2023-06-20,810,2522403,hrbrthemes
2023-06-21,777,2523180,hrbrthemes
2023-06-22,680,2523860,hrbrthemes
2023-06-23,655,2524515,hrbrthemes
2023-06-24,351,2524866,hrbrthemes
2023-06-25,351,2525217,hrbrthemes
2023-06-26,753,2525970,hrbrthemes
2023-06-27,806,2526776,hrbrthemes
2023-06-28,707,2527483,hrbrthemes
2023-06-29,646,2528129,hrbrthemes
2023-06-30,663,2528792,hrbrthemes
2023-07-01,424,2529216,hrbrthemes
2023-07-02,418,2529634,hrbrthemes
2023-07-03,729,2530363,hrbrthemes
2023-07-04,671,2531034,hrbrthemes
2023-07-05,812,2531846,hrbrthemes
2023-07-06,1240,2533086,hrbrthemes
2023-07-07,829,2533915,hrbrthemes
2023-07-08,645,2534560,hrbrthemes
2023-07-09,323,2534883,hrbrthemes
2023-07-10,771,2535654,hrbrthemes
2023-07-11,781,2536435,hrbrthemes
2023-07-12,733,2537168,hrbrthemes
2023-07-13,641,2537809,hrbrthemes
2023-07-14,599,2538408,hrbrthemes
2023-07-15,308,2538716,hrbrthemes
2023-07-16,247,2538963,hrbrthemes
2023-07-17,753,2539716,hrbrthemes
2023-07-18,709,2540425,hrbrthemes
2023-07-19,729,2541154,hrbrthemes
2023-07-20,587,2541741,hrbrthemes
2023-07-21,668,2542409,hrbrthemes
2023-07-22,286,2542695,hrbrthemes
2023-07-23,279,2542974,hrbrthemes
2023-07-24,632,2543606,hrbrthemes
2023-07-25,909,2544515,hrbrthemes
2023-07-26,1720,2546235,hrbrthemes
2023-07-27,2812,2549047,hrbrthemes
2023-07-28,2735,2551782,hrbrthemes
2023-07-29,2600,2554382,hrbrthemes
2023-07-30,2805,2557187,hrbrthemes
2023-07-31,1603,2558790,hrbrthemes
2023-08-01,693,2559483,hrbrthemes
2023-08-02,613,2560096,hrbrthemes
2023-08-03,742,2560838,hrbrthemes
2023-08-04,559,2561397,hrbrthemes
2023-08-05,304,2561701,hrbrthemes
2023-08-06,315,2562016,hrbrthemes
2023-08-07,576,2562592,hrbrthemes
2023-08-08,645,2563237,hrbrthemes
2023-08-09,637,2563874,hrbrthemes
2023-08-10,597,2564471,hrbrthemes
2023-08-11,564,2565035,hrbrthemes
2023-08-12,287,2565322,hrbrthemes
2023-08-13,299,2565621,hrbrthemes
2023-08-14,585,2566206,hrbrthemes
2023-08-15,611,2566817,hrbrthemes
2023-08-16,615,2567432,hrbrthemes
2023-08-17,581,2568013,hrbrthemes
2023-08-18,630,2568643,hrbrthemes
2023-08-19,327,2568970,hrbrthemes
2023-08-20,293,2569263,hrbrthemes
2023-08-21,597,2569860,hrbrthemes
2023-08-22,784,2570644,hrbrthemes
2023-08-23,681,2571325,hrbrthemes
2023-08-24,682,2572007,hrbrthemes
2023-08-25,601,2572608,hrbrthemes
2023-08-26,316,2572924,hrbrthemes
2023-08-27,283,2573207,hrbrthemes
2023-08-28,778,2573985,hrbrthemes
2023-08-29,676,2574661,hrbrthemes
2023-08-30,724,2575385,hrbrthemes
2023-08-31,665,2576050,hrbrthemes
2023-09-01,557,2576607,hrbrthemes
2023-09-02,355,2576962,hrbrthemes
2023-09-03,377,2577339,hrbrthemes
2023-09-04,595,2577934,hrbrthemes
2023-09-05,728,2578662,hrbrthemes
2023-09-06,724,2579386,hrbrthemes
2023-09-07,683,2580069,hrbrthemes
2023-09-08,647,2580716,hrbrthemes
2023-09-09,313,2581029,hrbrthemes
2023-09-10,402,2581431,hrbrthemes
2023-09-11,738,2582169,hrbrthemes
2023-09-12,741,2582910,hrbrthemes
2023-09-13,737,2583647,hrbrthemes
2023-09-14,710,2584357,hrbrthemes
2023-09-15,663,2585020,hrbrthemes
2023-09-16,318,2585338,hrbrthemes
2023-09-17,321,2585659,hrbrthemes
2023-09-18,690,2586349,hrbrthemes
2023-09-19,759,2587108,hrbrthemes
2023-09-20,792,2587900,hrbrthemes
2023-09-21,969,2588869,hrbrthemes
2023-09-22,659,2589528,hrbrthemes
2023-09-23,354,2589882,hrbrthemes
2023-09-24,322,2590204,hrbrthemes
2023-09-25,699,2590903,hrbrthemes
2023-09-26,882,2591785,hrbrthemes
2023-09-27,747,2592532,hrbrthemes
2023-09-28,777,2593309,hrbrthemes
2023-09-29,573,2593882,hrbrthemes
2023-09-30,288,2594170,hrbrthemes
2023-10-01,367,2594537,hrbrthemes
2023-10-02,650,2595187,hrbrthemes
2023-10-03,726,2595913,hrbrthemes
2023-10-04,744,2596657,hrbrthemes
2023-10-05,857,2597514,hrbrthemes
2023-10-06,628,2598142,hrbrthemes
2023-10-07,473,2598615,hrbrthemes
2023-10-08,372,2598987,hrbrthemes
2023-10-09,767,2599754,hrbrthemes
2023-10-10,863,2600617,hrbrthemes
2023-10-11,789,2601406,hrbrthemes
2023-10-12,831,2602237,hrbrthemes
2023-10-13,686,2602923,hrbrthemes
2023-10-14,344,2603267,hrbrthemes
2023-10-15,372,2603639,hrbrthemes
2023-10-16,857,2604496,hrbrthemes
2023-10-17,925,2605421,hrbrthemes
2023-10-18,993,2606414,hrbrthemes
2023-10-19,761,2607175,hrbrthemes
2023-10-20,686,2607861,hrbrthemes
2023-10-21,368,2608229,hrbrthemes
2023-10-22,408,2608637,hrbrthemes
2023-10-23,803,2609440,hrbrthemes
2023-10-24,830,2610270,hrbrthemes
2023-10-25,856,2611126,hrbrthemes
2023-10-26,877,2612003,hrbrthemes
2023-10-27,610,2612613,hrbrthemes
2023-10-28,351,2612964,hrbrthemes
2023-10-29,440,2613404,hrbrthemes
2023-10-30,906,2614310,hrbrthemes
2023-10-31,802,2615112,hrbrthemes
2023-11-01,681,2615793,hrbrthemes
2023-11-02,835,2616628,hrbrthemes
2023-11-03,709,2617337,hrbrthemes
2023-11-04,383,2617720,hrbrthemes
2023-11-05,420,2618140,hrbrthemes
2023-11-06,769,2618909,hrbrthemes
2023-11-07,927,2619836,hrbrthemes
2023-11-08,745,2620581,hrbrthemes
2023-11-09,837,2621418,hrbrthemes
2023-11-10,681,2622099,hrbrthemes
2023-11-11,421,2622520,hrbrthemes
2023-11-12,388,2622908,hrbrthemes
2023-11-13,887,2623795,hrbrthemes
2023-11-14,968,2624763,hrbrthemes
2023-11-15,895,2625658,hrbrthemes
2023-11-16,814,2626472,hrbrthemes
2023-11-17,775,2627247,hrbrthemes
2023-11-18,421,2627668,hrbrthemes
2023-11-19,362,2628030,hrbrthemes
2023-11-20,826,2628856,hrbrthemes
2023-11-21,825,2629681,hrbrthemes
2023-11-22,911,2630592,hrbrthemes
2023-11-23,791,2631383,hrbrthemes
2023-11-24,749,2632132,hrbrthemes
2023-11-25,352,2632484,hrbrthemes
2023-11-26,441,2632925,hrbrthemes
2023-11-27,962,2633887,hrbrthemes
2023-11-28,846,2634733,hrbrthemes
2023-11-29,779,2635512,hrbrthemes
2023-11-30,738,2636250,hrbrthemes
2023-12-01,711,2636961,hrbrthemes
2023-12-02,461,2637422,hrbrthemes
2023-12-03,387,2637809,hrbrthemes
2023-12-04,867,2638676,hrbrthemes
2023-12-05,902,2639578,hrbrthemes
2023-12-06,712,2640290,hrbrthemes
2023-12-07,766,2641056,hrbrthemes
2023-12-08,638,2641694,hrbrthemes
2023-12-09,362,2642056,hrbrthemes
2023-12-10,411,2642467,hrbrthemes
2023-12-11,861,2643328,hrbrthemes
2023-12-12,2128,2645456,hrbrthemes
2023-12-13,1521,2646977,hrbrthemes
2023-12-14,685,2647662,hrbrthemes
2023-12-15,591,2648253,hrbrthemes
2023-12-16,297,2648550,hrbrthemes
2023-12-17,574,2649124,hrbrthemes
2023-12-18,569,2649693,hrbrthemes
2023-12-19,526,2650219,hrbrthemes
2023-12-20,529,2650748,hrbrthemes
2023-12-21,560,2651308,hrbrthemes
2023-12-22,407,2651715,hrbrthemes
2023-12-23,209,2651924,hrbrthemes
2023-12-24,192,2652116,hrbrthemes
2023-12-25,208,2652324,hrbrthemes
2023-12-26,297,2652621,hrbrthemes
2023-12-27,333,2652954,hrbrthemes
2023-12-28,341,2653295,hrbrthemes
2023-12-29,301,2653596,hrbrthemes
2023-12-30,245,2653841,hrbrthemes
2023-12-31,189,2654030,hrbrthemes
2024-01-01,207,2654237,hrbrthemes
2024-01-02,400,2654637,hrbrthemes
2024-01-03,460,2655097,hrbrthemes
2024-01-04,758,2655855,hrbrthemes
2024-01-05,1250,2657105,hrbrthemes
2024-01-06,1696,2658801,hrbrthemes
2024-01-07,2167,2660968,hrbrthemes
2024-01-08,627,2661595,hrbrthemes
2024-01-09,543,2662138,hrbrthemes
2024-01-10,599,2662737,hrbrthemes
2024-01-11,708,2663445,hrbrthemes
2024-01-12,682,2664127,hrbrthemes
2024-01-13,523,2664650,hrbrthemes
2024-01-14,352,2665002,hrbrthemes
2024-01-15,608,2665610,hrbrthemes
2024-01-16,672,2666282,hrbrthemes
2024-01-17,622,2666904,hrbrthemes
2024-01-18,667,2667571,hrbrthemes
2024-01-19,1780,2669351,hrbrthemes
2024-01-20,1085,2670436,hrbrthemes
2024-01-21,1658,2672094,hrbrthemes
2024-01-22,586,2672680,hrbrthemes
2024-01-23,752,2673432,hrbrthemes
2024-01-24,857,2674289,hrbrthemes
2024-01-25,813,2675102,hrbrthemes
2024-01-26,549,2675651,hrbrthemes
2024-01-27,348,2675999,hrbrthemes
2024-01-28,309,2676308,hrbrthemes
2024-01-29,636,2676944,hrbrthemes
2024-01-30,707,2677651,hrbrthemes
2024-01-31,657,2678308,hrbrthemes
2024-02-01,638,2678946,hrbrthemes
2024-02-02,557,2679503,hrbrthemes
2024-02-03,327,2679830,hrbrthemes
2024-02-04,630,2680460,hrbrthemes
2024-02-05,3278,2683738,hrbrthemes
2024-02-06,3407,2687145,hrbrthemes
2024-02-07,3159,2690304,hrbrthemes
2024-02-08,3436,2693740,hrbrthemes
2024-02-09,3229,2696969,hrbrthemes
2024-02-10,2870,2699839,hrbrthemes
2024-02-11,2867,2702706,hrbrthemes
2024-02-12,3261,2705967,hrbrthemes
2024-02-13,3277,2709244,hrbrthemes
2024-02-14,1649,2710893,hrbrthemes
2024-02-15,653,2711546,hrbrthemes
2024-02-16,625,2712171,hrbrthemes
2024-02-17,334,2712505,hrbrthemes
2024-02-18,331,2712836,hrbrthemes
2024-02-19,675,2713511,hrbrthemes
2024-02-20,709,2714220,hrbrthemes
2024-02-21,748,2714968,hrbrthemes
2024-02-22,728,2715696,hrbrthemes
2024-02-23,633,2716329,hrbrthemes
2024-02-24,357,2716686,hrbrthemes
2024-02-25,358,2717044,hrbrthemes
2024-02-26,725,2717769,hrbrthemes
2024-02-27,851,2718620,hrbrthemes
2024-02-28,763,2719383,hrbrthemes
2024-02-29,761,2720144,hrbrthemes
2024-03-01,685,2720829,hrbrthemes
2024-03-02,426,2721255,hrbrthemes
2024-03-03,389,2721644,hrbrthemes
2024-03-04,2462,2724106,hrbrthemes
2024-03-05,2463,2726569,hrbrthemes
2024-03-06,1484,2728053,hrbrthemes
2024-03-07,1385,2729438,hrbrthemes
2024-03-08,1178,2730616,hrbrthemes
2024-03-09,549,2731165,hrbrthemes
2024-03-10,558,2731723,hrbrthemes
2024-03-11,2091,2733814,hrbrthemes
2024-03-12,2341,2736155,hrbrthemes
2024-03-13,1388,2737543,hrbrthemes
2024-03-14,1287,2738830,hrbrthemes
2024-03-15,1001,2739831,hrbrthemes
2024-03-16,470,2740301,hrbrthemes
2024-03-17,478,2740779,hrbrthemes
2024-03-18,1034,2741813,hrbrthemes
2024-03-19,1094,2742907,hrbrthemes
2024-03-20,1068,2743975,hrbrthemes
2024-03-21,1114,2745089,hrbrthemes
2024-03-22,889,2745978,hrbrthemes
2024-03-23,489,2746467,hrbrthemes
2024-03-24,512,2746979,hrbrthemes
2024-03-25,946,2747925,hrbrthemes
2024-03-26,1153,2749078,hrbrthemes
2024-03-27,1128,2750206,hrbrthemes
2024-03-28,890,2751096,hrbrthemes
2024-03-29,625,2751721,hrbrthemes
2024-03-30,2699,2754420,hrbrthemes
2024-03-31,416,2754836,hrbrthemes
2024-04-01,816,2755652,hrbrthemes
2024-04-02,1066,2756718,hrbrthemes
2024-04-03,1241,2757959,hrbrthemes
2024-04-04,1058,2759017,hrbrthemes
2024-04-05,889,2759906,hrbrthemes
2024-04-06,482,2760388,hrbrthemes
2024-04-07,544,2760932,hrbrthemes
2024-04-08,1032,2761964,hrbrthemes
2024-04-09,1254,2763218,hrbrthemes
2024-04-10,1092,2764310,hrbrthemes
2024-04-11,1049,2765359,hrbrthemes
2024-04-12,956,2766315,hrbrthemes
2024-04-13,444,2766759,hrbrthemes
2024-04-14,489,2767248,hrbrthemes
2024-04-15,1016,2768264,hrbrthemes
2024-04-16,1151,2769415,hrbrthemes
2024-04-17,1070,2770485,hrbrthemes
2024-04-18,1039,2771524,hrbrthemes
2024-04-19,949,2772473,hrbrthemes
2024-04-20,547,2773020,hrbrthemes
2024-04-21,502,2773522,hrbrthemes
2024-04-22,958,2774480,hrbrthemes
2024-04-23,1240,2775720,hrbrthemes
2024-04-24,1054,2776774,hrbrthemes
2024-04-25,1017,2777791,hrbrthemes
2024-04-26,784,2778575,hrbrthemes
2024-04-27,429,2779004,hrbrthemes
2024-04-28,505,2779509,hrbrthemes
2024-04-29,1041,2780550,hrbrthemes
2024-04-30,1031,2781581,hrbrthemes
2024-05-01,1274,2782855,hrbrthemes
2024-05-02,995,2783850,hrbrthemes
2024-05-03,907,2784757,hrbrthemes
2024-05-04,492,2785249,hrbrthemes
2024-05-05,479,2785728,hrbrthemes
2024-05-06,1254,2786982,hrbrthemes
2024-05-07,1018,2788000,hrbrthemes
2024-05-08,987,2788987,hrbrthemes
2024-05-09,845,2789832,hrbrthemes
2024-05-10,812,2790644,hrbrthemes
2024-05-11,492,2791136,hrbrthemes
2024-05-12,419,2791555,hrbrthemes
2024-05-13,955,2792510,hrbrthemes
2024-05-14,909,2793419,hrbrthemes
2024-05-15,900,2794319,hrbrthemes
2024-05-16,945,2795264,hrbrthemes
2024-05-17,761,2796025,hrbrthemes
2024-05-18,419,2796444,hrbrthemes
2024-05-19,416,2796860,hrbrthemes
2024-05-20,804,2797664,hrbrthemes
2024-05-21,908,2798572,hrbrthemes
2024-05-22,921,2799493,hrbrthemes
2024-05-23,1006,2800499,hrbrthemes
2024-05-24,720,2801219,hrbrthemes
2024-05-25,428,2801647,hrbrthemes
2024-05-26,350,2801997,hrbrthemes
2024-05-27,865,2802862,hrbrthemes
2024-05-28,1076,2803938,hrbrthemes
2024-05-29,928,2804866,hrbrthemes
2024-05-30,715,2805581,hrbrthemes
2024-05-31,781,2806362,hrbrthemes
2024-06-01,347,2806709,hrbrthemes
2024-06-02,453,2807162,hrbrthemes
2024-06-03,879,2808041,hrbrthemes
2024-06-04,774,2808815,hrbrthemes
2024-06-05,840,2809655,hrbrthemes
2024-06-06,806,2810461,hrbrthemes
2024-06-07,676,2811137,hrbrthemes
2024-06-08,345,2811482,hrbrthemes
2024-06-09,351,2811833,hrbrthemes
2024-06-10,776,2812609,hrbrthemes
2024-06-11,829,2813438,hrbrthemes
2024-06-12,757,2814195,hrbrthemes
2024-06-13,792,2814987,hrbrthemes
2024-06-14,664,2815651,hrbrthemes
2024-06-15,324,2815975,hrbrthemes
2024-06-16,372,2816347,hrbrthemes
2024-06-17,753,2817100,hrbrthemes
2024-06-18,972,2818072,hrbrthemes
2024-06-19,772,2818844,hrbrthemes
2024-06-20,737,2819581,hrbrthemes
2024-06-21,579,2820160,hrbrthemes
2024-06-22,264,2820424,hrbrthemes
2024-06-23,319,2820743,hrbrthemes
2024-06-24,760,2821503,hrbrthemes
2024-06-25,1289,2822792,hrbrthemes
2024-06-26,694,2823486,hrbrthemes
2024-06-27,588,2824074,hrbrthemes
2024-06-28,534,2824608,hrbrthemes
2024-06-29,240,2824848,hrbrthemes
2024-06-30,278,2825126,hrbrthemes
2024-07-01,689,2825815,hrbrthemes
2024-07-02,720,2826535,hrbrthemes
2024-07-03,648,2827183,hrbrthemes
2024-07-04,587,2827770,hrbrthemes
2024-07-05,610,2828380,hrbrthemes
2024-07-06,257,2828637,hrbrthemes
2024-07-07,249,2828886,hrbrthemes
2024-07-08,733,2829619,hrbrthemes
2024-07-09,700,2830319,hrbrthemes
2024-07-10,665,2830984,hrbrthemes
2024-07-11,641,2831625,hrbrthemes
2024-07-12,529,2832154,hrbrthemes
2024-07-13,220,2832374,hrbrthemes
2024-07-14,232,2832606,hrbrthemes
2024-07-15,603,2833209,hrbrthemes
2024-07-16,708,2833917,hrbrthemes
2024-07-17,662,2834579,hrbrthemes
2024-07-18,585,2835164,hrbrthemes
2024-07-19,503,2835667,hrbrthemes
2024-07-20,234,2835901,hrbrthemes
2024-07-21,232,2836133,hrbrthemes
2024-07-22,582,2836715,hrbrthemes
2024-07-23,621,2837336,hrbrthemes
2024-07-24,625,2837961,hrbrthemes
2024-07-25,700,2838661,hrbrthemes
2024-07-26,433,2839094,hrbrthemes
2024-07-27,224,2839318,hrbrthemes
2024-07-28,197,2839515,hrbrthemes
2024-07-29,554,2840069,hrbrthemes
2024-07-30,621,2840690,hrbrthemes
2024-07-31,628,2841318,hrbrthemes
2024-08-01,698,2842016,hrbrthemes
2024-08-02,486,2842502,hrbrthemes
2024-08-03,229,2842731,hrbrthemes
2024-08-04,228,2842959,hrbrthemes
2024-08-05,477,2843436,hrbrthemes
2024-08-06,674,2844110,hrbrthemes
2024-08-07,605,2844715,hrbrthemes
2024-08-08,583,2845298,hrbrthemes
2024-08-09,577,2845875,hrbrthemes
2024-08-10,417,2846292,hrbrthemes
2024-08-11,285,2846577,hrbrthemes
2024-08-12,553,2847130,hrbrthemes
2024-08-13,627,2847757,hrbrthemes
2024-08-14,523,2848280,hrbrthemes
2024-08-15,539,2848819,hrbrthemes
2024-08-16,649,2849468,hrbrthemes
2024-08-17,452,2849920,hrbrthemes
2024-08-18,206,2850126,hrbrthemes
2024-08-19,630,2850756,hrbrthemes
2024-08-20,695,2851451,hrbrthemes
2024-08-21,724,2852175,hrbrthemes
2024-08-22,661,2852836,hrbrthemes
2024-08-23,511,2853347,hrbrthemes
2024-08-24,246,2853593,hrbrthemes
2024-08-25,208,2853801,hrbrthemes
2024-08-26,564,2854365,hrbrthemes
2024-08-27,611,2854976,hrbrthemes
2024-08-28,664,2855640,hrbrthemes
2024-08-29,649,2856289,hrbrthemes
2024-08-30,566,2856855,hrbrthemes
2024-08-31,258,2857113,hrbrthemes
2024-09-01,238,2857351,hrbrthemes
2024-09-02,538,2857889,hrbrthemes
2024-09-03,764,2858653,hrbrthemes
2024-09-04,650,2859303,hrbrthemes
2024-09-05,760,2860063,hrbrthemes
2024-09-06,646,2860709,hrbrthemes
2024-09-07,251,2860960,hrbrthemes
2024-09-08,285,2861245,hrbrthemes
2024-09-09,684,2861929,hrbrthemes
2024-09-10,735,2862664,hrbrthemes
2024-09-11,857,2863521,hrbrthemes
2024-09-12,685,2864206,hrbrthemes
2024-09-13,633,2864839,hrbrthemes
2024-09-14,365,2865204,hrbrthemes
2024-09-15,288,2865492,hrbrthemes
2024-09-16,771,2866263,hrbrthemes
2024-09-17,757,2867020,hrbrthemes
2024-09-18,808,2867828,hrbrthemes
2024-09-19,987,2868815,hrbrthemes
2024-09-20,684,2869499,hrbrthemes
2024-09-21,359,2869858,hrbrthemes
2024-09-22,331,2870189,hrbrthemes
2024-09-23,737,2870926,hrbrthemes
2024-09-24,845,2871771,hrbrthemes
2024-09-25,709,2872480,hrbrthemes
2024-09-26,856,2873336,hrbrthemes
2024-09-27,697,2874033,hrbrthemes
2024-09-28,345,2874378,hrbrthemes
2024-09-29,330,2874708,hrbrthemes
2024-09-30,719,2875427,hrbrthemes
2024-10-01,805,2876232,hrbrthemes
2024-10-02,790,2877022,hrbrthemes
2024-10-03,1022,2878044,hrbrthemes
2024-10-04,573,2878617,hrbrthemes
2024-10-05,321,2878938,hrbrthemes
2024-10-06,388,2879326,hrbrthemes
2024-10-07,827,2880153,hrbrthemes
2024-10-08,837,2880990,hrbrthemes
2024-10-09,866,2881856,hrbrthemes
2024-10-10,909,2882765,hrbrthemes
2024-10-11,623,2883388,hrbrthemes
2024-10-12,414,2883802,hrbrthemes
2024-10-13,369,2884171,hrbrthemes
2024-10-14,775,2884946,hrbrthemes
2024-10-15,1006,2885952,hrbrthemes
2024-10-16,942,2886894,hrbrthemes
2024-10-17,820,2887714,hrbrthemes
2024-10-18,702,2888416,hrbrthemes
2024-10-19,403,2888819,hrbrthemes
2024-10-20,423,2889242,hrbrthemes
2024-10-21,943,2890185,hrbrthemes
2024-10-22,963,2891148,hrbrthemes
2024-10-23,863,2892011,hrbrthemes
2024-10-24,788,2892799,hrbrthemes
2024-10-25,925,2893724,hrbrthemes
2024-10-26,322,2894046,hrbrthemes
2024-10-27,309,2894355,hrbrthemes
2024-10-28,823,2895178,hrbrthemes
2024-10-29,806,2895984,hrbrthemes
2024-10-30,936,2896920,hrbrthemes
2024-10-31,736,2897656,hrbrthemes
2024-11-01,554,2898210,hrbrthemes
2024-11-02,283,2898493,hrbrthemes
2024-11-03,329,2898822,hrbrthemes
2024-11-04,773,2899595,hrbrthemes
2024-11-05,725,2900320,hrbrthemes
2024-11-06,1389,2901709,hrbrthemes
2024-11-07,842,2902551,hrbrthemes
2024-11-08,715,2903266,hrbrthemes
2024-11-09,421,2903687,hrbrthemes
2024-11-10,373,2904060,hrbrthemes
2024-11-11,848,2904908,hrbrthemes
2024-11-12,813,2905721,hrbrthemes
2024-11-13,656,2906377,hrbrthemes
2024-11-14,673,2907050,hrbrthemes
2024-11-15,563,2907613,hrbrthemes
2024-11-16,298,2907911,hrbrthemes
2024-11-17,394,2908305,hrbrthemes
2024-11-18,873,2909178,hrbrthemes
2024-11-19,804,2909982,hrbrthemes
2024-11-20,877,2910859,hrbrthemes
2024-11-21,761,2911620,hrbrthemes
2024-11-22,738,2912358,hrbrthemes
2024-11-23,378,2912736,hrbrthemes
2024-11-24,378,2913114,hrbrthemes
2024-11-25,782,2913896,hrbrthemes
2024-11-26,789,2914685,hrbrthemes
2024-11-27,629,2915314,hrbrthemes
2024-11-28,630,2915944,hrbrthemes
2024-11-29,464,2916408,hrbrthemes
2024-11-30,256,2916664,hrbrthemes
2024-12-01,278,2916942,hrbrthemes
2024-12-02,703,2917645,hrbrthemes
2024-12-03,636,2918281,hrbrthemes
2024-12-04,619,2918900,hrbrthemes
2024-12-05,589,2919489,hrbrthemes
2024-12-06,816,2920305,hrbrthemes
2024-12-07,452,2920757,hrbrthemes
2024-12-08,315,2921072,hrbrthemes
2024-12-09,726,2921798,hrbrthemes
2024-12-10,783,2922581,hrbrthemes
2024-12-11,827,2923408,hrbrthemes
2024-12-12,1759,2925167,hrbrthemes
2024-12-13,541,2925708,hrbrthemes
2024-12-14,287,2925995,hrbrthemes
2024-12-15,313,2926308,hrbrthemes
2024-12-16,569,2926877,hrbrthemes
2024-12-17,525,2927402,hrbrthemes
2024-12-18,495,2927897,hrbrthemes
2024-12-19,513,2928410,hrbrthemes
2024-12-20,567,2928977,hrbrthemes
2024-12-21,207,2929184,hrbrthemes
2024-12-22,252,2929436,hrbrthemes
2024-12-23,258,2929694,hrbrthemes
2024-12-24,195,2929889,hrbrthemes
2024-12-25,169,2930058,hrbrthemes
2024-12-26,272,2930330,hrbrthemes
2024-12-27,301,2930631,hrbrthemes
2024-12-28,165,2930796,hrbrthemes
2024-12-29,152,2930948,hrbrthemes
2024-12-30,330,2931278,hrbrthemes
2024-12-31,230,2931508,hrbrthemes
2025-01-01,172,2931680,hrbrthemes
2025-01-02,361,2932041,hrbrthemes
2025-01-03,513,2932554,hrbrthemes
2025-01-04,260,2932814,hrbrthemes
2025-01-05,208,2933022,hrbrthemes
2025-01-06,460,2933482,hrbrthemes
2025-01-07,487,2933969,hrbrthemes
2025-01-08,569,2934538,hrbrthemes
2025-01-09,589,2935127,hrbrthemes
2025-01-10,559,2935686,hrbrthemes
2025-01-11,240,2935926,hrbrthemes
2025-01-12,243,2936169,hrbrthemes
2025-01-13,616,2936785,hrbrthemes
2025-01-14,698,2937483,hrbrthemes
2025-01-15,617,2938100,hrbrthemes
2025-01-16,564,2938664,hrbrthemes
2025-01-17,495,2939159,hrbrthemes
2025-01-18,277,2939436,hrbrthemes
2025-01-19,331,2939767,hrbrthemes
2025-01-20,591,2940358,hrbrthemes
2025-01-21,634,2940992,hrbrthemes
2025-01-22,747,2941739,hrbrthemes
2025-01-23,746,2942485,hrbrthemes
2025-01-24,546,2943031,hrbrthemes
2025-01-25,249,2943280,hrbrthemes
2025-01-26,285,2943565,hrbrthemes
2025-01-27,570,2944135,hrbrthemes
2025-01-28,631,2944766,hrbrthemes
2025-01-29,737,2945503,hrbrthemes
2025-01-30,632,2946135,hrbrthemes
2025-01-31,485,2946620,hrbrthemes
2025-02-01,268,2946888,hrbrthemes
2025-02-02,270,2947158,hrbrthemes
2025-02-03,645,2947803,hrbrthemes
2025-02-04,684,2948487,hrbrthemes
2025-02-05,756,2949243,hrbrthemes
2025-02-06,736,2949979,hrbrthemes
2025-02-07,596,2950575,hrbrthemes
2025-02-08,380,2950955,hrbrthemes
2025-02-09,343,2951298,hrbrthemes
2025-02-10,689,2951987,hrbrthemes
2025-02-11,738,2952725,hrbrthemes
2025-02-12,692,2953417,hrbrthemes
2025-02-13,725,2954142,hrbrthemes
2025-02-14,537,2954679,hrbrthemes
2025-02-15,325,2955004,hrbrthemes
2025-02-16,366,2955370,hrbrthemes
2025-02-17,607,2955977,hrbrthemes
2025-02-18,730,2956707,hrbrthemes
2025-02-19,734,2957441,hrbrthemes
2025-02-20,842,2958283,hrbrthemes
2025-02-21,625,2958908,hrbrthemes
2025-02-22,403,2959311,hrbrthemes
2025-02-23,393,2959704,hrbrthemes
2025-02-24,719,2960423,hrbrthemes
2025-02-25,859,2961282,hrbrthemes
2025-02-26,1107,2962389,hrbrthemes
2025-02-27,1408,2963797,hrbrthemes
2025-02-28,516,2964313,hrbrthemes
2025-03-01,363,2964676,hrbrthemes
2025-03-02,397,2965073,hrbrthemes
2025-03-03,661,2965734,hrbrthemes
2025-03-04,736,2966470,hrbrthemes
2025-03-05,677,2967147,hrbrthemes
2025-03-06,928,2968075,hrbrthemes
2025-03-07,781,2968856,hrbrthemes
2025-03-08,681,2969537,hrbrthemes
2025-03-09,319,2969856,hrbrthemes
2025-03-10,747,2970603,hrbrthemes
2025-03-11,834,2971437,hrbrthemes
2025-03-12,1200,2972637,hrbrthemes
2025-03-13,654,2973291,hrbrthemes
2025-03-14,580,2973871,hrbrthemes
2025-03-15,664,2974535,hrbrthemes
2025-03-16,330,2974865,hrbrthemes
2025-03-17,624,2975489,hrbrthemes
2025-03-18,798,2976287,hrbrthemes
2025-03-19,703,2976990,hrbrthemes
2025-03-20,810,2977800,hrbrthemes
2025-03-21,569,2978369,hrbrthemes
2025-03-22,322,2978691,hrbrthemes
2025-03-23,312,2979003,hrbrthemes
2025-03-24,665,2979668,hrbrthemes
2025-03-25,1021,2980689,hrbrthemes
2025-03-26,1037,2981726,hrbrthemes
2025-03-27,822,2982548,hrbrthemes
2025-03-28,793,2983341,hrbrthemes
2025-03-29,713,2984054,hrbrthemes
2025-03-30,729,2984783,hrbrthemes
2017-02-26,263,263,hrbrthemes
2017-02-27,165,428,hrbrthemes
2017-02-28,32,460,hrbrthemes
2017-03-01,31,491,hrbrthemes
2017-03-02,33,524,hrbrthemes
2017-03-03,28,552,hrbrthemes
2017-03-04,15,567,hrbrthemes
2017-03-05,10,577,hrbrthemes
2017-03-06,32,609,hrbrthemes
2017-03-07,14,623,hrbrthemes
2017-03-08,13,636,hrbrthemes
2017-03-09,16,652,hrbrthemes
2017-03-10,36,688,hrbrthemes
2017-03-11,21,709,hrbrthemes
2017-03-12,13,722,hrbrthemes
2017-03-13,23,745,hrbrthemes
2017-03-14,21,766,hrbrthemes
2017-03-15,26,792,hrbrthemes
2017-03-16,23,815,hrbrthemes
2017-03-17,29,844,hrbrthemes
2017-03-18,9,853,hrbrthemes
2017-03-19,8,861,hrbrthemes
2017-03-20,38,899,hrbrthemes
2017-03-21,62,961,hrbrthemes
2017-03-22,28,989,hrbrthemes
2017-03-23,32,1021,hrbrthemes
2017-03-24,16,1037,hrbrthemes
2017-03-25,4,1041,hrbrthemes
2017-03-26,14,1055,hrbrthemes
2017-03-27,32,1087,hrbrthemes
2017-03-28,29,1116,hrbrthemes
2017-03-29,25,1141,hrbrthemes
2017-03-30,29,1170,hrbrthemes
2017-03-31,9,1179,hrbrthemes
2017-04-01,6,1185,hrbrthemes
2017-04-02,24,1209,hrbrthemes
2017-04-03,38,1247,hrbrthemes
2017-04-04,76,1323,hrbrthemes
2017-04-05,42,1365,hrbrthemes
2017-04-06,37,1402,hrbrthemes
2017-04-07,29,1431,hrbrthemes
2017-04-08,18,1449,hrbrthemes
2017-04-09,10,1459,hrbrthemes
2017-04-10,20,1479,hrbrthemes
2017-04-11,33,1512,hrbrthemes
2017-04-12,31,1543,hrbrthemes
2017-04-13,41,1584,hrbrthemes
2017-04-14,34,1618,hrbrthemes
2017-04-15,14,1632,hrbrthemes
2017-04-16,4,1636,hrbrthemes
2017-04-17,14,1650,hrbrthemes
2017-04-18,20,1670,hrbrthemes
2017-04-19,35,1705,hrbrthemes
2017-04-20,20,1725,hrbrthemes
2017-04-21,40,1765,hrbrthemes
2017-04-22,37,1802,hrbrthemes
2017-04-23,24,1826,hrbrthemes
2017-04-24,115,1941,hrbrthemes
2017-04-25,89,2030,hrbrthemes
2017-04-26,63,2093,hrbrthemes
2017-04-27,35,2128,hrbrthemes
2017-04-28,38,2166,hrbrthemes
2017-04-29,14,2180,hrbrthemes
2017-04-30,9,2189,hrbrthemes
2017-05-01,29,2218,hrbrthemes
2017-05-02,30,2248,hrbrthemes
2017-05-03,33,2281,hrbrthemes
2017-05-04,21,2302,hrbrthemes
2017-05-05,18,2320,hrbrthemes
2017-05-06,15,2335,hrbrthemes
2017-05-07,18,2353,hrbrthemes
2017-05-08,27,2380,hrbrthemes
2017-05-09,22,2402,hrbrthemes
2017-05-10,37,2439,hrbrthemes
2017-05-11,33,2472,hrbrthemes
2017-05-12,28,2500,hrbrthemes
2017-05-13,12,2512,hrbrthemes
2017-05-14,16,2528,hrbrthemes
2017-05-15,77,2605,hrbrthemes
2017-05-16,89,2694,hrbrthemes
2017-05-17,35,2729,hrbrthemes
2017-05-18,18,2747,hrbrthemes
2017-05-19,42,2789,hrbrthemes
2017-05-20,14,2803,hrbrthemes
2017-05-21,8,2811,hrbrthemes
2017-05-22,25,2836,hrbrthemes
2017-05-23,25,2861,hrbrthemes
2017-05-24,14,2875,hrbrthemes
2017-05-25,23,2898,hrbrthemes
2017-05-26,16,2914,hrbrthemes
2017-05-27,5,2919,hrbrthemes
2017-05-28,9,2928,hrbrthemes
2017-05-29,25,2953,hrbrthemes
2017-05-30,19,2972,hrbrthemes
2017-05-31,27,2999,hrbrthemes
2017-06-01,22,3021,hrbrthemes
2017-06-02,16,3037,hrbrthemes
2017-06-03,10,3047,hrbrthemes
2017-06-04,7,3054,hrbrthemes
2017-06-05,37,3091,hrbrthemes
2017-06-06,36,3127,hrbrthemes
2017-06-07,19,3146,hrbrthemes
2017-06-08,23,3169,hrbrthemes
2017-06-09,14,3183,hrbrthemes
2017-06-10,10,3193,hrbrthemes
2017-06-11,11,3204,hrbrthemes
2017-06-12,29,3233,hrbrthemes
2017-06-13,27,3260,hrbrthemes
2017-06-14,35,3295,hrbrthemes
2017-06-15,19,3314,hrbrthemes
2017-06-16,20,3334,hrbrthemes
2017-06-17,2,3336,hrbrthemes
2017-06-18,20,3356,hrbrthemes
2017-06-19,57,3413,hrbrthemes
2017-06-20,32,3445,hrbrthemes
2017-06-21,9,3454,hrbrthemes
2017-06-22,13,3467,hrbrthemes
2017-06-23,39,3506,hrbrthemes
2017-06-24,14,3520,hrbrthemes
2017-06-25,18,3538,hrbrthemes
2017-06-26,50,3588,hrbrthemes
2017-06-27,36,3624,hrbrthemes
2017-06-28,34,3658,hrbrthemes
2017-06-29,33,3691,hrbrthemes
2017-06-30,31,3722,hrbrthemes
2017-07-01,5,3727,hrbrthemes
2017-07-02,5,3732,hrbrthemes
2017-07-03,16,3748,hrbrthemes
2017-07-04,34,3782,hrbrthemes
2017-07-05,24,3806,hrbrthemes
2017-07-06,21,3827,hrbrthemes
2017-07-07,27,3854,hrbrthemes
2017-07-08,8,3862,hrbrthemes
2017-07-09,7,3869,hrbrthemes
2017-07-10,24,3893,hrbrthemes
2017-07-11,24,3917,hrbrthemes
2017-07-12,29,3946,hrbrthemes
2017-07-13,22,3968,hrbrthemes
2017-07-14,31,3999,hrbrthemes
2017-07-15,12,4011,hrbrthemes
2017-07-16,10,4021,hrbrthemes
2017-07-17,21,4042,hrbrthemes
2017-07-18,22,4064,hrbrthemes
2017-07-19,29,4093,hrbrthemes
2017-07-20,38,4131,hrbrthemes
2017-07-21,24,4155,hrbrthemes
2017-07-22,9,4164,hrbrthemes
2017-07-23,6,4170,hrbrthemes
2017-07-24,24,4194,hrbrthemes
2017-07-25,19,4213,hrbrthemes
2017-07-26,47,4260,hrbrthemes
2017-07-27,24,4284,hrbrthemes
2017-07-28,11,4295,hrbrthemes
2017-07-29,17,4312,hrbrthemes
2017-07-30,7,4319,hrbrthemes
2017-07-31,15,4334,hrbrthemes
2017-08-01,24,4358,hrbrthemes
2017-08-02,19,4377,hrbrthemes
2017-08-03,10,4387,hrbrthemes
2017-08-04,24,4411,hrbrthemes
2017-08-05,2,4413,hrbrthemes
2017-08-06,7,4420,hrbrthemes
2017-08-07,29,4449,hrbrthemes
2017-08-08,27,4476,hrbrthemes
2017-08-09,21,4497,hrbrthemes
2017-08-10,23,4520,hrbrthemes
2017-08-11,18,4538,hrbrthemes
2017-08-12,18,4556,hrbrthemes
2017-08-13,39,4595,hrbrthemes
2017-08-14,58,4653,hrbrthemes
2017-08-15,30,4683,hrbrthemes
2017-08-16,27,4710,hrbrthemes
2017-08-17,31,4741,hrbrthemes
2017-08-18,40,4781,hrbrthemes
2017-08-19,9,4790,hrbrthemes
2017-08-20,6,4796,hrbrthemes
2017-08-21,23,4819,hrbrthemes
2017-08-22,14,4833,hrbrthemes
2017-08-23,31,4864,hrbrthemes
2017-08-24,28,4892,hrbrthemes
2017-08-25,21,4913,hrbrthemes
2017-08-26,12,4925,hrbrthemes
2017-08-27,14,4939,hrbrthemes
2017-08-28,31,4970,hrbrthemes
2017-08-29,46,5016,hrbrthemes
2017-08-30,43,5059,hrbrthemes
2017-08-31,23,5082,hrbrthemes
2017-09-01,20,5102,hrbrthemes
2017-09-02,8,5110,hrbrthemes
2017-09-03,11,5121,hrbrthemes
2017-09-04,21,5142,hrbrthemes
2017-09-05,19,5161,hrbrthemes
2017-09-06,23,5184,hrbrthemes
2017-09-07,32,5216,hrbrthemes
2017-09-08,33,5249,hrbrthemes
2017-09-09,11,5260,hrbrthemes
2017-09-10,21,5281,hrbrthemes
2017-09-11,42,5323,hrbrthemes
2017-09-12,28,5351,hrbrthemes
2017-09-13,55,5406,hrbrthemes
2017-09-14,41,5447,hrbrthemes
2017-09-15,35,5482,hrbrthemes
2017-09-16,17,5499,hrbrthemes
2017-09-17,14,5513,hrbrthemes
2017-09-18,39,5552,hrbrthemes
2017-09-19,33,5585,hrbrthemes
2017-09-20,51,5636,hrbrthemes
2017-09-21,40,5676,hrbrthemes
2017-09-22,68,5744,hrbrthemes
2017-09-23,9,5753,hrbrthemes
2017-09-24,19,5772,hrbrthemes
2017-09-25,65,5837,hrbrthemes
2017-09-26,43,5880,hrbrthemes
2017-09-27,44,5924,hrbrthemes
2017-09-28,51,5975,hrbrthemes
2017-09-29,13,5988,hrbrthemes
2017-09-30,12,6000,hrbrthemes
2017-10-01,13,6013,hrbrthemes
2017-10-02,32,6045,hrbrthemes
2017-10-03,24,6069,hrbrthemes
2017-10-04,27,6096,hrbrthemes
2017-10-05,36,6132,hrbrthemes
2017-10-06,21,6153,hrbrthemes
2017-10-07,16,6169,hrbrthemes
2017-10-08,10,6179,hrbrthemes
2017-10-09,28,6207,hrbrthemes
2017-10-10,27,6234,hrbrthemes
2017-10-11,31,6265,hrbrthemes
2017-10-12,29,6294,hrbrthemes
2017-10-13,34,6328,hrbrthemes
2017-10-14,11,6339,hrbrthemes
2017-10-15,16,6355,hrbrthemes
2017-10-16,23,6378,hrbrthemes
2017-10-17,32,6410,hrbrthemes
2017-10-18,23,6433,hrbrthemes
2017-10-19,20,6453,hrbrthemes
2017-10-20,49,6502,hrbrthemes
2017-10-21,11,6513,hrbrthemes
2017-10-22,12,6525,hrbrthemes
2017-10-23,32,6557,hrbrthemes
2017-10-24,34,6591,hrbrthemes
2017-10-25,25,6616,hrbrthemes
2017-10-26,18,6634,hrbrthemes
2017-10-27,29,6663,hrbrthemes
2017-10-28,11,6674,hrbrthemes
2017-10-29,14,6688,hrbrthemes
2017-10-30,23,6711,hrbrthemes
2017-10-31,27,6738,hrbrthemes
2017-11-01,28,6766,hrbrthemes
2017-11-02,18,6784,hrbrthemes
2017-11-03,31,6815,hrbrthemes
2017-11-04,15,6830,hrbrthemes
2017-11-05,21,6851,hrbrthemes
2017-11-06,24,6875,hrbrthemes
2017-11-07,21,6896,hrbrthemes
2017-11-08,33,6929,hrbrthemes
2017-11-09,28,6957,hrbrthemes
2017-11-10,20,6977,hrbrthemes
2017-11-11,15,6992,hrbrthemes
2017-11-12,30,7022,hrbrthemes
2017-11-13,49,7071,hrbrthemes
2017-11-14,59,7130,hrbrthemes
2017-11-15,25,7155,hrbrthemes
2017-11-16,31,7186,hrbrthemes
2017-11-17,36,7222,hrbrthemes
2017-11-18,15,7237,hrbrthemes
2017-11-19,18,7255,hrbrthemes
2017-11-20,24,7279,hrbrthemes
2017-11-21,37,7316,hrbrthemes
2017-11-22,23,7339,hrbrthemes
2017-11-23,17,7356,hrbrthemes
2017-11-24,20,7376,hrbrthemes
2017-11-25,32,7408,hrbrthemes
2017-11-26,15,7423,hrbrthemes
2017-11-27,40,7463,hrbrthemes
2017-11-28,36,7499,hrbrthemes
2017-11-29,19,7518,hrbrthemes
2017-11-30,48,7566,hrbrthemes
2017-12-01,28,7594,hrbrthemes
2017-12-02,26,7620,hrbrthemes
2017-12-03,13,7633,hrbrthemes
2017-12-04,18,7651,hrbrthemes
2017-12-05,39,7690,hrbrthemes
2017-12-06,43,7733,hrbrthemes
2017-12-07,41,7774,hrbrthemes
2017-12-08,21,7795,hrbrthemes
2017-12-09,14,7809,hrbrthemes
2017-12-10,14,7823,hrbrthemes
2017-12-11,60,7883,hrbrthemes
2017-12-12,28,7911,hrbrthemes
2017-12-13,26,7937,hrbrthemes
2017-12-14,43,7980,hrbrthemes
2017-12-15,29,8009,hrbrthemes
2017-12-16,16,8025,hrbrthemes
2017-12-17,11,8036,hrbrthemes
2017-12-18,19,8055,hrbrthemes
2017-12-19,22,8077,hrbrthemes
2017-12-20,17,8094,hrbrthemes
2017-12-21,26,8120,hrbrthemes
2017-12-22,18,8138,hrbrthemes
2017-12-23,11,8149,hrbrthemes
2017-12-24,15,8164,hrbrthemes
2017-12-25,6,8170,hrbrthemes
2017-12-26,13,8183,hrbrthemes
2017-12-27,10,8193,hrbrthemes
2017-12-28,19,8212,hrbrthemes
2017-12-29,22,8234,hrbrthemes
2017-12-30,10,8244,hrbrthemes
2017-12-31,13,8257,hrbrthemes
2018-01-01,6,8263,hrbrthemes
2018-01-02,23,8286,hrbrthemes
2018-01-03,19,8305,hrbrthemes
2018-01-04,26,8331,hrbrthemes
2018-01-05,31,8362,hrbrthemes
2018-01-06,11,8373,hrbrthemes
2018-01-07,21,8394,hrbrthemes
2018-01-08,32,8426,hrbrthemes
2018-01-09,32,8458,hrbrthemes
2018-01-10,35,8493,hrbrthemes
2018-01-11,28,8521,hrbrthemes
2018-01-12,26,8547,hrbrthemes
2018-01-13,21,8568,hrbrthemes
2018-01-14,12,8580,hrbrthemes
2018-01-15,45,8625,hrbrthemes
2018-01-16,36,8661,hrbrthemes
2018-01-17,31,8692,hrbrthemes
2018-01-18,28,8720,hrbrthemes
2018-01-19,49,8769,hrbrthemes
2018-01-20,14,8783,hrbrthemes
2018-01-21,15,8798,hrbrthemes
2018-01-22,26,8824,hrbrthemes
2018-01-23,44,8868,hrbrthemes
2018-01-24,37,8905,hrbrthemes
2018-01-25,49,8954,hrbrthemes
2018-01-26,25,8979,hrbrthemes
2018-01-27,37,9016,hrbrthemes
2018-01-28,11,9027,hrbrthemes
2018-01-29,44,9071,hrbrthemes
2018-01-30,33,9104,hrbrthemes
2018-01-31,42,9146,hrbrthemes
2018-02-01,59,9205,hrbrthemes
2018-02-02,24,9229,hrbrthemes
2018-02-03,21,9250,hrbrthemes
2018-02-04,11,9261,hrbrthemes
2018-02-05,41,9302,hrbrthemes
2018-02-06,45,9347,hrbrthemes
2018-02-07,50,9397,hrbrthemes
2018-02-08,35,9432,hrbrthemes
2018-02-09,35,9467,hrbrthemes
2018-02-10,19,9486,hrbrthemes
2018-02-11,18,9504,hrbrthemes
2018-02-12,23,9527,hrbrthemes
2018-02-13,23,9550,hrbrthemes
2018-02-14,39,9589,hrbrthemes
2018-02-15,30,9619,hrbrthemes
2018-02-16,19,9638,hrbrthemes
2018-02-17,8,9646,hrbrthemes
2018-02-18,14,9660,hrbrthemes
2018-02-19,47,9707,hrbrthemes
2018-02-20,50,9757,hrbrthemes
2018-02-21,40,9797,hrbrthemes
2018-02-22,44,9841,hrbrthemes
2018-02-23,37,9878,hrbrthemes
2018-02-24,26,9904,hrbrthemes
2018-02-25,22,9926,hrbrthemes
2018-02-26,18,9944,hrbrthemes
2018-02-27,34,9978,hrbrthemes
2018-02-28,25,10003,hrbrthemes
2018-03-01,25,10028,hrbrthemes
2018-03-02,25,10053,hrbrthemes
2018-03-03,17,10070,hrbrthemes
2018-03-04,22,10092,hrbrthemes
2018-03-05,76,10168,hrbrthemes
2018-03-06,40,10208,hrbrthemes
2018-03-07,52,10260,hrbrthemes
2018-03-08,36,10296,hrbrthemes
2018-03-09,24,10320,hrbrthemes
2018-03-10,11,10331,hrbrthemes
2018-03-11,18,10349,hrbrthemes
2018-03-12,28,10377,hrbrthemes
2018-03-13,29,10406,hrbrthemes
2018-03-14,28,10434,hrbrthemes
2018-03-15,26,10460,hrbrthemes
2018-03-16,24,10484,hrbrthemes
2018-03-17,33,10517,hrbrthemes
2018-03-18,13,10530,hrbrthemes
2018-03-19,30,10560,hrbrthemes
2018-03-20,27,10587,hrbrthemes
2018-03-21,25,10612,hrbrthemes
2018-03-22,22,10634,hrbrthemes
2018-03-23,33,10667,hrbrthemes
2018-03-24,29,10696,hrbrthemes
2018-03-25,39,10735,hrbrthemes
2018-03-26,25,10760,hrbrthemes
2018-03-27,30,10790,hrbrthemes
2018-03-28,29,10819,hrbrthemes
2018-03-29,30,10849,hrbrthemes
2018-03-30,19,10868,hrbrthemes
2018-03-31,16,10884,hrbrthemes
2018-04-01,14,10898,hrbrthemes
2018-04-02,53,10951,hrbrthemes
2018-04-03,41,10992,hrbrthemes
2018-04-04,47,11039,hrbrthemes
2018-04-05,32,11071,hrbrthemes
2018-04-06,34,11105,hrbrthemes
2018-04-07,25,11130,hrbrthemes
2018-04-08,18,11148,hrbrthemes
2018-04-09,45,11193,hrbrthemes
2018-04-10,38,11231,hrbrthemes
2018-04-11,54,11285,hrbrthemes
2018-04-12,33,11318,hrbrthemes
2018-04-13,27,11345,hrbrthemes
2018-04-14,19,11364,hrbrthemes
2018-04-15,14,11378,hrbrthemes
2018-04-16,25,11403,hrbrthemes
2018-04-17,34,11437,hrbrthemes
2018-04-18,30,11467,hrbrthemes
2018-04-19,45,11512,hrbrthemes
2018-04-20,40,11552,hrbrthemes
2018-04-21,11,11563,hrbrthemes
2018-04-22,18,11581,hrbrthemes
2018-04-23,49,11630,hrbrthemes
2018-04-24,111,11741,hrbrthemes
2018-04-25,291,12032,hrbrthemes
2018-04-26,162,12194,hrbrthemes
2018-04-27,92,12286,hrbrthemes
2018-04-28,55,12341,hrbrthemes
2018-04-29,41,12382,hrbrthemes
2018-04-30,79,12461,hrbrthemes
2018-05-01,77,12538,hrbrthemes
2018-05-02,113,12651,hrbrthemes
2018-05-03,66,12717,hrbrthemes
2018-05-04,75,12792,hrbrthemes
2018-05-05,35,12827,hrbrthemes
2018-05-06,27,12854,hrbrthemes
2018-05-07,67,12921,hrbrthemes
2018-05-08,65,12986,hrbrthemes
2018-05-09,56,13042,hrbrthemes
2018-05-10,69,13111,hrbrthemes
2018-05-11,37,13148,hrbrthemes
2018-05-12,27,13175,hrbrthemes
2018-05-13,25,13200,hrbrthemes
2018-05-14,63,13263,hrbrthemes
2018-05-15,38,13301,hrbrthemes
2018-05-16,49,13350,hrbrthemes
2018-05-17,43,13393,hrbrthemes
2018-05-18,35,13428,hrbrthemes
2018-05-19,32,13460,hrbrthemes
2018-05-20,36,13496,hrbrthemes
2018-05-21,42,13538,hrbrthemes
2018-05-22,88,13626,hrbrthemes
2018-05-23,59,13685,hrbrthemes
2018-05-24,53,13738,hrbrthemes
2018-05-25,51,13789,hrbrthemes
2018-05-26,18,13807,hrbrthemes
2018-05-27,33,13840,hrbrthemes
2018-05-28,34,13874,hrbrthemes
2018-05-29,56,13930,hrbrthemes
2018-05-30,55,13985,hrbrthemes
2018-05-31,51,14036,hrbrthemes
2018-06-01,36,14072,hrbrthemes
2018-06-02,38,14110,hrbrthemes
2018-06-03,31,14141,hrbrthemes
2018-06-04,49,14190,hrbrthemes
2018-06-05,56,14246,hrbrthemes
2018-06-06,49,14295,hrbrthemes
2018-06-07,39,14334,hrbrthemes
2018-06-08,80,14414,hrbrthemes
2018-06-09,31,14445,hrbrthemes
2018-06-10,23,14468,hrbrthemes
2018-06-11,34,14502,hrbrthemes
2018-06-12,45,14547,hrbrthemes
2018-06-13,40,14587,hrbrthemes
2018-06-14,52,14639,hrbrthemes
2018-06-15,40,14679,hrbrthemes
2018-06-16,21,14700,hrbrthemes
2018-06-17,16,14716,hrbrthemes
2018-06-18,34,14750,hrbrthemes
2018-06-19,38,14788,hrbrthemes
2018-06-20,35,14823,hrbrthemes
2018-06-21,32,14855,hrbrthemes
2018-06-22,59,14914,hrbrthemes
2018-06-23,16,14930,hrbrthemes
2018-06-24,28,14958,hrbrthemes
2018-06-25,45,15003,hrbrthemes
2018-06-26,50,15053,hrbrthemes
2018-06-27,40,15093,hrbrthemes
2018-06-28,34,15127,hrbrthemes
2018-06-29,42,15169,hrbrthemes
2018-06-30,25,15194,hrbrthemes
2018-07-01,7,15201,hrbrthemes
2018-07-02,52,15253,hrbrthemes
2018-07-03,60,15313,hrbrthemes
2018-07-04,38,15351,hrbrthemes
2018-07-05,54,15405,hrbrthemes
2018-07-06,52,15457,hrbrthemes
2018-07-07,32,15489,hrbrthemes
2018-07-08,20,15509,hrbrthemes
2018-07-09,37,15546,hrbrthemes
2018-07-10,51,15597,hrbrthemes
2018-07-11,44,15641,hrbrthemes
2018-07-12,46,15687,hrbrthemes
2018-07-13,30,15717,hrbrthemes
2018-07-14,22,15739,hrbrthemes
2018-07-15,21,15760,hrbrthemes
2018-07-16,48,15808,hrbrthemes
2018-07-17,51,15859,hrbrthemes
2018-07-18,73,15932,hrbrthemes
2018-07-19,49,15981,hrbrthemes
2018-07-20,52,16033,hrbrthemes
2018-07-21,42,16075,hrbrthemes
2018-07-22,28,16103,hrbrthemes
2018-07-23,58,16161,hrbrthemes
2018-07-24,54,16215,hrbrthemes
2018-07-25,62,16277,hrbrthemes
2018-07-26,44,16321,hrbrthemes
2018-07-27,36,16357,hrbrthemes
2018-07-28,48,16405,hrbrthemes
2018-07-29,17,16422,hrbrthemes
2018-07-30,41,16463,hrbrthemes
2018-07-31,36,16499,hrbrthemes
2018-08-01,37,16536,hrbrthemes
2018-08-02,49,16585,hrbrthemes
2018-08-03,37,16622,hrbrthemes
2018-08-04,17,16639,hrbrthemes
2018-08-05,27,16666,hrbrthemes
2018-08-06,52,16718,hrbrthemes
2018-08-07,43,16761,hrbrthemes
2018-08-08,51,16812,hrbrthemes
2018-08-09,45,16857,hrbrthemes
2018-08-10,41,16898,hrbrthemes
2018-08-11,22,16920,hrbrthemes
2018-08-12,18,16938,hrbrthemes
2018-08-13,65,17003,hrbrthemes
2018-08-14,61,17064,hrbrthemes
2018-08-15,46,17110,hrbrthemes
2018-08-16,42,17152,hrbrthemes
2018-08-17,50,17202,hrbrthemes
2018-08-18,31,17233,hrbrthemes
2018-08-19,495,17728,hrbrthemes
2018-08-20,265,17993,hrbrthemes
2018-08-21,114,18107,hrbrthemes
2018-08-22,138,18245,hrbrthemes
2018-08-23,108,18353,hrbrthemes
2018-08-24,82,18435,hrbrthemes
2018-08-25,65,18500,hrbrthemes
2018-08-26,50,18550,hrbrthemes
2018-08-27,95,18645,hrbrthemes
2018-08-28,86,18731,hrbrthemes
2018-08-29,101,18832,hrbrthemes
2018-08-30,92,18924,hrbrthemes
2018-08-31,94,19018,hrbrthemes
2018-09-01,43,19061,hrbrthemes
2018-09-02,54,19115,hrbrthemes
2018-09-03,114,19229,hrbrthemes
2018-09-04,94,19323,hrbrthemes
2018-09-05,105,19428,hrbrthemes
2018-09-06,126,19554,hrbrthemes
2018-09-07,97,19651,hrbrthemes
2018-09-08,70,19721,hrbrthemes
2018-09-09,68,19789,hrbrthemes
2018-09-10,87,19876,hrbrthemes
2018-09-11,129,20005,hrbrthemes
2018-09-12,152,20157,hrbrthemes
2018-09-13,157,20314,hrbrthemes
2018-09-14,128,20442,hrbrthemes
2018-09-15,51,20493,hrbrthemes
2018-09-16,98,20591,hrbrthemes
2018-09-17,129,20720,hrbrthemes
2018-09-18,143,20863,hrbrthemes
2018-09-19,158,21021,hrbrthemes
2018-09-20,169,21190,hrbrthemes
2018-09-21,112,21302,hrbrthemes
2018-09-22,64,21366,hrbrthemes
2018-09-23,90,21456,hrbrthemes
2018-09-24,133,21589,hrbrthemes
2018-09-25,155,21744,hrbrthemes
2018-09-26,156,21900,hrbrthemes
2018-09-27,166,22066,hrbrthemes
2018-09-28,116,22182,hrbrthemes
2018-09-29,93,22275,hrbrthemes
2018-09-30,88,22363,hrbrthemes
2018-10-01,141,22504,hrbrthemes
2018-10-02,155,22659,hrbrthemes
2018-10-03,161,22820,hrbrthemes
2018-10-04,168,22988,hrbrthemes
2018-10-05,121,23109,hrbrthemes
2018-10-06,64,23173,hrbrthemes
2018-10-07,62,23235,hrbrthemes
2018-10-08,146,23381,hrbrthemes
2018-10-09,152,23533,hrbrthemes
2018-10-10,142,23675,hrbrthemes
2018-10-11,165,23840,hrbrthemes
2018-10-12,123,23963,hrbrthemes
2018-10-13,80,24043,hrbrthemes
2018-10-14,78,24121,hrbrthemes
2018-10-15,98,24219,hrbrthemes
2018-10-16,132,24351,hrbrthemes
2018-10-17,115,24466,hrbrthemes
2018-10-18,147,24613,hrbrthemes
2018-10-19,91,24704,hrbrthemes
2018-10-20,61,24765,hrbrthemes
2018-10-21,70,24835,hrbrthemes
2018-10-22,121,24956,hrbrthemes
2018-10-23,110,25066,hrbrthemes
2018-10-24,133,25199,hrbrthemes
2018-10-25,95,25294,hrbrthemes
2018-10-26,95,25389,hrbrthemes
2018-10-27,82,25471,hrbrthemes
2018-10-28,51,25522,hrbrthemes
2018-10-29,133,25655,hrbrthemes
2018-10-30,143,25798,hrbrthemes
2018-10-31,149,25947,hrbrthemes
2018-11-01,137,26084,hrbrthemes
2018-11-02,115,26199,hrbrthemes
2018-11-03,87,26286,hrbrthemes
2018-11-04,103,26389,hrbrthemes
2018-11-05,186,26575,hrbrthemes
2018-11-06,123,26698,hrbrthemes
2018-11-07,134,26832,hrbrthemes
2018-11-08,136,26968,hrbrthemes
2018-11-09,166,27134,hrbrthemes
2018-11-10,126,27260,hrbrthemes
2018-11-11,103,27363,hrbrthemes
2018-11-12,152,27515,hrbrthemes
2018-11-13,183,27698,hrbrthemes
2018-11-14,168,27866,hrbrthemes
2018-11-15,173,28039,hrbrthemes
2018-11-16,154,28193,hrbrthemes
2018-11-17,70,28263,hrbrthemes
2018-11-18,74,28337,hrbrthemes
2018-11-19,123,28460,hrbrthemes
2018-11-20,132,28592,hrbrthemes
2018-11-21,141,28733,hrbrthemes
2018-11-22,126,28859,hrbrthemes
2018-11-23,128,28987,hrbrthemes
2018-11-24,78,29065,hrbrthemes
2018-11-25,101,29166,hrbrthemes
2018-11-26,136,29302,hrbrthemes
2018-11-27,156,29458,hrbrthemes
2018-11-28,143,29601,hrbrthemes
2018-11-29,144,29745,hrbrthemes
2018-11-30,124,29869,hrbrthemes
2018-12-01,107,29976,hrbrthemes
2018-12-02,74,30050,hrbrthemes
2018-12-03,152,30202,hrbrthemes
2018-12-04,152,30354,hrbrthemes
2018-12-05,143,30497,hrbrthemes
2018-12-06,133,30630,hrbrthemes
2018-12-07,96,30726,hrbrthemes
2018-12-08,63,30789,hrbrthemes
2018-12-09,62,30851,hrbrthemes
2018-12-10,124,30975,hrbrthemes
2018-12-11,111,31086,hrbrthemes
2018-12-12,122,31208,hrbrthemes
2018-12-13,95,31303,hrbrthemes
2018-12-14,95,31398,hrbrthemes
2018-12-15,51,31449,hrbrthemes
2018-12-16,75,31524,hrbrthemes
2018-12-17,100,31624,hrbrthemes
2018-12-18,81,31705,hrbrthemes
2018-12-19,116,31821,hrbrthemes
2018-12-20,109,31930,hrbrthemes
2018-12-21,108,32038,hrbrthemes
2018-12-22,40,32078,hrbrthemes
2018-12-23,51,32129,hrbrthemes
2018-12-24,46,32175,hrbrthemes
2018-12-25,31,32206,hrbrthemes
2018-12-26,48,32254,hrbrthemes
2018-12-27,64,32318,hrbrthemes
2018-12-28,48,32366,hrbrthemes
2018-12-29,46,32412,hrbrthemes
2018-12-30,37,32449,hrbrthemes
2018-12-31,49,32498,hrbrthemes
2019-01-01,35,32533,hrbrthemes
2019-01-02,104,32637,hrbrthemes
2019-01-03,82,32719,hrbrthemes
2019-01-04,87,32806,hrbrthemes
2019-01-05,60,32866,hrbrthemes
2019-01-06,49,32915,hrbrthemes
2019-01-07,121,33036,hrbrthemes
2019-01-08,124,33160,hrbrthemes
2019-01-09,124,33284,hrbrthemes
2019-01-10,103,33387,hrbrthemes
2019-01-11,91,33478,hrbrthemes
2019-01-12,47,33525,hrbrthemes
2019-01-13,61,33586,hrbrthemes
2019-01-14,92,33678,hrbrthemes
2019-01-15,101,33779,hrbrthemes
2019-01-16,97,33876,hrbrthemes
2019-01-17,107,33983,hrbrthemes
2019-01-18,83,34066,hrbrthemes
2019-01-19,58,34124,hrbrthemes
2019-01-20,61,34185,hrbrthemes
2019-01-21,313,34498,hrbrthemes
2019-01-22,349,34847,hrbrthemes
2019-01-23,248,35095,hrbrthemes
2019-01-24,224,35319,hrbrthemes
2019-01-25,173,35492,hrbrthemes
2019-01-26,94,35586,hrbrthemes
2019-01-27,90,35676,hrbrthemes
2019-01-28,219,35895,hrbrthemes
2019-01-29,171,36066,hrbrthemes
2019-01-30,202,36268,hrbrthemes
2019-01-31,147,36415,hrbrthemes
2019-02-01,141,36556,hrbrthemes
2019-02-02,78,36634,hrbrthemes
2019-02-03,106,36740,hrbrthemes
2019-02-04,146,36886,hrbrthemes
2019-02-05,153,37039,hrbrthemes
2019-02-06,142,37181,hrbrthemes
2019-02-07,148,37329,hrbrthemes
2019-02-08,124,37453,hrbrthemes
2019-02-09,69,37522,hrbrthemes
2019-02-10,68,37590,hrbrthemes
2019-02-11,147,37737,hrbrthemes
2019-02-12,223,37960,hrbrthemes
2019-02-13,199,38159,hrbrthemes
2019-02-14,169,38328,hrbrthemes
2019-02-15,117,38445,hrbrthemes
2019-02-16,74,38519,hrbrthemes
2019-02-17,76,38595,hrbrthemes
2019-02-18,146,38741,hrbrthemes
2019-02-19,171,38912,hrbrthemes
2019-02-20,250,39162,hrbrthemes
2019-02-21,144,39306,hrbrthemes
2019-02-22,184,39490,hrbrthemes
2019-02-23,104,39594,hrbrthemes
2019-02-24,72,39666,hrbrthemes
2019-02-25,141,39807,hrbrthemes
2019-02-26,132,39939,hrbrthemes
2019-02-27,171,40110,hrbrthemes
2019-02-28,188,40298,hrbrthemes
2019-03-01,178,40476,hrbrthemes
2019-03-02,90,40566,hrbrthemes
2019-03-03,90,40656,hrbrthemes
2019-03-04,155,40811,hrbrthemes
2019-03-05,155,40966,hrbrthemes
2019-03-06,162,41128,hrbrthemes
2019-03-07,146,41274,hrbrthemes
2019-03-08,149,41423,hrbrthemes
2019-03-09,81,41504,hrbrthemes
2019-03-10,85,41589,hrbrthemes
2019-03-11,139,41728,hrbrthemes
2019-03-12,142,41870,hrbrthemes
2019-03-13,168,42038,hrbrthemes
2019-03-14,172,42210,hrbrthemes
2019-03-15,145,42355,hrbrthemes
2019-03-16,84,42439,hrbrthemes
2019-03-17,82,42521,hrbrthemes
2019-03-18,137,42658,hrbrthemes
2019-03-19,122,42780,hrbrthemes
2019-03-20,130,42910,hrbrthemes
2019-03-21,153,43063,hrbrthemes
2019-03-22,113,43176,hrbrthemes
2019-03-23,64,43240,hrbrthemes
2019-03-24,85,43325,hrbrthemes
2019-03-25,161,43486,hrbrthemes
2019-03-26,207,43693,hrbrthemes
2019-03-27,180,43873,hrbrthemes
2019-03-28,191,44064,hrbrthemes
2019-03-29,125,44189,hrbrthemes
2019-03-30,75,44264,hrbrthemes
2019-03-31,90,44354,hrbrthemes
2019-04-01,158,44512,hrbrthemes
2019-04-02,136,44648,hrbrthemes
2019-04-03,160,44808,hrbrthemes
2019-04-04,143,44951,hrbrthemes
2019-04-05,140,45091,hrbrthemes
2019-04-06,85,45176,hrbrthemes
2019-04-07,89,45265,hrbrthemes
2019-04-08,221,45486,hrbrthemes
2019-04-09,164,45650,hrbrthemes
2019-04-10,178,45828,hrbrthemes
2019-04-11,180,46008,hrbrthemes
2019-04-12,185,46193,hrbrthemes
2019-04-13,88,46281,hrbrthemes
2019-04-14,109,46390,hrbrthemes
2019-04-15,185,46575,hrbrthemes
2019-04-16,153,46728,hrbrthemes
2019-04-17,160,46888,hrbrthemes
2019-04-18,166,47054,hrbrthemes
2019-04-19,92,47146,hrbrthemes
2019-04-20,79,47225,hrbrthemes
2019-04-21,84,47309,hrbrthemes
2019-04-22,98,47407,hrbrthemes
2019-04-23,161,47568,hrbrthemes
2019-04-24,141,47709,hrbrthemes
2019-04-25,174,47883,hrbrthemes
2019-04-26,178,48061,hrbrthemes
2019-04-27,93,48154,hrbrthemes
2019-04-28,139,48293,hrbrthemes
2019-04-29,220,48513,hrbrthemes
2019-04-30,249,48762,hrbrthemes
2019-05-01,174,48936,hrbrthemes
2019-05-02,238,49174,hrbrthemes
2019-05-03,206,49380,hrbrthemes
2019-05-04,130,49510,hrbrthemes
2019-05-05,111,49621,hrbrthemes
2019-05-06,258,49879,hrbrthemes
2019-05-07,219,50098,hrbrthemes
2019-05-08,186,50284,hrbrthemes
2019-05-09,195,50479,hrbrthemes
2019-05-10,163,50642,hrbrthemes
2019-05-11,117,50759,hrbrthemes
2019-05-12,116,50875,hrbrthemes
2019-05-13,161,51036,hrbrthemes
2019-05-14,167,51203,hrbrthemes
2019-05-15,255,51458,hrbrthemes
2019-05-16,206,51664,hrbrthemes
2019-05-17,146,51810,hrbrthemes
2019-05-18,123,51933,hrbrthemes
2019-05-19,125,52058,hrbrthemes
2019-05-20,153,52211,hrbrthemes
2019-05-21,198,52409,hrbrthemes
2019-05-22,154,52563,hrbrthemes
2019-05-23,169,52732,hrbrthemes
2019-05-24,133,52865,hrbrthemes
2019-05-25,68,52933,hrbrthemes
2019-05-26,75,53008,hrbrthemes
2019-05-27,163,53171,hrbrthemes
2019-05-28,167,53338,hrbrthemes
2019-05-29,172,53510,hrbrthemes
2019-05-30,150,53660,hrbrthemes
2019-05-31,185,53845,hrbrthemes
2019-06-01,89,53934,hrbrthemes
2019-06-02,81,54015,hrbrthemes
2019-06-03,140,54155,hrbrthemes
2019-06-04,121,54276,hrbrthemes
2019-06-05,170,54446,hrbrthemes
2019-06-06,133,54579,hrbrthemes
2019-06-07,170,54749,hrbrthemes
2019-06-08,76,54825,hrbrthemes
2019-06-09,111,54936,hrbrthemes
2019-06-10,166,55102,hrbrthemes
2019-06-11,125,55227,hrbrthemes
2019-06-12,168,55395,hrbrthemes
2019-06-13,155,55550,hrbrthemes
2019-06-14,122,55672,hrbrthemes
2019-06-15,81,55753,hrbrthemes
2019-06-16,74,55827,hrbrthemes
2019-06-17,143,55970,hrbrthemes
2019-06-18,159,56129,hrbrthemes
2019-06-19,156,56285,hrbrthemes
2019-06-20,140,56425,hrbrthemes
2019-06-21,136,56561,hrbrthemes
2019-06-22,95,56656,hrbrthemes
2019-06-23,86,56742,hrbrthemes
2019-06-24,141,56883,hrbrthemes
2019-06-25,158,57041,hrbrthemes
2019-06-26,151,57192,hrbrthemes
2019-06-27,122,57314,hrbrthemes
2019-06-28,109,57423,hrbrthemes
2019-06-29,77,57500,hrbrthemes
2019-06-30,80,57580,hrbrthemes
2019-07-01,422,58002,hrbrthemes
2019-07-02,430,58432,hrbrthemes
2019-07-03,409,58841,hrbrthemes
2019-07-04,292,59133,hrbrthemes
2019-07-05,304,59437,hrbrthemes
2019-07-06,176,59613,hrbrthemes
2019-07-07,174,59787,hrbrthemes
2019-07-08,350,60137,hrbrthemes
2019-07-09,373,60510,hrbrthemes
2019-07-10,411,60921,hrbrthemes
2019-07-11,387,61308,hrbrthemes
2019-07-12,316,61624,hrbrthemes
2019-07-13,178,61802,hrbrthemes
2019-07-14,136,61938,hrbrthemes
2019-07-15,310,62248,hrbrthemes
2019-07-16,325,62573,hrbrthemes
2019-07-17,341,62914,hrbrthemes
2019-07-18,312,63226,hrbrthemes
2019-07-19,274,63500,hrbrthemes
2019-07-20,135,63635,hrbrthemes
2019-07-21,156,63791,hrbrthemes
2019-07-22,321,64112,hrbrthemes
2019-07-23,336,64448,hrbrthemes
2019-07-24,320,64768,hrbrthemes
2019-07-25,314,65082,hrbrthemes
2019-07-26,217,65299,hrbrthemes
2019-07-27,149,65448,hrbrthemes
2019-07-28,174,65622,hrbrthemes
2019-07-29,274,65896,hrbrthemes
2019-07-30,390,66286,hrbrthemes
2019-07-31,303,66589,hrbrthemes
2019-08-01,301,66890,hrbrthemes
2019-08-02,295,67185,hrbrthemes
2019-08-03,200,67385,hrbrthemes
2019-08-04,232,67617,hrbrthemes
2019-08-05,353,67970,hrbrthemes
2019-08-06,473,68443,hrbrthemes
2019-08-07,385,68828,hrbrthemes
2019-08-08,432,69260,hrbrthemes
2019-08-09,426,69686,hrbrthemes
2019-08-10,175,69861,hrbrthemes
2019-08-11,148,70009,hrbrthemes
2019-08-12,390,70399,hrbrthemes
2019-08-13,341,70740,hrbrthemes
2019-08-14,353,71093,hrbrthemes
2019-08-15,352,71445,hrbrthemes
2019-08-16,504,71949,hrbrthemes
2019-08-17,205,72154,hrbrthemes
2019-08-18,177,72331,hrbrthemes
2019-08-19,459,72790,hrbrthemes
2019-08-20,458,73248,hrbrthemes
2019-08-21,337,73585,hrbrthemes
2019-08-22,352,73937,hrbrthemes
2019-08-23,332,74269,hrbrthemes
2019-08-24,221,74490,hrbrthemes
2019-08-25,155,74645,hrbrthemes
2019-08-26,356,75001,hrbrthemes
2019-08-27,449,75450,hrbrthemes
2019-08-28,394,75844,hrbrthemes
2019-08-29,444,76288,hrbrthemes
2019-08-30,354,76642,hrbrthemes
2019-08-31,172,76814,hrbrthemes
2019-09-01,150,76964,hrbrthemes
2019-09-02,341,77305,hrbrthemes
2019-09-03,642,77947,hrbrthemes
2019-09-04,575,78522,hrbrthemes
2019-09-05,547,79069,hrbrthemes
2019-09-06,361,79430,hrbrthemes
2019-09-07,186,79616,hrbrthemes
2019-09-08,212,79828,hrbrthemes
2019-09-09,492,80320,hrbrthemes
2019-09-10,504,80824,hrbrthemes
2019-09-11,539,81363,hrbrthemes
2019-09-12,420,81783,hrbrthemes
2019-09-13,413,82196,hrbrthemes
2019-09-14,191,82387,hrbrthemes
2019-09-15,186,82573,hrbrthemes
2019-09-16,446,83019,hrbrthemes
2019-09-17,593,83612,hrbrthemes
2019-09-18,443,84055,hrbrthemes
2019-09-19,490,84545,hrbrthemes
2019-09-20,469,85014,hrbrthemes
2019-09-21,240,85254,hrbrthemes
2019-09-22,239,85493,hrbrthemes
2019-09-23,459,85952,hrbrthemes
2019-09-24,513,86465,hrbrthemes
2019-09-25,439,86904,hrbrthemes
2019-09-26,487,87391,hrbrthemes
2019-09-27,377,87768,hrbrthemes
2019-09-28,186,87954,hrbrthemes
2019-09-29,222,88176,hrbrthemes
2019-09-30,515,88691,hrbrthemes
2019-10-01,461,89152,hrbrthemes
2019-10-02,412,89564,hrbrthemes
2019-10-03,455,90019,hrbrthemes
2019-10-04,414,90433,hrbrthemes
2019-10-05,239,90672,hrbrthemes
2019-10-06,202,90874,hrbrthemes
2019-10-07,438,91312,hrbrthemes
2019-10-08,661,91973,hrbrthemes
2019-10-09,533,92506,hrbrthemes
2019-10-10,486,92992,hrbrthemes
2019-10-11,424,93416,hrbrthemes
2019-10-12,218,93634,hrbrthemes
2019-10-13,232,93866,hrbrthemes
2019-10-14,458,94324,hrbrthemes
2019-10-15,485,94809,hrbrthemes
2019-10-16,539,95348,hrbrthemes
2019-10-17,522,95870,hrbrthemes
2019-10-18,443,96313,hrbrthemes
2019-10-19,267,96580,hrbrthemes
2019-10-20,258,96838,hrbrthemes
2019-10-21,617,97455,hrbrthemes
2019-10-22,571,98026,hrbrthemes
2019-10-23,640,98666,hrbrthemes
2019-10-24,485,99151,hrbrthemes
2019-10-25,412,99563,hrbrthemes
2019-10-26,219,99782,hrbrthemes
2019-10-27,201,99983,hrbrthemes
2019-10-28,498,100481,hrbrthemes
2019-10-29,510,100991,hrbrthemes
2019-10-30,483,101474,hrbrthemes
2019-10-31,450,101924,hrbrthemes
2019-11-01,417,102341,hrbrthemes
2019-11-02,238,102579,hrbrthemes
2019-11-03,195,102774,hrbrthemes
2019-11-04,427,103201,hrbrthemes
2019-11-05,539,103740,hrbrthemes
2019-11-06,512,104252,hrbrthemes
2019-11-07,711,104963,hrbrthemes
2019-11-08,562,105525,hrbrthemes
2019-11-09,331,105856,hrbrthemes
2019-11-10,303,106159,hrbrthemes
2019-11-11,480,106639,hrbrthemes
2019-11-12,576,107215,hrbrthemes
2019-11-13,512,107727,hrbrthemes
2019-11-14,632,108359,hrbrthemes
2019-11-15,581,108940,hrbrthemes
2019-11-16,298,109238,hrbrthemes
2019-11-17,305,109543,hrbrthemes
2019-11-18,537,110080,hrbrthemes
2019-11-19,677,110757,hrbrthemes
2019-11-20,620,111377,hrbrthemes
2019-11-21,569,111946,hrbrthemes
2019-11-22,515,112461,hrbrthemes
2019-11-23,582,113043,hrbrthemes
2019-11-24,330,113373,hrbrthemes
2019-11-25,477,113850,hrbrthemes
2019-11-26,707,114557,hrbrthemes
2019-11-27,578,115135,hrbrthemes
2019-11-28,510,115645,hrbrthemes
2019-11-29,498,116143,hrbrthemes
2019-11-30,294,116437,hrbrthemes
2019-12-01,302,116739,hrbrthemes
2019-12-02,514,117253,hrbrthemes
2019-12-03,687,117940,hrbrthemes
2019-12-04,650,118590,hrbrthemes
2019-12-05,549,119139,hrbrthemes
2019-12-06,582,119721,hrbrthemes
2019-12-07,268,119989,hrbrthemes
2019-12-08,342,120331,hrbrthemes
2019-12-09,604,120935,hrbrthemes
2019-12-10,636,121571,hrbrthemes
2019-12-11,585,122156,hrbrthemes
2019-12-12,626,122782,hrbrthemes
2019-12-13,584,123366,hrbrthemes
2019-12-14,250,123616,hrbrthemes
2019-12-15,405,124021,hrbrthemes
2019-12-16,967,124988,hrbrthemes
2019-12-17,952,125940,hrbrthemes
2019-12-18,1095,127035,hrbrthemes
2019-12-19,751,127786,hrbrthemes
2019-12-20,647,128433,hrbrthemes
2019-12-21,453,128886,hrbrthemes
2019-12-22,188,129074,hrbrthemes
2019-12-23,539,129613,hrbrthemes
2019-12-24,288,129901,hrbrthemes
2019-12-25,168,130069,hrbrthemes
2019-12-26,398,130467,hrbrthemes
2019-12-27,271,130738,hrbrthemes
2019-12-28,225,130963,hrbrthemes
2019-12-29,243,131206,hrbrthemes
2019-12-30,286,131492,hrbrthemes
2019-12-31,210,131702,hrbrthemes
2020-01-01,163,131865,hrbrthemes
2020-01-02,616,132481,hrbrthemes
2020-01-03,395,132876,hrbrthemes
2020-01-04,265,133141,hrbrthemes
2020-01-05,259,133400,hrbrthemes
2020-01-06,447,133847,hrbrthemes
2020-01-07,563,134410,hrbrthemes
2020-01-08,601,135011,hrbrthemes
2020-01-09,602,135613,hrbrthemes
2020-01-10,479,136092,hrbrthemes
2020-01-11,262,136354,hrbrthemes
2020-01-12,246,136600,hrbrthemes
2020-01-13,533,137133,hrbrthemes
2020-01-14,544,137677,hrbrthemes
2020-01-15,591,138268,hrbrthemes
2020-01-16,563,138831,hrbrthemes
2020-01-17,532,139363,hrbrthemes
2020-01-18,250,139613,hrbrthemes
2020-01-19,247,139860,hrbrthemes
2020-01-20,563,140423,hrbrthemes
2020-01-21,542,140965,hrbrthemes
2020-01-22,668,141633,hrbrthemes
2020-01-23,684,142317,hrbrthemes
2020-01-24,680,142997,hrbrthemes
2020-01-25,273,143270,hrbrthemes
2020-01-26,346,143616,hrbrthemes
2020-01-27,561,144177,hrbrthemes
2020-01-28,509,144686,hrbrthemes
2020-01-29,545,145231,hrbrthemes
2020-01-30,562,145793,hrbrthemes
2020-01-31,444,146237,hrbrthemes
2020-02-01,217,146454,hrbrthemes
2020-02-02,236,146690,hrbrthemes
2020-02-03,429,147119,hrbrthemes
2020-02-04,609,147728,hrbrthemes
2020-02-05,546,148274,hrbrthemes
2020-02-06,561,148835,hrbrthemes
2020-02-07,506,149341,hrbrthemes
2020-02-08,306,149647,hrbrthemes
2020-02-09,310,149957,hrbrthemes
2020-02-10,512,150469,hrbrthemes
2020-02-11,611,151080,hrbrthemes
2020-02-12,609,151689,hrbrthemes
2020-02-13,571,152260,hrbrthemes
2020-02-14,435,152695,hrbrthemes
2020-02-15,232,152927,hrbrthemes
2020-02-16,217,153144,hrbrthemes
2020-02-17,528,153672,hrbrthemes
2020-02-18,680,154352,hrbrthemes
2020-02-19,734,155086,hrbrthemes
2020-02-20,618,155704,hrbrthemes
2020-02-21,507,156211,hrbrthemes
2020-02-22,306,156517,hrbrthemes
2020-02-23,345,156862,hrbrthemes
2020-02-24,553,157415,hrbrthemes
2020-02-25,711,158126,hrbrthemes
2020-02-26,780,158906,hrbrthemes
2020-02-27,684,159590,hrbrthemes
2020-02-28,544,160134,hrbrthemes
2020-02-29,71,160205,hrbrthemes
2020-03-01,285,160490,hrbrthemes
2020-03-02,548,161038,hrbrthemes
2020-03-03,508,161546,hrbrthemes
2020-03-04,702,162248,hrbrthemes
2020-03-05,551,162799,hrbrthemes
2020-03-06,692,163491,hrbrthemes
2020-03-07,776,164267,hrbrthemes
2020-03-08,601,164868,hrbrthemes
2020-03-09,1129,165997,hrbrthemes
2020-03-10,905,166902,hrbrthemes
2020-03-11,1181,168083,hrbrthemes
2020-03-12,910,168993,hrbrthemes
2020-03-13,770,169763,hrbrthemes
2020-03-14,537,170300,hrbrthemes
2020-03-15,514,170814,hrbrthemes
2020-03-16,808,171622,hrbrthemes
2020-03-17,785,172407,hrbrthemes
2020-03-18,765,173172,hrbrthemes
2020-03-19,750,173922,hrbrthemes
2020-03-20,712,174634,hrbrthemes
2020-03-21,593,175227,hrbrthemes
2020-03-22,573,175800,hrbrthemes
2020-03-23,799,176599,hrbrthemes
2020-03-24,981,177580,hrbrthemes
2020-03-25,911,178491,hrbrthemes
2020-03-26,1741,180232,hrbrthemes
2020-03-27,727,180959,hrbrthemes
2020-03-28,536,181495,hrbrthemes
2020-03-29,580,182075,hrbrthemes
2020-03-30,804,182879,hrbrthemes
2020-03-31,845,183724,hrbrthemes
2020-04-01,882,184606,hrbrthemes
2020-04-02,840,185446,hrbrthemes
2020-04-03,714,186160,hrbrthemes
2020-04-04,409,186569,hrbrthemes
2020-04-05,458,187027,hrbrthemes
2020-04-06,814,187841,hrbrthemes
2020-04-07,774,188615,hrbrthemes
2020-04-08,776,189391,hrbrthemes
2020-04-09,812,190203,hrbrthemes
2020-04-10,681,190884,hrbrthemes
2020-04-11,507,191391,hrbrthemes
2020-04-12,522,191913,hrbrthemes
2020-04-13,776,192689,hrbrthemes
2020-04-14,782,193471,hrbrthemes
2020-04-15,806,194277,hrbrthemes
2020-04-16,736,195013,hrbrthemes
2020-04-17,701,195714,hrbrthemes
2020-04-18,493,196207,hrbrthemes
2020-04-19,411,196618,hrbrthemes
2020-04-20,774,197392,hrbrthemes
2020-04-21,772,198164,hrbrthemes
2020-04-22,837,199001,hrbrthemes
2020-04-23,817,199818,hrbrthemes
2020-04-24,850,200668,hrbrthemes
2020-04-25,625,201293,hrbrthemes
2020-04-26,632,201925,hrbrthemes
2020-04-27,826,202751,hrbrthemes
2020-04-28,1059,203810,hrbrthemes
2020-04-29,902,204712,hrbrthemes
2020-04-30,844,205556,hrbrthemes
2020-05-01,826,206382,hrbrthemes
2020-05-02,596,206978,hrbrthemes
2020-05-03,591,207569,hrbrthemes
2020-05-04,864,208433,hrbrthemes
2020-05-05,765,209198,hrbrthemes
2020-05-06,776,209974,hrbrthemes
2020-05-07,761,210735,hrbrthemes
2020-05-08,665,211400,hrbrthemes
2020-05-09,492,211892,hrbrthemes
2020-05-10,498,212390,hrbrthemes
2020-05-11,754,213144,hrbrthemes
2020-05-12,787,213931,hrbrthemes
2020-05-13,787,214718,hrbrthemes
2020-05-14,734,215452,hrbrthemes
2020-05-15,595,216047,hrbrthemes
2020-05-16,447,216494,hrbrthemes
2020-05-17,460,216954,hrbrthemes
2020-05-18,763,217717,hrbrthemes
2020-05-19,789,218506,hrbrthemes
2020-05-20,705,219211,hrbrthemes
2020-05-21,707,219918,hrbrthemes
2020-05-22,621,220539,hrbrthemes
2020-05-23,393,220932,hrbrthemes
2020-05-24,335,221267,hrbrthemes
2020-05-25,557,221824,hrbrthemes
2020-05-26,759,222583,hrbrthemes
2020-05-27,833,223416,hrbrthemes
2020-05-28,708,224124,hrbrthemes
2020-05-29,642,224766,hrbrthemes
2020-05-30,403,225169,hrbrthemes
2020-05-31,531,225700,hrbrthemes
2020-06-01,795,226495,hrbrthemes
2020-06-02,681,227176,hrbrthemes
2020-06-03,768,227944,hrbrthemes
2020-06-04,796,228740,hrbrthemes
2020-06-05,718,229458,hrbrthemes
2020-06-06,362,229820,hrbrthemes
2020-06-07,422,230242,hrbrthemes
2020-06-08,771,231013,hrbrthemes
2020-06-09,712,231725,hrbrthemes
2020-06-10,739,232464,hrbrthemes
2020-06-11,747,233211,hrbrthemes
2020-06-12,609,233820,hrbrthemes
2020-06-13,312,234132,hrbrthemes
2020-06-14,367,234499,hrbrthemes
2020-06-15,663,235162,hrbrthemes
2020-06-16,690,235852,hrbrthemes
2020-06-17,612,236464,hrbrthemes
2020-06-18,689,237153,hrbrthemes
2020-06-19,626,237779,hrbrthemes
2020-06-20,378,238157,hrbrthemes
2020-06-21,368,238525,hrbrthemes
2020-06-22,598,239123,hrbrthemes
2020-06-23,585,239708,hrbrthemes
2020-06-24,628,240336,hrbrthemes
2020-06-25,608,240944,hrbrthemes
2020-06-26,515,241459,hrbrthemes
2020-06-27,335,241794,hrbrthemes
2020-06-28,368,242162,hrbrthemes
2020-06-29,574,242736,hrbrthemes
2020-06-30,656,243392,hrbrthemes
2020-07-01,598,243990,hrbrthemes
2020-07-02,632,244622,hrbrthemes
2020-07-03,500,245122,hrbrthemes
2020-07-04,280,245402,hrbrthemes
2020-07-05,266,245668,hrbrthemes
2020-07-06,592,246260,hrbrthemes
2020-07-07,549,246809,hrbrthemes
2020-07-08,567,247376,hrbrthemes
2020-07-09,716,248092,hrbrthemes
2020-07-10,607,248699,hrbrthemes
2020-07-11,310,249009,hrbrthemes
2020-07-12,292,249301,hrbrthemes
2020-07-13,576,249877,hrbrthemes
2020-07-14,671,250548,hrbrthemes
2020-07-15,628,251176,hrbrthemes
2020-07-16,589,251765,hrbrthemes
2020-07-17,555,252320,hrbrthemes
2020-07-18,329,252649,hrbrthemes
2020-07-19,302,252951,hrbrthemes
2020-07-20,617,253568,hrbrthemes
2020-07-21,607,254175,hrbrthemes
2020-07-22,634,254809,hrbrthemes
2020-07-23,610,255419,hrbrthemes
2020-07-24,486,255905,hrbrthemes
2020-07-25,281,256186,hrbrthemes
2020-07-26,287,256473,hrbrthemes
2020-07-27,535,257008,hrbrthemes
2020-07-28,670,257678,hrbrthemes
2020-07-29,640,258318,hrbrthemes
2020-07-30,626,258944,hrbrthemes
2020-07-31,577,259521,hrbrthemes
2020-08-01,313,259834,hrbrthemes
2020-08-02,311,260145,hrbrthemes
2020-08-03,549,260694,hrbrthemes
2020-08-04,524,261218,hrbrthemes
2020-08-05,583,261801,hrbrthemes
2020-08-06,576,262377,hrbrthemes
2020-08-07,466,262843,hrbrthemes
2020-08-08,258,263101,hrbrthemes
2020-08-09,297,263398,hrbrthemes
2020-08-10,499,263897,hrbrthemes
2020-08-11,518,264415,hrbrthemes
2020-08-12,507,264922,hrbrthemes
2020-08-13,498,265420,hrbrthemes
2020-08-14,431,265851,hrbrthemes
2020-08-15,291,266142,hrbrthemes
2020-08-16,286,266428,hrbrthemes
2020-08-17,509,266937,hrbrthemes
2020-08-18,629,267566,hrbrthemes
2020-08-19,479,268045,hrbrthemes
2020-08-20,540,268585,hrbrthemes
2020-08-21,501,269086,hrbrthemes
2020-08-22,271,269357,hrbrthemes
2020-08-23,297,269654,hrbrthemes
2020-08-24,511,270165,hrbrthemes
2020-08-25,566,270731,hrbrthemes
2020-08-26,520,271251,hrbrthemes
2020-08-27,567,271818,hrbrthemes
2020-08-28,481,272299,hrbrthemes
2020-08-29,438,272737,hrbrthemes
2020-08-30,392,273129,hrbrthemes
2020-08-31,495,273624,hrbrthemes
2020-09-01,631,274255,hrbrthemes
2020-09-02,663,274918,hrbrthemes
2020-09-03,615,275533,hrbrthemes
2020-09-04,511,276044,hrbrthemes
2020-09-05,351,276395,hrbrthemes
2020-09-06,327,276722,hrbrthemes
2020-09-07,466,277188,hrbrthemes
2020-09-08,583,277771,hrbrthemes
2020-09-09,703,278474,hrbrthemes
2020-09-10,624,279098,hrbrthemes
2020-09-11,532,279630,hrbrthemes
2020-09-12,342,279972,hrbrthemes
2020-09-13,322,280294,hrbrthemes
2020-09-14,586,280880,hrbrthemes
2020-09-15,602,281482,hrbrthemes
2020-09-16,713,282195,hrbrthemes
2020-09-17,707,282902,hrbrthemes
2020-09-18,601,283503,hrbrthemes
2020-09-19,298,283801,hrbrthemes
2020-09-20,368,284169,hrbrthemes
2020-09-21,696,284865,hrbrthemes
2020-09-22,784,285649,hrbrthemes
2020-09-23,665,286314,hrbrthemes
2020-09-24,622,286936,hrbrthemes
2020-09-25,638,287574,hrbrthemes
2020-09-26,278,287852,hrbrthemes
2020-09-27,282,288134,hrbrthemes
2020-09-28,581,288715,hrbrthemes
2020-09-29,624,289339,hrbrthemes
2020-09-30,668,290007,hrbrthemes
2020-10-01,623,290630,hrbrthemes
2020-10-02,575,291205,hrbrthemes
2020-10-03,333,291538,hrbrthemes
2020-10-04,351,291889,hrbrthemes
2020-10-05,571,292460,hrbrthemes
2020-10-06,613,293073,hrbrthemes
2020-10-07,594,293667,hrbrthemes
2020-10-08,714,294381,hrbrthemes
2020-10-09,501,294882,hrbrthemes
2020-10-10,308,295190,hrbrthemes
2020-10-11,305,295495,hrbrthemes
2020-10-12,512,296007,hrbrthemes
2020-10-13,628,296635,hrbrthemes
2020-10-14,695,297330,hrbrthemes
2020-10-15,588,297918,hrbrthemes
2020-10-16,495,298413,hrbrthemes
2020-10-17,281,298694,hrbrthemes
2020-10-18,376,299070,hrbrthemes
2020-10-19,575,299645,hrbrthemes
2020-10-20,689,300334,hrbrthemes
2020-10-21,627,300961,hrbrthemes
2020-10-22,621,301582,hrbrthemes
2020-10-23,628,302210,hrbrthemes
2020-10-24,331,302541,hrbrthemes
2020-10-25,369,302910,hrbrthemes
2020-10-26,601,303511,hrbrthemes
2020-10-27,604,304115,hrbrthemes
2020-10-28,638,304753,hrbrthemes
2020-10-29,727,305480,hrbrthemes
2020-10-30,616,306096,hrbrthemes
2020-10-31,370,306466,hrbrthemes
2020-11-01,367,306833,hrbrthemes
2020-11-02,532,307365,hrbrthemes
2020-11-03,653,308018,hrbrthemes
2020-11-04,554,308572,hrbrthemes
2020-11-05,626,309198,hrbrthemes
2020-11-06,564,309762,hrbrthemes
2020-11-07,373,310135,hrbrthemes
2020-11-08,294,310429,hrbrthemes
2020-11-09,590,311019,hrbrthemes
2020-11-10,703,311722,hrbrthemes
2020-11-11,651,312373,hrbrthemes
2020-11-12,1113,313486,hrbrthemes
2020-11-13,616,314102,hrbrthemes
2020-11-14,361,314463,hrbrthemes
2020-11-15,392,314855,hrbrthemes
2020-11-16,664,315519,hrbrthemes
2020-11-17,654,316173,hrbrthemes
2020-11-18,676,316849,hrbrthemes
2020-11-19,603,317452,hrbrthemes
2020-11-20,624,318076,hrbrthemes
2020-11-21,321,318397,hrbrthemes
2020-11-22,389,318786,hrbrthemes
2020-11-23,637,319423,hrbrthemes
2020-11-24,672,320095,hrbrthemes
2020-11-25,541,320636,hrbrthemes
2020-11-26,572,321208,hrbrthemes
2020-11-27,507,321715,hrbrthemes
2020-11-28,480,322195,hrbrthemes
2020-11-29,581,322776,hrbrthemes
2020-11-30,707,323483,hrbrthemes
2020-12-01,660,324143,hrbrthemes
2020-12-02,673,324816,hrbrthemes
2020-12-03,746,325562,hrbrthemes
2020-12-04,702,326264,hrbrthemes
2020-12-05,396,326660,hrbrthemes
2020-12-06,512,327172,hrbrthemes
2020-12-07,685,327857,hrbrthemes
2020-12-08,631,328488,hrbrthemes
2020-12-09,710,329198,hrbrthemes
2020-12-10,699,329897,hrbrthemes
2020-12-11,590,330487,hrbrthemes
2020-12-12,533,331020,hrbrthemes
2020-12-13,463,331483,hrbrthemes
2020-12-14,683,332166,hrbrthemes
2020-12-15,656,332822,hrbrthemes
2020-12-16,658,333480,hrbrthemes
2020-12-17,617,334097,hrbrthemes
2020-12-18,540,334637,hrbrthemes
2020-12-19,283,334920,hrbrthemes
2020-12-20,293,335213,hrbrthemes
2020-12-21,414,335627,hrbrthemes
2020-12-22,486,336113,hrbrthemes
2020-12-23,410,336523,hrbrthemes
2020-12-24,233,336756,hrbrthemes
2020-12-25,170,336926,hrbrthemes
2020-12-26,230,337156,hrbrthemes
2020-12-27,220,337376,hrbrthemes
2020-12-28,335,337711,hrbrthemes
2020-12-29,400,338111,hrbrthemes
2020-12-30,373,338484,hrbrthemes
2020-12-31,234,338718,hrbrthemes
2021-01-01,177,338895,hrbrthemes
2021-01-02,249,339144,hrbrthemes
2021-01-03,269,339413,hrbrthemes
2021-01-04,550,339963,hrbrthemes
2021-01-05,523,340486,hrbrthemes
2021-01-06,620,341106,hrbrthemes
2021-01-07,505,341611,hrbrthemes
2021-01-08,501,342112,hrbrthemes
2021-01-09,292,342404,hrbrthemes
2021-01-10,299,342703,hrbrthemes
2021-01-11,526,343229,hrbrthemes
2021-01-12,527,343756,hrbrthemes
2021-01-13,599,344355,hrbrthemes
2021-01-14,980,345335,hrbrthemes
2021-01-15,514,345849,hrbrthemes
2021-01-16,300,346149,hrbrthemes
2021-01-17,343,346492,hrbrthemes
2021-01-18,564,347056,hrbrthemes
2021-01-19,619,347675,hrbrthemes
2021-01-20,666,348341,hrbrthemes
2021-01-21,597,348938,hrbrthemes
2021-01-22,578,349516,hrbrthemes
2021-01-23,365,349881,hrbrthemes
2021-01-24,304,350185,hrbrthemes
2021-01-25,601,350786,hrbrthemes
2021-01-26,637,351423,hrbrthemes
2021-01-27,743,352166,hrbrthemes
2021-01-28,746,352912,hrbrthemes
2021-01-29,643,353555,hrbrthemes
2021-01-30,355,353910,hrbrthemes
2021-01-31,389,354299,hrbrthemes
2021-02-01,650,354949,hrbrthemes
2021-02-02,741,355690,hrbrthemes
2021-02-03,751,356441,hrbrthemes
2021-02-04,769,357210,hrbrthemes
2021-02-05,589,357799,hrbrthemes
2021-02-06,365,358164,hrbrthemes
2021-02-07,404,358568,hrbrthemes
2021-02-08,656,359224,hrbrthemes
2021-02-09,719,359943,hrbrthemes
2021-02-10,746,360689,hrbrthemes
2021-02-11,711,361400,hrbrthemes
2021-02-12,518,361918,hrbrthemes
2021-02-13,314,362232,hrbrthemes
2021-02-14,350,362582,hrbrthemes
2021-02-15,590,363172,hrbrthemes
2021-02-16,727,363899,hrbrthemes
2021-02-17,724,364623,hrbrthemes
2021-02-18,682,365305,hrbrthemes
2021-02-19,676,365981,hrbrthemes
2021-02-20,366,366347,hrbrthemes
2021-02-21,425,366772,hrbrthemes
2021-02-22,710,367482,hrbrthemes
2021-02-23,730,368212,hrbrthemes
2021-02-24,916,369128,hrbrthemes
2021-02-25,887,370015,hrbrthemes
2021-02-26,770,370785,hrbrthemes
2021-02-27,389,371174,hrbrthemes
2021-02-28,399,371573,hrbrthemes
2021-03-01,637,372210,hrbrthemes
2021-03-02,748,372958,hrbrthemes
2021-03-03,771,373729,hrbrthemes
2021-03-04,786,374515,hrbrthemes
2021-03-05,679,375194,hrbrthemes
2021-03-06,441,375635,hrbrthemes
2021-03-07,396,376031,hrbrthemes
2021-03-08,791,376822,hrbrthemes
2021-03-09,910,377732,hrbrthemes
2021-03-10,878,378610,hrbrthemes
2021-03-11,872,379482,hrbrthemes
2021-03-12,671,380153,hrbrthemes
2021-03-13,384,380537,hrbrthemes
2021-03-14,469,381006,hrbrthemes
2021-03-15,738,381744,hrbrthemes
2021-03-16,898,382642,hrbrthemes
2021-03-17,892,383534,hrbrthemes
2021-03-18,840,384374,hrbrthemes
2021-03-19,763,385137,hrbrthemes
2021-03-20,485,385622,hrbrthemes
2021-03-21,479,386101,hrbrthemes
2021-03-22,817,386918,hrbrthemes
2021-03-23,788,387706,hrbrthemes
2021-03-24,876,388582,hrbrthemes
2021-03-25,808,389390,hrbrthemes
2021-03-26,799,390189,hrbrthemes
2021-03-27,454,390643,hrbrthemes
2021-03-28,482,391125,hrbrthemes
2021-03-29,757,391882,hrbrthemes
2021-03-30,763,392645,hrbrthemes
2021-03-31,745,393390,hrbrthemes
2021-04-01,736,394126,hrbrthemes
2021-04-02,516,394642,hrbrthemes
2021-04-03,374,395016,hrbrthemes
2021-04-04,396,395412,hrbrthemes
2021-04-05,582,395994,hrbrthemes
2021-04-06,840,396834,hrbrthemes
2021-04-07,821,397655,hrbrthemes
2021-04-08,899,398554,hrbrthemes
2021-04-09,758,399312,hrbrthemes
2021-04-10,440,399752,hrbrthemes
2021-04-11,494,400246,hrbrthemes
2021-04-12,770,401016,hrbrthemes
2021-04-13,953,401969,hrbrthemes
2021-04-14,818,402787,hrbrthemes
2021-04-15,818,403605,hrbrthemes
2021-04-16,2174,405779,hrbrthemes
2021-04-17,420,406199,hrbrthemes
2021-04-18,454,406653,hrbrthemes
2021-04-19,886,407539,hrbrthemes
2021-04-20,6856,414395,hrbrthemes
2021-04-21,8741,423136,hrbrthemes
2021-04-22,8522,431658,hrbrthemes
2021-04-23,8743,440401,hrbrthemes
2021-04-24,10389,450790,hrbrthemes
2021-04-25,9051,459841,hrbrthemes
2021-04-26,9684,469525,hrbrthemes
2021-04-27,9820,479345,hrbrthemes
2021-04-28,9370,488715,hrbrthemes
2021-04-29,10784,499499,hrbrthemes
2021-04-30,10635,510134,hrbrthemes
2021-05-01,10807,520941,hrbrthemes
2021-05-02,1455,522396,hrbrthemes
2021-05-03,731,523127,hrbrthemes
2021-05-04,798,523925,hrbrthemes
2021-05-05,815,524740,hrbrthemes
2021-05-06,928,525668,hrbrthemes
2021-05-07,718,526386,hrbrthemes
2021-05-08,453,526839,hrbrthemes
2021-05-09,527,527366,hrbrthemes
2021-05-10,745,528111,hrbrthemes
2021-05-11,790,528901,hrbrthemes
2021-05-12,715,529616,hrbrthemes
2021-05-13,728,530344,hrbrthemes
2021-05-14,673,531017,hrbrthemes
2021-05-15,403,531420,hrbrthemes
2021-05-16,479,531899,hrbrthemes
2021-05-17,721,532620,hrbrthemes
2021-05-18,977,533597,hrbrthemes
2021-05-19,952,534549,hrbrthemes
2021-05-20,925,535474,hrbrthemes
2021-05-21,802,536276,hrbrthemes
2021-05-22,494,536770,hrbrthemes
2021-05-23,519,537289,hrbrthemes
2021-05-24,861,538150,hrbrthemes
2021-05-25,973,539123,hrbrthemes
2021-05-26,923,540046,hrbrthemes
2021-05-27,938,540984,hrbrthemes
2021-05-28,718,541702,hrbrthemes
2021-05-29,456,542158,hrbrthemes
2021-05-30,475,542633,hrbrthemes
2021-05-31,854,543487,hrbrthemes
2021-06-01,930,544417,hrbrthemes
2021-06-02,985,545402,hrbrthemes
2021-06-03,864,546266,hrbrthemes
2021-06-04,767,547033,hrbrthemes
2021-06-05,497,547530,hrbrthemes
2021-06-06,501,548031,hrbrthemes
2021-06-07,895,548926,hrbrthemes
2021-06-08,888,549814,hrbrthemes
2021-06-09,955,550769,hrbrthemes
2021-06-10,836,551605,hrbrthemes
2021-06-11,856,552461,hrbrthemes
2021-06-12,462,552923,hrbrthemes
2021-06-13,431,553354,hrbrthemes
2021-06-14,826,554180,hrbrthemes
2021-06-15,840,555020,hrbrthemes
2021-06-16,995,556015,hrbrthemes
2021-06-17,768,556783,hrbrthemes
2021-06-18,666,557449,hrbrthemes
2021-06-19,381,557830,hrbrthemes
2021-06-20,479,558309,hrbrthemes
2021-06-21,861,559170,hrbrthemes
2021-06-22,1039,560209,hrbrthemes
2021-06-23,692,560901,hrbrthemes
2021-06-24,919,561820,hrbrthemes
2021-06-25,700,562520,hrbrthemes
2021-06-26,300,562820,hrbrthemes
2021-06-27,699,563519,hrbrthemes
2021-06-28,1011,564530,hrbrthemes
2021-06-29,736,565266,hrbrthemes
2021-06-30,736,566002,hrbrthemes
2021-07-01,748,566750,hrbrthemes
2021-07-02,609,567359,hrbrthemes
2021-07-03,403,567762,hrbrthemes
2021-07-04,345,568107,hrbrthemes
2021-07-05,696,568803,hrbrthemes
2021-07-06,708,569511,hrbrthemes
2021-07-07,840,570351,hrbrthemes
2021-07-08,828,571179,hrbrthemes
2021-07-09,718,571897,hrbrthemes
2021-07-10,407,572304,hrbrthemes
2021-07-11,388,572692,hrbrthemes
2021-07-12,795,573487,hrbrthemes
2021-07-13,816,574303,hrbrthemes
2021-07-14,820,575123,hrbrthemes
2021-07-15,709,575832,hrbrthemes
2021-07-16,701,576533,hrbrthemes
2021-07-17,358,576891,hrbrthemes
2021-07-18,389,577280,hrbrthemes
2021-07-19,790,578070,hrbrthemes
2021-07-20,904,578974,hrbrthemes
2021-07-21,844,579818,hrbrthemes
2021-07-22,737,580555,hrbrthemes
2021-07-23,658,581213,hrbrthemes
2021-07-24,316,581529,hrbrthemes
2021-07-25,401,581930,hrbrthemes
2021-07-26,647,582577,hrbrthemes
2021-07-27,800,583377,hrbrthemes
2021-07-28,775,584152,hrbrthemes
2021-07-29,781,584933,hrbrthemes
2021-07-30,685,585618,hrbrthemes
2021-07-31,376,585994,hrbrthemes
2021-08-01,359,586353,hrbrthemes
2021-08-02,664,587017,hrbrthemes
2021-08-03,818,587835,hrbrthemes
2021-08-04,894,588729,hrbrthemes
2021-08-05,673,589402,hrbrthemes
2021-08-06,654,590056,hrbrthemes
2021-08-07,365,590421,hrbrthemes
2021-08-08,343,590764,hrbrthemes
2021-08-09,692,591456,hrbrthemes
2021-08-10,765,592221,hrbrthemes
2021-08-11,741,592962,hrbrthemes
2021-08-12,775,593737,hrbrthemes
2021-08-13,667,594404,hrbrthemes
2021-08-14,335,594739,hrbrthemes
2021-08-15,334,595073,hrbrthemes
2021-08-16,711,595784,hrbrthemes
2021-08-17,820,596604,hrbrthemes
2021-08-18,818,597422,hrbrthemes
2021-08-19,782,598204,hrbrthemes
2021-08-20,1029,599233,hrbrthemes
2021-08-21,362,599595,hrbrthemes
2021-08-22,418,600013,hrbrthemes
2021-08-23,784,600797,hrbrthemes
2021-08-24,789,601586,hrbrthemes
2021-08-25,763,602349,hrbrthemes
2021-08-26,884,603233,hrbrthemes
2021-08-27,1134,604367,hrbrthemes
2021-08-28,378,604745,hrbrthemes
2021-08-29,331,605076,hrbrthemes
2021-08-30,732,605808,hrbrthemes
2021-08-31,753,606561,hrbrthemes
2021-09-01,724,607285,hrbrthemes
2021-09-02,785,608070,hrbrthemes
2021-09-03,696,608766,hrbrthemes
2021-09-04,414,609180,hrbrthemes
2021-09-05,376,609556,hrbrthemes
2021-09-06,647,610203,hrbrthemes
2021-09-07,1082,611285,hrbrthemes
2021-09-08,815,612100,hrbrthemes
2021-09-09,804,612904,hrbrthemes
2021-09-10,780,613684,hrbrthemes
2021-09-11,411,614095,hrbrthemes
2021-09-12,523,614618,hrbrthemes
2021-09-13,867,615485,hrbrthemes
2021-09-14,1103,616588,hrbrthemes
2021-09-15,865,617453,hrbrthemes
2021-09-16,832,618285,hrbrthemes
2021-09-17,791,619076,hrbrthemes
2021-09-18,398,619474,hrbrthemes
2021-09-19,406,619880,hrbrthemes
2021-09-20,817,620697,hrbrthemes
2021-09-21,993,621690,hrbrthemes
2021-09-22,925,622615,hrbrthemes
2021-09-23,859,623474,hrbrthemes
2021-09-24,873,624347,hrbrthemes
2021-09-25,496,624843,hrbrthemes
2021-09-26,440,625283,hrbrthemes
2021-09-27,978,626261,hrbrthemes
2021-09-28,975,627236,hrbrthemes
2021-09-29,949,628185,hrbrthemes
2021-09-30,1000,629185,hrbrthemes
2021-10-01,736,629921,hrbrthemes
2021-10-02,399,630320,hrbrthemes
2021-10-03,396,630716,hrbrthemes
2021-10-04,860,631576,hrbrthemes
2021-10-05,943,632519,hrbrthemes
2021-10-06,922,633441,hrbrthemes
2021-10-07,947,634388,hrbrthemes
2021-10-08,796,635184,hrbrthemes
2021-10-09,462,635646,hrbrthemes
2021-10-10,451,636097,hrbrthemes
2021-10-11,901,636998,hrbrthemes
2021-10-12,964,637962,hrbrthemes
2021-10-13,981,638943,hrbrthemes
2021-10-14,998,639941,hrbrthemes
2021-10-15,775,640716,hrbrthemes
2021-10-16,440,641156,hrbrthemes
2021-10-17,520,641676,hrbrthemes
2021-10-18,886,642562,hrbrthemes
2021-10-19,971,643533,hrbrthemes
2021-10-20,959,644492,hrbrthemes
2021-10-21,897,645389,hrbrthemes
2021-10-22,824,646213,hrbrthemes
2021-10-23,519,646732,hrbrthemes
2021-10-24,566,647298,hrbrthemes
2021-10-25,1069,648367,hrbrthemes
2021-10-26,1104,649471,hrbrthemes
2021-10-27,1110,650581,hrbrthemes
2021-10-28,928,651509,hrbrthemes
2021-10-29,836,652345,hrbrthemes
2021-10-30,492,652837,hrbrthemes
2021-10-31,512,653349,hrbrthemes
2021-11-01,869,654218,hrbrthemes
2021-11-02,882,655100,hrbrthemes
2021-11-03,862,655962,hrbrthemes
2021-11-04,859,656821,hrbrthemes
2021-11-05,865,657686,hrbrthemes
2021-11-06,586,658272,hrbrthemes
2021-11-07,538,658810,hrbrthemes
2021-11-08,969,659779,hrbrthemes
2021-11-09,921,660700,hrbrthemes
2021-11-10,1157,661857,hrbrthemes
2021-11-11,955,662812,hrbrthemes
2021-11-12,1045,663857,hrbrthemes
2021-11-13,562,664419,hrbrthemes
2021-11-14,512,664931,hrbrthemes
2021-11-15,1034,665965,hrbrthemes
2021-11-16,1041,667006,hrbrthemes
2021-11-17,983,667989,hrbrthemes
2021-11-18,1016,669005,hrbrthemes
2021-11-19,903,669908,hrbrthemes
2021-11-20,484,670392,hrbrthemes
2021-11-21,611,671003,hrbrthemes
2021-11-22,911,671914,hrbrthemes
2021-11-23,956,672870,hrbrthemes
2021-11-24,931,673801,hrbrthemes
2021-11-25,783,674584,hrbrthemes
2021-11-26,708,675292,hrbrthemes
2021-11-27,532,675824,hrbrthemes
2021-11-28,560,676384,hrbrthemes
2021-11-29,924,677308,hrbrthemes
2021-11-30,1111,678419,hrbrthemes
2021-12-01,1045,679464,hrbrthemes
2021-12-02,972,680436,hrbrthemes
2021-12-03,922,681358,hrbrthemes
2021-12-04,578,681936,hrbrthemes
2021-12-05,547,682483,hrbrthemes
2021-12-06,1047,683530,hrbrthemes
2021-12-07,1055,684585,hrbrthemes
2021-12-08,949,685534,hrbrthemes
2021-12-09,962,686496,hrbrthemes
2021-12-10,816,687312,hrbrthemes
2021-12-11,607,687919,hrbrthemes
2021-12-12,491,688410,hrbrthemes
2021-12-13,858,689268,hrbrthemes
2021-12-14,878,690146,hrbrthemes
2021-12-15,1069,691215,hrbrthemes
2021-12-16,744,691959,hrbrthemes
2021-12-17,672,692631,hrbrthemes
2021-12-18,512,693143,hrbrthemes
2021-12-19,416,693559,hrbrthemes
2021-12-20,801,694360,hrbrthemes
2021-12-21,711,695071,hrbrthemes
2021-12-22,709,695780,hrbrthemes
2021-12-23,513,696293,hrbrthemes
2021-12-24,303,696596,hrbrthemes
2021-12-25,251,696847,hrbrthemes
2021-12-26,296,697143,hrbrthemes
2021-12-27,464,697607,hrbrthemes
2021-12-28,567,698174,hrbrthemes
2021-12-29,484,698658,hrbrthemes
2021-12-30,450,699108,hrbrthemes
2021-12-31,342,699450,hrbrthemes
2022-01-01,256,699706,hrbrthemes
2022-01-02,393,700099,hrbrthemes
2022-01-03,579,700678,hrbrthemes
2022-01-04,715,701393,hrbrthemes
2022-01-05,728,702121,hrbrthemes
2022-01-06,837,702958,hrbrthemes
2022-01-07,600,703558,hrbrthemes
2022-01-08,367,703925,hrbrthemes
2022-01-09,450,704375,hrbrthemes
2022-01-10,671,705046,hrbrthemes
2022-01-11,817,705863,hrbrthemes
2022-01-12,873,706736,hrbrthemes
2022-01-13,764,707500,hrbrthemes
2022-01-14,755,708255,hrbrthemes
2022-01-15,460,708715,hrbrthemes
2022-01-16,443,709158,hrbrthemes
2022-01-17,814,709972,hrbrthemes
2022-01-18,820,710792,hrbrthemes
2022-01-19,875,711667,hrbrthemes
2022-01-20,790,712457,hrbrthemes
2022-01-21,708,713165,hrbrthemes
2022-01-22,445,713610,hrbrthemes
2022-01-23,493,714103,hrbrthemes
2022-01-24,909,715012,hrbrthemes
2022-01-25,893,715905,hrbrthemes
2022-01-26,935,716840,hrbrthemes
2022-01-27,823,717663,hrbrthemes
2022-01-28,737,718400,hrbrthemes
2022-01-29,470,718870,hrbrthemes
2022-01-30,443,719313,hrbrthemes
2022-01-31,711,720024,hrbrthemes
2022-02-01,764,720788,hrbrthemes
2022-02-02,879,721667,hrbrthemes
2022-02-03,797,722464,hrbrthemes
2022-02-04,797,723261,hrbrthemes
2022-02-05,425,723686,hrbrthemes
2022-02-06,476,724162,hrbrthemes
2022-02-07,934,725096,hrbrthemes
2022-02-08,920,726016,hrbrthemes
2022-02-09,917,726933,hrbrthemes
2022-02-10,812,727745,hrbrthemes
2022-02-11,764,728509,hrbrthemes
2022-02-12,431,728940,hrbrthemes
2022-02-13,446,729386,hrbrthemes
2022-02-14,795,730181,hrbrthemes
2022-02-15,1224,731405,hrbrthemes
2022-02-16,845,732250,hrbrthemes
2022-02-17,900,733150,hrbrthemes
2022-02-18,751,733901,hrbrthemes
2022-02-19,468,734369,hrbrthemes
2022-02-20,384,734753,hrbrthemes
2022-02-21,864,735617,hrbrthemes
2022-02-22,950,736567,hrbrthemes
2022-02-23,928,737495,hrbrthemes
2022-02-24,919,738414,hrbrthemes
2022-02-25,700,739114,hrbrthemes
2022-02-26,463,739577,hrbrthemes
2022-02-27,513,740090,hrbrthemes
2022-02-28,749,740839,hrbrthemes
2022-03-01,1047,741886,hrbrthemes
2022-03-02,918,742804,hrbrthemes
2022-03-03,999,743803,hrbrthemes
2022-03-04,757,744560,hrbrthemes
2022-03-05,451,745011,hrbrthemes
2022-03-06,490,745501,hrbrthemes
2022-03-07,1008,746509,hrbrthemes
2022-03-08,1102,747611,hrbrthemes
2022-03-09,896,748507,hrbrthemes
2022-03-10,1003,749510,hrbrthemes
2022-03-11,865,750375,hrbrthemes
2022-03-12,521,750896,hrbrthemes
2022-03-13,710,751606,hrbrthemes
2022-03-14,1004,752610,hrbrthemes
2022-03-15,1144,753754,hrbrthemes
2022-03-16,1290,755044,hrbrthemes
2022-03-17,1008,756052,hrbrthemes
2022-03-18,870,756922,hrbrthemes
2022-03-19,536,757458,hrbrthemes
2022-03-20,568,758026,hrbrthemes
2022-03-21,942,758968,hrbrthemes
2022-03-22,1156,760124,hrbrthemes
2022-03-23,1080,761204,hrbrthemes
2022-03-24,932,762136,hrbrthemes
2022-03-25,873,763009,hrbrthemes
2022-03-26,462,763471,hrbrthemes
2022-03-27,1412,764883,hrbrthemes
2022-03-28,1214,766097,hrbrthemes
2022-03-29,976,767073,hrbrthemes
2022-03-30,1009,768082,hrbrthemes
2022-03-31,855,768937,hrbrthemes
2022-04-01,849,769786,hrbrthemes
2022-04-02,480,770266,hrbrthemes
2022-04-03,551,770817,hrbrthemes
2022-04-04,971,771788,hrbrthemes
2022-04-05,1090,772878,hrbrthemes
2022-04-06,976,773854,hrbrthemes
2022-04-07,878,774732,hrbrthemes
2022-04-08,857,775589,hrbrthemes
2022-04-09,504,776093,hrbrthemes
2022-04-10,481,776574,hrbrthemes
2022-04-11,888,777462,hrbrthemes
2022-04-12,968,778430,hrbrthemes
2022-04-13,1289,779719,hrbrthemes
2022-04-14,1211,780930,hrbrthemes
2022-04-15,687,781617,hrbrthemes
2022-04-16,514,782131,hrbrthemes
2022-04-17,450,782581,hrbrthemes
2022-04-18,878,783459,hrbrthemes
2022-04-19,1136,784595,hrbrthemes
2022-04-20,1133,785728,hrbrthemes
2022-04-21,1292,787020,hrbrthemes
2022-04-22,1008,788028,hrbrthemes
2022-04-23,630,788658,hrbrthemes
2022-04-24,673,789331,hrbrthemes
2022-04-25,990,790321,hrbrthemes
2022-04-26,1121,791442,hrbrthemes
2022-04-27,1358,792800,hrbrthemes
2022-04-28,2035,794835,hrbrthemes
2022-04-29,3389,798224,hrbrthemes
2022-04-30,521,798745,hrbrthemes
2022-05-01,603,799348,hrbrthemes
2022-05-02,2088,801436,hrbrthemes
2022-05-03,1863,803299,hrbrthemes
2022-05-04,1280,804579,hrbrthemes
2022-05-05,1720,806299,hrbrthemes
2022-05-06,1176,807475,hrbrthemes
2022-05-07,522,807997,hrbrthemes
2022-05-08,718,808715,hrbrthemes
2022-05-09,1417,810132,hrbrthemes
2022-05-10,1379,811511,hrbrthemes
2022-05-11,1168,812679,hrbrthemes
2022-05-12,1184,813863,hrbrthemes
2022-05-13,861,814724,hrbrthemes
2022-05-14,437,815161,hrbrthemes
2022-05-15,463,815624,hrbrthemes
2022-05-16,1086,816710,hrbrthemes
2022-05-17,1118,817828,hrbrthemes
2022-05-18,1486,819314,hrbrthemes
2022-05-19,982,820296,hrbrthemes
2022-05-20,889,821185,hrbrthemes
2022-05-21,456,821641,hrbrthemes
2022-05-22,500,822141,hrbrthemes
2022-05-23,1549,823690,hrbrthemes
2022-05-24,1168,824858,hrbrthemes
2022-05-25,1210,826068,hrbrthemes
2022-05-26,1095,827163,hrbrthemes
2022-05-27,1222,828385,hrbrthemes
2022-05-28,530,828915,hrbrthemes
2022-05-29,633,829548,hrbrthemes
2022-05-30,1039,830587,hrbrthemes
2022-05-31,1742,832329,hrbrthemes
2022-06-01,1530,833859,hrbrthemes
2022-06-02,1279,835138,hrbrthemes
2022-06-03,1003,836141,hrbrthemes
2022-06-04,474,836615,hrbrthemes
2022-06-05,543,837158,hrbrthemes
2022-06-06,945,838103,hrbrthemes
2022-06-07,1548,839651,hrbrthemes
2022-06-08,1144,840795,hrbrthemes
2022-06-09,1023,841818,hrbrthemes
2022-06-10,960,842778,hrbrthemes
2022-06-11,541,843319,hrbrthemes
2022-06-12,589,843908,hrbrthemes
2022-06-13,964,844872,hrbrthemes
2022-06-14,1093,845965,hrbrthemes
2022-06-15,1137,847102,hrbrthemes
2022-06-16,1036,848138,hrbrthemes
2022-06-17,917,849055,hrbrthemes
2022-06-18,517,849572,hrbrthemes
2022-06-19,478,850050,hrbrthemes
2022-06-20,843,850893,hrbrthemes
2022-06-21,1348,852241,hrbrthemes
2022-06-22,1506,853747,hrbrthemes
2022-06-23,974,854721,hrbrthemes
2022-06-24,838,855559,hrbrthemes
2022-06-25,416,855975,hrbrthemes
2022-06-26,466,856441,hrbrthemes
2022-06-27,1476,857917,hrbrthemes
2022-06-28,1366,859283,hrbrthemes
2022-06-29,1148,860431,hrbrthemes
2022-06-30,914,861345,hrbrthemes
2022-07-01,825,862170,hrbrthemes
2022-07-02,430,862600,hrbrthemes
2022-07-03,471,863071,hrbrthemes
2022-07-04,779,863850,hrbrthemes
2022-07-05,995,864845,hrbrthemes
2022-07-06,1068,865913,hrbrthemes
2022-07-07,870,866783,hrbrthemes
2022-07-08,680,867463,hrbrthemes
2022-07-09,406,867869,hrbrthemes
2022-07-10,483,868352,hrbrthemes
2022-07-11,831,869183,hrbrthemes
2022-07-12,852,870035,hrbrthemes
2022-07-13,1303,871338,hrbrthemes
2022-07-14,914,872252,hrbrthemes
2022-07-15,897,873149,hrbrthemes
2022-07-16,381,873530,hrbrthemes
2022-07-17,365,873895,hrbrthemes
2022-07-18,1042,874937,hrbrthemes
2022-07-19,1136,876073,hrbrthemes
2022-07-20,891,876964,hrbrthemes
2022-07-21,746,877710,hrbrthemes
2022-07-22,752,878462,hrbrthemes
2022-07-23,363,878825,hrbrthemes
2022-07-24,379,879204,hrbrthemes
2022-07-25,905,880109,hrbrthemes
2022-07-26,941,881050,hrbrthemes
2022-07-27,866,881916,hrbrthemes
2022-07-28,852,882768,hrbrthemes
2022-07-29,658,883426,hrbrthemes
2022-07-30,341,883767,hrbrthemes
2022-07-31,364,884131,hrbrthemes
2022-08-01,870,885001,hrbrthemes
2022-08-02,952,885953,hrbrthemes
2022-08-03,926,886879,hrbrthemes
2022-08-04,928,887807,hrbrthemes
2022-08-05,620,888427,hrbrthemes
2022-08-06,341,888768,hrbrthemes
2022-08-07,355,889123,hrbrthemes
2022-08-08,801,889924,hrbrthemes
2022-08-09,1300,891224,hrbrthemes
2022-08-10,797,892021,hrbrthemes
2022-08-11,695,892716,hrbrthemes
2022-08-12,788,893504,hrbrthemes
2022-08-13,396,893900,hrbrthemes
2022-08-14,406,894306,hrbrthemes
2022-08-15,714,895020,hrbrthemes
2022-08-16,1070,896090,hrbrthemes
2022-08-17,885,896975,hrbrthemes
2022-08-18,828,897803,hrbrthemes
2022-08-19,866,898669,hrbrthemes
2022-08-20,512,899181,hrbrthemes
2022-08-21,462,899643,hrbrthemes
2022-08-22,914,900557,hrbrthemes
2022-08-23,782,901339,hrbrthemes
2022-08-24,1188,902527,hrbrthemes
2022-08-25,869,903396,hrbrthemes
2022-08-26,1301,904697,hrbrthemes
2022-08-27,754,905451,hrbrthemes
2022-08-28,771,906222,hrbrthemes
2022-08-29,1960,908182,hrbrthemes
2022-08-30,1588,909770,hrbrthemes
2022-08-31,1851,911621,hrbrthemes
2022-09-01,1711,913332,hrbrthemes
2022-09-02,2095,915427,hrbrthemes
2022-09-03,690,916117,hrbrthemes
2022-09-04,846,916963,hrbrthemes
2022-09-05,4131,921094,hrbrthemes
2022-09-06,10525,931619,hrbrthemes
2022-09-07,7627,939246,hrbrthemes
2022-09-08,7613,946859,hrbrthemes
2022-09-09,6462,953321,hrbrthemes
2022-09-10,6958,960279,hrbrthemes
2022-09-11,6283,966562,hrbrthemes
2022-09-12,8968,975530,hrbrthemes
2022-09-13,8001,983531,hrbrthemes
2022-09-14,7854,991385,hrbrthemes
2022-09-15,5472,996857,hrbrthemes
2022-09-16,7793,1004650,hrbrthemes
2022-09-17,6941,1011591,hrbrthemes
2022-09-18,6951,1018542,hrbrthemes
2022-09-19,10418,1028960,hrbrthemes
2022-09-20,10996,1039956,hrbrthemes
2022-09-21,10617,1050573,hrbrthemes
2022-09-22,10381,1060954,hrbrthemes
2022-09-23,10311,1071265,hrbrthemes
2022-09-24,10148,1081413,hrbrthemes
2022-09-25,9984,1091397,hrbrthemes
2022-09-26,10300,1101697,hrbrthemes
2022-09-27,10185,1111882,hrbrthemes
2022-09-28,11630,1123512,hrbrthemes
2022-09-29,10969,1134481,hrbrthemes
2022-09-30,10812,1145293,hrbrthemes
2022-10-01,10370,1155663,hrbrthemes
2022-10-02,10309,1165972,hrbrthemes
2022-10-03,10820,1176792,hrbrthemes
2022-10-04,10859,1187651,hrbrthemes
2022-10-05,10549,1198200,hrbrthemes
2022-10-06,9612,1207812,hrbrthemes
2022-10-07,9515,1217327,hrbrthemes
2022-10-08,8571,1225898,hrbrthemes
2022-10-09,9492,1235390,hrbrthemes
2022-10-10,10274,1245664,hrbrthemes
2022-10-11,10048,1255712,hrbrthemes
2022-10-12,10125,1265837,hrbrthemes
2022-10-13,10517,1276354,hrbrthemes
2022-10-14,10381,1286735,hrbrthemes
2022-10-15,9459,1296194,hrbrthemes
2022-10-16,9940,1306134,hrbrthemes
2022-10-17,10675,1316809,hrbrthemes
2022-10-18,10403,1327212,hrbrthemes
2022-10-19,8731,1335943,hrbrthemes
2022-10-20,10666,1346609,hrbrthemes
2022-10-21,10452,1357061,hrbrthemes
2022-10-22,10003,1367064,hrbrthemes
2022-10-23,10024,1377088,hrbrthemes
2022-10-24,10029,1387117,hrbrthemes
2022-10-25,10225,1397342,hrbrthemes
2022-10-26,9293,1406635,hrbrthemes
2022-10-27,10044,1416679,hrbrthemes
2022-10-28,9903,1426582,hrbrthemes
2022-10-29,8257,1434839,hrbrthemes
2022-10-30,8939,1443778,hrbrthemes
2022-10-31,10344,1454122,hrbrthemes
2022-11-01,10428,1464550,hrbrthemes
2022-11-02,9863,1474413,hrbrthemes
2022-11-03,9909,1484322,hrbrthemes
2022-11-04,8493,1492815,hrbrthemes
2022-11-05,6144,1498959,hrbrthemes
2022-11-06,6426,1505385,hrbrthemes
2022-11-07,7366,1512751,hrbrthemes
2022-11-08,7081,1519832,hrbrthemes
2022-11-09,7392,1527224,hrbrthemes
2022-11-10,7410,1534634,hrbrthemes
2022-11-11,6370,1541004,hrbrthemes
2022-11-12,6409,1547413,hrbrthemes
2022-11-13,6599,1554012,hrbrthemes
2022-11-14,7215,1561227,hrbrthemes
2022-11-15,6240,1567467,hrbrthemes
2022-11-16,6584,1574051,hrbrthemes
2022-11-17,6049,1580100,hrbrthemes
2022-11-18,6272,1586372,hrbrthemes
2022-11-19,5255,1591627,hrbrthemes
2022-11-20,10446,1602073,hrbrthemes
2022-11-21,6028,1608101,hrbrthemes
2022-11-22,5606,1613707,hrbrthemes
2022-11-23,4525,1618232,hrbrthemes
2022-11-24,5128,1623360,hrbrthemes
2022-11-25,6382,1629742,hrbrthemes
2022-11-26,6117,1635859,hrbrthemes
2022-11-27,6337,1642196,hrbrthemes
2022-11-28,6451,1648647,hrbrthemes
2022-11-29,4929,1653576,hrbrthemes
2022-11-30,6671,1660247,hrbrthemes
2022-12-01,6782,1667029,hrbrthemes
2022-12-02,6633,1673662,hrbrthemes
2022-12-03,6577,1680239,hrbrthemes
2022-12-04,6803,1687042,hrbrthemes
2022-12-05,6566,1693608,hrbrthemes
2022-12-06,6691,1700299,hrbrthemes
2022-12-07,7039,1707338,hrbrthemes
2022-12-08,6959,1714297,hrbrthemes
2022-12-09,6544,1720841,hrbrthemes
2022-12-10,6164,1727005,hrbrthemes
2022-12-11,6320,1733325,hrbrthemes
2022-12-12,6522,1739847,hrbrthemes
2022-12-13,6477,1746324,hrbrthemes
2022-12-14,6607,1752931,hrbrthemes
2022-12-15,6546,1759477,hrbrthemes
2022-12-16,6520,1765997,hrbrthemes
2022-12-17,6042,1772039,hrbrthemes
2022-12-18,5939,1777978,hrbrthemes
2022-12-19,6383,1784361,hrbrthemes
2022-12-20,6451,1790812,hrbrthemes
2022-12-21,6302,1797114,hrbrthemes
2022-12-22,6358,1803472,hrbrthemes
2022-12-23,6170,1809642,hrbrthemes
2022-12-24,5892,1815534,hrbrthemes
2022-12-25,5816,1821350,hrbrthemes
2022-12-26,5663,1827013,hrbrthemes
2022-12-27,6096,1833109,hrbrthemes
2022-12-28,6146,1839255,hrbrthemes
2022-12-29,6104,1845359,hrbrthemes
2022-12-30,6227,1851586,hrbrthemes
2022-12-31,6085,1857671,hrbrthemes
2023-01-01,6086,1863757,hrbrthemes
2023-01-02,6255,1870012,hrbrthemes
2023-01-03,6556,1876568,hrbrthemes
2023-01-04,6577,1883145,hrbrthemes
2023-01-05,5968,1889113,hrbrthemes
2023-01-06,5951,1895064,hrbrthemes
2023-01-07,5028,1900092,hrbrthemes
2023-01-08,6132,1906224,hrbrthemes
2023-01-09,6285,1912509,hrbrthemes
2023-01-10,6491,1919000,hrbrthemes
2023-01-11,6487,1925487,hrbrthemes
2023-01-12,6474,1931961,hrbrthemes
2023-01-13,6315,1938276,hrbrthemes
2023-01-14,6099,1944375,hrbrthemes
2023-01-15,6036,1950411,hrbrthemes
2023-01-16,6478,1956889,hrbrthemes
2023-01-17,5757,1962646,hrbrthemes
2023-01-18,6442,1969088,hrbrthemes
2023-01-19,5438,1974526,hrbrthemes
2023-01-20,6504,1981030,hrbrthemes
2023-01-21,6068,1987098,hrbrthemes
2023-01-22,6006,1993104,hrbrthemes
2023-01-23,6541,1999645,hrbrthemes
2023-01-24,6427,2006072,hrbrthemes
2023-01-25,6915,2012987,hrbrthemes
2023-01-26,6600,2019587,hrbrthemes
2023-01-27,6277,2025864,hrbrthemes
2023-01-28,6143,2032007,hrbrthemes
2023-01-29,6039,2038046,hrbrthemes
2023-01-30,7774,2045820,hrbrthemes
2023-01-31,8660,2054480,hrbrthemes
2023-02-01,7140,2061620,hrbrthemes
2023-02-02,7657,2069277,hrbrthemes
2023-02-03,7644,2076921,hrbrthemes
2023-02-04,6071,2082992,hrbrthemes
2023-02-05,6023,2089015,hrbrthemes
2023-02-06,5386,2094401,hrbrthemes
2023-02-07,5802,2100203,hrbrthemes
2023-02-08,5424,2105627,hrbrthemes
2023-02-09,5578,2111205,hrbrthemes
2023-02-10,5554,2116759,hrbrthemes
2023-02-11,5390,2122149,hrbrthemes
2023-02-12,5488,2127637,hrbrthemes
2023-02-13,5998,2133635,hrbrthemes
2023-02-14,5967,2139602,hrbrthemes
2023-02-15,4700,2144302,hrbrthemes
2023-02-16,4274,2148576,hrbrthemes
2023-02-17,4010,2152586,hrbrthemes
2023-02-18,929,2153515,hrbrthemes
2023-02-19,612,2154127,hrbrthemes
2023-02-20,924,2155051,hrbrthemes
2023-02-21,1213,2156264,hrbrthemes
2023-02-22,1029,2157293,hrbrthemes
2023-02-23,1274,2158567,hrbrthemes
2023-02-24,968,2159535,hrbrthemes
2023-02-25,794,2160329,hrbrthemes
2023-02-26,657,2160986,hrbrthemes
2023-02-27,1160,2162146,hrbrthemes
2023-02-28,1175,2163321,hrbrthemes
2023-03-01,1280,2164601,hrbrthemes
2023-03-02,1239,2165840,hrbrthemes
2023-03-03,1028,2166868,hrbrthemes
2023-03-04,610,2167478,hrbrthemes
2023-03-05,528,2168006,hrbrthemes
2023-03-06,1034,2169040,hrbrthemes
2023-03-07,1053,2170093,hrbrthemes
2023-03-08,1012,2171105,hrbrthemes
2023-03-09,958,2172063,hrbrthemes
2023-03-10,1069,2173132,hrbrthemes
2023-03-11,524,2173656,hrbrthemes
2023-03-12,591,2174247,hrbrthemes
2023-03-13,995,2175242,hrbrthemes
2023-03-14,935,2176177,hrbrthemes
2023-03-15,1085,2177262,hrbrthemes
2023-03-16,2502,2179764,hrbrthemes
2023-03-17,4255,2184019,hrbrthemes
2023-03-18,3667,2187686,hrbrthemes
2023-03-19,3980,2191666,hrbrthemes
2023-03-20,3772,2195438,hrbrthemes
2023-03-21,3896,2199334,hrbrthemes
2023-03-22,4216,2203550,hrbrthemes
2023-03-23,4146,2207696,hrbrthemes
2023-03-24,4004,2211700,hrbrthemes
2023-03-25,3689,2215389,hrbrthemes
2023-03-26,2946,2218335,hrbrthemes
2023-03-27,3481,2221816,hrbrthemes
2023-03-28,3204,2225020,hrbrthemes
2023-03-29,4127,2229147,hrbrthemes
2023-03-30,3455,2232602,hrbrthemes
2023-03-31,3312,2235914,hrbrthemes
2023-04-01,3148,2239062,hrbrthemes
2023-04-02,3077,2242139,hrbrthemes
2023-04-03,3522,2245661,hrbrthemes
2023-04-04,3314,2248975,hrbrthemes
2023-04-05,3427,2252402,hrbrthemes
2023-04-06,3336,2255738,hrbrthemes
2023-04-07,3233,2258971,hrbrthemes
2023-04-08,3023,2261994,hrbrthemes
2023-04-09,3391,2265385,hrbrthemes
2023-04-10,3674,2269059,hrbrthemes
2023-04-11,3416,2272475,hrbrthemes
2023-04-12,3137,2275612,hrbrthemes
2023-04-13,3383,2278995,hrbrthemes
2023-04-14,3490,2282485,hrbrthemes
2023-04-15,2896,2285381,hrbrthemes
2023-04-16,2993,2288374,hrbrthemes
2023-04-17,3576,2291950,hrbrthemes
2023-04-18,3504,2295454,hrbrthemes
2023-04-19,3226,2298680,hrbrthemes
2023-04-20,3247,2301927,hrbrthemes
2023-04-21,4002,2305929,hrbrthemes
2023-04-22,3787,2309716,hrbrthemes
2023-04-23,3821,2313537,hrbrthemes
2023-04-24,4318,2317855,hrbrthemes
2023-04-25,4385,2322240,hrbrthemes
2023-04-26,4435,2326675,hrbrthemes
2023-04-27,4387,2331062,hrbrthemes
2023-04-28,4150,2335212,hrbrthemes
2023-04-29,3735,2338947,hrbrthemes
2023-04-30,3807,2342754,hrbrthemes
2023-05-01,4064,2346818,hrbrthemes
2023-05-02,4250,2351068,hrbrthemes
2023-05-03,3987,2355055,hrbrthemes
2023-05-04,4096,2359151,hrbrthemes
2023-05-05,3736,2362887,hrbrthemes
2023-05-06,3640,2366527,hrbrthemes
2023-05-07,2941,2369468,hrbrthemes
2023-05-08,4261,2373729,hrbrthemes
2023-05-09,3743,2377472,hrbrthemes
2023-05-10,3936,2381408,hrbrthemes
2023-05-11,4040,2385448,hrbrthemes
2023-05-12,4033,2389481,hrbrthemes
2023-05-13,3768,2393249,hrbrthemes
2023-05-14,3580,2396829,hrbrthemes
2023-05-15,4272,2401101,hrbrthemes
2023-05-16,4139,2405240,hrbrthemes
2023-05-17,4226,2409466,hrbrthemes
2023-05-18,4256,2413722,hrbrthemes
2023-05-19,4200,2417922,hrbrthemes
2023-05-20,3656,2421578,hrbrthemes
2023-05-21,3687,2425265,hrbrthemes
2023-05-22,4058,2429323,hrbrthemes
2023-05-23,4111,2433434,hrbrthemes
2023-05-24,3992,2437426,hrbrthemes
2023-05-25,3889,2441315,hrbrthemes
2023-05-26,3782,2445097,hrbrthemes
2023-05-27,3550,2448647,hrbrthemes
2023-05-28,3549,2452196,hrbrthemes
2023-05-29,3886,2456082,hrbrthemes
2023-05-30,4057,2460139,hrbrthemes
2023-05-31,3975,2464114,hrbrthemes
2023-06-01,4057,2468171,hrbrthemes
2023-06-02,3938,2472109,hrbrthemes
2023-06-03,3664,2475773,hrbrthemes
2023-06-04,3514,2479287,hrbrthemes
2023-06-05,3829,2483116,hrbrthemes
2023-06-06,3943,2487059,hrbrthemes
2023-06-07,4025,2491084,hrbrthemes
2023-06-08,3745,2494829,hrbrthemes
2023-06-09,4003,2498832,hrbrthemes
2023-06-10,2507,2501339,hrbrthemes
2023-06-11,2481,2503820,hrbrthemes
2023-06-12,3817,2507637,hrbrthemes
2023-06-13,3857,2511494,hrbrthemes
2023-06-14,3901,2515395,hrbrthemes
2023-06-15,3649,2519044,hrbrthemes
2023-06-16,1051,2520095,hrbrthemes
2023-06-17,366,2520461,hrbrthemes
2023-06-18,335,2520796,hrbrthemes
2023-06-19,797,2521593,hrbrthemes
2023-06-20,810,2522403,hrbrthemes
2023-06-21,777,2523180,hrbrthemes
2023-06-22,680,2523860,hrbrthemes
2023-06-23,655,2524515,hrbrthemes
2023-06-24,351,2524866,hrbrthemes
2023-06-25,351,2525217,hrbrthemes
2023-06-26,753,2525970,hrbrthemes
2023-06-27,806,2526776,hrbrthemes
2023-06-28,707,2527483,hrbrthemes
2023-06-29,646,2528129,hrbrthemes
2023-06-30,663,2528792,hrbrthemes
2023-07-01,424,2529216,hrbrthemes
2023-07-02,418,2529634,hrbrthemes
2023-07-03,729,2530363,hrbrthemes
2023-07-04,671,2531034,hrbrthemes
2023-07-05,812,2531846,hrbrthemes
2023-07-06,1240,2533086,hrbrthemes
2023-07-07,829,2533915,hrbrthemes
2023-07-08,645,2534560,hrbrthemes
2023-07-09,323,2534883,hrbrthemes
2023-07-10,771,2535654,hrbrthemes
2023-07-11,781,2536435,hrbrthemes
2023-07-12,733,2537168,hrbrthemes
2023-07-13,641,2537809,hrbrthemes
2023-07-14,599,2538408,hrbrthemes
2023-07-15,308,2538716,hrbrthemes
2023-07-16,247,2538963,hrbrthemes
2023-07-17,753,2539716,hrbrthemes
2023-07-18,709,2540425,hrbrthemes
2023-07-19,729,2541154,hrbrthemes
2023-07-20,587,2541741,hrbrthemes
2023-07-21,668,2542409,hrbrthemes
2023-07-22,286,2542695,hrbrthemes
2023-07-23,279,2542974,hrbrthemes
2023-07-24,632,2543606,hrbrthemes
2023-07-25,909,2544515,hrbrthemes
2023-07-26,1720,2546235,hrbrthemes
2023-07-27,2812,2549047,hrbrthemes
2023-07-28,2735,2551782,hrbrthemes
2023-07-29,2600,2554382,hrbrthemes
2023-07-30,2805,2557187,hrbrthemes
2023-07-31,1603,2558790,hrbrthemes
2023-08-01,693,2559483,hrbrthemes
2023-08-02,613,2560096,hrbrthemes
2023-08-03,742,2560838,hrbrthemes
2023-08-04,559,2561397,hrbrthemes
2023-08-05,304,2561701,hrbrthemes
2023-08-06,315,2562016,hrbrthemes
2023-08-07,576,2562592,hrbrthemes
2023-08-08,645,2563237,hrbrthemes
2023-08-09,637,2563874,hrbrthemes
2023-08-10,597,2564471,hrbrthemes
2023-08-11,564,2565035,hrbrthemes
2023-08-12,287,2565322,hrbrthemes
2023-08-13,299,2565621,hrbrthemes
2023-08-14,585,2566206,hrbrthemes
2023-08-15,611,2566817,hrbrthemes
2023-08-16,615,2567432,hrbrthemes
2023-08-17,581,2568013,hrbrthemes
2023-08-18,630,2568643,hrbrthemes
2023-08-19,327,2568970,hrbrthemes
2023-08-20,293,2569263,hrbrthemes
2023-08-21,597,2569860,hrbrthemes
2023-08-22,784,2570644,hrbrthemes
2023-08-23,681,2571325,hrbrthemes
2023-08-24,682,2572007,hrbrthemes
2023-08-25,601,2572608,hrbrthemes
2023-08-26,316,2572924,hrbrthemes
2023-08-27,283,2573207,hrbrthemes
2023-08-28,778,2573985,hrbrthemes
2023-08-29,676,2574661,hrbrthemes
2023-08-30,724,2575385,hrbrthemes
2023-08-31,665,2576050,hrbrthemes
2023-09-01,557,2576607,hrbrthemes
2023-09-02,355,2576962,hrbrthemes
2023-09-03,377,2577339,hrbrthemes
2023-09-04,595,2577934,hrbrthemes
2023-09-05,728,2578662,hrbrthemes
2023-09-06,724,2579386,hrbrthemes
2023-09-07,683,2580069,hrbrthemes
2023-09-08,647,2580716,hrbrthemes
2023-09-09,313,2581029,hrbrthemes
2023-09-10,402,2581431,hrbrthemes
2023-09-11,738,2582169,hrbrthemes
2023-09-12,741,2582910,hrbrthemes
2023-09-13,737,2583647,hrbrthemes
2023-09-14,710,2584357,hrbrthemes
2023-09-15,663,2585020,hrbrthemes
2023-09-16,318,2585338,hrbrthemes
2023-09-17,321,2585659,hrbrthemes
2023-09-18,690,2586349,hrbrthemes
2023-09-19,759,2587108,hrbrthemes
2023-09-20,792,2587900,hrbrthemes
2023-09-21,969,2588869,hrbrthemes
2023-09-22,659,2589528,hrbrthemes
2023-09-23,354,2589882,hrbrthemes
2023-09-24,322,2590204,hrbrthemes
2023-09-25,699,2590903,hrbrthemes
2023-09-26,882,2591785,hrbrthemes
2023-09-27,747,2592532,hrbrthemes
2023-09-28,777,2593309,hrbrthemes
2023-09-29,573,2593882,hrbrthemes
2023-09-30,288,2594170,hrbrthemes
2023-10-01,367,2594537,hrbrthemes
2023-10-02,650,2595187,hrbrthemes
2023-10-03,726,2595913,hrbrthemes
2023-10-04,744,2596657,hrbrthemes
2023-10-05,857,2597514,hrbrthemes
2023-10-06,628,2598142,hrbrthemes
2023-10-07,473,2598615,hrbrthemes
2023-10-08,372,2598987,hrbrthemes
2023-10-09,767,2599754,hrbrthemes
2023-10-10,863,2600617,hrbrthemes
2023-10-11,789,2601406,hrbrthemes
2023-10-12,831,2602237,hrbrthemes
2023-10-13,686,2602923,hrbrthemes
2023-10-14,344,2603267,hrbrthemes
2023-10-15,372,2603639,hrbrthemes
2023-10-16,857,2604496,hrbrthemes
2023-10-17,925,2605421,hrbrthemes
2023-10-18,993,2606414,hrbrthemes
2023-10-19,761,2607175,hrbrthemes
2023-10-20,686,2607861,hrbrthemes
2023-10-21,368,2608229,hrbrthemes
2023-10-22,408,2608637,hrbrthemes
2023-10-23,803,2609440,hrbrthemes
2023-10-24,830,2610270,hrbrthemes
2023-10-25,856,2611126,hrbrthemes
2023-10-26,877,2612003,hrbrthemes
2023-10-27,610,2612613,hrbrthemes
2023-10-28,351,2612964,hrbrthemes
2023-10-29,440,2613404,hrbrthemes
2023-10-30,906,2614310,hrbrthemes
2023-10-31,802,2615112,hrbrthemes
2023-11-01,681,2615793,hrbrthemes
2023-11-02,835,2616628,hrbrthemes
2023-11-03,709,2617337,hrbrthemes
2023-11-04,383,2617720,hrbrthemes
2023-11-05,420,2618140,hrbrthemes
2023-11-06,769,2618909,hrbrthemes
2023-11-07,927,2619836,hrbrthemes
2023-11-08,745,2620581,hrbrthemes
2023-11-09,837,2621418,hrbrthemes
2023-11-10,681,2622099,hrbrthemes
2023-11-11,421,2622520,hrbrthemes
2023-11-12,388,2622908,hrbrthemes
2023-11-13,887,2623795,hrbrthemes
2023-11-14,968,2624763,hrbrthemes
2023-11-15,895,2625658,hrbrthemes
2023-11-16,814,2626472,hrbrthemes
2023-11-17,775,2627247,hrbrthemes
2023-11-18,421,2627668,hrbrthemes
2023-11-19,362,2628030,hrbrthemes
2023-11-20,826,2628856,hrbrthemes
2023-11-21,825,2629681,hrbrthemes
2023-11-22,911,2630592,hrbrthemes
2023-11-23,791,2631383,hrbrthemes
2023-11-24,749,2632132,hrbrthemes
2023-11-25,352,2632484,hrbrthemes
2023-11-26,441,2632925,hrbrthemes
2023-11-27,962,2633887,hrbrthemes
2023-11-28,846,2634733,hrbrthemes
2023-11-29,779,2635512,hrbrthemes
2023-11-30,738,2636250,hrbrthemes
2023-12-01,711,2636961,hrbrthemes
2023-12-02,461,2637422,hrbrthemes
2023-12-03,387,2637809,hrbrthemes
2023-12-04,867,2638676,hrbrthemes
2023-12-05,902,2639578,hrbrthemes
2023-12-06,712,2640290,hrbrthemes
2023-12-07,766,2641056,hrbrthemes
2023-12-08,638,2641694,hrbrthemes
2023-12-09,362,2642056,hrbrthemes
2023-12-10,411,2642467,hrbrthemes
2023-12-11,861,2643328,hrbrthemes
2023-12-12,2128,2645456,hrbrthemes
2023-12-13,1521,2646977,hrbrthemes
2023-12-14,685,2647662,hrbrthemes
2023-12-15,591,2648253,hrbrthemes
2023-12-16,297,2648550,hrbrthemes
2023-12-17,574,2649124,hrbrthemes
2023-12-18,569,2649693,hrbrthemes
2023-12-19,526,2650219,hrbrthemes
2023-12-20,529,2650748,hrbrthemes
2023-12-21,560,2651308,hrbrthemes
2023-12-22,407,2651715,hrbrthemes
2023-12-23,209,2651924,hrbrthemes
2023-12-24,192,2652116,hrbrthemes
2023-12-25,208,2652324,hrbrthemes
2023-12-26,297,2652621,hrbrthemes
2023-12-27,333,2652954,hrbrthemes
2023-12-28,341,2653295,hrbrthemes
2023-12-29,301,2653596,hrbrthemes
2023-12-30,245,2653841,hrbrthemes
2023-12-31,189,2654030,hrbrthemes
2024-01-01,207,2654237,hrbrthemes
2024-01-02,400,2654637,hrbrthemes
2024-01-03,460,2655097,hrbrthemes
2024-01-04,758,2655855,hrbrthemes
2024-01-05,1250,2657105,hrbrthemes
2024-01-06,1696,2658801,hrbrthemes
2024-01-07,2167,2660968,hrbrthemes
2024-01-08,627,2661595,hrbrthemes
2024-01-09,543,2662138,hrbrthemes
2024-01-10,599,2662737,hrbrthemes
2024-01-11,708,2663445,hrbrthemes
2024-01-12,682,2664127,hrbrthemes
2024-01-13,523,2664650,hrbrthemes
2024-01-14,352,2665002,hrbrthemes
2024-01-15,608,2665610,hrbrthemes
2024-01-16,672,2666282,hrbrthemes
2024-01-17,622,2666904,hrbrthemes
2024-01-18,667,2667571,hrbrthemes
2024-01-19,1780,2669351,hrbrthemes
2024-01-20,1085,2670436,hrbrthemes
2024-01-21,1658,2672094,hrbrthemes
2024-01-22,586,2672680,hrbrthemes
2024-01-23,752,2673432,hrbrthemes
2024-01-24,857,2674289,hrbrthemes
2024-01-25,813,2675102,hrbrthemes
2024-01-26,549,2675651,hrbrthemes
2024-01-27,348,2675999,hrbrthemes
2024-01-28,309,2676308,hrbrthemes
2024-01-29,636,2676944,hrbrthemes
2024-01-30,707,2677651,hrbrthemes
2024-01-31,657,2678308,hrbrthemes
2024-02-01,638,2678946,hrbrthemes
2024-02-02,557,2679503,hrbrthemes
2024-02-03,327,2679830,hrbrthemes
2024-02-04,630,2680460,hrbrthemes
2024-02-05,3278,2683738,hrbrthemes
2024-02-06,3407,2687145,hrbrthemes
2024-02-07,3159,2690304,hrbrthemes
2024-02-08,3436,2693740,hrbrthemes
2024-02-09,3229,2696969,hrbrthemes
2024-02-10,2870,2699839,hrbrthemes
2024-02-11,2867,2702706,hrbrthemes
2024-02-12,3261,2705967,hrbrthemes
2024-02-13,3277,2709244,hrbrthemes
2024-02-14,1649,2710893,hrbrthemes
2024-02-15,653,2711546,hrbrthemes
2024-02-16,625,2712171,hrbrthemes
2024-02-17,334,2712505,hrbrthemes
2024-02-18,331,2712836,hrbrthemes
2024-02-19,675,2713511,hrbrthemes
2024-02-20,709,2714220,hrbrthemes
2024-02-21,748,2714968,hrbrthemes
2024-02-22,728,2715696,hrbrthemes
2024-02-23,633,2716329,hrbrthemes
2024-02-24,357,2716686,hrbrthemes
2024-02-25,358,2717044,hrbrthemes
2024-02-26,725,2717769,hrbrthemes
2024-02-27,851,2718620,hrbrthemes
2024-02-28,763,2719383,hrbrthemes
2024-02-29,761,2720144,hrbrthemes
2024-03-01,685,2720829,hrbrthemes
2024-03-02,426,2721255,hrbrthemes
2024-03-03,389,2721644,hrbrthemes
2024-03-04,2462,2724106,hrbrthemes
2024-03-05,2463,2726569,hrbrthemes
2024-03-06,1484,2728053,hrbrthemes
2024-03-07,1385,2729438,hrbrthemes
2024-03-08,1178,2730616,hrbrthemes
2024-03-09,549,2731165,hrbrthemes
2024-03-10,558,2731723,hrbrthemes
2024-03-11,2091,2733814,hrbrthemes
2024-03-12,2341,2736155,hrbrthemes
2024-03-13,1388,2737543,hrbrthemes
2024-03-14,1287,2738830,hrbrthemes
2024-03-15,1001,2739831,hrbrthemes
2024-03-16,470,2740301,hrbrthemes
2024-03-17,478,2740779,hrbrthemes
2024-03-18,1034,2741813,hrbrthemes
2024-03-19,1094,2742907,hrbrthemes
2024-03-20,1068,2743975,hrbrthemes
2024-03-21,1114,2745089,hrbrthemes
2024-03-22,889,2745978,hrbrthemes
2024-03-23,489,2746467,hrbrthemes
2024-03-24,512,2746979,hrbrthemes
2024-03-25,946,2747925,hrbrthemes
2024-03-26,1153,2749078,hrbrthemes
2024-03-27,1128,2750206,hrbrthemes
2024-03-28,890,2751096,hrbrthemes
2024-03-29,625,2751721,hrbrthemes
2024-03-30,2699,2754420,hrbrthemes
2024-03-31,416,2754836,hrbrthemes
2024-04-01,816,2755652,hrbrthemes
2024-04-02,1066,2756718,hrbrthemes
2024-04-03,1241,2757959,hrbrthemes
2024-04-04,1058,2759017,hrbrthemes
2024-04-05,889,2759906,hrbrthemes
2024-04-06,482,2760388,hrbrthemes
2024-04-07,544,2760932,hrbrthemes
2024-04-08,1032,2761964,hrbrthemes
2024-04-09,1254,2763218,hrbrthemes
2024-04-10,1092,2764310,hrbrthemes
2024-04-11,1049,2765359,hrbrthemes
2024-04-12,956,2766315,hrbrthemes
2024-04-13,444,2766759,hrbrthemes
2024-04-14,489,2767248,hrbrthemes
2024-04-15,1016,2768264,hrbrthemes
2024-04-16,1151,2769415,hrbrthemes
2024-04-17,1070,2770485,hrbrthemes
2024-04-18,1039,2771524,hrbrthemes
2024-04-19,949,2772473,hrbrthemes
2024-04-20,547,2773020,hrbrthemes
2024-04-21,502,2773522,hrbrthemes
2024-04-22,958,2774480,hrbrthemes
2024-04-23,1240,2775720,hrbrthemes
2024-04-24,1054,2776774,hrbrthemes
2024-04-25,1017,2777791,hrbrthemes
2024-04-26,784,2778575,hrbrthemes
2024-04-27,429,2779004,hrbrthemes
2024-04-28,505,2779509,hrbrthemes
2024-04-29,1041,2780550,hrbrthemes
2024-04-30,1031,2781581,hrbrthemes
2024-05-01,1274,2782855,hrbrthemes
2024-05-02,995,2783850,hrbrthemes
2024-05-03,907,2784757,hrbrthemes
2024-05-04,492,2785249,hrbrthemes
2024-05-05,479,2785728,hrbrthemes
2024-05-06,1254,2786982,hrbrthemes
2024-05-07,1018,2788000,hrbrthemes
2024-05-08,987,2788987,hrbrthemes
2024-05-09,845,2789832,hrbrthemes
2024-05-10,812,2790644,hrbrthemes
2024-05-11,492,2791136,hrbrthemes
2024-05-12,419,2791555,hrbrthemes
2024-05-13,955,2792510,hrbrthemes
2024-05-14,909,2793419,hrbrthemes
2024-05-15,900,2794319,hrbrthemes
2024-05-16,945,2795264,hrbrthemes
2024-05-17,761,2796025,hrbrthemes
2024-05-18,419,2796444,hrbrthemes
2024-05-19,416,2796860,hrbrthemes
2024-05-20,804,2797664,hrbrthemes
2024-05-21,908,2798572,hrbrthemes
2024-05-22,921,2799493,hrbrthemes
2024-05-23,1006,2800499,hrbrthemes
2024-05-24,720,2801219,hrbrthemes
2024-05-25,428,2801647,hrbrthemes
2024-05-26,350,2801997,hrbrthemes
2024-05-27,865,2802862,hrbrthemes
2024-05-28,1076,2803938,hrbrthemes
2024-05-29,928,2804866,hrbrthemes
2024-05-30,715,2805581,hrbrthemes
2024-05-31,781,2806362,hrbrthemes
2024-06-01,347,2806709,hrbrthemes
2024-06-02,453,2807162,hrbrthemes
2024-06-03,879,2808041,hrbrthemes
2024-06-04,774,2808815,hrbrthemes
2024-06-05,840,2809655,hrbrthemes
2024-06-06,806,2810461,hrbrthemes
2024-06-07,676,2811137,hrbrthemes
2024-06-08,345,2811482,hrbrthemes
2024-06-09,351,2811833,hrbrthemes
2024-06-10,776,2812609,hrbrthemes
2024-06-11,829,2813438,hrbrthemes
2024-06-12,757,2814195,hrbrthemes
2024-06-13,792,2814987,hrbrthemes
2024-06-14,664,2815651,hrbrthemes
2024-06-15,324,2815975,hrbrthemes
2024-06-16,372,2816347,hrbrthemes
2024-06-17,753,2817100,hrbrthemes
2024-06-18,972,2818072,hrbrthemes
2024-06-19,772,2818844,hrbrthemes
2024-06-20,737,2819581,hrbrthemes
2024-06-21,579,2820160,hrbrthemes
2024-06-22,264,2820424,hrbrthemes
2024-06-23,319,2820743,hrbrthemes
2024-06-24,760,2821503,hrbrthemes
2024-06-25,1289,2822792,hrbrthemes
2024-06-26,694,2823486,hrbrthemes
2024-06-27,588,2824074,hrbrthemes
2024-06-28,534,2824608,hrbrthemes
2024-06-29,240,2824848,hrbrthemes
2024-06-30,278,2825126,hrbrthemes
2024-07-01,689,2825815,hrbrthemes
2024-07-02,720,2826535,hrbrthemes
2024-07-03,648,2827183,hrbrthemes
2024-07-04,587,2827770,hrbrthemes
2024-07-05,610,2828380,hrbrthemes
2024-07-06,257,2828637,hrbrthemes
2024-07-07,249,2828886,hrbrthemes
2024-07-08,733,2829619,hrbrthemes
2024-07-09,700,2830319,hrbrthemes
2024-07-10,665,2830984,hrbrthemes
2024-07-11,641,2831625,hrbrthemes
2024-07-12,529,2832154,hrbrthemes
2024-07-13,220,2832374,hrbrthemes
2024-07-14,232,2832606,hrbrthemes
2024-07-15,603,2833209,hrbrthemes
2024-07-16,708,2833917,hrbrthemes
2024-07-17,662,2834579,hrbrthemes
2024-07-18,585,2835164,hrbrthemes
2024-07-19,503,2835667,hrbrthemes
2024-07-20,234,2835901,hrbrthemes
2024-07-21,232,2836133,hrbrthemes
2024-07-22,582,2836715,hrbrthemes
2024-07-23,621,2837336,hrbrthemes
2024-07-24,625,2837961,hrbrthemes
2024-07-25,700,2838661,hrbrthemes
2024-07-26,433,2839094,hrbrthemes
2024-07-27,224,2839318,hrbrthemes
2024-07-28,197,2839515,hrbrthemes
2024-07-29,554,2840069,hrbrthemes
2024-07-30,621,2840690,hrbrthemes
2024-07-31,628,2841318,hrbrthemes
2024-08-01,698,2842016,hrbrthemes
2024-08-02,486,2842502,hrbrthemes
2024-08-03,229,2842731,hrbrthemes
2024-08-04,228,2842959,hrbrthemes
2024-08-05,477,2843436,hrbrthemes
2024-08-06,674,2844110,hrbrthemes
2024-08-07,605,2844715,hrbrthemes
2024-08-08,583,2845298,hrbrthemes
2024-08-09,577,2845875,hrbrthemes
2024-08-10,417,2846292,hrbrthemes
2024-08-11,285,2846577,hrbrthemes
2024-08-12,553,2847130,hrbrthemes
2024-08-13,627,2847757,hrbrthemes
2024-08-14,523,2848280,hrbrthemes
2024-08-15,539,2848819,hrbrthemes
2024-08-16,649,2849468,hrbrthemes
2024-08-17,452,2849920,hrbrthemes
2024-08-18,206,2850126,hrbrthemes
2024-08-19,630,2850756,hrbrthemes
2024-08-20,695,2851451,hrbrthemes
2024-08-21,724,2852175,hrbrthemes
2024-08-22,661,2852836,hrbrthemes
2024-08-23,511,2853347,hrbrthemes
2024-08-24,246,2853593,hrbrthemes
2024-08-25,208,2853801,hrbrthemes
2024-08-26,564,2854365,hrbrthemes
2024-08-27,611,2854976,hrbrthemes
2024-08-28,664,2855640,hrbrthemes
2024-08-29,649,2856289,hrbrthemes
2024-08-30,566,2856855,hrbrthemes
2024-08-31,258,2857113,hrbrthemes
2024-09-01,238,2857351,hrbrthemes
2024-09-02,538,2857889,hrbrthemes
2024-09-03,764,2858653,hrbrthemes
2024-09-04,650,2859303,hrbrthemes
2024-09-05,760,2860063,hrbrthemes
2024-09-06,646,2860709,hrbrthemes
2024-09-07,251,2860960,hrbrthemes
2024-09-08,285,2861245,hrbrthemes
2024-09-09,684,2861929,hrbrthemes
2024-09-10,735,2862664,hrbrthemes
2024-09-11,857,2863521,hrbrthemes
2024-09-12,685,2864206,hrbrthemes
2024-09-13,633,2864839,hrbrthemes
2024-09-14,365,2865204,hrbrthemes
2024-09-15,288,2865492,hrbrthemes
2024-09-16,771,2866263,hrbrthemes
2024-09-17,757,2867020,hrbrthemes
2024-09-18,808,2867828,hrbrthemes
2024-09-19,987,2868815,hrbrthemes
2024-09-20,684,2869499,hrbrthemes
2024-09-21,359,2869858,hrbrthemes
2024-09-22,331,2870189,hrbrthemes
2024-09-23,737,2870926,hrbrthemes
2024-09-24,845,2871771,hrbrthemes
2024-09-25,709,2872480,hrbrthemes
2024-09-26,856,2873336,hrbrthemes
2024-09-27,697,2874033,hrbrthemes
2024-09-28,345,2874378,hrbrthemes
2024-09-29,330,2874708,hrbrthemes
2024-09-30,719,2875427,hrbrthemes
2024-10-01,805,2876232,hrbrthemes
2024-10-02,790,2877022,hrbrthemes
2024-10-03,1022,2878044,hrbrthemes
2024-10-04,573,2878617,hrbrthemes
2024-10-05,321,2878938,hrbrthemes
2024-10-06,388,2879326,hrbrthemes
2024-10-07,827,2880153,hrbrthemes
2024-10-08,837,2880990,hrbrthemes
2024-10-09,866,2881856,hrbrthemes
2024-10-10,909,2882765,hrbrthemes
2024-10-11,623,2883388,hrbrthemes
2024-10-12,414,2883802,hrbrthemes
2024-10-13,369,2884171,hrbrthemes
2024-10-14,775,2884946,hrbrthemes
2024-10-15,1006,2885952,hrbrthemes
2024-10-16,942,2886894,hrbrthemes
2024-10-17,820,2887714,hrbrthemes
2024-10-18,702,2888416,hrbrthemes
2024-10-19,403,2888819,hrbrthemes
2024-10-20,423,2889242,hrbrthemes
2024-10-21,943,2890185,hrbrthemes
2024-10-22,963,2891148,hrbrthemes
2024-10-23,863,2892011,hrbrthemes
2024-10-24,788,2892799,hrbrthemes
2024-10-25,925,2893724,hrbrthemes
2024-10-26,322,2894046,hrbrthemes
2024-10-27,309,2894355,hrbrthemes
2024-10-28,823,2895178,hrbrthemes
2024-10-29,806,2895984,hrbrthemes
2024-10-30,936,2896920,hrbrthemes
2024-10-31,736,2897656,hrbrthemes
2024-11-01,554,2898210,hrbrthemes
2024-11-02,283,2898493,hrbrthemes
2024-11-03,329,2898822,hrbrthemes
2024-11-04,773,2899595,hrbrthemes
2024-11-05,725,2900320,hrbrthemes
2024-11-06,1389,2901709,hrbrthemes
2024-11-07,842,2902551,hrbrthemes
2024-11-08,715,2903266,hrbrthemes
2024-11-09,421,2903687,hrbrthemes
2024-11-10,373,2904060,hrbrthemes
2024-11-11,848,2904908,hrbrthemes
2024-11-12,813,2905721,hrbrthemes
2024-11-13,656,2906377,hrbrthemes
2024-11-14,673,2907050,hrbrthemes
2024-11-15,563,2907613,hrbrthemes
2024-11-16,298,2907911,hrbrthemes
2024-11-17,394,2908305,hrbrthemes
2024-11-18,873,2909178,hrbrthemes
2024-11-19,804,2909982,hrbrthemes
2024-11-20,877,2910859,hrbrthemes
2024-11-21,761,2911620,hrbrthemes
2024-11-22,738,2912358,hrbrthemes
2024-11-23,378,2912736,hrbrthemes
2024-11-24,378,2913114,hrbrthemes
2024-11-25,782,2913896,hrbrthemes
2024-11-26,789,2914685,hrbrthemes
2024-11-27,629,2915314,hrbrthemes
2024-11-28,630,2915944,hrbrthemes
2024-11-29,464,2916408,hrbrthemes
2024-11-30,256,2916664,hrbrthemes
2024-12-01,278,2916942,hrbrthemes
2024-12-02,703,2917645,hrbrthemes
2024-12-03,636,2918281,hrbrthemes
2024-12-04,619,2918900,hrbrthemes
2024-12-05,589,2919489,hrbrthemes
2024-12-06,816,2920305,hrbrthemes
2024-12-07,452,2920757,hrbrthemes
2024-12-08,315,2921072,hrbrthemes
2024-12-09,726,2921798,hrbrthemes
2024-12-10,783,2922581,hrbrthemes
2024-12-11,827,2923408,hrbrthemes
2024-12-12,1759,2925167,hrbrthemes
2024-12-13,541,2925708,hrbrthemes
2024-12-14,287,2925995,hrbrthemes
2024-12-15,313,2926308,hrbrthemes
2024-12-16,569,2926877,hrbrthemes
2024-12-17,525,2927402,hrbrthemes
2024-12-18,495,2927897,hrbrthemes
2024-12-19,513,2928410,hrbrthemes
2024-12-20,567,2928977,hrbrthemes
2024-12-21,207,2929184,hrbrthemes
2024-12-22,252,2929436,hrbrthemes
2024-12-23,258,2929694,hrbrthemes
2024-12-24,195,2929889,hrbrthemes
2024-12-25,169,2930058,hrbrthemes
2024-12-26,272,2930330,hrbrthemes
2024-12-27,301,2930631,hrbrthemes
2024-12-28,165,2930796,hrbrthemes
2024-12-29,152,2930948,hrbrthemes
2024-12-30,330,2931278,hrbrthemes
2024-12-31,230,2931508,hrbrthemes
2025-01-01,172,2931680,hrbrthemes
2025-01-02,361,2932041,hrbrthemes
2025-01-03,513,2932554,hrbrthemes
2025-01-04,260,2932814,hrbrthemes
2025-01-05,208,2933022,hrbrthemes
2025-01-06,460,2933482,hrbrthemes
2025-01-07,487,2933969,hrbrthemes
2025-01-08,569,2934538,hrbrthemes
2025-01-09,589,2935127,hrbrthemes
2025-01-10,559,2935686,hrbrthemes
2025-01-11,240,2935926,hrbrthemes
2025-01-12,243,2936169,hrbrthemes
2025-01-13,616,2936785,hrbrthemes
2025-01-14,698,2937483,hrbrthemes
2025-01-15,617,2938100,hrbrthemes
2025-01-16,564,2938664,hrbrthemes
2025-01-17,495,2939159,hrbrthemes
2025-01-18,277,2939436,hrbrthemes
2025-01-19,331,2939767,hrbrthemes
2025-01-20,591,2940358,hrbrthemes
2025-01-21,634,2940992,hrbrthemes
2025-01-22,747,2941739,hrbrthemes
2025-01-23,746,2942485,hrbrthemes
2025-01-24,546,2943031,hrbrthemes
2025-01-25,249,2943280,hrbrthemes
2025-01-26,285,2943565,hrbrthemes
2025-01-27,570,2944135,hrbrthemes
2025-01-28,631,2944766,hrbrthemes
2025-01-29,737,2945503,hrbrthemes
2025-01-30,632,2946135,hrbrthemes
2025-01-31,485,2946620,hrbrthemes
2025-02-01,268,2946888,hrbrthemes
2025-02-02,270,2947158,hrbrthemes
2025-02-03,645,2947803,hrbrthemes
2025-02-04,684,2948487,hrbrthemes
2025-02-05,756,2949243,hrbrthemes
2025-02-06,736,2949979,hrbrthemes
2025-02-07,596,2950575,hrbrthemes
2025-02-08,380,2950955,hrbrthemes
2025-02-09,343,2951298,hrbrthemes
2025-02-10,689,2951987,hrbrthemes
2025-02-11,738,2952725,hrbrthemes
2025-02-12,692,2953417,hrbrthemes
2025-02-13,725,2954142,hrbrthemes
2025-02-14,537,2954679,hrbrthemes
2025-02-15,325,2955004,hrbrthemes
2025-02-16,366,2955370,hrbrthemes
2025-02-17,607,2955977,hrbrthemes
2025-02-18,730,2956707,hrbrthemes
2025-02-19,734,2957441,hrbrthemes
2025-02-20,842,2958283,hrbrthemes
2025-02-21,625,2958908,hrbrthemes
2025-02-22,403,2959311,hrbrthemes
2025-02-23,393,2959704,hrbrthemes
2025-02-24,719,2960423,hrbrthemes
2025-02-25,859,2961282,hrbrthemes
2025-02-26,1107,2962389,hrbrthemes
2025-02-27,1408,2963797,hrbrthemes
2025-02-28,516,2964313,hrbrthemes
2025-03-01,363,2964676,hrbrthemes
2025-03-02,397,2965073,hrbrthemes
2025-03-03,661,2965734,hrbrthemes
2025-03-04,736,2966470,hrbrthemes
2025-03-05,677,2967147,hrbrthemes
2025-03-06,928,2968075,hrbrthemes
2025-03-07,781,2968856,hrbrthemes
2025-03-08,681,2969537,hrbrthemes
2025-03-09,319,2969856,hrbrthemes
2025-03-10,747,2970603,hrbrthemes
2025-03-11,834,2971437,hrbrthemes
2025-03-12,1200,2972637,hrbrthemes
2025-03-13,654,2973291,hrbrthemes
2025-03-14,580,2973871,hrbrthemes
2025-03-15,664,2974535,hrbrthemes
2025-03-16,330,2974865,hrbrthemes
2025-03-17,624,2975489,hrbrthemes
2025-03-18,798,2976287,hrbrthemes
2025-03-19,703,2976990,hrbrthemes
2025-03-20,810,2977800,hrbrthemes
2025-03-21,569,2978369,hrbrthemes
2025-03-22,322,2978691,hrbrthemes
2025-03-23,312,2979003,hrbrthemes
2025-03-24,665,2979668,hrbrthemes
2025-03-25,1021,2980689,hrbrthemes
2025-03-26,1037,2981726,hrbrthemes
2025-03-27,822,2982548,hrbrthemes
2025-03-28,793,2983341,hrbrthemes
2025-03-29,713,2984054,hrbrthemes
2025-03-30,729,2984783,hrbrthemes
2015-10-04,18,18,ggfortify
2015-10-05,73,91,ggfortify
2015-10-06,62,153,ggfortify
2015-10-07,60,213,ggfortify
2015-10-08,50,263,ggfortify
2015-10-09,49,312,ggfortify
2015-10-10,18,330,ggfortify
2015-10-11,23,353,ggfortify
2015-10-12,38,391,ggfortify
2015-10-13,43,434,ggfortify
2015-10-14,45,479,ggfortify
2015-10-15,38,517,ggfortify
2015-10-16,33,550,ggfortify
2015-10-17,29,579,ggfortify
2015-10-18,31,610,ggfortify
2015-10-19,42,652,ggfortify
2015-10-20,39,691,ggfortify
2015-10-21,52,743,ggfortify
2015-10-22,41,784,ggfortify
2015-10-23,43,827,ggfortify
2015-10-24,20,847,ggfortify
2015-10-25,24,871,ggfortify
2015-10-26,64,935,ggfortify
2015-10-27,65,1000,ggfortify
2015-10-28,31,1031,ggfortify
2015-10-29,58,1089,ggfortify
2015-10-30,36,1125,ggfortify
2015-10-31,20,1145,ggfortify
2015-11-01,15,1160,ggfortify
2015-11-02,34,1194,ggfortify
2015-11-03,56,1250,ggfortify
2015-11-04,51,1301,ggfortify
2015-11-05,49,1350,ggfortify
2015-11-06,33,1383,ggfortify
2015-11-07,26,1409,ggfortify
2015-11-08,19,1428,ggfortify
2015-11-09,41,1469,ggfortify
2015-11-10,91,1560,ggfortify
2015-11-11,43,1603,ggfortify
2015-11-12,51,1654,ggfortify
2015-11-13,43,1697,ggfortify
2015-11-14,26,1723,ggfortify
2015-11-15,39,1762,ggfortify
2015-11-16,58,1820,ggfortify
2015-11-17,48,1868,ggfortify
2015-11-18,63,1931,ggfortify
2015-11-19,82,2013,ggfortify
2015-11-20,32,2045,ggfortify
2015-11-21,33,2078,ggfortify
2015-11-22,29,2107,ggfortify
2015-11-23,38,2145,ggfortify
2015-11-24,60,2205,ggfortify
2015-11-25,68,2273,ggfortify
2015-11-26,54,2327,ggfortify
2015-11-27,54,2381,ggfortify
2015-11-28,24,2405,ggfortify
2015-11-29,29,2434,ggfortify
2015-11-30,115,2549,ggfortify
2015-12-01,72,2621,ggfortify
2015-12-02,90,2711,ggfortify
2015-12-03,85,2796,ggfortify
2015-12-04,67,2863,ggfortify
2015-12-05,43,2906,ggfortify
2015-12-06,32,2938,ggfortify
2015-12-07,67,3005,ggfortify
2015-12-08,63,3068,ggfortify
2015-12-09,56,3124,ggfortify
2015-12-10,117,3241,ggfortify
2015-12-11,63,3304,ggfortify
2015-12-12,43,3347,ggfortify
2015-12-13,37,3384,ggfortify
2015-12-14,76,3460,ggfortify
2015-12-15,96,3556,ggfortify
2015-12-16,77,3633,ggfortify
2015-12-17,55,3688,ggfortify
2015-12-18,47,3735,ggfortify
2015-12-19,20,3755,ggfortify
2015-12-20,30,3785,ggfortify
2015-12-21,41,3826,ggfortify
2015-12-22,59,3885,ggfortify
2015-12-23,36,3921,ggfortify
2015-12-24,18,3939,ggfortify
2015-12-25,23,3962,ggfortify
2015-12-26,24,3986,ggfortify
2015-12-27,27,4013,ggfortify
2015-12-28,30,4043,ggfortify
2015-12-29,35,4078,ggfortify
2015-12-30,38,4116,ggfortify
2015-12-31,28,4144,ggfortify
2016-01-01,29,4173,ggfortify
2016-01-02,18,4191,ggfortify
2016-01-03,28,4219,ggfortify
2016-01-04,49,4268,ggfortify
2016-01-05,50,4318,ggfortify
2016-01-06,53,4371,ggfortify
2016-01-07,72,4443,ggfortify
2016-01-08,50,4493,ggfortify
2016-01-09,30,4523,ggfortify
2016-01-10,27,4550,ggfortify
2016-01-11,69,4619,ggfortify
2016-01-12,53,4672,ggfortify
2016-01-13,57,4729,ggfortify
2016-01-14,51,4780,ggfortify
2016-01-15,53,4833,ggfortify
2016-01-16,23,4856,ggfortify
2016-01-17,32,4888,ggfortify
2016-01-18,57,4945,ggfortify
2016-01-19,71,5016,ggfortify
2016-01-20,71,5087,ggfortify
2016-01-21,75,5162,ggfortify
2016-01-22,50,5212,ggfortify
2016-01-23,26,5238,ggfortify
2016-01-24,24,5262,ggfortify
2016-01-25,85,5347,ggfortify
2016-01-26,91,5438,ggfortify
2016-01-27,61,5499,ggfortify
2016-01-28,62,5561,ggfortify
2016-01-29,41,5602,ggfortify
2016-01-30,25,5627,ggfortify
2016-01-31,32,5659,ggfortify
2016-02-01,54,5713,ggfortify
2016-02-02,67,5780,ggfortify
2016-02-03,51,5831,ggfortify
2016-02-04,45,5876,ggfortify
2016-02-05,51,5927,ggfortify
2016-02-06,30,5957,ggfortify
2016-02-07,28,5985,ggfortify
2016-02-08,55,6040,ggfortify
2016-02-09,76,6116,ggfortify
2016-02-10,55,6171,ggfortify
2016-02-11,59,6230,ggfortify
2016-02-12,97,6327,ggfortify
2016-02-13,41,6368,ggfortify
2016-02-14,27,6395,ggfortify
2016-02-15,48,6443,ggfortify
2016-02-16,54,6497,ggfortify
2016-02-17,71,6568,ggfortify
2016-02-18,129,6697,ggfortify
2016-02-19,53,6750,ggfortify
2016-02-20,19,6769,ggfortify
2016-02-21,29,6798,ggfortify
2016-02-22,65,6863,ggfortify
2016-02-23,86,6949,ggfortify
2016-02-24,64,7013,ggfortify
2016-02-25,106,7119,ggfortify
2016-02-26,45,7164,ggfortify
2016-02-27,36,7200,ggfortify
2016-02-28,23,7223,ggfortify
2016-02-29,74,7297,ggfortify
2016-03-01,93,7390,ggfortify
2016-03-02,85,7475,ggfortify
2016-03-03,87,7562,ggfortify
2016-03-04,65,7627,ggfortify
2016-03-05,27,7654,ggfortify
2016-03-06,23,7677,ggfortify
2016-03-07,79,7756,ggfortify
2016-03-08,76,7832,ggfortify
2016-03-09,91,7923,ggfortify
2016-03-10,87,8010,ggfortify
2016-03-11,42,8052,ggfortify
2016-03-12,24,8076,ggfortify
2016-03-13,24,8100,ggfortify
2016-03-14,59,8159,ggfortify
2016-03-15,64,8223,ggfortify
2016-03-16,63,8286,ggfortify
2016-03-17,43,8329,ggfortify
2016-03-18,68,8397,ggfortify
2016-03-19,38,8435,ggfortify
2016-03-20,26,8461,ggfortify
2016-03-21,63,8524,ggfortify
2016-03-22,71,8595,ggfortify
2016-03-23,39,8634,ggfortify
2016-03-24,50,8684,ggfortify
2016-03-25,22,8706,ggfortify
2016-03-26,32,8738,ggfortify
2016-03-27,27,8765,ggfortify
2016-03-28,45,8810,ggfortify
2016-03-29,76,8886,ggfortify
2016-03-30,57,8943,ggfortify
2016-03-31,96,9039,ggfortify
2016-04-01,53,9092,ggfortify
2016-04-02,24,9116,ggfortify
2016-04-03,40,9156,ggfortify
2016-04-04,93,9249,ggfortify
2016-04-05,96,9345,ggfortify
2016-04-06,53,9398,ggfortify
2016-04-07,80,9478,ggfortify
2016-04-08,61,9539,ggfortify
2016-04-09,22,9561,ggfortify
2016-04-10,34,9595,ggfortify
2016-04-11,66,9661,ggfortify
2016-04-12,59,9720,ggfortify
2016-04-13,67,9787,ggfortify
2016-04-14,68,9855,ggfortify
2016-04-15,50,9905,ggfortify
2016-04-16,35,9940,ggfortify
2016-04-17,33,9973,ggfortify
2016-04-18,62,10035,ggfortify
2016-04-19,69,10104,ggfortify
2016-04-20,73,10177,ggfortify
2016-04-21,71,10248,ggfortify
2016-04-22,62,10310,ggfortify
2016-04-23,40,10350,ggfortify
2016-04-24,33,10383,ggfortify
2016-04-25,70,10453,ggfortify
2016-04-26,99,10552,ggfortify
2016-04-27,83,10635,ggfortify
2016-04-28,84,10719,ggfortify
2016-04-29,73,10792,ggfortify
2016-04-30,38,10830,ggfortify
2016-05-01,26,10856,ggfortify
2016-05-02,16,10872,ggfortify
2016-05-03,6,10878,ggfortify
2016-05-04,2,10880,ggfortify
2016-05-05,2,10882,ggfortify
2016-05-06,3,10885,ggfortify
2016-05-07,2,10887,ggfortify
2016-05-08,2,10889,ggfortify
2016-05-09,0,10889,ggfortify
2016-05-10,3,10892,ggfortify
2016-05-11,1,10893,ggfortify
2016-05-12,0,10893,ggfortify
2016-05-13,2,10895,ggfortify
2016-05-14,1,10896,ggfortify
2016-05-15,0,10896,ggfortify
2016-05-16,0,10896,ggfortify
2016-05-17,5,10901,ggfortify
2016-05-18,3,10904,ggfortify
2016-05-19,2,10906,ggfortify
2016-05-20,4,10910,ggfortify
2016-05-21,3,10913,ggfortify
2016-05-22,0,10913,ggfortify
2016-05-23,0,10913,ggfortify
2016-05-24,1,10914,ggfortify
2016-05-25,2,10916,ggfortify
2016-05-26,0,10916,ggfortify
2016-05-27,2,10918,ggfortify
2016-05-28,0,10918,ggfortify
2016-05-29,0,10918,ggfortify
2016-05-30,2,10920,ggfortify
2016-05-31,3,10923,ggfortify
2016-06-01,0,10923,ggfortify
2016-06-02,55,10978,ggfortify
2016-06-03,156,11134,ggfortify
2016-06-04,78,11212,ggfortify
2016-06-05,71,11283,ggfortify
2016-06-06,99,11382,ggfortify
2016-06-07,164,11546,ggfortify
2016-06-08,111,11657,ggfortify
2016-06-09,77,11734,ggfortify
2016-06-10,74,11808,ggfortify
2016-06-11,58,11866,ggfortify
2016-06-12,39,11905,ggfortify
2016-06-13,111,12016,ggfortify
2016-06-14,104,12120,ggfortify
2016-06-15,112,12232,ggfortify
2016-06-16,70,12302,ggfortify
2016-06-17,85,12387,ggfortify
2016-06-18,37,12424,ggfortify
2016-06-19,37,12461,ggfortify
2016-06-20,91,12552,ggfortify
2016-06-21,115,12667,ggfortify
2016-06-22,77,12744,ggfortify
2016-06-23,90,12834,ggfortify
2016-06-24,84,12918,ggfortify
2016-06-25,28,12946,ggfortify
2016-06-26,41,12987,ggfortify
2016-06-27,75,13062,ggfortify
2016-06-28,94,13156,ggfortify
2016-06-29,94,13250,ggfortify
2016-06-30,105,13355,ggfortify
2016-07-01,77,13432,ggfortify
2016-07-02,40,13472,ggfortify
2016-07-03,40,13512,ggfortify
2016-07-04,81,13593,ggfortify
2016-07-05,108,13701,ggfortify
2016-07-06,97,13798,ggfortify
2016-07-07,113,13911,ggfortify
2016-07-08,94,14005,ggfortify
2016-07-09,36,14041,ggfortify
2016-07-10,28,14069,ggfortify
2016-07-11,97,14166,ggfortify
2016-07-12,81,14247,ggfortify
2016-07-13,120,14367,ggfortify
2016-07-14,94,14461,ggfortify
2016-07-15,72,14533,ggfortify
2016-07-16,29,14562,ggfortify
2016-07-17,35,14597,ggfortify
2016-07-18,126,14723,ggfortify
2016-07-19,87,14810,ggfortify
2016-07-20,90,14900,ggfortify
2016-07-21,82,14982,ggfortify
2016-07-22,88,15070,ggfortify
2016-07-23,28,15098,ggfortify
2016-07-24,37,15135,ggfortify
2016-07-25,92,15227,ggfortify
2016-07-26,123,15350,ggfortify
2016-07-27,81,15431,ggfortify
2016-07-28,76,15507,ggfortify
2016-07-29,68,15575,ggfortify
2016-07-30,42,15617,ggfortify
2016-07-31,31,15648,ggfortify
2016-08-01,82,15730,ggfortify
2016-08-02,98,15828,ggfortify
2016-08-03,71,15899,ggfortify
2016-08-04,78,15977,ggfortify
2016-08-05,64,16041,ggfortify
2016-08-06,18,16059,ggfortify
2016-08-07,30,16089,ggfortify
2016-08-08,67,16156,ggfortify
2016-08-09,96,16252,ggfortify
2016-08-10,85,16337,ggfortify
2016-08-11,80,16417,ggfortify
2016-08-12,79,16496,ggfortify
2016-08-13,35,16531,ggfortify
2016-08-14,41,16572,ggfortify
2016-08-15,73,16645,ggfortify
2016-08-16,69,16714,ggfortify
2016-08-17,89,16803,ggfortify
2016-08-18,87,16890,ggfortify
2016-08-19,94,16984,ggfortify
2016-08-20,30,17014,ggfortify
2016-08-21,36,17050,ggfortify
2016-08-22,95,17145,ggfortify
2016-08-23,98,17243,ggfortify
2016-08-24,90,17333,ggfortify
2016-08-25,105,17438,ggfortify
2016-08-26,141,17579,ggfortify
2016-08-27,20,17599,ggfortify
2016-08-28,39,17638,ggfortify
2016-08-29,89,17727,ggfortify
2016-08-30,90,17817,ggfortify
2016-08-31,101,17918,ggfortify
2016-09-01,72,17990,ggfortify
2016-09-02,99,18089,ggfortify
2016-09-03,26,18115,ggfortify
2016-09-04,21,18136,ggfortify
2016-09-05,85,18221,ggfortify
2016-09-06,99,18320,ggfortify
2016-09-07,147,18467,ggfortify
2016-09-08,81,18548,ggfortify
2016-09-09,79,18627,ggfortify
2016-09-10,30,18657,ggfortify
2016-09-11,35,18692,ggfortify
2016-09-12,86,18778,ggfortify
2016-09-13,94,18872,ggfortify
2016-09-14,82,18954,ggfortify
2016-09-15,159,19113,ggfortify
2016-09-16,96,19209,ggfortify
2016-09-17,36,19245,ggfortify
2016-09-18,35,19280,ggfortify
2016-09-19,141,19421,ggfortify
2016-09-20,230,19651,ggfortify
2016-09-21,114,19765,ggfortify
2016-09-22,145,19910,ggfortify
2016-09-23,126,20036,ggfortify
2016-09-24,50,20086,ggfortify
2016-09-25,67,20153,ggfortify
2016-09-26,120,20273,ggfortify
2016-09-27,140,20413,ggfortify
2016-09-28,124,20537,ggfortify
2016-09-29,108,20645,ggfortify
2016-09-30,100,20745,ggfortify
2016-10-01,72,20817,ggfortify
2016-10-02,60,20877,ggfortify
2016-10-03,119,20996,ggfortify
2016-10-04,220,21216,ggfortify
2016-10-05,118,21334,ggfortify
2016-10-06,110,21444,ggfortify
2016-10-07,113,21557,ggfortify
2016-10-08,53,21610,ggfortify
2016-10-09,53,21663,ggfortify
2016-10-10,84,21747,ggfortify
2016-10-11,109,21856,ggfortify
2016-10-12,122,21978,ggfortify
2016-10-13,110,22088,ggfortify
2016-10-14,113,22201,ggfortify
2016-10-15,83,22284,ggfortify
2016-10-16,47,22331,ggfortify
2016-10-17,110,22441,ggfortify
2016-10-18,108,22549,ggfortify
2016-10-19,121,22670,ggfortify
2016-10-20,187,22857,ggfortify
2016-10-21,122,22979,ggfortify
2016-10-22,49,23028,ggfortify
2016-10-23,83,23111,ggfortify
2016-10-24,111,23222,ggfortify
2016-10-25,120,23342,ggfortify
2016-10-26,124,23466,ggfortify
2016-10-27,172,23638,ggfortify
2016-10-28,99,23737,ggfortify
2016-10-29,40,23777,ggfortify
2016-10-30,77,23854,ggfortify
2016-10-31,113,23967,ggfortify
2016-11-01,153,24120,ggfortify
2016-11-02,152,24272,ggfortify
2016-11-03,143,24415,ggfortify
2016-11-04,167,24582,ggfortify
2016-11-05,94,24676,ggfortify
2016-11-06,59,24735,ggfortify
2016-11-07,145,24880,ggfortify
2016-11-08,164,25044,ggfortify
2016-11-09,178,25222,ggfortify
2016-11-10,160,25382,ggfortify
2016-11-11,133,25515,ggfortify
2016-11-12,83,25598,ggfortify
2016-11-13,62,25660,ggfortify
2016-11-14,145,25805,ggfortify
2016-11-15,167,25972,ggfortify
2016-11-16,209,26181,ggfortify
2016-11-17,119,26300,ggfortify
2016-11-18,151,26451,ggfortify
2016-11-19,45,26496,ggfortify
2016-11-20,81,26577,ggfortify
2016-11-21,172,26749,ggfortify
2016-11-22,159,26908,ggfortify
2016-11-23,163,27071,ggfortify
2016-11-24,157,27228,ggfortify
2016-11-25,109,27337,ggfortify
2016-11-26,75,27412,ggfortify
2016-11-27,103,27515,ggfortify
2016-11-28,1323,28838,ggfortify
2016-11-29,5801,34639,ggfortify
2016-11-30,4631,39270,ggfortify
2016-12-01,158,39428,ggfortify
2016-12-02,723,40151,ggfortify
2016-12-03,225,40376,ggfortify
2016-12-04,203,40579,ggfortify
2016-12-05,484,41063,ggfortify
2016-12-06,354,41417,ggfortify
2016-12-07,333,41750,ggfortify
2016-12-08,253,42003,ggfortify
2016-12-09,247,42250,ggfortify
2016-12-10,154,42404,ggfortify
2016-12-11,102,42506,ggfortify
2016-12-12,315,42821,ggfortify
2016-12-13,265,43086,ggfortify
2016-12-14,277,43363,ggfortify
2016-12-15,215,43578,ggfortify
2016-12-16,185,43763,ggfortify
2016-12-17,91,43854,ggfortify
2016-12-18,102,43956,ggfortify
2016-12-19,205,44161,ggfortify
2016-12-20,250,44411,ggfortify
2016-12-21,183,44594,ggfortify
2016-12-22,116,44710,ggfortify
2016-12-23,103,44813,ggfortify
2016-12-24,47,44860,ggfortify
2016-12-25,36,44896,ggfortify
2016-12-26,54,44950,ggfortify
2016-12-27,97,45047,ggfortify
2016-12-28,100,45147,ggfortify
2016-12-29,86,45233,ggfortify
2016-12-30,68,45301,ggfortify
2016-12-31,50,45351,ggfortify
2017-01-01,56,45407,ggfortify
2017-01-02,86,45493,ggfortify
2017-01-03,125,45618,ggfortify
2017-01-04,187,45805,ggfortify
2017-01-05,173,45978,ggfortify
2017-01-06,141,46119,ggfortify
2017-01-07,45,46164,ggfortify
2017-01-08,53,46217,ggfortify
2017-01-09,210,46427,ggfortify
2017-01-10,188,46615,ggfortify
2017-01-11,215,46830,ggfortify
2017-01-12,1172,48002,ggfortify
2017-01-13,183,48185,ggfortify
2017-01-14,63,48248,ggfortify
2017-01-15,95,48343,ggfortify
2017-01-16,201,48544,ggfortify
2017-01-17,191,48735,ggfortify
2017-01-18,178,48913,ggfortify
2017-01-19,207,49120,ggfortify
2017-01-20,160,49280,ggfortify
2017-01-21,107,49387,ggfortify
2017-01-22,93,49480,ggfortify
2017-01-23,250,49730,ggfortify
2017-01-24,222,49952,ggfortify
2017-01-25,209,50161,ggfortify
2017-01-26,169,50330,ggfortify
2017-01-27,166,50496,ggfortify
2017-01-28,72,50568,ggfortify
2017-01-29,100,50668,ggfortify
2017-01-30,180,50848,ggfortify
2017-01-31,198,51046,ggfortify
2017-02-01,220,51266,ggfortify
2017-02-02,186,51452,ggfortify
2017-02-03,737,52189,ggfortify
2017-02-04,420,52609,ggfortify
2017-02-05,222,52831,ggfortify
2017-02-06,402,53233,ggfortify
2017-02-07,312,53545,ggfortify
2017-02-08,371,53916,ggfortify
2017-02-09,419,54335,ggfortify
2017-02-10,254,54589,ggfortify
2017-02-11,137,54726,ggfortify
2017-02-12,154,54880,ggfortify
2017-02-13,328,55208,ggfortify
2017-02-14,288,55496,ggfortify
2017-02-15,318,55814,ggfortify
2017-02-16,1019,56833,ggfortify
2017-02-17,978,57811,ggfortify
2017-02-18,184,57995,ggfortify
2017-02-19,199,58194,ggfortify
2017-02-20,392,58586,ggfortify
2017-02-21,365,58951,ggfortify
2017-02-22,339,59290,ggfortify
2017-02-23,330,59620,ggfortify
2017-02-24,260,59880,ggfortify
2017-02-25,133,60013,ggfortify
2017-02-26,126,60139,ggfortify
2017-02-27,411,60550,ggfortify
2017-02-28,280,60830,ggfortify
2017-03-01,200,61030,ggfortify
2017-03-02,350,61380,ggfortify
2017-03-03,295,61675,ggfortify
2017-03-04,178,61853,ggfortify
2017-03-05,148,62001,ggfortify
2017-03-06,306,62307,ggfortify
2017-03-07,454,62761,ggfortify
2017-03-08,350,63111,ggfortify
2017-03-09,340,63451,ggfortify
2017-03-10,295,63746,ggfortify
2017-03-11,171,63917,ggfortify
2017-03-12,133,64050,ggfortify
2017-03-13,285,64335,ggfortify
2017-03-14,278,64613,ggfortify
2017-03-15,292,64905,ggfortify
2017-03-16,252,65157,ggfortify
2017-03-17,222,65379,ggfortify
2017-03-18,100,65479,ggfortify
2017-03-19,136,65615,ggfortify
2017-03-20,276,65891,ggfortify
2017-03-21,286,66177,ggfortify
2017-03-22,328,66505,ggfortify
2017-03-23,284,66789,ggfortify
2017-03-24,277,67066,ggfortify
2017-03-25,114,67180,ggfortify
2017-03-26,156,67336,ggfortify
2017-03-27,296,67632,ggfortify
2017-03-28,341,67973,ggfortify
2017-03-29,311,68284,ggfortify
2017-03-30,295,68579,ggfortify
2017-03-31,201,68780,ggfortify
2017-04-01,122,68902,ggfortify
2017-04-02,135,69037,ggfortify
2017-04-03,260,69297,ggfortify
2017-04-04,375,69672,ggfortify
2017-04-05,380,70052,ggfortify
2017-04-06,297,70349,ggfortify
2017-04-07,303,70652,ggfortify
2017-04-08,153,70805,ggfortify
2017-04-09,186,70991,ggfortify
2017-04-10,249,71240,ggfortify
2017-04-11,273,71513,ggfortify
2017-04-12,246,71759,ggfortify
2017-04-13,209,71968,ggfortify
2017-04-14,164,72132,ggfortify
2017-04-15,109,72241,ggfortify
2017-04-16,103,72344,ggfortify
2017-04-17,162,72506,ggfortify
2017-04-18,246,72752,ggfortify
2017-04-19,259,73011,ggfortify
2017-04-20,196,73207,ggfortify
2017-04-21,268,73475,ggfortify
2017-04-22,94,73569,ggfortify
2017-04-23,131,73700,ggfortify
2017-04-24,342,74042,ggfortify
2017-04-25,399,74441,ggfortify
2017-04-26,312,74753,ggfortify
2017-04-27,297,75050,ggfortify
2017-04-28,207,75257,ggfortify
2017-04-29,139,75396,ggfortify
2017-04-30,142,75538,ggfortify
2017-05-01,186,75724,ggfortify
2017-05-02,258,75982,ggfortify
2017-05-03,305,76287,ggfortify
2017-05-04,318,76605,ggfortify
2017-05-05,310,76915,ggfortify
2017-05-06,125,77040,ggfortify
2017-05-07,177,77217,ggfortify
2017-05-08,311,77528,ggfortify
2017-05-09,343,77871,ggfortify
2017-05-10,252,78123,ggfortify
2017-05-11,296,78419,ggfortify
2017-05-12,258,78677,ggfortify
2017-05-13,111,78788,ggfortify
2017-05-14,134,78922,ggfortify
2017-05-15,279,79201,ggfortify
2017-05-16,335,79536,ggfortify
2017-05-17,280,79816,ggfortify
2017-05-18,281,80097,ggfortify
2017-05-19,249,80346,ggfortify
2017-05-20,124,80470,ggfortify
2017-05-21,125,80595,ggfortify
2017-05-22,237,80832,ggfortify
2017-05-23,373,81205,ggfortify
2017-05-24,286,81491,ggfortify
2017-05-25,245,81736,ggfortify
2017-05-26,182,81918,ggfortify
2017-05-27,88,82006,ggfortify
2017-05-28,92,82098,ggfortify
2017-05-29,2007,84105,ggfortify
2017-05-30,253,84358,ggfortify
2017-05-31,257,84615,ggfortify
2017-06-01,404,85019,ggfortify
2017-06-02,231,85250,ggfortify
2017-06-03,156,85406,ggfortify
2017-06-04,152,85558,ggfortify
2017-06-05,309,85867,ggfortify
2017-06-06,297,86164,ggfortify
2017-06-07,294,86458,ggfortify
2017-06-08,275,86733,ggfortify
2017-06-09,283,87016,ggfortify
2017-06-10,140,87156,ggfortify
2017-06-11,136,87292,ggfortify
2017-06-12,315,87607,ggfortify
2017-06-13,346,87953,ggfortify
2017-06-14,303,88256,ggfortify
2017-06-15,245,88501,ggfortify
2017-06-16,180,88681,ggfortify
2017-06-17,89,88770,ggfortify
2017-06-18,90,88860,ggfortify
2017-06-19,174,89034,ggfortify
2017-06-20,253,89287,ggfortify
2017-06-21,205,89492,ggfortify
2017-06-22,226,89718,ggfortify
2017-06-23,176,89894,ggfortify
2017-06-24,75,89969,ggfortify
2017-06-25,73,90042,ggfortify
2017-06-26,281,90323,ggfortify
2017-06-27,251,90574,ggfortify
2017-06-28,281,90855,ggfortify
2017-06-29,271,91126,ggfortify
2017-06-30,184,91310,ggfortify
2017-07-01,77,91387,ggfortify
2017-07-02,103,91490,ggfortify
2017-07-03,180,91670,ggfortify
2017-07-04,264,91934,ggfortify
2017-07-05,241,92175,ggfortify
2017-07-06,241,92416,ggfortify
2017-07-07,215,92631,ggfortify
2017-07-08,80,92711,ggfortify
2017-07-09,84,92795,ggfortify
2017-07-10,249,93044,ggfortify
2017-07-11,246,93290,ggfortify
2017-07-12,210,93500,ggfortify
2017-07-13,218,93718,ggfortify
2017-07-14,233,93951,ggfortify
2017-07-15,60,94011,ggfortify
2017-07-16,81,94092,ggfortify
2017-07-17,235,94327,ggfortify
2017-07-18,257,94584,ggfortify
2017-07-19,284,94868,ggfortify
2017-07-20,213,95081,ggfortify
2017-07-21,235,95316,ggfortify
2017-07-22,92,95408,ggfortify
2017-07-23,86,95494,ggfortify
2017-07-24,226,95720,ggfortify
2017-07-25,267,95987,ggfortify
2017-07-26,222,96209,ggfortify
2017-07-27,199,96408,ggfortify
2017-07-28,177,96585,ggfortify
2017-07-29,68,96653,ggfortify
2017-07-30,86,96739,ggfortify
2017-07-31,216,96955,ggfortify
2017-08-01,207,97162,ggfortify
2017-08-02,185,97347,ggfortify
2017-08-03,222,97569,ggfortify
2017-08-04,192,97761,ggfortify
2017-08-05,78,97839,ggfortify
2017-08-06,76,97915,ggfortify
2017-08-07,216,98131,ggfortify
2017-08-08,206,98337,ggfortify
2017-08-09,237,98574,ggfortify
2017-08-10,181,98755,ggfortify
2017-08-11,194,98949,ggfortify
2017-08-12,75,99024,ggfortify
2017-08-13,67,99091,ggfortify
2017-08-14,209,99300,ggfortify
2017-08-15,173,99473,ggfortify
2017-08-16,281,99754,ggfortify
2017-08-17,259,100013,ggfortify
2017-08-18,231,100244,ggfortify
2017-08-19,80,100324,ggfortify
2017-08-20,92,100416,ggfortify
2017-08-21,171,100587,ggfortify
2017-08-22,221,100808,ggfortify
2017-08-23,216,101024,ggfortify
2017-08-24,186,101210,ggfortify
2017-08-25,175,101385,ggfortify
2017-08-26,64,101449,ggfortify
2017-08-27,73,101522,ggfortify
2017-08-28,149,101671,ggfortify
2017-08-29,206,101877,ggfortify
2017-08-30,207,102084,ggfortify
2017-08-31,194,102278,ggfortify
2017-09-01,133,102411,ggfortify
2017-09-02,70,102481,ggfortify
2017-09-03,69,102550,ggfortify
2017-09-04,154,102704,ggfortify
2017-09-05,233,102937,ggfortify
2017-09-06,233,103170,ggfortify
2017-09-07,221,103391,ggfortify
2017-09-08,208,103599,ggfortify
2017-09-09,71,103670,ggfortify
2017-09-10,135,103805,ggfortify
2017-09-11,227,104032,ggfortify
2017-09-12,207,104239,ggfortify
2017-09-13,221,104460,ggfortify
2017-09-14,236,104696,ggfortify
2017-09-15,247,104943,ggfortify
2017-09-16,98,105041,ggfortify
2017-09-17,89,105130,ggfortify
2017-09-18,259,105389,ggfortify
2017-09-19,277,105666,ggfortify
2017-09-20,368,106034,ggfortify
2017-09-21,299,106333,ggfortify
2017-09-22,280,106613,ggfortify
2017-09-23,103,106716,ggfortify
2017-09-24,101,106817,ggfortify
2017-09-25,277,107094,ggfortify
2017-09-26,256,107350,ggfortify
2017-09-27,291,107641,ggfortify
2017-09-28,258,107899,ggfortify
2017-09-29,302,108201,ggfortify
2017-09-30,134,108335,ggfortify
2017-10-01,137,108472,ggfortify
2017-10-02,291,108763,ggfortify
2017-10-03,362,109125,ggfortify
2017-10-04,341,109466,ggfortify
2017-10-05,442,109908,ggfortify
2017-10-06,323,110231,ggfortify
2017-10-07,166,110397,ggfortify
2017-10-08,169,110566,ggfortify
2017-10-09,362,110928,ggfortify
2017-10-10,386,111314,ggfortify
2017-10-11,323,111637,ggfortify
2017-10-12,285,111922,ggfortify
2017-10-13,547,112469,ggfortify
2017-10-14,145,112614,ggfortify
2017-10-15,161,112775,ggfortify
2017-10-16,503,113278,ggfortify
2017-10-17,317,113595,ggfortify
2017-10-18,330,113925,ggfortify
2017-10-19,316,114241,ggfortify
2017-10-20,260,114501,ggfortify
2017-10-21,133,114634,ggfortify
2017-10-22,122,114756,ggfortify
2017-10-23,341,115097,ggfortify
2017-10-24,322,115419,ggfortify
2017-10-25,471,115890,ggfortify
2017-10-26,353,116243,ggfortify
2017-10-27,349,116592,ggfortify
2017-10-28,129,116721,ggfortify
2017-10-29,162,116883,ggfortify
2017-10-30,346,117229,ggfortify
2017-10-31,309,117538,ggfortify
2017-11-01,338,117876,ggfortify
2017-11-02,348,118224,ggfortify
2017-11-03,271,118495,ggfortify
2017-11-04,106,118601,ggfortify
2017-11-05,180,118781,ggfortify
2017-11-06,368,119149,ggfortify
2017-11-07,346,119495,ggfortify
2017-11-08,340,119835,ggfortify
2017-11-09,336,120171,ggfortify
2017-11-10,328,120499,ggfortify
2017-11-11,123,120622,ggfortify
2017-11-12,158,120780,ggfortify
2017-11-13,385,121165,ggfortify
2017-11-14,416,121581,ggfortify
2017-11-15,372,121953,ggfortify
2017-11-16,357,122310,ggfortify
2017-11-17,366,122676,ggfortify
2017-11-18,178,122854,ggfortify
2017-11-19,168,123022,ggfortify
2017-11-20,414,123436,ggfortify
2017-11-21,389,123825,ggfortify
2017-11-22,363,124188,ggfortify
2017-11-23,325,124513,ggfortify
2017-11-24,282,124795,ggfortify
2017-11-25,278,125073,ggfortify
2017-11-26,222,125295,ggfortify
2017-11-27,415,125710,ggfortify
2017-11-28,463,126173,ggfortify
2017-11-29,538,126711,ggfortify
2017-11-30,433,127144,ggfortify
2017-12-01,425,127569,ggfortify
2017-12-02,180,127749,ggfortify
2017-12-03,188,127937,ggfortify
2017-12-04,408,128345,ggfortify
2017-12-05,443,128788,ggfortify
2017-12-06,402,129190,ggfortify
2017-12-07,362,129552,ggfortify
2017-12-08,275,129827,ggfortify
2017-12-09,180,130007,ggfortify
2017-12-10,175,130182,ggfortify
2017-12-11,328,130510,ggfortify
2017-12-12,367,130877,ggfortify
2017-12-13,297,131174,ggfortify
2017-12-14,294,131468,ggfortify
2017-12-15,233,131701,ggfortify
2017-12-16,122,131823,ggfortify
2017-12-17,130,131953,ggfortify
2017-12-18,254,132207,ggfortify
2017-12-19,244,132451,ggfortify
2017-12-20,197,132648,ggfortify
2017-12-21,194,132842,ggfortify
2017-12-22,133,132975,ggfortify
2017-12-23,55,133030,ggfortify
2017-12-24,57,133087,ggfortify
2017-12-25,105,133192,ggfortify
2017-12-26,125,133317,ggfortify
2017-12-27,105,133422,ggfortify
2017-12-28,117,133539,ggfortify
2017-12-29,127,133666,ggfortify
2017-12-30,82,133748,ggfortify
2017-12-31,49,133797,ggfortify
2018-01-01,59,133856,ggfortify
2018-01-02,155,134011,ggfortify
2018-01-03,160,134171,ggfortify
2018-01-04,223,134394,ggfortify
2018-01-05,178,134572,ggfortify
2018-01-06,153,134725,ggfortify
2018-01-07,111,134836,ggfortify
2018-01-08,253,135089,ggfortify
2018-01-09,254,135343,ggfortify
2018-01-10,228,135571,ggfortify
2018-01-11,338,135909,ggfortify
2018-01-12,246,136155,ggfortify
2018-01-13,126,136281,ggfortify
2018-01-14,97,136378,ggfortify
2018-01-15,260,136638,ggfortify
2018-01-16,284,136922,ggfortify
2018-01-17,365,137287,ggfortify
2018-01-18,372,137659,ggfortify
2018-01-19,263,137922,ggfortify
2018-01-20,124,138046,ggfortify
2018-01-21,160,138206,ggfortify
2018-01-22,293,138499,ggfortify
2018-01-23,410,138909,ggfortify
2018-01-24,359,139268,ggfortify
2018-01-25,387,139655,ggfortify
2018-01-26,329,139984,ggfortify
2018-01-27,79,140063,ggfortify
2018-01-28,2,140065,ggfortify
2018-01-29,4,140069,ggfortify
2018-01-30,12,140081,ggfortify
2018-01-31,34,140115,ggfortify
2018-02-01,2,140117,ggfortify
2018-02-02,1,140118,ggfortify
2018-02-03,2,140120,ggfortify
2018-02-04,1,140121,ggfortify
2018-02-05,1,140122,ggfortify
2018-02-06,2,140124,ggfortify
2018-02-07,0,140124,ggfortify
2018-02-08,3,140127,ggfortify
2018-02-09,0,140127,ggfortify
2018-02-10,1,140128,ggfortify
2018-02-11,111,140239,ggfortify
2018-02-12,654,140893,ggfortify
2018-02-13,637,141530,ggfortify
2018-02-14,538,142068,ggfortify
2018-02-15,630,142698,ggfortify
2018-02-16,391,143089,ggfortify
2018-02-17,218,143307,ggfortify
2018-02-18,241,143548,ggfortify
2018-02-19,507,144055,ggfortify
2018-02-20,550,144605,ggfortify
2018-02-21,499,145104,ggfortify
2018-02-22,468,145572,ggfortify
2018-02-23,492,146064,ggfortify
2018-02-24,183,146247,ggfortify
2018-02-25,251,146498,ggfortify
2018-02-26,536,147034,ggfortify
2018-02-27,517,147551,ggfortify
2018-02-28,487,148038,ggfortify
2018-03-01,406,148444,ggfortify
2018-03-02,772,149216,ggfortify
2018-03-03,391,149607,ggfortify
2018-03-04,311,149918,ggfortify
2018-03-05,787,150705,ggfortify
2018-03-06,727,151432,ggfortify
2018-03-07,627,152059,ggfortify
2018-03-08,565,152624,ggfortify
2018-03-09,541,153165,ggfortify
2018-03-10,221,153386,ggfortify
2018-03-11,235,153621,ggfortify
2018-03-12,579,154200,ggfortify
2018-03-13,607,154807,ggfortify
2018-03-14,532,155339,ggfortify
2018-03-15,543,155882,ggfortify
2018-03-16,438,156320,ggfortify
2018-03-17,228,156548,ggfortify
2018-03-18,203,156751,ggfortify
2018-03-19,489,157240,ggfortify
2018-03-20,512,157752,ggfortify
2018-03-21,465,158217,ggfortify
2018-03-22,508,158725,ggfortify
2018-03-23,542,159267,ggfortify
2018-03-24,218,159485,ggfortify
2018-03-25,218,159703,ggfortify
2018-03-26,480,160183,ggfortify
2018-03-27,494,160677,ggfortify
2018-03-28,411,161088,ggfortify
2018-03-29,384,161472,ggfortify
2018-03-30,269,161741,ggfortify
2018-03-31,213,161954,ggfortify
2018-04-01,154,162108,ggfortify
2018-04-02,336,162444,ggfortify
2018-04-03,493,162937,ggfortify
2018-04-04,494,163431,ggfortify
2018-04-05,431,163862,ggfortify
2018-04-06,356,164218,ggfortify
2018-04-07,205,164423,ggfortify
2018-04-08,219,164642,ggfortify
2018-04-09,512,165154,ggfortify
2018-04-10,535,165689,ggfortify
2018-04-11,511,166200,ggfortify
2018-04-12,425,166625,ggfortify
2018-04-13,335,166960,ggfortify
2018-04-14,151,167111,ggfortify
2018-04-15,187,167298,ggfortify
2018-04-16,464,167762,ggfortify
2018-04-17,385,168147,ggfortify
2018-04-18,732,168879,ggfortify
2018-04-19,768,169647,ggfortify
2018-04-20,611,170258,ggfortify
2018-04-21,289,170547,ggfortify
2018-04-22,335,170882,ggfortify
2018-04-23,850,171732,ggfortify
2018-04-24,861,172593,ggfortify
2018-04-25,687,173280,ggfortify
2018-04-26,629,173909,ggfortify
2018-04-27,661,174570,ggfortify
2018-04-28,287,174857,ggfortify
2018-04-29,340,175197,ggfortify
2018-04-30,568,175765,ggfortify
2018-05-01,505,176270,ggfortify
2018-05-02,644,176914,ggfortify
2018-05-03,612,177526,ggfortify
2018-05-04,513,178039,ggfortify
2018-05-05,210,178249,ggfortify
2018-05-06,261,178510,ggfortify
2018-05-07,521,179031,ggfortify
2018-05-08,498,179529,ggfortify
2018-05-09,550,180079,ggfortify
2018-05-10,449,180528,ggfortify
2018-05-11,468,180996,ggfortify
2018-05-12,178,181174,ggfortify
2018-05-13,177,181351,ggfortify
2018-05-14,442,181793,ggfortify
2018-05-15,404,182197,ggfortify
2018-05-16,426,182623,ggfortify
2018-05-17,465,183088,ggfortify
2018-05-18,348,183436,ggfortify
2018-05-19,156,183592,ggfortify
2018-05-20,174,183766,ggfortify
2018-05-21,412,184178,ggfortify
2018-05-22,462,184640,ggfortify
2018-05-23,419,185059,ggfortify
2018-05-24,411,185470,ggfortify
2018-05-25,418,185888,ggfortify
2018-05-26,963,186851,ggfortify
2018-05-27,1163,188014,ggfortify
2018-05-28,653,188667,ggfortify
2018-05-29,649,189316,ggfortify
2018-05-30,592,189908,ggfortify
2018-05-31,565,190473,ggfortify
2018-06-01,432,190905,ggfortify
2018-06-02,196,191101,ggfortify
2018-06-03,157,191258,ggfortify
2018-06-04,537,191795,ggfortify
2018-06-05,512,192307,ggfortify
2018-06-06,521,192828,ggfortify
2018-06-07,475,193303,ggfortify
2018-06-08,423,193726,ggfortify
2018-06-09,197,193923,ggfortify
2018-06-10,221,194144,ggfortify
2018-06-11,577,194721,ggfortify
2018-06-12,501,195222,ggfortify
2018-06-13,422,195644,ggfortify
2018-06-14,405,196049,ggfortify
2018-06-15,387,196436,ggfortify
2018-06-16,131,196567,ggfortify
2018-06-17,134,196701,ggfortify
2018-06-18,361,197062,ggfortify
2018-06-19,414,197476,ggfortify
2018-06-20,412,197888,ggfortify
2018-06-21,371,198259,ggfortify
2018-06-22,408,198667,ggfortify
2018-06-23,138,198805,ggfortify
2018-06-24,173,198978,ggfortify
2018-06-25,414,199392,ggfortify
2018-06-26,432,199824,ggfortify
2018-06-27,412,200236,ggfortify
2018-06-28,438,200674,ggfortify
2018-06-29,316,200990,ggfortify
2018-06-30,123,201113,ggfortify
2018-07-01,143,201256,ggfortify
2018-07-02,401,201657,ggfortify
2018-07-03,371,202028,ggfortify
2018-07-04,327,202355,ggfortify
2018-07-05,396,202751,ggfortify
2018-07-06,324,203075,ggfortify
2018-07-07,99,203174,ggfortify
2018-07-08,134,203308,ggfortify
2018-07-09,411,203719,ggfortify
2018-07-10,364,204083,ggfortify
2018-07-11,339,204422,ggfortify
2018-07-12,351,204773,ggfortify
2018-07-13,283,205056,ggfortify
2018-07-14,139,205195,ggfortify
2018-07-15,142,205337,ggfortify
2018-07-16,380,205717,ggfortify
2018-07-17,342,206059,ggfortify
2018-07-18,375,206434,ggfortify
2018-07-19,359,206793,ggfortify
2018-07-20,316,207109,ggfortify
2018-07-21,150,207259,ggfortify
2018-07-22,233,207492,ggfortify
2018-07-23,439,207931,ggfortify
2018-07-24,354,208285,ggfortify
2018-07-25,352,208637,ggfortify
2018-07-26,303,208940,ggfortify
2018-07-27,356,209296,ggfortify
2018-07-28,181,209477,ggfortify
2018-07-29,116,209593,ggfortify
2018-07-30,372,209965,ggfortify
2018-07-31,334,210299,ggfortify
2018-08-01,325,210624,ggfortify
2018-08-02,403,211027,ggfortify
2018-08-03,320,211347,ggfortify
2018-08-04,153,211500,ggfortify
2018-08-05,156,211656,ggfortify
2018-08-06,319,211975,ggfortify
2018-08-07,353,212328,ggfortify
2018-08-08,351,212679,ggfortify
2018-08-09,375,213054,ggfortify
2018-08-10,280,213334,ggfortify
2018-08-11,173,213507,ggfortify
2018-08-12,135,213642,ggfortify
2018-08-13,379,214021,ggfortify
2018-08-14,325,214346,ggfortify
2018-08-15,317,214663,ggfortify
2018-08-16,341,215004,ggfortify
2018-08-17,271,215275,ggfortify
2018-08-18,188,215463,ggfortify
2018-08-19,147,215610,ggfortify
2018-08-20,356,215966,ggfortify
2018-08-21,329,216295,ggfortify
2018-08-22,388,216683,ggfortify
2018-08-23,411,217094,ggfortify
2018-08-24,349,217443,ggfortify
2018-08-25,105,217548,ggfortify
2018-08-26,141,217689,ggfortify
2018-08-27,352,218041,ggfortify
2018-08-28,396,218437,ggfortify
2018-08-29,403,218840,ggfortify
2018-08-30,302,219142,ggfortify
2018-08-31,298,219440,ggfortify
2018-09-01,118,219558,ggfortify
2018-09-02,172,219730,ggfortify
2018-09-03,278,220008,ggfortify
2018-09-04,418,220426,ggfortify
2018-09-05,487,220913,ggfortify
2018-09-06,451,221364,ggfortify
2018-09-07,370,221734,ggfortify
2018-09-08,188,221922,ggfortify
2018-09-09,193,222115,ggfortify
2018-09-10,391,222506,ggfortify
2018-09-11,401,222907,ggfortify
2018-09-12,443,223350,ggfortify
2018-09-13,443,223793,ggfortify
2018-09-14,414,224207,ggfortify
2018-09-15,183,224390,ggfortify
2018-09-16,229,224619,ggfortify
2018-09-17,412,225031,ggfortify
2018-09-18,462,225493,ggfortify
2018-09-19,451,225944,ggfortify
2018-09-20,467,226411,ggfortify
2018-09-21,341,226752,ggfortify
2018-09-22,190,226942,ggfortify
2018-09-23,200,227142,ggfortify
2018-09-24,402,227544,ggfortify
2018-09-25,525,228069,ggfortify
2018-09-26,458,228527,ggfortify
2018-09-27,465,228992,ggfortify
2018-09-28,488,229480,ggfortify
2018-09-29,209,229689,ggfortify
2018-09-30,176,229865,ggfortify
2018-10-01,431,230296,ggfortify
2018-10-02,522,230818,ggfortify
2018-10-03,617,231435,ggfortify
2018-10-04,552,231987,ggfortify
2018-10-05,445,232432,ggfortify
2018-10-06,183,232615,ggfortify
2018-10-07,269,232884,ggfortify
2018-10-08,499,233383,ggfortify
2018-10-09,700,234083,ggfortify
2018-10-10,504,234587,ggfortify
2018-10-11,616,235203,ggfortify
2018-10-12,393,235596,ggfortify
2018-10-13,207,235803,ggfortify
2018-10-14,221,236024,ggfortify
2018-10-15,424,236448,ggfortify
2018-10-16,653,237101,ggfortify
2018-10-17,650,237751,ggfortify
2018-10-18,512,238263,ggfortify
2018-10-19,438,238701,ggfortify
2018-10-20,260,238961,ggfortify
2018-10-21,321,239282,ggfortify
2018-10-22,536,239818,ggfortify
2018-10-23,501,240319,ggfortify
2018-10-24,593,240912,ggfortify
2018-10-25,535,241447,ggfortify
2018-10-26,467,241914,ggfortify
2018-10-27,213,242127,ggfortify
2018-10-28,294,242421,ggfortify
2018-10-29,529,242950,ggfortify
2018-10-30,585,243535,ggfortify
2018-10-31,556,244091,ggfortify
2018-11-01,422,244513,ggfortify
2018-11-02,356,244869,ggfortify
2018-11-03,264,245133,ggfortify
2018-11-04,289,245422,ggfortify
2018-11-05,607,246029,ggfortify
2018-11-06,505,246534,ggfortify
2018-11-07,504,247038,ggfortify
2018-11-08,557,247595,ggfortify
2018-11-09,481,248076,ggfortify
2018-11-10,263,248339,ggfortify
2018-11-11,296,248635,ggfortify
2018-11-12,562,249197,ggfortify
2018-11-13,589,249786,ggfortify
2018-11-14,695,250481,ggfortify
2018-11-15,674,251155,ggfortify
2018-11-16,546,251701,ggfortify
2018-11-17,292,251993,ggfortify
2018-11-18,266,252259,ggfortify
2018-11-19,568,252827,ggfortify
2018-11-20,657,253484,ggfortify
2018-11-21,492,253976,ggfortify
2018-11-22,518,254494,ggfortify
2018-11-23,439,254933,ggfortify
2018-11-24,212,255145,ggfortify
2018-11-25,256,255401,ggfortify
2018-11-26,622,256023,ggfortify
2018-11-27,797,256820,ggfortify
2018-11-28,877,257697,ggfortify
2018-11-29,800,258497,ggfortify
2018-11-30,624,259121,ggfortify
2018-12-01,308,259429,ggfortify
2018-12-02,283,259712,ggfortify
2018-12-03,659,260371,ggfortify
2018-12-04,656,261027,ggfortify
2018-12-05,683,261710,ggfortify
2018-12-06,695,262405,ggfortify
2018-12-07,434,262839,ggfortify
2018-12-08,283,263122,ggfortify
2018-12-09,335,263457,ggfortify
2018-12-10,569,264026,ggfortify
2018-12-11,535,264561,ggfortify
2018-12-12,617,265178,ggfortify
2018-12-13,528,265706,ggfortify
2018-12-14,382,266088,ggfortify
2018-12-15,227,266315,ggfortify
2018-12-16,209,266524,ggfortify
2018-12-17,456,266980,ggfortify
2018-12-18,447,267427,ggfortify
2018-12-19,396,267823,ggfortify
2018-12-20,387,268210,ggfortify
2018-12-21,289,268499,ggfortify
2018-12-22,138,268637,ggfortify
2018-12-23,160,268797,ggfortify
2018-12-24,141,268938,ggfortify
2018-12-25,116,269054,ggfortify
2018-12-26,182,269236,ggfortify
2018-12-27,167,269403,ggfortify
2018-12-28,239,269642,ggfortify
2018-12-29,157,269799,ggfortify
2018-12-30,134,269933,ggfortify
2018-12-31,145,270078,ggfortify
2019-01-01,98,270176,ggfortify
2019-01-02,259,270435,ggfortify
2019-01-03,321,270756,ggfortify
2019-01-04,265,271021,ggfortify
2019-01-05,233,271254,ggfortify
2019-01-06,217,271471,ggfortify
2019-01-07,346,271817,ggfortify
2019-01-08,417,272234,ggfortify
2019-01-09,421,272655,ggfortify
2019-01-10,402,273057,ggfortify
2019-01-11,432,273489,ggfortify
2019-01-12,167,273656,ggfortify
2019-01-13,193,273849,ggfortify
2019-01-14,451,274300,ggfortify
2019-01-15,487,274787,ggfortify
2019-01-16,486,275273,ggfortify
2019-01-17,405,275678,ggfortify
2019-01-18,392,276070,ggfortify
2019-01-19,224,276294,ggfortify
2019-01-20,229,276523,ggfortify
2019-01-21,469,276992,ggfortify
2019-01-22,542,277534,ggfortify
2019-01-23,517,278051,ggfortify
2019-01-24,519,278570,ggfortify
2019-01-25,480,279050,ggfortify
2019-01-26,166,279216,ggfortify
2019-01-27,173,279389,ggfortify
2019-01-28,611,280000,ggfortify
2019-01-29,679,280679,ggfortify
2019-01-30,453,281132,ggfortify
2019-01-31,550,281682,ggfortify
2019-02-01,449,282131,ggfortify
2019-02-02,204,282335,ggfortify
2019-02-03,192,282527,ggfortify
2019-02-04,457,282984,ggfortify
2019-02-05,576,283560,ggfortify
2019-02-06,578,284138,ggfortify
2019-02-07,585,284723,ggfortify
2019-02-08,535,285258,ggfortify
2019-02-09,201,285459,ggfortify
2019-02-10,261,285720,ggfortify
2019-02-11,427,286147,ggfortify
2019-02-12,539,286686,ggfortify
2019-02-13,553,287239,ggfortify
2019-02-14,525,287764,ggfortify
2019-02-15,466,288230,ggfortify
2019-02-16,250,288480,ggfortify
2019-02-17,243,288723,ggfortify
2019-02-18,599,289322,ggfortify
2019-02-19,589,289911,ggfortify
2019-02-20,555,290466,ggfortify
2019-02-21,571,291037,ggfortify
2019-02-22,503,291540,ggfortify
2019-02-23,206,291746,ggfortify
2019-02-24,239,291985,ggfortify
2019-02-25,643,292628,ggfortify
2019-02-26,620,293248,ggfortify
2019-02-27,541,293789,ggfortify
2019-02-28,479,294268,ggfortify
2019-03-01,460,294728,ggfortify
2019-03-02,237,294965,ggfortify
2019-03-03,291,295256,ggfortify
2019-03-04,535,295791,ggfortify
2019-03-05,560,296351,ggfortify
2019-03-06,686,297037,ggfortify
2019-03-07,643,297680,ggfortify
2019-03-08,534,298214,ggfortify
2019-03-09,229,298443,ggfortify
2019-03-10,274,298717,ggfortify
2019-03-11,625,299342,ggfortify
2019-03-12,658,300000,ggfortify
2019-03-13,688,300688,ggfortify
2019-03-14,589,301277,ggfortify
2019-03-15,523,301800,ggfortify
2019-03-16,277,302077,ggfortify
2019-03-17,243,302320,ggfortify
2019-03-18,597,302917,ggfortify
2019-03-19,624,303541,ggfortify
2019-03-20,2227,305768,ggfortify
2019-03-21,1337,307105,ggfortify
2019-03-22,915,308020,ggfortify
2019-03-23,446,308466,ggfortify
2019-03-24,421,308887,ggfortify
2019-03-25,961,309848,ggfortify
2019-03-26,927,310775,ggfortify
2019-03-27,1161,311936,ggfortify
2019-03-28,847,312783,ggfortify
2019-03-29,792,313575,ggfortify
2019-03-30,333,313908,ggfortify
2019-03-31,405,314313,ggfortify
2019-04-01,978,315291,ggfortify
2019-04-02,884,316175,ggfortify
2019-04-03,936,317111,ggfortify
2019-04-04,865,317976,ggfortify
2019-04-05,638,318614,ggfortify
2019-04-06,402,319016,ggfortify
2019-04-07,399,319415,ggfortify
2019-04-08,808,320223,ggfortify
2019-04-09,1016,321239,ggfortify
2019-04-10,877,322116,ggfortify
2019-04-11,887,323003,ggfortify
2019-04-12,717,323720,ggfortify
2019-04-13,318,324038,ggfortify
2019-04-14,381,324419,ggfortify
2019-04-15,804,325223,ggfortify
2019-04-16,851,326074,ggfortify
2019-04-17,844,326918,ggfortify
2019-04-18,667,327585,ggfortify
2019-04-19,514,328099,ggfortify
2019-04-20,274,328373,ggfortify
2019-04-21,304,328677,ggfortify
2019-04-22,572,329249,ggfortify
2019-04-23,721,329970,ggfortify
2019-04-24,696,330666,ggfortify
2019-04-25,815,331481,ggfortify
2019-04-26,705,332186,ggfortify
2019-04-27,445,332631,ggfortify
2019-04-28,467,333098,ggfortify
2019-04-29,950,334048,ggfortify
2019-04-30,901,334949,ggfortify
2019-05-01,810,335759,ggfortify
2019-05-02,886,336645,ggfortify
2019-05-03,721,337366,ggfortify
2019-05-04,368,337734,ggfortify
2019-05-05,385,338119,ggfortify
2019-05-06,921,339040,ggfortify
2019-05-07,860,339900,ggfortify
2019-05-08,874,340774,ggfortify
2019-05-09,742,341516,ggfortify
2019-05-10,586,342102,ggfortify
2019-05-11,330,342432,ggfortify
2019-05-12,418,342850,ggfortify
2019-05-13,798,343648,ggfortify
2019-05-14,926,344574,ggfortify
2019-05-15,870,345444,ggfortify
2019-05-16,780,346224,ggfortify
2019-05-17,704,346928,ggfortify
2019-05-18,340,347268,ggfortify
2019-05-19,345,347613,ggfortify
2019-05-20,745,348358,ggfortify
2019-05-21,711,349069,ggfortify
2019-05-22,691,349760,ggfortify
2019-05-23,735,350495,ggfortify
2019-05-24,678,351173,ggfortify
2019-05-25,268,351441,ggfortify
2019-05-26,1334,352775,ggfortify
2019-05-27,1064,353839,ggfortify
2019-05-28,1113,354952,ggfortify
2019-05-29,948,355900,ggfortify
2019-05-30,810,356710,ggfortify
2019-05-31,674,357384,ggfortify
2019-06-01,365,357749,ggfortify
2019-06-02,384,358133,ggfortify
2019-06-03,784,358917,ggfortify
2019-06-04,855,359772,ggfortify
2019-06-05,889,360661,ggfortify
2019-06-06,905,361566,ggfortify
2019-06-07,642,362208,ggfortify
2019-06-08,362,362570,ggfortify
2019-06-09,367,362937,ggfortify
2019-06-10,761,363698,ggfortify
2019-06-11,887,364585,ggfortify
2019-06-12,882,365467,ggfortify
2019-06-13,698,366165,ggfortify
2019-06-14,653,366818,ggfortify
2019-06-15,278,367096,ggfortify
2019-06-16,352,367448,ggfortify
2019-06-17,716,368164,ggfortify
2019-06-18,835,368999,ggfortify
2019-06-19,854,369853,ggfortify
2019-06-20,758,370611,ggfortify
2019-06-21,611,371222,ggfortify
2019-06-22,275,371497,ggfortify
2019-06-23,323,371820,ggfortify
2019-06-24,706,372526,ggfortify
2019-06-25,726,373252,ggfortify
2019-06-26,705,373957,ggfortify
2019-06-27,770,374727,ggfortify
2019-06-28,626,375353,ggfortify
2019-06-29,260,375613,ggfortify
2019-06-30,293,375906,ggfortify
2019-07-01,587,376493,ggfortify
2019-07-02,706,377199,ggfortify
2019-07-03,646,377845,ggfortify
2019-07-04,521,378366,ggfortify
2019-07-05,564,378930,ggfortify
2019-07-06,291,379221,ggfortify
2019-07-07,339,379560,ggfortify
2019-07-08,825,380385,ggfortify
2019-07-09,785,381170,ggfortify
2019-07-10,819,381989,ggfortify
2019-07-11,722,382711,ggfortify
2019-07-12,637,383348,ggfortify
2019-07-13,274,383622,ggfortify
2019-07-14,301,383923,ggfortify
2019-07-15,696,384619,ggfortify
2019-07-16,716,385335,ggfortify
2019-07-17,685,386020,ggfortify
2019-07-18,614,386634,ggfortify
2019-07-19,552,387186,ggfortify
2019-07-20,257,387443,ggfortify
2019-07-21,250,387693,ggfortify
2019-07-22,670,388363,ggfortify
2019-07-23,673,389036,ggfortify
2019-07-24,649,389685,ggfortify
2019-07-25,602,390287,ggfortify
2019-07-26,557,390844,ggfortify
2019-07-27,289,391133,ggfortify
2019-07-28,267,391400,ggfortify
2019-07-29,723,392123,ggfortify
2019-07-30,718,392841,ggfortify
2019-07-31,690,393531,ggfortify
2019-08-01,659,394190,ggfortify
2019-08-02,599,394789,ggfortify
2019-08-03,231,395020,ggfortify
2019-08-04,229,395249,ggfortify
2019-08-05,551,395800,ggfortify
2019-08-06,617,396417,ggfortify
2019-08-07,625,397042,ggfortify
2019-08-08,557,397599,ggfortify
2019-08-09,433,398032,ggfortify
2019-08-10,286,398318,ggfortify
2019-08-11,244,398562,ggfortify
2019-08-12,544,399106,ggfortify
2019-08-13,598,399704,ggfortify
2019-08-14,592,400296,ggfortify
2019-08-15,456,400752,ggfortify
2019-08-16,396,401148,ggfortify
2019-08-17,254,401402,ggfortify
2019-08-18,251,401653,ggfortify
2019-08-19,548,402201,ggfortify
2019-08-20,552,402753,ggfortify
2019-08-21,525,403278,ggfortify
2019-08-22,822,404100,ggfortify
2019-08-23,614,404714,ggfortify
2019-08-24,201,404915,ggfortify
2019-08-25,261,405176,ggfortify
2019-08-26,572,405748,ggfortify
2019-08-27,604,406352,ggfortify
2019-08-28,610,406962,ggfortify
2019-08-29,615,407577,ggfortify
2019-08-30,442,408019,ggfortify
2019-08-31,243,408262,ggfortify
2019-09-01,219,408481,ggfortify
2019-09-02,479,408960,ggfortify
2019-09-03,706,409666,ggfortify
2019-09-04,1849,411515,ggfortify
2019-09-05,1514,413029,ggfortify
2019-09-06,1593,414622,ggfortify
2019-09-07,1055,415677,ggfortify
2019-09-08,1058,416735,ggfortify
2019-09-09,1640,418375,ggfortify
2019-09-10,1629,420004,ggfortify
2019-09-11,1506,421510,ggfortify
2019-09-12,1682,423192,ggfortify
2019-09-13,1556,424748,ggfortify
2019-09-14,1089,425837,ggfortify
2019-09-15,1124,426961,ggfortify
2019-09-16,1525,428486,ggfortify
2019-09-17,1601,430087,ggfortify
2019-09-18,1618,431705,ggfortify
2019-09-19,1436,433141,ggfortify
2019-09-20,1403,434544,ggfortify
2019-09-21,938,435482,ggfortify
2019-09-22,889,436371,ggfortify
2019-09-23,1741,438112,ggfortify
2019-09-24,1468,439580,ggfortify
2019-09-25,1494,441074,ggfortify
2019-09-26,1618,442692,ggfortify
2019-09-27,1796,444488,ggfortify
2019-09-28,1166,445654,ggfortify
2019-09-29,1326,446980,ggfortify
2019-09-30,2019,448999,ggfortify
2019-10-01,1652,450651,ggfortify
2019-10-02,1856,452507,ggfortify
2019-10-03,1890,454397,ggfortify
2019-10-04,1690,456087,ggfortify
2019-10-05,1306,457393,ggfortify
2019-10-06,1299,458692,ggfortify
2019-10-07,1765,460457,ggfortify
2019-10-08,1930,462387,ggfortify
2019-10-09,1801,464188,ggfortify
2019-10-10,1827,466015,ggfortify
2019-10-11,1813,467828,ggfortify
2019-10-12,1325,469153,ggfortify
2019-10-13,1354,470507,ggfortify
2019-10-14,2101,472608,ggfortify
2019-10-15,1901,474509,ggfortify
2019-10-16,1919,476428,ggfortify
2019-10-17,1662,478090,ggfortify
2019-10-18,1648,479738,ggfortify
2019-10-19,1109,480847,ggfortify
2019-10-20,1071,481918,ggfortify
2019-10-21,1837,483755,ggfortify
2019-10-22,2129,485884,ggfortify
2019-10-23,1912,487796,ggfortify
2019-10-24,2038,489834,ggfortify
2019-10-25,1807,491641,ggfortify
2019-10-26,1366,493007,ggfortify
2019-10-27,1495,494502,ggfortify
2019-10-28,1799,496301,ggfortify
2019-10-29,2119,498420,ggfortify
2019-10-30,1994,500414,ggfortify
2019-10-31,1343,501757,ggfortify
2019-11-01,592,502349,ggfortify
2019-11-02,415,502764,ggfortify
2019-11-03,377,503141,ggfortify
2019-11-04,953,504094,ggfortify
2019-11-05,1110,505204,ggfortify
2019-11-06,1047,506251,ggfortify
2019-11-07,937,507188,ggfortify
2019-11-08,765,507953,ggfortify
2019-11-09,435,508388,ggfortify
2019-11-10,447,508835,ggfortify
2019-11-11,1521,510356,ggfortify
2019-11-12,1679,512035,ggfortify
2019-11-13,1566,513601,ggfortify
2019-11-14,1631,515232,ggfortify
2019-11-15,1275,516507,ggfortify
2019-11-16,588,517095,ggfortify
2019-11-17,653,517748,ggfortify
2019-11-18,1154,518902,ggfortify
2019-11-19,1232,520134,ggfortify
2019-11-20,1468,521602,ggfortify
2019-11-21,1156,522758,ggfortify
2019-11-22,1084,523842,ggfortify
2019-11-23,797,524639,ggfortify
2019-11-24,596,525235,ggfortify
2019-11-25,1083,526318,ggfortify
2019-11-26,1346,527664,ggfortify
2019-11-27,1264,528928,ggfortify
2019-11-28,1058,529986,ggfortify
2019-11-29,679,530665,ggfortify
2019-11-30,522,531187,ggfortify
2019-12-01,591,531778,ggfortify
2019-12-02,1023,532801,ggfortify
2019-12-03,1074,533875,ggfortify
2019-12-04,1383,535258,ggfortify
2019-12-05,1239,536497,ggfortify
2019-12-06,1018,537515,ggfortify
2019-12-07,537,538052,ggfortify
2019-12-08,535,538587,ggfortify
2019-12-09,974,539561,ggfortify
2019-12-10,1219,540780,ggfortify
2019-12-11,1064,541844,ggfortify
2019-12-12,1185,543029,ggfortify
2019-12-13,1161,544190,ggfortify
2019-12-14,462,544652,ggfortify
2019-12-15,469,545121,ggfortify
2019-12-16,787,545908,ggfortify
2019-12-17,1541,547449,ggfortify
2019-12-18,1971,549420,ggfortify
2019-12-19,1831,551251,ggfortify
2019-12-20,1722,552973,ggfortify
2019-12-21,999,553972,ggfortify
2019-12-22,782,554754,ggfortify
2019-12-23,1639,556393,ggfortify
2019-12-24,1510,557903,ggfortify
2019-12-25,1408,559311,ggfortify
2019-12-26,1469,560780,ggfortify
2019-12-27,1506,562286,ggfortify
2019-12-28,1461,563747,ggfortify
2019-12-29,1390,565137,ggfortify
2019-12-30,1527,566664,ggfortify
2019-12-31,1379,568043,ggfortify
2020-01-01,1384,569427,ggfortify
2020-01-02,757,570184,ggfortify
2020-01-03,1628,571812,ggfortify
2020-01-04,1555,573367,ggfortify
2020-01-05,1581,574948,ggfortify
2020-01-06,1834,576782,ggfortify
2020-01-07,1907,578689,ggfortify
2020-01-08,2015,580704,ggfortify
2020-01-09,1931,582635,ggfortify
2020-01-10,1481,584116,ggfortify
2020-01-11,1457,585573,ggfortify
2020-01-12,1471,587044,ggfortify
2020-01-13,1956,589000,ggfortify
2020-01-14,1947,590947,ggfortify
2020-01-15,1903,592850,ggfortify
2020-01-16,1975,594825,ggfortify
2020-01-17,1823,596648,ggfortify
2020-01-18,1462,598110,ggfortify
2020-01-19,1496,599606,ggfortify
2020-01-20,1972,601578,ggfortify
2020-01-21,1794,603372,ggfortify
2020-01-22,1793,605165,ggfortify
2020-01-23,2191,607356,ggfortify
2020-01-24,1850,609206,ggfortify
2020-01-25,1547,610753,ggfortify
2020-01-26,1619,612372,ggfortify
2020-01-27,2160,614532,ggfortify
2020-01-28,1991,616523,ggfortify
2020-01-29,2035,618558,ggfortify
2020-01-30,2096,620654,ggfortify
2020-01-31,1936,622590,ggfortify
2020-02-01,1407,623997,ggfortify
2020-02-02,1528,625525,ggfortify
2020-02-03,2038,627563,ggfortify
2020-02-04,2184,629747,ggfortify
2020-02-05,2192,631939,ggfortify
2020-02-06,2194,634133,ggfortify
2020-02-07,1981,636114,ggfortify
2020-02-08,1477,637591,ggfortify
2020-02-09,1527,639118,ggfortify
2020-02-10,2253,641371,ggfortify
2020-02-11,2051,643422,ggfortify
2020-02-12,1657,645079,ggfortify
2020-02-13,1609,646688,ggfortify
2020-02-14,1848,648536,ggfortify
2020-02-15,1594,650130,ggfortify
2020-02-16,1583,651713,ggfortify
2020-02-17,2028,653741,ggfortify
2020-02-18,1961,655702,ggfortify
2020-02-19,2024,657726,ggfortify
2020-02-20,1505,659231,ggfortify
2020-02-21,1841,661072,ggfortify
2020-02-22,1610,662682,ggfortify
2020-02-23,1728,664410,ggfortify
2020-02-24,2046,666456,ggfortify
2020-02-25,1891,668347,ggfortify
2020-02-26,2081,670428,ggfortify
2020-02-27,2119,672547,ggfortify
2020-02-28,2027,674574,ggfortify
2020-02-29,314,674888,ggfortify
2020-03-01,1091,675979,ggfortify
2020-03-02,2019,677998,ggfortify
2020-03-03,2132,680130,ggfortify
2020-03-04,2190,682320,ggfortify
2020-03-05,2195,684515,ggfortify
2020-03-06,2053,686568,ggfortify
2020-03-07,1591,688159,ggfortify
2020-03-08,1578,689737,ggfortify
2020-03-09,1916,691653,ggfortify
2020-03-10,1999,693652,ggfortify
2020-03-11,2353,696005,ggfortify
2020-03-12,2888,698893,ggfortify
2020-03-13,2358,701251,ggfortify
2020-03-14,1840,703091,ggfortify
2020-03-15,1845,704936,ggfortify
2020-03-16,2309,707245,ggfortify
2020-03-17,2206,709451,ggfortify
2020-03-18,2068,711519,ggfortify
2020-03-19,2228,713747,ggfortify
2020-03-20,2124,715871,ggfortify
2020-03-21,1852,717723,ggfortify
2020-03-22,1718,719441,ggfortify
2020-03-23,2147,721588,ggfortify
2020-03-24,2235,723823,ggfortify
2020-03-25,2292,726115,ggfortify
2020-03-26,2315,728430,ggfortify
2020-03-27,2076,730506,ggfortify
2020-03-28,1812,732318,ggfortify
2020-03-29,1711,734029,ggfortify
2020-03-30,2197,736226,ggfortify
2020-03-31,2182,738408,ggfortify
2020-04-01,2156,740564,ggfortify
2020-04-02,2143,742707,ggfortify
2020-04-03,2065,744772,ggfortify
2020-04-04,1753,746525,ggfortify
2020-04-05,1736,748261,ggfortify
2020-04-06,2169,750430,ggfortify
2020-04-07,2138,752568,ggfortify
2020-04-08,2238,754806,ggfortify
2020-04-09,2237,757043,ggfortify
2020-04-10,2015,759058,ggfortify
2020-04-11,1798,760856,ggfortify
2020-04-12,1799,762655,ggfortify
2020-04-13,2023,764678,ggfortify
2020-04-14,2177,766855,ggfortify
2020-04-15,2513,769368,ggfortify
2020-04-16,2158,771526,ggfortify
2020-04-17,2019,773545,ggfortify
2020-04-18,1805,775350,ggfortify
2020-04-19,1795,777145,ggfortify
2020-04-20,1967,779112,ggfortify
2020-04-21,2176,781288,ggfortify
2020-04-22,2230,783518,ggfortify
2020-04-23,2238,785756,ggfortify
2020-04-24,2225,787981,ggfortify
2020-04-25,1983,789964,ggfortify
2020-04-26,2151,792115,ggfortify
2020-04-27,3112,795227,ggfortify
2020-04-28,3038,798265,ggfortify
2020-04-29,2866,801131,ggfortify
2020-04-30,2550,803681,ggfortify
2020-05-01,1914,805595,ggfortify
2020-05-02,1969,807564,ggfortify
2020-05-03,1817,809381,ggfortify
2020-05-04,2358,811739,ggfortify
2020-05-05,2392,814131,ggfortify
2020-05-06,2209,816340,ggfortify
2020-05-07,2271,818611,ggfortify
2020-05-08,2184,820795,ggfortify
2020-05-09,1956,822751,ggfortify
2020-05-10,1865,824616,ggfortify
2020-05-11,2364,826980,ggfortify
2020-05-12,2350,829330,ggfortify
2020-05-13,2323,831653,ggfortify
2020-05-14,2309,833962,ggfortify
2020-05-15,2130,836092,ggfortify
2020-05-16,2186,838278,ggfortify
2020-05-17,1762,840040,ggfortify
2020-05-18,2350,842390,ggfortify
2020-05-19,2224,844614,ggfortify
2020-05-20,2183,846797,ggfortify
2020-05-21,1919,848716,ggfortify
2020-05-22,1811,850527,ggfortify
2020-05-23,1596,852123,ggfortify
2020-05-24,1467,853590,ggfortify
2020-05-25,1743,855333,ggfortify
2020-05-26,2162,857495,ggfortify
2020-05-27,2225,859720,ggfortify
2020-05-28,2045,861765,ggfortify
2020-05-29,1819,863584,ggfortify
2020-05-30,1489,865073,ggfortify
2020-05-31,1409,866482,ggfortify
2020-06-01,1671,868153,ggfortify
2020-06-02,1920,870073,ggfortify
2020-06-03,2195,872268,ggfortify
2020-06-04,2247,874515,ggfortify
2020-06-05,1982,876497,ggfortify
2020-06-06,1784,878281,ggfortify
2020-06-07,1794,880075,ggfortify
2020-06-08,2309,882384,ggfortify
2020-06-09,2263,884647,ggfortify
2020-06-10,2114,886761,ggfortify
2020-06-11,2155,888916,ggfortify
2020-06-12,2032,890948,ggfortify
2020-06-13,1483,892431,ggfortify
2020-06-14,576,893007,ggfortify
2020-06-15,1050,894057,ggfortify
2020-06-16,1932,895989,ggfortify
2020-06-17,1028,897017,ggfortify
2020-06-18,831,897848,ggfortify
2020-06-19,1215,899063,ggfortify
2020-06-20,594,899657,ggfortify
2020-06-21,1647,901304,ggfortify
2020-06-22,2095,903399,ggfortify
2020-06-23,2096,905495,ggfortify
2020-06-24,2177,907672,ggfortify
2020-06-25,2003,909675,ggfortify
2020-06-26,1889,911564,ggfortify
2020-06-27,1592,913156,ggfortify
2020-06-28,1608,914764,ggfortify
2020-06-29,1941,916705,ggfortify
2020-06-30,1974,918679,ggfortify
2020-07-01,1965,920644,ggfortify
2020-07-02,1982,922626,ggfortify
2020-07-03,1904,924530,ggfortify
2020-07-04,1541,926071,ggfortify
2020-07-05,1668,927739,ggfortify
2020-07-06,2044,929783,ggfortify
2020-07-07,1977,931760,ggfortify
2020-07-08,1952,933712,ggfortify
2020-07-09,1920,935632,ggfortify
2020-07-10,1902,937534,ggfortify
2020-07-11,1430,938964,ggfortify
2020-07-12,1283,940247,ggfortify
2020-07-13,1686,941933,ggfortify
2020-07-14,1703,943636,ggfortify
2020-07-15,1579,945215,ggfortify
2020-07-16,1660,946875,ggfortify
2020-07-17,1154,948029,ggfortify
2020-07-18,356,948385,ggfortify
2020-07-19,392,948777,ggfortify
2020-07-20,749,949526,ggfortify
2020-07-21,771,950297,ggfortify
2020-07-22,784,951081,ggfortify
2020-07-23,1084,952165,ggfortify
2020-07-24,1066,953231,ggfortify
2020-07-25,791,954022,ggfortify
2020-07-26,696,954718,ggfortify
2020-07-27,1102,955820,ggfortify
2020-07-28,1515,957335,ggfortify
2020-07-29,1528,958863,ggfortify
2020-07-30,1180,960043,ggfortify
2020-07-31,1021,961064,ggfortify
2020-08-01,1282,962346,ggfortify
2020-08-02,760,963106,ggfortify
2020-08-03,1194,964300,ggfortify
2020-08-04,1505,965805,ggfortify
2020-08-05,1115,966920,ggfortify
2020-08-06,1071,967991,ggfortify
2020-08-07,637,968628,ggfortify
2020-08-08,457,969085,ggfortify
2020-08-09,412,969497,ggfortify
2020-08-10,739,970236,ggfortify
2020-08-11,991,971227,ggfortify
2020-08-12,1251,972478,ggfortify
2020-08-13,1491,973969,ggfortify
2020-08-14,1466,975435,ggfortify
2020-08-15,1170,976605,ggfortify
2020-08-16,1216,977821,ggfortify
2020-08-17,2148,979969,ggfortify
2020-08-18,3330,983299,ggfortify
2020-08-19,3144,986443,ggfortify
2020-08-20,1080,987523,ggfortify
2020-08-21,1019,988542,ggfortify
2020-08-22,750,989292,ggfortify
2020-08-23,728,990020,ggfortify
2020-08-24,1190,991210,ggfortify
2020-08-25,1470,992680,ggfortify
2020-08-26,1069,993749,ggfortify
2020-08-27,652,994401,ggfortify
2020-08-28,1172,995573,ggfortify
2020-08-29,1122,996695,ggfortify
2020-08-30,705,997400,ggfortify
2020-08-31,1054,998454,ggfortify
2020-09-01,1044,999498,ggfortify
2020-09-02,977,1000475,ggfortify
2020-09-03,1109,1001584,ggfortify
2020-09-04,1062,1002646,ggfortify
2020-09-05,715,1003361,ggfortify
2020-09-06,553,1003914,ggfortify
2020-09-07,660,1004574,ggfortify
2020-09-08,1580,1006154,ggfortify
2020-09-09,1978,1008132,ggfortify
2020-09-10,1975,1010107,ggfortify
2020-09-11,1786,1011893,ggfortify
2020-09-12,1506,1013399,ggfortify
2020-09-13,1593,1014992,ggfortify
2020-09-14,2228,1017220,ggfortify
2020-09-15,1923,1019143,ggfortify
2020-09-16,1800,1020943,ggfortify
2020-09-17,1799,1022742,ggfortify
2020-09-18,1684,1024426,ggfortify
2020-09-19,1294,1025720,ggfortify
2020-09-20,1147,1026867,ggfortify
2020-09-21,1873,1028740,ggfortify
2020-09-22,1636,1030376,ggfortify
2020-09-23,1831,1032207,ggfortify
2020-09-24,1620,1033827,ggfortify
2020-09-25,1380,1035207,ggfortify
2020-09-26,1081,1036288,ggfortify
2020-09-27,1171,1037459,ggfortify
2020-09-28,1563,1039022,ggfortify
2020-09-29,1539,1040561,ggfortify
2020-09-30,1057,1041618,ggfortify
2020-10-01,1076,1042694,ggfortify
2020-10-02,1108,1043802,ggfortify
2020-10-03,926,1044728,ggfortify
2020-10-04,919,1045647,ggfortify
2020-10-05,1580,1047227,ggfortify
2020-10-06,1586,1048813,ggfortify
2020-10-07,1457,1050270,ggfortify
2020-10-08,1361,1051631,ggfortify
2020-10-09,1293,1052924,ggfortify
2020-10-10,578,1053502,ggfortify
2020-10-11,710,1054212,ggfortify
2020-10-12,1282,1055494,ggfortify
2020-10-13,1557,1057051,ggfortify
2020-10-14,1422,1058473,ggfortify
2020-10-15,1282,1059755,ggfortify
2020-10-16,1104,1060859,ggfortify
2020-10-17,811,1061670,ggfortify
2020-10-18,742,1062412,ggfortify
2020-10-19,1243,1063655,ggfortify
2020-10-20,1345,1065000,ggfortify
2020-10-21,1532,1066532,ggfortify
2020-10-22,1267,1067799,ggfortify
2020-10-23,1182,1068981,ggfortify
2020-10-24,628,1069609,ggfortify
2020-10-25,714,1070323,ggfortify
2020-10-26,1208,1071531,ggfortify
2020-10-27,1453,1072984,ggfortify
2020-10-28,1270,1074254,ggfortify
2020-10-29,1263,1075517,ggfortify
2020-10-30,1115,1076632,ggfortify
2020-10-31,553,1077185,ggfortify
2020-11-01,657,1077842,ggfortify
2020-11-02,1261,1079103,ggfortify
2020-11-03,1233,1080336,ggfortify
2020-11-04,1289,1081625,ggfortify
2020-11-05,1516,1083141,ggfortify
2020-11-06,1125,1084266,ggfortify
2020-11-07,659,1084925,ggfortify
2020-11-08,632,1085557,ggfortify
2020-11-09,1194,1086751,ggfortify
2020-11-10,1446,1088197,ggfortify
2020-11-11,1431,1089628,ggfortify
2020-11-12,1691,1091319,ggfortify
2020-11-13,2251,1093570,ggfortify
2020-11-14,1308,1094878,ggfortify
2020-11-15,636,1095514,ggfortify
2020-11-16,1220,1096734,ggfortify
2020-11-17,1312,1098046,ggfortify
2020-11-18,1295,1099341,ggfortify
2020-11-19,1253,1100594,ggfortify
2020-11-20,1235,1101829,ggfortify
2020-11-21,646,1102475,ggfortify
2020-11-22,719,1103194,ggfortify
2020-11-23,1172,1104366,ggfortify
2020-11-24,1373,1105739,ggfortify
2020-11-25,1005,1106744,ggfortify
2020-11-26,1148,1107892,ggfortify
2020-11-27,923,1108815,ggfortify
2020-11-28,628,1109443,ggfortify
2020-11-29,767,1110210,ggfortify
2020-11-30,1150,1111360,ggfortify
2020-12-01,1527,1112887,ggfortify
2020-12-02,1352,1114239,ggfortify
2020-12-03,1278,1115517,ggfortify
2020-12-04,1095,1116612,ggfortify
2020-12-05,732,1117344,ggfortify
2020-12-06,825,1118169,ggfortify
2020-12-07,1228,1119397,ggfortify
2020-12-08,1258,1120655,ggfortify
2020-12-09,1563,1122218,ggfortify
2020-12-10,1268,1123486,ggfortify
2020-12-11,1408,1124894,ggfortify
2020-12-12,775,1125669,ggfortify
2020-12-13,788,1126457,ggfortify
2020-12-14,1234,1127691,ggfortify
2020-12-15,1261,1128952,ggfortify
2020-12-16,1382,1130334,ggfortify
2020-12-17,1125,1131459,ggfortify
2020-12-18,999,1132458,ggfortify
2020-12-19,530,1132988,ggfortify
2020-12-20,564,1133552,ggfortify
2020-12-21,936,1134488,ggfortify
2020-12-22,1038,1135526,ggfortify
2020-12-23,842,1136368,ggfortify
2020-12-24,604,1136972,ggfortify
2020-12-25,567,1137539,ggfortify
2020-12-26,580,1138119,ggfortify
2020-12-27,498,1138617,ggfortify
2020-12-28,875,1139492,ggfortify
2020-12-29,767,1140259,ggfortify
2020-12-30,701,1140960,ggfortify
2020-12-31,490,1141450,ggfortify
2021-01-01,349,1141799,ggfortify
2021-01-02,391,1142190,ggfortify
2021-01-03,399,1142589,ggfortify
2021-01-04,780,1143369,ggfortify
2021-01-05,939,1144308,ggfortify
2021-01-06,979,1145287,ggfortify
2021-01-07,883,1146170,ggfortify
2021-01-08,773,1146943,ggfortify
2021-01-09,516,1147459,ggfortify
2021-01-10,617,1148076,ggfortify
2021-01-11,1039,1149115,ggfortify
2021-01-12,1060,1150175,ggfortify
2021-01-13,1135,1151310,ggfortify
2021-01-14,1018,1152328,ggfortify
2021-01-15,1040,1153368,ggfortify
2021-01-16,588,1153956,ggfortify
2021-01-17,620,1154576,ggfortify
2021-01-18,1023,1155599,ggfortify
2021-01-19,1235,1156834,ggfortify
2021-01-20,1381,1158215,ggfortify
2021-01-21,1213,1159428,ggfortify
2021-01-22,934,1160362,ggfortify
2021-01-23,624,1160986,ggfortify
2021-01-24,732,1161718,ggfortify
2021-01-25,1298,1163016,ggfortify
2021-01-26,1174,1164190,ggfortify
2021-01-27,1219,1165409,ggfortify
2021-01-28,1092,1166501,ggfortify
2021-01-29,1045,1167546,ggfortify
2021-01-30,703,1168249,ggfortify
2021-01-31,709,1168958,ggfortify
2021-02-01,1170,1170128,ggfortify
2021-02-02,1119,1171247,ggfortify
2021-02-03,1170,1172417,ggfortify
2021-02-04,1185,1173602,ggfortify
2021-02-05,1168,1174770,ggfortify
2021-02-06,740,1175510,ggfortify
2021-02-07,734,1176244,ggfortify
2021-02-08,1058,1177302,ggfortify
2021-02-09,1230,1178532,ggfortify
2021-02-10,1107,1179639,ggfortify
2021-02-11,1163,1180802,ggfortify
2021-02-12,1047,1181849,ggfortify
2021-02-13,567,1182416,ggfortify
2021-02-14,547,1182963,ggfortify
2021-02-15,1028,1183991,ggfortify
2021-02-16,1210,1185201,ggfortify
2021-02-17,1110,1186311,ggfortify
2021-02-18,1127,1187438,ggfortify
2021-02-19,1008,1188446,ggfortify
2021-02-20,594,1189040,ggfortify
2021-02-21,617,1189657,ggfortify
2021-02-22,1137,1190794,ggfortify
2021-02-23,1136,1191930,ggfortify
2021-02-24,1200,1193130,ggfortify
2021-02-25,1152,1194282,ggfortify
2021-02-26,1015,1195297,ggfortify
2021-02-27,599,1195896,ggfortify
2021-02-28,570,1196466,ggfortify
2021-03-01,1035,1197501,ggfortify
2021-03-02,1222,1198723,ggfortify
2021-03-03,1242,1199965,ggfortify
2021-03-04,1285,1201250,ggfortify
2021-03-05,1114,1202364,ggfortify
2021-03-06,555,1202919,ggfortify
2021-03-07,607,1203526,ggfortify
2021-03-08,1282,1204808,ggfortify
2021-03-09,1193,1206001,ggfortify
2021-03-10,1262,1207263,ggfortify
2021-03-11,1193,1208456,ggfortify
2021-03-12,1005,1209461,ggfortify
2021-03-13,541,1210002,ggfortify
2021-03-14,734,1210736,ggfortify
2021-03-15,1125,1211861,ggfortify
2021-03-16,1470,1213331,ggfortify
2021-03-17,1319,1214650,ggfortify
2021-03-18,1246,1215896,ggfortify
2021-03-19,1006,1216902,ggfortify
2021-03-20,741,1217643,ggfortify
2021-03-21,666,1218309,ggfortify
2021-03-22,1253,1219562,ggfortify
2021-03-23,1128,1220690,ggfortify
2021-03-24,1210,1221900,ggfortify
2021-03-25,1190,1223090,ggfortify
2021-03-26,1040,1224130,ggfortify
2021-03-27,656,1224786,ggfortify
2021-03-28,580,1225366,ggfortify
2021-03-29,1139,1226505,ggfortify
2021-03-30,1277,1227782,ggfortify
2021-03-31,1183,1228965,ggfortify
2021-04-01,991,1229956,ggfortify
2021-04-02,770,1230726,ggfortify
2021-04-03,536,1231262,ggfortify
2021-04-04,523,1231785,ggfortify
2021-04-05,1022,1232807,ggfortify
2021-04-06,1223,1234030,ggfortify
2021-04-07,1176,1235206,ggfortify
2021-04-08,1262,1236468,ggfortify
2021-04-09,897,1237365,ggfortify
2021-04-10,545,1237910,ggfortify
2021-04-11,579,1238489,ggfortify
2021-04-12,1176,1239665,ggfortify
2021-04-13,1054,1240719,ggfortify
2021-04-14,1098,1241817,ggfortify
2021-04-15,1089,1242906,ggfortify
2021-04-16,934,1243840,ggfortify
2021-04-17,548,1244388,ggfortify
2021-04-18,624,1245012,ggfortify
2021-04-19,1129,1246141,ggfortify
2021-04-20,1163,1247304,ggfortify
2021-04-21,1185,1248489,ggfortify
2021-04-22,1159,1249648,ggfortify
2021-04-23,957,1250605,ggfortify
2021-04-24,598,1251203,ggfortify
2021-04-25,535,1251738,ggfortify
2021-04-26,1087,1252825,ggfortify
2021-04-27,1142,1253967,ggfortify
2021-04-28,1173,1255140,ggfortify
2021-04-29,1011,1256151,ggfortify
2021-04-30,898,1257049,ggfortify
2021-05-01,516,1257565,ggfortify
2021-05-02,537,1258102,ggfortify
2021-05-03,953,1259055,ggfortify
2021-05-04,1124,1260179,ggfortify
2021-05-05,1064,1261243,ggfortify
2021-05-06,1162,1262405,ggfortify
2021-05-07,837,1263242,ggfortify
2021-05-08,543,1263785,ggfortify
2021-05-09,502,1264287,ggfortify
2021-05-10,994,1265281,ggfortify
2021-05-11,1171,1266452,ggfortify
2021-05-12,1045,1267497,ggfortify
2021-05-13,875,1268372,ggfortify
2021-05-14,801,1269173,ggfortify
2021-05-15,457,1269630,ggfortify
2021-05-16,518,1270148,ggfortify
2021-05-17,1054,1271202,ggfortify
2021-05-18,1239,1272441,ggfortify
2021-05-19,1318,1273759,ggfortify
2021-05-20,1407,1275166,ggfortify
2021-05-21,1276,1276442,ggfortify
2021-05-22,645,1277087,ggfortify
2021-05-23,724,1277811,ggfortify
2021-05-24,1193,1279004,ggfortify
2021-05-25,1218,1280222,ggfortify
2021-05-26,1248,1281470,ggfortify
2021-05-27,1129,1282599,ggfortify
2021-05-28,1005,1283604,ggfortify
2021-05-29,466,1284070,ggfortify
2021-05-30,549,1284619,ggfortify
2021-05-31,865,1285484,ggfortify
2021-06-01,1139,1286623,ggfortify
2021-06-02,1114,1287737,ggfortify
2021-06-03,1171,1288908,ggfortify
2021-06-04,1014,1289922,ggfortify
2021-06-05,507,1290429,ggfortify
2021-06-06,563,1290992,ggfortify
2021-06-07,1284,1292276,ggfortify
2021-06-08,1247,1293523,ggfortify
2021-06-09,1229,1294752,ggfortify
2021-06-10,1035,1295787,ggfortify
2021-06-11,898,1296685,ggfortify
2021-06-12,464,1297149,ggfortify
2021-06-13,549,1297698,ggfortify
2021-06-14,1000,1298698,ggfortify
2021-06-15,981,1299679,ggfortify
2021-06-16,1145,1300824,ggfortify
2021-06-17,1121,1301945,ggfortify
2021-06-18,901,1302846,ggfortify
2021-06-19,554,1303400,ggfortify
2021-06-20,481,1303881,ggfortify
2021-06-21,1038,1304919,ggfortify
2021-06-22,978,1305897,ggfortify
2021-06-23,897,1306794,ggfortify
2021-06-24,916,1307710,ggfortify
2021-06-25,881,1308591,ggfortify
2021-06-26,508,1309099,ggfortify
2021-06-27,510,1309609,ggfortify
2021-06-28,1121,1310730,ggfortify
2021-06-29,1128,1311858,ggfortify
2021-06-30,1074,1312932,ggfortify
2021-07-01,945,1313877,ggfortify
2021-07-02,934,1314811,ggfortify
2021-07-03,415,1315226,ggfortify
2021-07-04,430,1315656,ggfortify
2021-07-05,823,1316479,ggfortify
2021-07-06,949,1317428,ggfortify
2021-07-07,1120,1318548,ggfortify
2021-07-08,1636,1320184,ggfortify
2021-07-09,1300,1321484,ggfortify
2021-07-10,585,1322069,ggfortify
2021-07-11,702,1322771,ggfortify
2021-07-12,1286,1324057,ggfortify
2021-07-13,1347,1325404,ggfortify
2021-07-14,1246,1326650,ggfortify
2021-07-15,1094,1327744,ggfortify
2021-07-16,954,1328698,ggfortify
2021-07-17,518,1329216,ggfortify
2021-07-18,525,1329741,ggfortify
2021-07-19,1003,1330744,ggfortify
2021-07-20,1195,1331939,ggfortify
2021-07-21,1107,1333046,ggfortify
2021-07-22,1068,1334114,ggfortify
2021-07-23,900,1335014,ggfortify
2021-07-24,504,1335518,ggfortify
2021-07-25,473,1335991,ggfortify
2021-07-26,1122,1337113,ggfortify
2021-07-27,1080,1338193,ggfortify
2021-07-28,1192,1339385,ggfortify
2021-07-29,1128,1340513,ggfortify
2021-07-30,928,1341441,ggfortify
2021-07-31,441,1341882,ggfortify
2021-08-01,410,1342292,ggfortify
2021-08-02,979,1343271,ggfortify
2021-08-03,996,1344267,ggfortify
2021-08-04,1187,1345454,ggfortify
2021-08-05,993,1346447,ggfortify
2021-08-06,880,1347327,ggfortify
2021-08-07,494,1347821,ggfortify
2021-08-08,451,1348272,ggfortify
2021-08-09,1024,1349296,ggfortify
2021-08-10,998,1350294,ggfortify
2021-08-11,1121,1351415,ggfortify
2021-08-12,1118,1352533,ggfortify
2021-08-13,998,1353531,ggfortify
2021-08-14,484,1354015,ggfortify
2021-08-15,571,1354586,ggfortify
2021-08-16,958,1355544,ggfortify
2021-08-17,1048,1356592,ggfortify
2021-08-18,955,1357547,ggfortify
2021-08-19,1006,1358553,ggfortify
2021-08-20,840,1359393,ggfortify
2021-08-21,530,1359923,ggfortify
2021-08-22,486,1360409,ggfortify
2021-08-23,1098,1361507,ggfortify
2021-08-24,1019,1362526,ggfortify
2021-08-25,1109,1363635,ggfortify
2021-08-26,1188,1364823,ggfortify
2021-08-27,990,1365813,ggfortify
2021-08-28,459,1366272,ggfortify
2021-08-29,537,1366809,ggfortify
2021-08-30,1026,1367835,ggfortify
2021-08-31,1067,1368902,ggfortify
2021-09-01,1281,1370183,ggfortify
2021-09-02,997,1371180,ggfortify
2021-09-03,848,1372028,ggfortify
2021-09-04,419,1372447,ggfortify
2021-09-05,443,1372890,ggfortify
2021-09-06,1044,1373934,ggfortify
2021-09-07,1095,1375029,ggfortify
2021-09-08,1163,1376192,ggfortify
2021-09-09,1103,1377295,ggfortify
2021-09-10,1036,1378331,ggfortify
2021-09-11,676,1379007,ggfortify
2021-09-12,606,1379613,ggfortify
2021-09-13,1309,1380922,ggfortify
2021-09-14,1339,1382261,ggfortify
2021-09-15,1249,1383510,ggfortify
2021-09-16,1146,1384656,ggfortify
2021-09-17,1222,1385878,ggfortify
2021-09-18,852,1386730,ggfortify
2021-09-19,540,1387270,ggfortify
2021-09-20,1320,1388590,ggfortify
2021-09-21,1677,1390267,ggfortify
2021-09-22,1714,1391981,ggfortify
2021-09-23,1376,1393357,ggfortify
2021-09-24,1318,1394675,ggfortify
2021-09-25,567,1395242,ggfortify
2021-09-26,621,1395863,ggfortify
2021-09-27,1498,1397361,ggfortify
2021-09-28,1625,1398986,ggfortify
2021-09-29,1350,1400336,ggfortify
2021-09-30,1390,1401726,ggfortify
2021-10-01,1142,1402868,ggfortify
2021-10-02,748,1403616,ggfortify
2021-10-03,763,1404379,ggfortify
2021-10-04,1615,1405994,ggfortify
2021-10-05,1587,1407581,ggfortify
2021-10-06,1474,1409055,ggfortify
2021-10-07,1453,1410508,ggfortify
2021-10-08,1221,1411729,ggfortify
2021-10-09,637,1412366,ggfortify
2021-10-10,705,1413071,ggfortify
2021-10-11,1515,1414586,ggfortify
2021-10-12,1702,1416288,ggfortify
2021-10-13,1529,1417817,ggfortify
2021-10-14,1439,1419256,ggfortify
2021-10-15,1267,1420523,ggfortify
2021-10-16,739,1421262,ggfortify
2021-10-17,783,1422045,ggfortify
2021-10-18,1619,1423664,ggfortify
2021-10-19,1687,1425351,ggfortify
2021-10-20,1635,1426986,ggfortify
2021-10-21,1594,1428580,ggfortify
2021-10-22,1435,1430015,ggfortify
2021-10-23,756,1430771,ggfortify
2021-10-24,758,1431529,ggfortify
2021-10-25,1721,1433250,ggfortify
2021-10-26,3025,1436275,ggfortify
2021-10-27,2628,1438903,ggfortify
2021-10-28,2382,1441285,ggfortify
2021-10-29,1959,1443244,ggfortify
2021-10-30,1106,1444350,ggfortify
2021-10-31,946,1445296,ggfortify
2021-11-01,1671,1446967,ggfortify
2021-11-02,1859,1448826,ggfortify
2021-11-03,1786,1450612,ggfortify
2021-11-04,1627,1452239,ggfortify
2021-11-05,1348,1453587,ggfortify
2021-11-06,709,1454296,ggfortify
2021-11-07,756,1455052,ggfortify
2021-11-08,1646,1456698,ggfortify
2021-11-09,1715,1458413,ggfortify
2021-11-10,1922,1460335,ggfortify
2021-11-11,1906,1462241,ggfortify
2021-11-12,1473,1463714,ggfortify
2021-11-13,771,1464485,ggfortify
2021-11-14,785,1465270,ggfortify
2021-11-15,1626,1466896,ggfortify
2021-11-16,1645,1468541,ggfortify
2021-11-17,1629,1470170,ggfortify
2021-11-18,1904,1472074,ggfortify
2021-11-19,1655,1473729,ggfortify
2021-11-20,846,1474575,ggfortify
2021-11-21,891,1475466,ggfortify
2021-11-22,1738,1477204,ggfortify
2021-11-23,1713,1478917,ggfortify
2021-11-24,1673,1480590,ggfortify
2021-11-25,1404,1481994,ggfortify
2021-11-26,1276,1483270,ggfortify
2021-11-27,809,1484079,ggfortify
2021-11-28,796,1484875,ggfortify
2021-11-29,1932,1486807,ggfortify
2021-11-30,2288,1489095,ggfortify
2021-12-01,1760,1490855,ggfortify
2021-12-02,1924,1492779,ggfortify
2021-12-03,1280,1494059,ggfortify
2021-12-04,785,1494844,ggfortify
2021-12-05,725,1495569,ggfortify
2021-12-06,1530,1497099,ggfortify
2021-12-07,1508,1498607,ggfortify
2021-12-08,1523,1500130,ggfortify
2021-12-09,1583,1501713,ggfortify
2021-12-10,1476,1503189,ggfortify
2021-12-11,1025,1504214,ggfortify
2021-12-12,708,1504922,ggfortify
2021-12-13,1869,1506791,ggfortify
2021-12-14,1342,1508133,ggfortify
2021-12-15,1646,1509779,ggfortify
2021-12-16,1491,1511270,ggfortify
2021-12-17,1212,1512482,ggfortify
2021-12-18,622,1513104,ggfortify
2021-12-19,539,1513643,ggfortify
2021-12-20,1139,1514782,ggfortify
2021-12-21,1033,1515815,ggfortify
2021-12-22,1141,1516956,ggfortify
2021-12-23,957,1517913,ggfortify
2021-12-24,580,1518493,ggfortify
2021-12-25,373,1518866,ggfortify
2021-12-26,373,1519239,ggfortify
2021-12-27,704,1519943,ggfortify
2021-12-28,969,1520912,ggfortify
2021-12-29,881,1521793,ggfortify
2021-12-30,763,1522556,ggfortify
2021-12-31,485,1523041,ggfortify
2022-01-01,422,1523463,ggfortify
2022-01-02,475,1523938,ggfortify
2022-01-03,1246,1525184,ggfortify
2022-01-04,1707,1526891,ggfortify
2022-01-05,1694,1528585,ggfortify
2022-01-06,1448,1530033,ggfortify
2022-01-07,1212,1531245,ggfortify
2022-01-08,805,1532050,ggfortify
2022-01-09,888,1532938,ggfortify
2022-01-10,1639,1534577,ggfortify
2022-01-11,1666,1536243,ggfortify
2022-01-12,1415,1537658,ggfortify
2022-01-13,1455,1539113,ggfortify
2022-01-14,1308,1540421,ggfortify
2022-01-15,751,1541172,ggfortify
2022-01-16,701,1541873,ggfortify
2022-01-17,1569,1543442,ggfortify
2022-01-18,1460,1544902,ggfortify
2022-01-19,1630,1546532,ggfortify
2022-01-20,1503,1548035,ggfortify
2022-01-21,1400,1549435,ggfortify
2022-01-22,709,1550144,ggfortify
2022-01-23,690,1550834,ggfortify
2022-01-24,1535,1552369,ggfortify
2022-01-25,1701,1554070,ggfortify
2022-01-26,1576,1555646,ggfortify
2022-01-27,1447,1557093,ggfortify
2022-01-28,1218,1558311,ggfortify
2022-01-29,677,1558988,ggfortify
2022-01-30,646,1559634,ggfortify
2022-01-31,1415,1561049,ggfortify
2022-02-01,1359,1562408,ggfortify
2022-02-02,1380,1563788,ggfortify
2022-02-03,1465,1565253,ggfortify
2022-02-04,1236,1566489,ggfortify
2022-02-05,622,1567111,ggfortify
2022-02-06,628,1567739,ggfortify
2022-02-07,1561,1569300,ggfortify
2022-02-08,1709,1571009,ggfortify
2022-02-09,1532,1572541,ggfortify
2022-02-10,1317,1573858,ggfortify
2022-02-11,1099,1574957,ggfortify
2022-02-12,682,1575639,ggfortify
2022-02-13,592,1576231,ggfortify
2022-02-14,1306,1577537,ggfortify
2022-02-15,1428,1578965,ggfortify
2022-02-16,1581,1580546,ggfortify
2022-02-17,1556,1582102,ggfortify
2022-02-18,1189,1583291,ggfortify
2022-02-19,720,1584011,ggfortify
2022-02-20,711,1584722,ggfortify
2022-02-21,1426,1586148,ggfortify
2022-02-22,1578,1587726,ggfortify
2022-02-23,1705,1589431,ggfortify
2022-02-24,1502,1590933,ggfortify
2022-02-25,1345,1592278,ggfortify
2022-02-26,649,1592927,ggfortify
2022-02-27,732,1593659,ggfortify
2022-02-28,1391,1595050,ggfortify
2022-03-01,1456,1596506,ggfortify
2022-03-02,1415,1597921,ggfortify
2022-03-03,1368,1599289,ggfortify
2022-03-04,1336,1600625,ggfortify
2022-03-05,729,1601354,ggfortify
2022-03-06,843,1602197,ggfortify
2022-03-07,1591,1603788,ggfortify
2022-03-08,1557,1605345,ggfortify
2022-03-09,1716,1607061,ggfortify
2022-03-10,1417,1608478,ggfortify
2022-03-11,1389,1609867,ggfortify
2022-03-12,749,1610616,ggfortify
2022-03-13,791,1611407,ggfortify
2022-03-14,1366,1612773,ggfortify
2022-03-15,1505,1614278,ggfortify
2022-03-16,1532,1615810,ggfortify
2022-03-17,1541,1617351,ggfortify
2022-03-18,1465,1618816,ggfortify
2022-03-19,768,1619584,ggfortify
2022-03-20,813,1620397,ggfortify
2022-03-21,1438,1621835,ggfortify
2022-03-22,1473,1623308,ggfortify
2022-03-23,1818,1625126,ggfortify
2022-03-24,1436,1626562,ggfortify
2022-03-25,1169,1627731,ggfortify
2022-03-26,732,1628463,ggfortify
2022-03-27,734,1629197,ggfortify
2022-03-28,1432,1630629,ggfortify
2022-03-29,1593,1632222,ggfortify
2022-03-30,1500,1633722,ggfortify
2022-03-31,1488,1635210,ggfortify
2022-04-01,1373,1636583,ggfortify
2022-04-02,672,1637255,ggfortify
2022-04-03,768,1638023,ggfortify
2022-04-04,1413,1639436,ggfortify
2022-04-05,1588,1641024,ggfortify
2022-04-06,1510,1642534,ggfortify
2022-04-07,1202,1643736,ggfortify
2022-04-08,1131,1644867,ggfortify
2022-04-09,710,1645577,ggfortify
2022-04-10,650,1646227,ggfortify
2022-04-11,1487,1647714,ggfortify
2022-04-12,1346,1649060,ggfortify
2022-04-13,1319,1650379,ggfortify
2022-04-14,1050,1651429,ggfortify
2022-04-15,899,1652328,ggfortify
2022-04-16,653,1652981,ggfortify
2022-04-17,643,1653624,ggfortify
2022-04-18,1190,1654814,ggfortify
2022-04-19,1603,1656417,ggfortify
2022-04-20,1517,1657934,ggfortify
2022-04-21,1268,1659202,ggfortify
2022-04-22,1412,1660614,ggfortify
2022-04-23,795,1661409,ggfortify
2022-04-24,745,1662154,ggfortify
2022-04-25,1533,1663687,ggfortify
2022-04-26,1626,1665313,ggfortify
2022-04-27,1726,1667039,ggfortify
2022-04-28,1552,1668591,ggfortify
2022-04-29,1338,1669929,ggfortify
2022-04-30,800,1670729,ggfortify
2022-05-01,860,1671589,ggfortify
2022-05-02,1388,1672977,ggfortify
2022-05-03,1388,1674365,ggfortify
2022-05-04,1563,1675928,ggfortify
2022-05-05,1535,1677463,ggfortify
2022-05-06,1317,1678780,ggfortify
2022-05-07,824,1679604,ggfortify
2022-05-08,840,1680444,ggfortify
2022-05-09,1428,1681872,ggfortify
2022-05-10,1405,1683277,ggfortify
2022-05-11,1387,1684664,ggfortify
2022-05-12,1287,1685951,ggfortify
2022-05-13,1066,1687017,ggfortify
2022-05-14,703,1687720,ggfortify
2022-05-15,688,1688408,ggfortify
2022-05-16,1298,1689706,ggfortify
2022-05-17,1456,1691162,ggfortify
2022-05-18,1262,1692424,ggfortify
2022-05-19,1213,1693637,ggfortify
2022-05-20,1174,1694811,ggfortify
2022-05-21,677,1695488,ggfortify
2022-05-22,638,1696126,ggfortify
2022-05-23,1371,1697497,ggfortify
2022-05-24,1522,1699019,ggfortify
2022-05-25,1678,1700697,ggfortify
2022-05-26,1252,1701949,ggfortify
2022-05-27,1166,1703115,ggfortify
2022-05-28,748,1703863,ggfortify
2022-05-29,732,1704595,ggfortify
2022-05-30,1142,1705737,ggfortify
2022-05-31,1570,1707307,ggfortify
2022-06-01,1777,1709084,ggfortify
2022-06-02,1576,1710660,ggfortify
2022-06-03,1170,1711830,ggfortify
2022-06-04,673,1712503,ggfortify
2022-06-05,693,1713196,ggfortify
2022-06-06,1299,1714495,ggfortify
2022-06-07,1866,1716361,ggfortify
2022-06-08,1850,1718211,ggfortify
2022-06-09,1710,1719921,ggfortify
2022-06-10,1219,1721140,ggfortify
2022-06-11,714,1721854,ggfortify
2022-06-12,738,1722592,ggfortify
2022-06-13,1574,1724166,ggfortify
2022-06-14,1481,1725647,ggfortify
2022-06-15,1446,1727093,ggfortify
2022-06-16,1505,1728598,ggfortify
2022-06-17,1120,1729718,ggfortify
2022-06-18,515,1730233,ggfortify
2022-06-19,535,1730768,ggfortify
2022-06-20,1259,1732027,ggfortify
2022-06-21,1214,1733241,ggfortify
2022-06-22,1460,1734701,ggfortify
2022-06-23,1104,1735805,ggfortify
2022-06-24,945,1736750,ggfortify
2022-06-25,535,1737285,ggfortify
2022-06-26,588,1737873,ggfortify
2022-06-27,1111,1738984,ggfortify
2022-06-28,1296,1740280,ggfortify
2022-06-29,1326,1741606,ggfortify
2022-06-30,1322,1742928,ggfortify
2022-07-01,1154,1744082,ggfortify
2022-07-02,555,1744637,ggfortify
2022-07-03,465,1745102,ggfortify
2022-07-04,1076,1746178,ggfortify
2022-07-05,1493,1747671,ggfortify
2022-07-06,1176,1748847,ggfortify
2022-07-07,1197,1750044,ggfortify
2022-07-08,822,1750866,ggfortify
2022-07-09,495,1751361,ggfortify
2022-07-10,496,1751857,ggfortify
2022-07-11,931,1752788,ggfortify
2022-07-12,1053,1753841,ggfortify
2022-07-13,1102,1754943,ggfortify
2022-07-14,1108,1756051,ggfortify
2022-07-15,1140,1757191,ggfortify
2022-07-16,596,1757787,ggfortify
2022-07-17,477,1758264,ggfortify
2022-07-18,1091,1759355,ggfortify
2022-07-19,1243,1760598,ggfortify
2022-07-20,1094,1761692,ggfortify
2022-07-21,1209,1762901,ggfortify
2022-07-22,895,1763796,ggfortify
2022-07-23,440,1764236,ggfortify
2022-07-24,435,1764671,ggfortify
2022-07-25,992,1765663,ggfortify
2022-07-26,993,1766656,ggfortify
2022-07-27,1175,1767831,ggfortify
2022-07-28,1041,1768872,ggfortify
2022-07-29,833,1769705,ggfortify
2022-07-30,506,1770211,ggfortify
2022-07-31,481,1770692,ggfortify
2022-08-01,1008,1771700,ggfortify
2022-08-02,991,1772691,ggfortify
2022-08-03,1004,1773695,ggfortify
2022-08-04,916,1774611,ggfortify
2022-08-05,747,1775358,ggfortify
2022-08-06,549,1775907,ggfortify
2022-08-07,402,1776309,ggfortify
2022-08-08,1315,1777624,ggfortify
2022-08-09,1114,1778738,ggfortify
2022-08-10,1061,1779799,ggfortify
2022-08-11,1101,1780900,ggfortify
2022-08-12,854,1781754,ggfortify
2022-08-13,444,1782198,ggfortify
2022-08-14,416,1782614,ggfortify
2022-08-15,825,1783439,ggfortify
2022-08-16,992,1784431,ggfortify
2022-08-17,958,1785389,ggfortify
2022-08-18,946,1786335,ggfortify
2022-08-19,911,1787246,ggfortify
2022-08-20,490,1787736,ggfortify
2022-08-21,552,1788288,ggfortify
2022-08-22,1301,1789589,ggfortify
2022-08-23,1195,1790784,ggfortify
2022-08-24,1087,1791871,ggfortify
2022-08-25,1072,1792943,ggfortify
2022-08-26,950,1793893,ggfortify
2022-08-27,617,1794510,ggfortify
2022-08-28,511,1795021,ggfortify
2022-08-29,1116,1796137,ggfortify
2022-08-30,1091,1797228,ggfortify
2022-08-31,1030,1798258,ggfortify
2022-09-01,1025,1799283,ggfortify
2022-09-02,962,1800245,ggfortify
2022-09-03,425,1800670,ggfortify
2022-09-04,430,1801100,ggfortify
2022-09-05,945,1802045,ggfortify
2022-09-06,1254,1803299,ggfortify
2022-09-07,1071,1804370,ggfortify
2022-09-08,1000,1805370,ggfortify
2022-09-09,787,1806157,ggfortify
2022-09-10,672,1806829,ggfortify
2022-09-11,600,1807429,ggfortify
2022-09-12,1090,1808519,ggfortify
2022-09-13,1069,1809588,ggfortify
2022-09-14,1243,1810831,ggfortify
2022-09-15,1207,1812038,ggfortify
2022-09-16,1011,1813049,ggfortify
2022-09-17,556,1813605,ggfortify
2022-09-18,541,1814146,ggfortify
2022-09-19,1110,1815256,ggfortify
2022-09-20,1289,1816545,ggfortify
2022-09-21,1310,1817855,ggfortify
2022-09-22,1259,1819114,ggfortify
2022-09-23,1106,1820220,ggfortify
2022-09-24,516,1820736,ggfortify
2022-09-25,509,1821245,ggfortify
2022-09-26,1199,1822444,ggfortify
2022-09-27,1283,1823727,ggfortify
2022-09-28,1239,1824966,ggfortify
2022-09-29,1252,1826218,ggfortify
2022-09-30,997,1827215,ggfortify
2022-10-01,642,1827857,ggfortify
2022-10-02,679,1828536,ggfortify
2022-10-03,1255,1829791,ggfortify
2022-10-04,1433,1831224,ggfortify
2022-10-05,1482,1832706,ggfortify
2022-10-06,1474,1834180,ggfortify
2022-10-07,1195,1835375,ggfortify
2022-10-08,720,1836095,ggfortify
2022-10-09,808,1836903,ggfortify
2022-10-10,1498,1838401,ggfortify
2022-10-11,1344,1839745,ggfortify
2022-10-12,1480,1841225,ggfortify
2022-10-13,1296,1842521,ggfortify
2022-10-14,1134,1843655,ggfortify
2022-10-15,655,1844310,ggfortify
2022-10-16,704,1845014,ggfortify
2022-10-17,1613,1846627,ggfortify
2022-10-18,1828,1848455,ggfortify
2022-10-19,1432,1849887,ggfortify
2022-10-20,1482,1851369,ggfortify
2022-10-21,1284,1852653,ggfortify
2022-10-22,898,1853551,ggfortify
2022-10-23,743,1854294,ggfortify
2022-10-24,1167,1855461,ggfortify
2022-10-25,1339,1856800,ggfortify
2022-10-26,1577,1858377,ggfortify
2022-10-27,1300,1859677,ggfortify
2022-10-28,1149,1860826,ggfortify
2022-10-29,727,1861553,ggfortify
2022-10-30,735,1862288,ggfortify
2022-10-31,1366,1863654,ggfortify
2022-11-01,1457,1865111,ggfortify
2022-11-02,1589,1866700,ggfortify
2022-11-03,1286,1867986,ggfortify
2022-11-04,1360,1869346,ggfortify
2022-11-05,694,1870040,ggfortify
2022-11-06,730,1870770,ggfortify
2022-11-07,1561,1872331,ggfortify
2022-11-08,1629,1873960,ggfortify
2022-11-09,1584,1875544,ggfortify
2022-11-10,1472,1877016,ggfortify
2022-11-11,1422,1878438,ggfortify
2022-11-12,1470,1879908,ggfortify
2022-11-13,1246,1881154,ggfortify
2022-11-14,2323,1883477,ggfortify
2022-11-15,2346,1885823,ggfortify
2022-11-16,2177,1888000,ggfortify
2022-11-17,2057,1890057,ggfortify
2022-11-18,2168,1892225,ggfortify
2022-11-19,971,1893196,ggfortify
2022-11-20,1956,1895152,ggfortify
2022-11-21,2121,1897273,ggfortify
2022-11-22,1910,1899183,ggfortify
2022-11-23,1984,1901167,ggfortify
2022-11-24,1637,1902804,ggfortify
2022-11-25,1579,1904383,ggfortify
2022-11-26,894,1905277,ggfortify
2022-11-27,1018,1906295,ggfortify
2022-11-28,2262,1908557,ggfortify
2022-11-29,2024,1910581,ggfortify
2022-11-30,1991,1912572,ggfortify
2022-12-01,2708,1915280,ggfortify
2022-12-02,2179,1917459,ggfortify
2022-12-03,1011,1918470,ggfortify
2022-12-04,965,1919435,ggfortify
2022-12-05,2575,1922010,ggfortify
2022-12-06,1919,1923929,ggfortify
2022-12-07,2194,1926123,ggfortify
2022-12-08,2076,1928199,ggfortify
2022-12-09,2026,1930225,ggfortify
2022-12-10,1159,1931384,ggfortify
2022-12-11,1282,1932666,ggfortify
2022-12-12,2750,1935416,ggfortify
2022-12-13,1859,1937275,ggfortify
2022-12-14,2231,1939506,ggfortify
2022-12-15,1816,1941322,ggfortify
2022-12-16,1594,1942916,ggfortify
2022-12-17,771,1943687,ggfortify
2022-12-18,654,1944341,ggfortify
2022-12-19,1694,1946035,ggfortify
2022-12-20,1732,1947767,ggfortify
2022-12-21,1295,1949062,ggfortify
2022-12-22,1162,1950224,ggfortify
2022-12-23,777,1951001,ggfortify
2022-12-24,445,1951446,ggfortify
2022-12-25,409,1951855,ggfortify
2022-12-26,952,1952807,ggfortify
2022-12-27,1081,1953888,ggfortify
2022-12-28,726,1954614,ggfortify
2022-12-29,713,1955327,ggfortify
2022-12-30,607,1955934,ggfortify
2022-12-31,364,1956298,ggfortify
2023-01-01,661,1956959,ggfortify
2023-01-02,1624,1958583,ggfortify
2023-01-03,1460,1960043,ggfortify
2023-01-04,1509,1961552,ggfortify
2023-01-05,1608,1963160,ggfortify
2023-01-06,1310,1964470,ggfortify
2023-01-07,683,1965153,ggfortify
2023-01-08,1417,1966570,ggfortify
2023-01-09,1895,1968465,ggfortify
2023-01-10,1906,1970371,ggfortify
2023-01-11,1595,1971966,ggfortify
2023-01-12,1631,1973597,ggfortify
2023-01-13,1118,1974715,ggfortify
2023-01-14,489,1975204,ggfortify
2023-01-15,571,1975775,ggfortify
2023-01-16,1604,1977379,ggfortify
2023-01-17,1932,1979311,ggfortify
2023-01-18,1854,1981165,ggfortify
2023-01-19,1934,1983099,ggfortify
2023-01-20,1353,1984452,ggfortify
2023-01-21,546,1984998,ggfortify
2023-01-22,629,1985627,ggfortify
2023-01-23,1579,1987206,ggfortify
2023-01-24,1863,1989069,ggfortify
2023-01-25,1777,1990846,ggfortify
2023-01-26,1527,1992373,ggfortify
2023-01-27,1264,1993637,ggfortify
2023-01-28,637,1994274,ggfortify
2023-01-29,627,1994901,ggfortify
2023-01-30,1331,1996232,ggfortify
2023-01-31,1505,1997737,ggfortify
2023-02-01,1709,1999446,ggfortify
2023-02-02,2533,2001979,ggfortify
2023-02-03,1455,2003434,ggfortify
2023-02-04,568,2004002,ggfortify
2023-02-05,627,2004629,ggfortify
2023-02-06,1940,2006569,ggfortify
2023-02-07,2038,2008607,ggfortify
2023-02-08,1564,2010171,ggfortify
2023-02-09,1462,2011633,ggfortify
2023-02-10,1664,2013297,ggfortify
2023-02-11,675,2013972,ggfortify
2023-02-12,509,2014481,ggfortify
2023-02-13,1893,2016374,ggfortify
2023-02-14,1306,2017680,ggfortify
2023-02-15,1550,2019230,ggfortify
2023-02-16,1509,2020739,ggfortify
2023-02-17,1911,2022650,ggfortify
2023-02-18,655,2023305,ggfortify
2023-02-19,603,2023908,ggfortify
2023-02-20,1362,2025270,ggfortify
2023-02-21,1833,2027103,ggfortify
2023-02-22,1526,2028629,ggfortify
2023-02-23,2015,2030644,ggfortify
2023-02-24,1140,2031784,ggfortify
2023-02-25,748,2032532,ggfortify
2023-02-26,746,2033278,ggfortify
2023-02-27,1813,2035091,ggfortify
2023-02-28,1622,2036713,ggfortify
2023-03-01,1710,2038423,ggfortify
2023-03-02,1647,2040070,ggfortify
2023-03-03,1634,2041704,ggfortify
2023-03-04,834,2042538,ggfortify
2023-03-05,734,2043272,ggfortify
2023-03-06,1901,2045173,ggfortify
2023-03-07,1873,2047046,ggfortify
2023-03-08,1879,2048925,ggfortify
2023-03-09,1532,2050457,ggfortify
2023-03-10,1386,2051843,ggfortify
2023-03-11,726,2052569,ggfortify
2023-03-12,1105,2053674,ggfortify
2023-03-13,1697,2055371,ggfortify
2023-03-14,1631,2057002,ggfortify
2023-03-15,1811,2058813,ggfortify
2023-03-16,1779,2060592,ggfortify
2023-03-17,1415,2062007,ggfortify
2023-03-18,756,2062763,ggfortify
2023-03-19,884,2063647,ggfortify
2023-03-20,3814,2067461,ggfortify
2023-03-21,3251,2070712,ggfortify
2023-03-22,2520,2073232,ggfortify
2023-03-23,2048,2075280,ggfortify
2023-03-24,1836,2077116,ggfortify
2023-03-25,835,2077951,ggfortify
2023-03-26,994,2078945,ggfortify
2023-03-27,2098,2081043,ggfortify
2023-03-28,2163,2083206,ggfortify
2023-03-29,2531,2085737,ggfortify
2023-03-30,2603,2088340,ggfortify
2023-03-31,1823,2090163,ggfortify
2023-04-01,826,2090989,ggfortify
2023-04-02,883,2091872,ggfortify
2023-04-03,2056,2093928,ggfortify
2023-04-04,2459,2096387,ggfortify
2023-04-05,1934,2098321,ggfortify
2023-04-06,2025,2100346,ggfortify
2023-04-07,1061,2101407,ggfortify
2023-04-08,611,2102018,ggfortify
2023-04-09,671,2102689,ggfortify
2023-04-10,1525,2104214,ggfortify
2023-04-11,1660,2105874,ggfortify
2023-04-12,1993,2107867,ggfortify
2023-04-13,2228,2110095,ggfortify
2023-04-14,1798,2111893,ggfortify
2023-04-15,814,2112707,ggfortify
2023-04-16,935,2113642,ggfortify
2023-04-17,2204,2115846,ggfortify
2023-04-18,2240,2118086,ggfortify
2023-04-19,2308,2120394,ggfortify
2023-04-20,1859,2122253,ggfortify
2023-04-21,1637,2123890,ggfortify
2023-04-22,761,2124651,ggfortify
2023-04-23,1073,2125724,ggfortify
2023-04-24,2730,2128454,ggfortify
2023-04-25,1965,2130419,ggfortify
2023-04-26,2082,2132501,ggfortify
2023-04-27,1991,2134492,ggfortify
2023-04-28,2020,2136512,ggfortify
2023-04-29,797,2137309,ggfortify
2023-04-30,714,2138023,ggfortify
2023-05-01,1217,2139240,ggfortify
2023-05-02,2467,2141707,ggfortify
2023-05-03,1746,2143453,ggfortify
2023-05-04,1717,2145170,ggfortify
2023-05-05,1598,2146768,ggfortify
2023-05-06,720,2147488,ggfortify
2023-05-07,860,2148348,ggfortify
2023-05-08,1734,2150082,ggfortify
2023-05-09,1967,2152049,ggfortify
2023-05-10,1769,2153818,ggfortify
2023-05-11,1684,2155502,ggfortify
2023-05-12,1291,2156793,ggfortify
2023-05-13,736,2157529,ggfortify
2023-05-14,845,2158374,ggfortify
2023-05-15,1581,2159955,ggfortify
2023-05-16,1828,2161783,ggfortify
2023-05-17,1574,2163357,ggfortify
2023-05-18,2040,2165397,ggfortify
2023-05-19,1244,2166641,ggfortify
2023-05-20,719,2167360,ggfortify
2023-05-21,741,2168101,ggfortify
2023-05-22,1502,2169603,ggfortify
2023-05-23,1691,2171294,ggfortify
2023-05-24,1744,2173038,ggfortify
2023-05-25,1498,2174536,ggfortify
2023-05-26,1296,2175832,ggfortify
2023-05-27,735,2176567,ggfortify
2023-05-28,633,2177200,ggfortify
2023-05-29,1415,2178615,ggfortify
2023-05-30,1730,2180345,ggfortify
2023-05-31,1615,2181960,ggfortify
2023-06-01,1528,2183488,ggfortify
2023-06-02,1091,2184579,ggfortify
2023-06-03,671,2185250,ggfortify
2023-06-04,575,2185825,ggfortify
2023-06-05,1288,2187113,ggfortify
2023-06-06,1352,2188465,ggfortify
2023-06-07,1226,2189691,ggfortify
2023-06-08,1281,2190972,ggfortify
2023-06-09,1122,2192094,ggfortify
2023-06-10,622,2192716,ggfortify
2023-06-11,580,2193296,ggfortify
2023-06-12,1184,2194480,ggfortify
2023-06-13,1376,2195856,ggfortify
2023-06-14,1261,2197117,ggfortify
2023-06-15,1396,2198513,ggfortify
2023-06-16,1257,2199770,ggfortify
2023-06-17,584,2200354,ggfortify
2023-06-18,561,2200915,ggfortify
2023-06-19,1227,2202142,ggfortify
2023-06-20,1234,2203376,ggfortify
2023-06-21,1094,2204470,ggfortify
2023-06-22,1076,2205546,ggfortify
2023-06-23,987,2206533,ggfortify
2023-06-24,556,2207089,ggfortify
2023-06-25,597,2207686,ggfortify
2023-06-26,1126,2208812,ggfortify
2023-06-27,1062,2209874,ggfortify
2023-06-28,1007,2210881,ggfortify
2023-06-29,961,2211842,ggfortify
2023-06-30,1276,2213118,ggfortify
2023-07-01,558,2213676,ggfortify
2023-07-02,451,2214127,ggfortify
2023-07-03,1063,2215190,ggfortify
2023-07-04,843,2216033,ggfortify
2023-07-05,996,2217029,ggfortify
2023-07-06,952,2217981,ggfortify
2023-07-07,866,2218847,ggfortify
2023-07-08,523,2219370,ggfortify
2023-07-09,755,2220125,ggfortify
2023-07-10,988,2221113,ggfortify
2023-07-11,978,2222091,ggfortify
2023-07-12,967,2223058,ggfortify
2023-07-13,1037,2224095,ggfortify
2023-07-14,852,2224947,ggfortify
2023-07-15,388,2225335,ggfortify
2023-07-16,453,2225788,ggfortify
2023-07-17,921,2226709,ggfortify
2023-07-18,950,2227659,ggfortify
2023-07-19,1012,2228671,ggfortify
2023-07-20,848,2229519,ggfortify
2023-07-21,732,2230251,ggfortify
2023-07-22,401,2230652,ggfortify
2023-07-23,397,2231049,ggfortify
2023-07-24,840,2231889,ggfortify
2023-07-25,988,2232877,ggfortify
2023-07-26,974,2233851,ggfortify
2023-07-27,897,2234748,ggfortify
2023-07-28,777,2235525,ggfortify
2023-07-29,368,2235893,ggfortify
2023-07-30,424,2236317,ggfortify
2023-07-31,1124,2237441,ggfortify
2023-08-01,2115,2239556,ggfortify
2023-08-02,1042,2240598,ggfortify
2023-08-03,891,2241489,ggfortify
2023-08-04,952,2242441,ggfortify
2023-08-05,432,2242873,ggfortify
2023-08-06,428,2243301,ggfortify
2023-08-07,960,2244261,ggfortify
2023-08-08,952,2245213,ggfortify
2023-08-09,1143,2246356,ggfortify
2023-08-10,836,2247192,ggfortify
2023-08-11,699,2247891,ggfortify
2023-08-12,410,2248301,ggfortify
2023-08-13,447,2248748,ggfortify
2023-08-14,809,2249557,ggfortify
2023-08-15,767,2250324,ggfortify
2023-08-16,952,2251276,ggfortify
2023-08-17,930,2252206,ggfortify
2023-08-18,750,2252956,ggfortify
2023-08-19,459,2253415,ggfortify
2023-08-20,463,2253878,ggfortify
2023-08-21,918,2254796,ggfortify
2023-08-22,980,2255776,ggfortify
2023-08-23,1029,2256805,ggfortify
2023-08-24,999,2257804,ggfortify
2023-08-25,903,2258707,ggfortify
2023-08-26,459,2259166,ggfortify
2023-08-27,457,2259623,ggfortify
2023-08-28,975,2260598,ggfortify
2023-08-29,990,2261588,ggfortify
2023-08-30,1286,2262874,ggfortify
2023-08-31,1101,2263975,ggfortify
2023-09-01,841,2264816,ggfortify
2023-09-02,525,2265341,ggfortify
2023-09-03,520,2265861,ggfortify
2023-09-04,911,2266772,ggfortify
2023-09-05,979,2267751,ggfortify
2023-09-06,1167,2268918,ggfortify
2023-09-07,1001,2269919,ggfortify
2023-09-08,962,2270881,ggfortify
2023-09-09,624,2271505,ggfortify
2023-09-10,487,2271992,ggfortify
2023-09-11,1041,2273033,ggfortify
2023-09-12,1134,2274167,ggfortify
2023-09-13,1286,2275453,ggfortify
2023-09-14,1041,2276494,ggfortify
2023-09-15,861,2277355,ggfortify
2023-09-16,563,2277918,ggfortify
2023-09-17,443,2278361,ggfortify
2023-09-18,1092,2279453,ggfortify
2023-09-19,1119,2280572,ggfortify
2023-09-20,1268,2281840,ggfortify
2023-09-21,1332,2283172,ggfortify
2023-09-22,1035,2284207,ggfortify
2023-09-23,544,2284751,ggfortify
2023-09-24,467,2285218,ggfortify
2023-09-25,1093,2286311,ggfortify
2023-09-26,1187,2287498,ggfortify
2023-09-27,1314,2288812,ggfortify
2023-09-28,1140,2289952,ggfortify
2023-09-29,1123,2291075,ggfortify
2023-09-30,574,2291649,ggfortify
2023-10-01,579,2292228,ggfortify
2023-10-02,1003,2293231,ggfortify
2023-10-03,1273,2294504,ggfortify
2023-10-04,1802,2296306,ggfortify
2023-10-05,1623,2297929,ggfortify
2023-10-06,1069,2298998,ggfortify
2023-10-07,634,2299632,ggfortify
2023-10-08,591,2300223,ggfortify
2023-10-09,1237,2301460,ggfortify
2023-10-10,1536,2302996,ggfortify
2023-10-11,1401,2304397,ggfortify
2023-10-12,1261,2305658,ggfortify
2023-10-13,1082,2306740,ggfortify
2023-10-14,596,2307336,ggfortify
2023-10-15,611,2307947,ggfortify
2023-10-16,1415,2309362,ggfortify
2023-10-17,1497,2310859,ggfortify
2023-10-18,1482,2312341,ggfortify
2023-10-19,1245,2313586,ggfortify
2023-10-20,1188,2314774,ggfortify
2023-10-21,645,2315419,ggfortify
2023-10-22,693,2316112,ggfortify
2023-10-23,1124,2317236,ggfortify
2023-10-24,1231,2318467,ggfortify
2023-10-25,1220,2319687,ggfortify
2023-10-26,1192,2320879,ggfortify
2023-10-27,1018,2321897,ggfortify
2023-10-28,579,2322476,ggfortify
2023-10-29,637,2323113,ggfortify
2023-10-30,1332,2324445,ggfortify
2023-10-31,1333,2325778,ggfortify
2023-11-01,1078,2326856,ggfortify
2023-11-02,1436,2328292,ggfortify
2023-11-03,1100,2329392,ggfortify
2023-11-04,982,2330374,ggfortify
2023-11-05,652,2331026,ggfortify
2023-11-06,1497,2332523,ggfortify
2023-11-07,1498,2334021,ggfortify
2023-11-08,1442,2335463,ggfortify
2023-11-09,1356,2336819,ggfortify
2023-11-10,1102,2337921,ggfortify
2023-11-11,615,2338536,ggfortify
2023-11-12,658,2339194,ggfortify
2023-11-13,1534,2340728,ggfortify
2023-11-14,1710,2342438,ggfortify
2023-11-15,1528,2343966,ggfortify
2023-11-16,1450,2345416,ggfortify
2023-11-17,1313,2346729,ggfortify
2023-11-18,719,2347448,ggfortify
2023-11-19,589,2348037,ggfortify
2023-11-20,1407,2349444,ggfortify
2023-11-21,1479,2350923,ggfortify
2023-11-22,1510,2352433,ggfortify
2023-11-23,1110,2353543,ggfortify
2023-11-24,1066,2354609,ggfortify
2023-11-25,612,2355221,ggfortify
2023-11-26,667,2355888,ggfortify
2023-11-27,1495,2357383,ggfortify
2023-11-28,1478,2358861,ggfortify
2023-11-29,1412,2360273,ggfortify
2023-11-30,1669,2361942,ggfortify
2023-12-01,1167,2363109,ggfortify
2023-12-02,627,2363736,ggfortify
2023-12-03,730,2364466,ggfortify
2023-12-04,1731,2366197,ggfortify
2023-12-05,1531,2367728,ggfortify
2023-12-06,1484,2369212,ggfortify
2023-12-07,1325,2370537,ggfortify
2023-12-08,1238,2371775,ggfortify
2023-12-09,712,2372487,ggfortify
2023-12-10,773,2373260,ggfortify
2023-12-11,1445,2374705,ggfortify
2023-12-12,1202,2375907,ggfortify
2023-12-13,1246,2377153,ggfortify
2023-12-14,1139,2378292,ggfortify
2023-12-15,882,2379174,ggfortify
2023-12-16,517,2379691,ggfortify
2023-12-17,645,2380336,ggfortify
2023-12-18,1000,2381336,ggfortify
2023-12-19,995,2382331,ggfortify
2023-12-20,1072,2383403,ggfortify
2023-12-21,1020,2384423,ggfortify
2023-12-22,691,2385114,ggfortify
2023-12-23,450,2385564,ggfortify
2023-12-24,448,2386012,ggfortify
2023-12-25,433,2386445,ggfortify
2023-12-26,580,2387025,ggfortify
2023-12-27,631,2387656,ggfortify
2023-12-28,490,2388146,ggfortify
2023-12-29,369,2388515,ggfortify
2023-12-30,301,2388816,ggfortify
2023-12-31,249,2389065,ggfortify
2024-01-01,271,2389336,ggfortify
2024-01-02,590,2389926,ggfortify
2024-01-03,1128,2391054,ggfortify
2024-01-04,843,2391897,ggfortify
2024-01-05,719,2392616,ggfortify
2024-01-06,432,2393048,ggfortify
2024-01-07,524,2393572,ggfortify
2024-01-08,994,2394566,ggfortify
2024-01-09,1059,2395625,ggfortify
2024-01-10,1237,2396862,ggfortify
2024-01-11,1142,2398004,ggfortify
2024-01-12,1112,2399116,ggfortify
2024-01-13,659,2399775,ggfortify
2024-01-14,662,2400437,ggfortify
2024-01-15,962,2401399,ggfortify
2024-01-16,1020,2402419,ggfortify
2024-01-17,1071,2403490,ggfortify
2024-01-18,1035,2404525,ggfortify
2024-01-19,2033,2406558,ggfortify
2024-01-20,1207,2407765,ggfortify
2024-01-21,1698,2409463,ggfortify
2024-01-22,1025,2410488,ggfortify
2024-01-23,1369,2411857,ggfortify
2024-01-24,1311,2413168,ggfortify
2024-01-25,1263,2414431,ggfortify
2024-01-26,858,2415289,ggfortify
2024-01-27,667,2415956,ggfortify
2024-01-28,524,2416480,ggfortify
2024-01-29,1118,2417598,ggfortify
2024-01-30,1210,2418808,ggfortify
2024-01-31,1069,2419877,ggfortify
2024-02-01,1018,2420895,ggfortify
2024-02-02,1055,2421950,ggfortify
2024-02-03,466,2422416,ggfortify
2024-02-04,682,2423098,ggfortify
2024-02-05,1208,2424306,ggfortify
2024-02-06,1326,2425632,ggfortify
2024-02-07,1223,2426855,ggfortify
2024-02-08,1122,2427977,ggfortify
2024-02-09,1030,2429007,ggfortify
2024-02-10,674,2429681,ggfortify
2024-02-11,557,2430238,ggfortify
2024-02-12,1251,2431489,ggfortify
2024-02-13,1495,2432984,ggfortify
2024-02-14,1220,2434204,ggfortify
2024-02-15,1271,2435475,ggfortify
2024-02-16,1033,2436508,ggfortify
2024-02-17,480,2436988,ggfortify
2024-02-18,535,2437523,ggfortify
2024-02-19,1125,2438648,ggfortify
2024-02-20,1285,2439933,ggfortify
2024-02-21,1384,2441317,ggfortify
2024-02-22,1472,2442789,ggfortify
2024-02-23,941,2443730,ggfortify
2024-02-24,598,2444328,ggfortify
2024-02-25,502,2444830,ggfortify
2024-02-26,1144,2445974,ggfortify
2024-02-27,1178,2447152,ggfortify
2024-02-28,1195,2448347,ggfortify
2024-02-29,1158,2449505,ggfortify
2024-03-01,954,2450459,ggfortify
2024-03-02,664,2451123,ggfortify
2024-03-03,729,2451852,ggfortify
2024-03-04,1127,2452979,ggfortify
2024-03-05,1399,2454378,ggfortify
2024-03-06,1535,2455913,ggfortify
2024-03-07,1361,2457274,ggfortify
2024-03-08,1135,2458409,ggfortify
2024-03-09,518,2458927,ggfortify
2024-03-10,574,2459501,ggfortify
2024-03-11,1187,2460688,ggfortify
2024-03-12,1176,2461864,ggfortify
2024-03-13,1419,2463283,ggfortify
2024-03-14,1183,2464466,ggfortify
2024-03-15,1046,2465512,ggfortify
2024-03-16,528,2466040,ggfortify
2024-03-17,559,2466599,ggfortify
2024-03-18,1097,2467696,ggfortify
2024-03-19,1427,2469123,ggfortify
2024-03-20,1209,2470332,ggfortify
2024-03-21,1251,2471583,ggfortify
2024-03-22,1051,2472634,ggfortify
2024-03-23,580,2473214,ggfortify
2024-03-24,611,2473825,ggfortify
2024-03-25,1123,2474948,ggfortify
2024-03-26,1174,2476122,ggfortify
2024-03-27,1156,2477278,ggfortify
2024-03-28,1055,2478333,ggfortify
2024-03-29,669,2479002,ggfortify
2024-03-30,479,2479481,ggfortify
2024-03-31,509,2479990,ggfortify
2024-04-01,926,2480916,ggfortify
2024-04-02,1246,2482162,ggfortify
2024-04-03,1253,2483415,ggfortify
2024-04-04,1262,2484677,ggfortify
2024-04-05,1033,2485710,ggfortify
2024-04-06,620,2486330,ggfortify
2024-04-07,701,2487031,ggfortify
2024-04-08,1203,2488234,ggfortify
2024-04-09,1291,2489525,ggfortify
2024-04-10,1392,2490917,ggfortify
2024-04-11,1588,2492505,ggfortify
2024-04-12,1668,2494173,ggfortify
2024-04-13,1041,2495214,ggfortify
2024-04-14,1064,2496278,ggfortify
2024-04-15,1678,2497956,ggfortify
2024-04-16,1571,2499527,ggfortify
2024-04-17,2791,2502318,ggfortify
2024-04-18,2705,2505023,ggfortify
2024-04-19,1901,2506924,ggfortify
2024-04-20,1160,2508084,ggfortify
2024-04-21,1217,2509301,ggfortify
2024-04-22,2183,2511484,ggfortify
2024-04-23,2207,2513691,ggfortify
2024-04-24,2160,2515851,ggfortify
2024-04-25,2185,2518036,ggfortify
2024-04-26,1975,2520011,ggfortify
2024-04-27,1133,2521144,ggfortify
2024-04-28,1210,2522354,ggfortify
2024-04-29,2140,2524494,ggfortify
2024-04-30,2140,2526634,ggfortify
2024-05-01,2182,2528816,ggfortify
2024-05-02,2291,2531107,ggfortify
2024-05-03,1930,2533037,ggfortify
2024-05-04,1327,2534364,ggfortify
2024-05-05,1513,2535877,ggfortify
2024-05-06,2073,2537950,ggfortify
2024-05-07,2301,2540251,ggfortify
2024-05-08,2314,2542565,ggfortify
2024-05-09,2133,2544698,ggfortify
2024-05-10,1484,2546182,ggfortify
2024-05-11,703,2546885,ggfortify
2024-05-12,1048,2547933,ggfortify
2024-05-13,2179,2550112,ggfortify
2024-05-14,2006,2552118,ggfortify
2024-05-15,1811,2553929,ggfortify
2024-05-16,1788,2555717,ggfortify
2024-05-17,1739,2557456,ggfortify
2024-05-18,1194,2558650,ggfortify
2024-05-19,1052,2559702,ggfortify
2024-05-20,1705,2561407,ggfortify
2024-05-21,1951,2563358,ggfortify
2024-05-22,1957,2565315,ggfortify
2024-05-23,1910,2567225,ggfortify
2024-05-24,1556,2568781,ggfortify
2024-05-25,1075,2569856,ggfortify
2024-05-26,989,2570845,ggfortify
2024-05-27,1646,2572491,ggfortify
2024-05-28,1574,2574065,ggfortify
2024-05-29,1643,2575708,ggfortify
2024-05-30,1442,2577150,ggfortify
2024-05-31,1240,2578390,ggfortify
2024-06-01,810,2579200,ggfortify
2024-06-02,869,2580069,ggfortify
2024-06-03,1386,2581455,ggfortify
2024-06-04,1467,2582922,ggfortify
2024-06-05,1251,2584173,ggfortify
2024-06-06,1257,2585430,ggfortify
2024-06-07,1079,2586509,ggfortify
2024-06-08,736,2587245,ggfortify
2024-06-09,769,2588014,ggfortify
2024-06-10,1294,2589308,ggfortify
2024-06-11,1590,2590898,ggfortify
2024-06-12,1465,2592363,ggfortify
2024-06-13,1363,2593726,ggfortify
2024-06-14,1054,2594780,ggfortify
2024-06-15,584,2595364,ggfortify
2024-06-16,636,2596000,ggfortify
2024-06-17,1286,2597286,ggfortify
2024-06-18,1367,2598653,ggfortify
2024-06-19,1351,2600004,ggfortify
2024-06-20,1326,2601330,ggfortify
2024-06-21,1144,2602474,ggfortify
2024-06-22,546,2603020,ggfortify
2024-06-23,698,2603718,ggfortify
2024-06-24,1439,2605157,ggfortify
2024-06-25,1285,2606442,ggfortify
2024-06-26,1090,2607532,ggfortify
2024-06-27,1033,2608565,ggfortify
2024-06-28,1055,2609620,ggfortify
2024-06-29,484,2610104,ggfortify
2024-06-30,618,2610722,ggfortify
2024-07-01,1170,2611892,ggfortify
2024-07-02,1382,2613274,ggfortify
2024-07-03,1410,2614684,ggfortify
2024-07-04,1017,2615701,ggfortify
2024-07-05,995,2616696,ggfortify
2024-07-06,541,2617237,ggfortify
2024-07-07,554,2617791,ggfortify
2024-07-08,989,2618780,ggfortify
2024-07-09,1129,2619909,ggfortify
2024-07-10,1144,2621053,ggfortify
2024-07-11,1375,2622428,ggfortify
2024-07-12,1326,2623754,ggfortify
2024-07-13,496,2624250,ggfortify
2024-07-14,562,2624812,ggfortify
2024-07-15,1307,2626119,ggfortify
2024-07-16,1276,2627395,ggfortify
2024-07-17,1206,2628601,ggfortify
2024-07-18,1103,2629704,ggfortify
2024-07-19,862,2630566,ggfortify
2024-07-20,503,2631069,ggfortify
2024-07-21,533,2631602,ggfortify
2024-07-22,1088,2632690,ggfortify
2024-07-23,1170,2633860,ggfortify
2024-07-24,1308,2635168,ggfortify
2024-07-25,1049,2636217,ggfortify
2024-07-26,785,2637002,ggfortify
2024-07-27,602,2637604,ggfortify
2024-07-28,749,2638353,ggfortify
2024-07-29,982,2639335,ggfortify
2024-07-30,1080,2640415,ggfortify
2024-07-31,967,2641382,ggfortify
2024-08-01,1102,2642484,ggfortify
2024-08-02,812,2643296,ggfortify
2024-08-03,593,2643889,ggfortify
2024-08-04,589,2644478,ggfortify
2024-08-05,864,2645342,ggfortify
2024-08-06,1098,2646440,ggfortify
2024-08-07,1213,2647653,ggfortify
2024-08-08,959,2648612,ggfortify
2024-08-09,928,2649540,ggfortify
2024-08-10,791,2650331,ggfortify
2024-08-11,664,2650995,ggfortify
2024-08-12,952,2651947,ggfortify
2024-08-13,1008,2652955,ggfortify
2024-08-14,1049,2654004,ggfortify
2024-08-15,835,2654839,ggfortify
2024-08-16,853,2655692,ggfortify
2024-08-17,450,2656142,ggfortify
2024-08-18,515,2656657,ggfortify
2024-08-19,981,2657638,ggfortify
2024-08-20,1118,2658756,ggfortify
2024-08-21,1083,2659839,ggfortify
2024-08-22,1130,2660969,ggfortify
2024-08-23,940,2661909,ggfortify
2024-08-24,603,2662512,ggfortify
2024-08-25,590,2663102,ggfortify
2024-08-26,1074,2664176,ggfortify
2024-08-27,1026,2665202,ggfortify
2024-08-28,1235,2666437,ggfortify
2024-08-29,1106,2667543,ggfortify
2024-08-30,900,2668443,ggfortify
2024-08-31,614,2669057,ggfortify
2024-09-01,643,2669700,ggfortify
2024-09-02,946,2670646,ggfortify
2024-09-03,1137,2671783,ggfortify
2024-09-04,1186,2672969,ggfortify
2024-09-05,1124,2674093,ggfortify
2024-09-06,1069,2675162,ggfortify
2024-09-07,834,2675996,ggfortify
2024-09-08,1025,2677021,ggfortify
2024-09-09,987,2678008,ggfortify
2024-09-10,1168,2679176,ggfortify
2024-09-11,1453,2680629,ggfortify
2024-09-12,1398,2682027,ggfortify
2024-09-13,1114,2683141,ggfortify
2024-09-14,749,2683890,ggfortify
2024-09-15,677,2684567,ggfortify
2024-09-16,1092,2685659,ggfortify
2024-09-17,1129,2686788,ggfortify
2024-09-18,1320,2688108,ggfortify
2024-09-19,1274,2689382,ggfortify
2024-09-20,1060,2690442,ggfortify
2024-09-21,653,2691095,ggfortify
2024-09-22,664,2691759,ggfortify
2024-09-23,1364,2693123,ggfortify
2024-09-24,1525,2694648,ggfortify
2024-09-25,1512,2696160,ggfortify
2024-09-26,1362,2697522,ggfortify
2024-09-27,1303,2698825,ggfortify
2024-09-28,767,2699592,ggfortify
2024-09-29,784,2700376,ggfortify
2024-09-30,1510,2701886,ggfortify
2024-10-01,1710,2703596,ggfortify
2024-10-02,1373,2704969,ggfortify
2024-10-03,1617,2706586,ggfortify
2024-10-04,1137,2707723,ggfortify
2024-10-05,714,2708437,ggfortify
2024-10-06,768,2709205,ggfortify
2024-10-07,1363,2710568,ggfortify
2024-10-08,1594,2712162,ggfortify
2024-10-09,1803,2713965,ggfortify
2024-10-10,1742,2715707,ggfortify
2024-10-11,1361,2717068,ggfortify
2024-10-12,863,2717931,ggfortify
2024-10-13,866,2718797,ggfortify
2024-10-14,1679,2720476,ggfortify
2024-10-15,1959,2722435,ggfortify
2024-10-16,1741,2724176,ggfortify
2024-10-17,1672,2725848,ggfortify
2024-10-18,1259,2727107,ggfortify
2024-10-19,951,2728058,ggfortify
2024-10-20,894,2728952,ggfortify
2024-10-21,1535,2730487,ggfortify
2024-10-22,1592,2732079,ggfortify
2024-10-23,1564,2733643,ggfortify
2024-10-24,1641,2735284,ggfortify
2024-10-25,1266,2736550,ggfortify
2024-10-26,628,2737178,ggfortify
2024-10-27,786,2737964,ggfortify
2024-10-28,1586,2739550,ggfortify
2024-10-29,1365,2740915,ggfortify
2024-10-30,1448,2742363,ggfortify
2024-10-31,1277,2743640,ggfortify
2024-11-01,1023,2744663,ggfortify
2024-11-02,797,2745460,ggfortify
2024-11-03,774,2746234,ggfortify
2024-11-04,1491,2747725,ggfortify
2024-11-05,1501,2749226,ggfortify
2024-11-06,1700,2750926,ggfortify
2024-11-07,1563,2752489,ggfortify
2024-11-08,1252,2753741,ggfortify
2024-11-09,684,2754425,ggfortify
2024-11-10,757,2755182,ggfortify
2024-11-11,1381,2756563,ggfortify
2024-11-12,1537,2758100,ggfortify
2024-11-13,1644,2759744,ggfortify
2024-11-14,1626,2761370,ggfortify
2024-11-15,1319,2762689,ggfortify
2024-11-16,807,2763496,ggfortify
2024-11-17,805,2764301,ggfortify
2024-11-18,1397,2765698,ggfortify
2024-11-19,1759,2767457,ggfortify
2024-11-20,1600,2769057,ggfortify
2024-11-21,1459,2770516,ggfortify
2024-11-22,1419,2771935,ggfortify
2024-11-23,936,2772871,ggfortify
2024-11-24,873,2773744,ggfortify
2024-11-25,1496,2775240,ggfortify
2024-11-26,1453,2776693,ggfortify
2024-11-27,1431,2778124,ggfortify
2024-11-28,1380,2779504,ggfortify
2024-11-29,1339,2780843,ggfortify
2024-11-30,792,2781635,ggfortify
2024-12-01,854,2782489,ggfortify
2024-12-02,1637,2784126,ggfortify
2024-12-03,1793,2785919,ggfortify
2024-12-04,1598,2787517,ggfortify
2024-12-05,1366,2788883,ggfortify
2024-12-06,1251,2790134,ggfortify
2024-12-07,714,2790848,ggfortify
2024-12-08,735,2791583,ggfortify
2024-12-09,1294,2792877,ggfortify
2024-12-10,1223,2794100,ggfortify
2024-12-11,1218,2795318,ggfortify
2024-12-12,1323,2796641,ggfortify
2024-12-13,900,2797541,ggfortify
2024-12-14,613,2798154,ggfortify
2024-12-15,605,2798759,ggfortify
2024-12-16,1099,2799858,ggfortify
2024-12-17,950,2800808,ggfortify
2024-12-18,1026,2801834,ggfortify
2024-12-19,1011,2802845,ggfortify
2024-12-20,664,2803509,ggfortify
2024-12-21,419,2803928,ggfortify
2024-12-22,449,2804377,ggfortify
2024-12-23,540,2804917,ggfortify
2024-12-24,463,2805380,ggfortify
2024-12-25,449,2805829,ggfortify
2024-12-26,456,2806285,ggfortify
2024-12-27,473,2806758,ggfortify
2024-12-28,336,2807094,ggfortify
2024-12-29,394,2807488,ggfortify
2024-12-30,454,2807942,ggfortify
2024-12-31,491,2808433,ggfortify
2025-01-01,377,2808810,ggfortify
2025-01-02,570,2809380,ggfortify
2025-01-03,565,2809945,ggfortify
2025-01-04,604,2810549,ggfortify
2025-01-05,588,2811137,ggfortify
2025-01-06,874,2812011,ggfortify
2025-01-07,1063,2813074,ggfortify
2025-01-08,1022,2814096,ggfortify
2025-01-09,1021,2815117,ggfortify
2025-01-10,897,2816014,ggfortify
2025-01-11,471,2816485,ggfortify
2025-01-12,599,2817084,ggfortify
2025-01-13,883,2817967,ggfortify
2025-01-14,1079,2819046,ggfortify
2025-01-15,995,2820041,ggfortify
2025-01-16,1164,2821205,ggfortify
2025-01-17,795,2822000,ggfortify
2025-01-18,385,2822385,ggfortify
2025-01-19,545,2822930,ggfortify
2025-01-20,874,2823804,ggfortify
2025-01-21,1119,2824923,ggfortify
2025-01-22,1129,2826052,ggfortify
2025-01-23,1054,2827106,ggfortify
2025-01-24,868,2827974,ggfortify
2025-01-25,533,2828507,ggfortify
2025-01-26,502,2829009,ggfortify
2025-01-27,907,2829916,ggfortify
2025-01-28,1021,2830937,ggfortify
2025-01-29,1077,2832014,ggfortify
2025-01-30,1244,2833258,ggfortify
2025-01-31,1003,2834261,ggfortify
2025-02-01,556,2834817,ggfortify
2025-02-02,596,2835413,ggfortify
2025-02-03,886,2836299,ggfortify
2025-02-04,1163,2837462,ggfortify
2025-02-05,1408,2838870,ggfortify
2025-02-06,1358,2840228,ggfortify
2025-02-07,1156,2841384,ggfortify
2025-02-08,691,2842075,ggfortify
2025-02-09,590,2842665,ggfortify
2025-02-10,1265,2843930,ggfortify
2025-02-11,1506,2845436,ggfortify
2025-02-12,1437,2846873,ggfortify
2025-02-13,1461,2848334,ggfortify
2025-02-14,1207,2849541,ggfortify
2025-02-15,596,2850137,ggfortify
2025-02-16,676,2850813,ggfortify
2025-02-17,1310,2852123,ggfortify
2025-02-18,1501,2853624,ggfortify
2025-02-19,1347,2854971,ggfortify
2025-02-20,1477,2856448,ggfortify
2025-02-21,1171,2857619,ggfortify
2025-02-22,687,2858306,ggfortify
2025-02-23,696,2859002,ggfortify
2025-02-24,1308,2860310,ggfortify
2025-02-25,1342,2861652,ggfortify
2025-02-26,1202,2862854,ggfortify
2025-02-27,1289,2864143,ggfortify
2025-02-28,1100,2865243,ggfortify
2025-03-01,565,2865808,ggfortify
2025-03-02,656,2866464,ggfortify
2025-03-03,1305,2867769,ggfortify
2025-03-04,1369,2869138,ggfortify
2025-03-05,1494,2870632,ggfortify
2025-03-06,1586,2872218,ggfortify
2025-03-07,1185,2873403,ggfortify
2025-03-08,702,2874105,ggfortify
2025-03-09,753,2874858,ggfortify
2025-03-10,1265,2876123,ggfortify
2025-03-11,1464,2877587,ggfortify
2025-03-12,1763,2879350,ggfortify
2025-03-13,1201,2880551,ggfortify
2025-03-14,1235,2881786,ggfortify
2025-03-15,660,2882446,ggfortify
2025-03-16,616,2883062,ggfortify
2025-03-17,1309,2884371,ggfortify
2025-03-18,1535,2885906,ggfortify
2025-03-19,1444,2887350,ggfortify
2025-03-20,1296,2888646,ggfortify
2025-03-21,1013,2889659,ggfortify
2025-03-22,693,2890352,ggfortify
2025-03-23,654,2891006,ggfortify
2025-03-24,1425,2892431,ggfortify
2025-03-25,1433,2893864,ggfortify
2025-03-26,1486,2895350,ggfortify
2025-03-27,1389,2896739,ggfortify
2025-03-28,996,2897735,ggfortify
2025-03-29,668,2898403,ggfortify
2025-03-30,668,2899071,ggfortify
2015-10-04,18,18,ggfortify
2015-10-05,73,91,ggfortify
2015-10-06,62,153,ggfortify
2015-10-07,60,213,ggfortify
2015-10-08,50,263,ggfortify
2015-10-09,49,312,ggfortify
2015-10-10,18,330,ggfortify
2015-10-11,23,353,ggfortify
2015-10-12,38,391,ggfortify
2015-10-13,43,434,ggfortify
2015-10-14,45,479,ggfortify
2015-10-15,38,517,ggfortify
2015-10-16,33,550,ggfortify
2015-10-17,29,579,ggfortify
2015-10-18,31,610,ggfortify
2015-10-19,42,652,ggfortify
2015-10-20,39,691,ggfortify
2015-10-21,52,743,ggfortify
2015-10-22,41,784,ggfortify
2015-10-23,43,827,ggfortify
2015-10-24,20,847,ggfortify
2015-10-25,24,871,ggfortify
2015-10-26,64,935,ggfortify
2015-10-27,65,1000,ggfortify
2015-10-28,31,1031,ggfortify
2015-10-29,58,1089,ggfortify
2015-10-30,36,1125,ggfortify
2015-10-31,20,1145,ggfortify
2015-11-01,15,1160,ggfortify
2015-11-02,34,1194,ggfortify
2015-11-03,56,1250,ggfortify
2015-11-04,51,1301,ggfortify
2015-11-05,49,1350,ggfortify
2015-11-06,33,1383,ggfortify
2015-11-07,26,1409,ggfortify
2015-11-08,19,1428,ggfortify
2015-11-09,41,1469,ggfortify
2015-11-10,91,1560,ggfortify
2015-11-11,43,1603,ggfortify
2015-11-12,51,1654,ggfortify
2015-11-13,43,1697,ggfortify
2015-11-14,26,1723,ggfortify
2015-11-15,39,1762,ggfortify
2015-11-16,58,1820,ggfortify
2015-11-17,48,1868,ggfortify
2015-11-18,63,1931,ggfortify
2015-11-19,82,2013,ggfortify
2015-11-20,32,2045,ggfortify
2015-11-21,33,2078,ggfortify
2015-11-22,29,2107,ggfortify
2015-11-23,38,2145,ggfortify
2015-11-24,60,2205,ggfortify
2015-11-25,68,2273,ggfortify
2015-11-26,54,2327,ggfortify
2015-11-27,54,2381,ggfortify
2015-11-28,24,2405,ggfortify
2015-11-29,29,2434,ggfortify
2015-11-30,115,2549,ggfortify
2015-12-01,72,2621,ggfortify
2015-12-02,90,2711,ggfortify
2015-12-03,85,2796,ggfortify
2015-12-04,67,2863,ggfortify
2015-12-05,43,2906,ggfortify
2015-12-06,32,2938,ggfortify
2015-12-07,67,3005,ggfortify
2015-12-08,63,3068,ggfortify
2015-12-09,56,3124,ggfortify
2015-12-10,117,3241,ggfortify
2015-12-11,63,3304,ggfortify
2015-12-12,43,3347,ggfortify
2015-12-13,37,3384,ggfortify
2015-12-14,76,3460,ggfortify
2015-12-15,96,3556,ggfortify
2015-12-16,77,3633,ggfortify
2015-12-17,55,3688,ggfortify
2015-12-18,47,3735,ggfortify
2015-12-19,20,3755,ggfortify
2015-12-20,30,3785,ggfortify
2015-12-21,41,3826,ggfortify
2015-12-22,59,3885,ggfortify
2015-12-23,36,3921,ggfortify
2015-12-24,18,3939,ggfortify
2015-12-25,23,3962,ggfortify
2015-12-26,24,3986,ggfortify
2015-12-27,27,4013,ggfortify
2015-12-28,30,4043,ggfortify
2015-12-29,35,4078,ggfortify
2015-12-30,38,4116,ggfortify
2015-12-31,28,4144,ggfortify
2016-01-01,29,4173,ggfortify
2016-01-02,18,4191,ggfortify
2016-01-03,28,4219,ggfortify
2016-01-04,49,4268,ggfortify
2016-01-05,50,4318,ggfortify
2016-01-06,53,4371,ggfortify
2016-01-07,72,4443,ggfortify
2016-01-08,50,4493,ggfortify
2016-01-09,30,4523,ggfortify
2016-01-10,27,4550,ggfortify
2016-01-11,69,4619,ggfortify
2016-01-12,53,4672,ggfortify
2016-01-13,57,4729,ggfortify
2016-01-14,51,4780,ggfortify
2016-01-15,53,4833,ggfortify
2016-01-16,23,4856,ggfortify
2016-01-17,32,4888,ggfortify
2016-01-18,57,4945,ggfortify
2016-01-19,71,5016,ggfortify
2016-01-20,71,5087,ggfortify
2016-01-21,75,5162,ggfortify
2016-01-22,50,5212,ggfortify
2016-01-23,26,5238,ggfortify
2016-01-24,24,5262,ggfortify
2016-01-25,85,5347,ggfortify
2016-01-26,91,5438,ggfortify
2016-01-27,61,5499,ggfortify
2016-01-28,62,5561,ggfortify
2016-01-29,41,5602,ggfortify
2016-01-30,25,5627,ggfortify
2016-01-31,32,5659,ggfortify
2016-02-01,54,5713,ggfortify
2016-02-02,67,5780,ggfortify
2016-02-03,51,5831,ggfortify
2016-02-04,45,5876,ggfortify
2016-02-05,51,5927,ggfortify
2016-02-06,30,5957,ggfortify
2016-02-07,28,5985,ggfortify
2016-02-08,55,6040,ggfortify
2016-02-09,76,6116,ggfortify
2016-02-10,55,6171,ggfortify
2016-02-11,59,6230,ggfortify
2016-02-12,97,6327,ggfortify
2016-02-13,41,6368,ggfortify
2016-02-14,27,6395,ggfortify
2016-02-15,48,6443,ggfortify
2016-02-16,54,6497,ggfortify
2016-02-17,71,6568,ggfortify
2016-02-18,129,6697,ggfortify
2016-02-19,53,6750,ggfortify
2016-02-20,19,6769,ggfortify
2016-02-21,29,6798,ggfortify
2016-02-22,65,6863,ggfortify
2016-02-23,86,6949,ggfortify
2016-02-24,64,7013,ggfortify
2016-02-25,106,7119,ggfortify
2016-02-26,45,7164,ggfortify
2016-02-27,36,7200,ggfortify
2016-02-28,23,7223,ggfortify
2016-02-29,74,7297,ggfortify
2016-03-01,93,7390,ggfortify
2016-03-02,85,7475,ggfortify
2016-03-03,87,7562,ggfortify
2016-03-04,65,7627,ggfortify
2016-03-05,27,7654,ggfortify
2016-03-06,23,7677,ggfortify
2016-03-07,79,7756,ggfortify
2016-03-08,76,7832,ggfortify
2016-03-09,91,7923,ggfortify
2016-03-10,87,8010,ggfortify
2016-03-11,42,8052,ggfortify
2016-03-12,24,8076,ggfortify
2016-03-13,24,8100,ggfortify
2016-03-14,59,8159,ggfortify
2016-03-15,64,8223,ggfortify
2016-03-16,63,8286,ggfortify
2016-03-17,43,8329,ggfortify
2016-03-18,68,8397,ggfortify
2016-03-19,38,8435,ggfortify
2016-03-20,26,8461,ggfortify
2016-03-21,63,8524,ggfortify
2016-03-22,71,8595,ggfortify
2016-03-23,39,8634,ggfortify
2016-03-24,50,8684,ggfortify
2016-03-25,22,8706,ggfortify
2016-03-26,32,8738,ggfortify
2016-03-27,27,8765,ggfortify
2016-03-28,45,8810,ggfortify
2016-03-29,76,8886,ggfortify
2016-03-30,57,8943,ggfortify
2016-03-31,96,9039,ggfortify
2016-04-01,53,9092,ggfortify
2016-04-02,24,9116,ggfortify
2016-04-03,40,9156,ggfortify
2016-04-04,93,9249,ggfortify
2016-04-05,96,9345,ggfortify
2016-04-06,53,9398,ggfortify
2016-04-07,80,9478,ggfortify
2016-04-08,61,9539,ggfortify
2016-04-09,22,9561,ggfortify
2016-04-10,34,9595,ggfortify
2016-04-11,66,9661,ggfortify
2016-04-12,59,9720,ggfortify
2016-04-13,67,9787,ggfortify
2016-04-14,68,9855,ggfortify
2016-04-15,50,9905,ggfortify
2016-04-16,35,9940,ggfortify
2016-04-17,33,9973,ggfortify
2016-04-18,62,10035,ggfortify
2016-04-19,69,10104,ggfortify
2016-04-20,73,10177,ggfortify
2016-04-21,71,10248,ggfortify
2016-04-22,62,10310,ggfortify
2016-04-23,40,10350,ggfortify
2016-04-24,33,10383,ggfortify
2016-04-25,70,10453,ggfortify
2016-04-26,99,10552,ggfortify
2016-04-27,83,10635,ggfortify
2016-04-28,84,10719,ggfortify
2016-04-29,73,10792,ggfortify
2016-04-30,38,10830,ggfortify
2016-05-01,26,10856,ggfortify
2016-05-02,16,10872,ggfortify
2016-05-03,6,10878,ggfortify
2016-05-04,2,10880,ggfortify
2016-05-05,2,10882,ggfortify
2016-05-06,3,10885,ggfortify
2016-05-07,2,10887,ggfortify
2016-05-08,2,10889,ggfortify
2016-05-09,0,10889,ggfortify
2016-05-10,3,10892,ggfortify
2016-05-11,1,10893,ggfortify
2016-05-12,0,10893,ggfortify
2016-05-13,2,10895,ggfortify
2016-05-14,1,10896,ggfortify
2016-05-15,0,10896,ggfortify
2016-05-16,0,10896,ggfortify
2016-05-17,5,10901,ggfortify
2016-05-18,3,10904,ggfortify
2016-05-19,2,10906,ggfortify
2016-05-20,4,10910,ggfortify
2016-05-21,3,10913,ggfortify
2016-05-22,0,10913,ggfortify
2016-05-23,0,10913,ggfortify
2016-05-24,1,10914,ggfortify
2016-05-25,2,10916,ggfortify
2016-05-26,0,10916,ggfortify
2016-05-27,2,10918,ggfortify
2016-05-28,0,10918,ggfortify
2016-05-29,0,10918,ggfortify
2016-05-30,2,10920,ggfortify
2016-05-31,3,10923,ggfortify
2016-06-01,0,10923,ggfortify
2016-06-02,55,10978,ggfortify
2016-06-03,156,11134,ggfortify
2016-06-04,78,11212,ggfortify
2016-06-05,71,11283,ggfortify
2016-06-06,99,11382,ggfortify
2016-06-07,164,11546,ggfortify
2016-06-08,111,11657,ggfortify
2016-06-09,77,11734,ggfortify
2016-06-10,74,11808,ggfortify
2016-06-11,58,11866,ggfortify
2016-06-12,39,11905,ggfortify
2016-06-13,111,12016,ggfortify
2016-06-14,104,12120,ggfortify
2016-06-15,112,12232,ggfortify
2016-06-16,70,12302,ggfortify
2016-06-17,85,12387,ggfortify
2016-06-18,37,12424,ggfortify
2016-06-19,37,12461,ggfortify
2016-06-20,91,12552,ggfortify
2016-06-21,115,12667,ggfortify
2016-06-22,77,12744,ggfortify
2016-06-23,90,12834,ggfortify
2016-06-24,84,12918,ggfortify
2016-06-25,28,12946,ggfortify
2016-06-26,41,12987,ggfortify
2016-06-27,75,13062,ggfortify
2016-06-28,94,13156,ggfortify
2016-06-29,94,13250,ggfortify
2016-06-30,105,13355,ggfortify
2016-07-01,77,13432,ggfortify
2016-07-02,40,13472,ggfortify
2016-07-03,40,13512,ggfortify
2016-07-04,81,13593,ggfortify
2016-07-05,108,13701,ggfortify
2016-07-06,97,13798,ggfortify
2016-07-07,113,13911,ggfortify
2016-07-08,94,14005,ggfortify
2016-07-09,36,14041,ggfortify
2016-07-10,28,14069,ggfortify
2016-07-11,97,14166,ggfortify
2016-07-12,81,14247,ggfortify
2016-07-13,120,14367,ggfortify
2016-07-14,94,14461,ggfortify
2016-07-15,72,14533,ggfortify
2016-07-16,29,14562,ggfortify
2016-07-17,35,14597,ggfortify
2016-07-18,126,14723,ggfortify
2016-07-19,87,14810,ggfortify
2016-07-20,90,14900,ggfortify
2016-07-21,82,14982,ggfortify
2016-07-22,88,15070,ggfortify
2016-07-23,28,15098,ggfortify
2016-07-24,37,15135,ggfortify
2016-07-25,92,15227,ggfortify
2016-07-26,123,15350,ggfortify
2016-07-27,81,15431,ggfortify
2016-07-28,76,15507,ggfortify
2016-07-29,68,15575,ggfortify
2016-07-30,42,15617,ggfortify
2016-07-31,31,15648,ggfortify
2016-08-01,82,15730,ggfortify
2016-08-02,98,15828,ggfortify
2016-08-03,71,15899,ggfortify
2016-08-04,78,15977,ggfortify
2016-08-05,64,16041,ggfortify
2016-08-06,18,16059,ggfortify
2016-08-07,30,16089,ggfortify
2016-08-08,67,16156,ggfortify
2016-08-09,96,16252,ggfortify
2016-08-10,85,16337,ggfortify
2016-08-11,80,16417,ggfortify
2016-08-12,79,16496,ggfortify
2016-08-13,35,16531,ggfortify
2016-08-14,41,16572,ggfortify
2016-08-15,73,16645,ggfortify
2016-08-16,69,16714,ggfortify
2016-08-17,89,16803,ggfortify
2016-08-18,87,16890,ggfortify
2016-08-19,94,16984,ggfortify
2016-08-20,30,17014,ggfortify
2016-08-21,36,17050,ggfortify
2016-08-22,95,17145,ggfortify
2016-08-23,98,17243,ggfortify
2016-08-24,90,17333,ggfortify
2016-08-25,105,17438,ggfortify
2016-08-26,141,17579,ggfortify
2016-08-27,20,17599,ggfortify
2016-08-28,39,17638,ggfortify
2016-08-29,89,17727,ggfortify
2016-08-30,90,17817,ggfortify
2016-08-31,101,17918,ggfortify
2016-09-01,72,17990,ggfortify
2016-09-02,99,18089,ggfortify
2016-09-03,26,18115,ggfortify
2016-09-04,21,18136,ggfortify
2016-09-05,85,18221,ggfortify
2016-09-06,99,18320,ggfortify
2016-09-07,147,18467,ggfortify
2016-09-08,81,18548,ggfortify
2016-09-09,79,18627,ggfortify
2016-09-10,30,18657,ggfortify
2016-09-11,35,18692,ggfortify
2016-09-12,86,18778,ggfortify
2016-09-13,94,18872,ggfortify
2016-09-14,82,18954,ggfortify
2016-09-15,159,19113,ggfortify
2016-09-16,96,19209,ggfortify
2016-09-17,36,19245,ggfortify
2016-09-18,35,19280,ggfortify
2016-09-19,141,19421,ggfortify
2016-09-20,230,19651,ggfortify
2016-09-21,114,19765,ggfortify
2016-09-22,145,19910,ggfortify
2016-09-23,126,20036,ggfortify
2016-09-24,50,20086,ggfortify
2016-09-25,67,20153,ggfortify
2016-09-26,120,20273,ggfortify
2016-09-27,140,20413,ggfortify
2016-09-28,124,20537,ggfortify
2016-09-29,108,20645,ggfortify
2016-09-30,100,20745,ggfortify
2016-10-01,72,20817,ggfortify
2016-10-02,60,20877,ggfortify
2016-10-03,119,20996,ggfortify
2016-10-04,220,21216,ggfortify
2016-10-05,118,21334,ggfortify
2016-10-06,110,21444,ggfortify
2016-10-07,113,21557,ggfortify
2016-10-08,53,21610,ggfortify
2016-10-09,53,21663,ggfortify
2016-10-10,84,21747,ggfortify
2016-10-11,109,21856,ggfortify
2016-10-12,122,21978,ggfortify
2016-10-13,110,22088,ggfortify
2016-10-14,113,22201,ggfortify
2016-10-15,83,22284,ggfortify
2016-10-16,47,22331,ggfortify
2016-10-17,110,22441,ggfortify
2016-10-18,108,22549,ggfortify
2016-10-19,121,22670,ggfortify
2016-10-20,187,22857,ggfortify
2016-10-21,122,22979,ggfortify
2016-10-22,49,23028,ggfortify
2016-10-23,83,23111,ggfortify
2016-10-24,111,23222,ggfortify
2016-10-25,120,23342,ggfortify
2016-10-26,124,23466,ggfortify
2016-10-27,172,23638,ggfortify
2016-10-28,99,23737,ggfortify
2016-10-29,40,23777,ggfortify
2016-10-30,77,23854,ggfortify
2016-10-31,113,23967,ggfortify
2016-11-01,153,24120,ggfortify
2016-11-02,152,24272,ggfortify
2016-11-03,143,24415,ggfortify
2016-11-04,167,24582,ggfortify
2016-11-05,94,24676,ggfortify
2016-11-06,59,24735,ggfortify
2016-11-07,145,24880,ggfortify
2016-11-08,164,25044,ggfortify
2016-11-09,178,25222,ggfortify
2016-11-10,160,25382,ggfortify
2016-11-11,133,25515,ggfortify
2016-11-12,83,25598,ggfortify
2016-11-13,62,25660,ggfortify
2016-11-14,145,25805,ggfortify
2016-11-15,167,25972,ggfortify
2016-11-16,209,26181,ggfortify
2016-11-17,119,26300,ggfortify
2016-11-18,151,26451,ggfortify
2016-11-19,45,26496,ggfortify
2016-11-20,81,26577,ggfortify
2016-11-21,172,26749,ggfortify
2016-11-22,159,26908,ggfortify
2016-11-23,163,27071,ggfortify
2016-11-24,157,27228,ggfortify
2016-11-25,109,27337,ggfortify
2016-11-26,75,27412,ggfortify
2016-11-27,103,27515,ggfortify
2016-11-28,1323,28838,ggfortify
2016-11-29,5801,34639,ggfortify
2016-11-30,4631,39270,ggfortify
2016-12-01,158,39428,ggfortify
2016-12-02,723,40151,ggfortify
2016-12-03,225,40376,ggfortify
2016-12-04,203,40579,ggfortify
2016-12-05,484,41063,ggfortify
2016-12-06,354,41417,ggfortify
2016-12-07,333,41750,ggfortify
2016-12-08,253,42003,ggfortify
2016-12-09,247,42250,ggfortify
2016-12-10,154,42404,ggfortify
2016-12-11,102,42506,ggfortify
2016-12-12,315,42821,ggfortify
2016-12-13,265,43086,ggfortify
2016-12-14,277,43363,ggfortify
2016-12-15,215,43578,ggfortify
2016-12-16,185,43763,ggfortify
2016-12-17,91,43854,ggfortify
2016-12-18,102,43956,ggfortify
2016-12-19,205,44161,ggfortify
2016-12-20,250,44411,ggfortify
2016-12-21,183,44594,ggfortify
2016-12-22,116,44710,ggfortify
2016-12-23,103,44813,ggfortify
2016-12-24,47,44860,ggfortify
2016-12-25,36,44896,ggfortify
2016-12-26,54,44950,ggfortify
2016-12-27,97,45047,ggfortify
2016-12-28,100,45147,ggfortify
2016-12-29,86,45233,ggfortify
2016-12-30,68,45301,ggfortify
2016-12-31,50,45351,ggfortify
2017-01-01,56,45407,ggfortify
2017-01-02,86,45493,ggfortify
2017-01-03,125,45618,ggfortify
2017-01-04,187,45805,ggfortify
2017-01-05,173,45978,ggfortify
2017-01-06,141,46119,ggfortify
2017-01-07,45,46164,ggfortify
2017-01-08,53,46217,ggfortify
2017-01-09,210,46427,ggfortify
2017-01-10,188,46615,ggfortify
2017-01-11,215,46830,ggfortify
2017-01-12,1172,48002,ggfortify
2017-01-13,183,48185,ggfortify
2017-01-14,63,48248,ggfortify
2017-01-15,95,48343,ggfortify
2017-01-16,201,48544,ggfortify
2017-01-17,191,48735,ggfortify
2017-01-18,178,48913,ggfortify
2017-01-19,207,49120,ggfortify
2017-01-20,160,49280,ggfortify
2017-01-21,107,49387,ggfortify
2017-01-22,93,49480,ggfortify
2017-01-23,250,49730,ggfortify
2017-01-24,222,49952,ggfortify
2017-01-25,209,50161,ggfortify
2017-01-26,169,50330,ggfortify
2017-01-27,166,50496,ggfortify
2017-01-28,72,50568,ggfortify
2017-01-29,100,50668,ggfortify
2017-01-30,180,50848,ggfortify
2017-01-31,198,51046,ggfortify
2017-02-01,220,51266,ggfortify
2017-02-02,186,51452,ggfortify
2017-02-03,737,52189,ggfortify
2017-02-04,420,52609,ggfortify
2017-02-05,222,52831,ggfortify
2017-02-06,402,53233,ggfortify
2017-02-07,312,53545,ggfortify
2017-02-08,371,53916,ggfortify
2017-02-09,419,54335,ggfortify
2017-02-10,254,54589,ggfortify
2017-02-11,137,54726,ggfortify
2017-02-12,154,54880,ggfortify
2017-02-13,328,55208,ggfortify
2017-02-14,288,55496,ggfortify
2017-02-15,318,55814,ggfortify
2017-02-16,1019,56833,ggfortify
2017-02-17,978,57811,ggfortify
2017-02-18,184,57995,ggfortify
2017-02-19,199,58194,ggfortify
2017-02-20,392,58586,ggfortify
2017-02-21,365,58951,ggfortify
2017-02-22,339,59290,ggfortify
2017-02-23,330,59620,ggfortify
2017-02-24,260,59880,ggfortify
2017-02-25,133,60013,ggfortify
2017-02-26,126,60139,ggfortify
2017-02-27,411,60550,ggfortify
2017-02-28,280,60830,ggfortify
2017-03-01,200,61030,ggfortify
2017-03-02,350,61380,ggfortify
2017-03-03,295,61675,ggfortify
2017-03-04,178,61853,ggfortify
2017-03-05,148,62001,ggfortify
2017-03-06,306,62307,ggfortify
2017-03-07,454,62761,ggfortify
2017-03-08,350,63111,ggfortify
2017-03-09,340,63451,ggfortify
2017-03-10,295,63746,ggfortify
2017-03-11,171,63917,ggfortify
2017-03-12,133,64050,ggfortify
2017-03-13,285,64335,ggfortify
2017-03-14,278,64613,ggfortify
2017-03-15,292,64905,ggfortify
2017-03-16,252,65157,ggfortify
2017-03-17,222,65379,ggfortify
2017-03-18,100,65479,ggfortify
2017-03-19,136,65615,ggfortify
2017-03-20,276,65891,ggfortify
2017-03-21,286,66177,ggfortify
2017-03-22,328,66505,ggfortify
2017-03-23,284,66789,ggfortify
2017-03-24,277,67066,ggfortify
2017-03-25,114,67180,ggfortify
2017-03-26,156,67336,ggfortify
2017-03-27,296,67632,ggfortify
2017-03-28,341,67973,ggfortify
2017-03-29,311,68284,ggfortify
2017-03-30,295,68579,ggfortify
2017-03-31,201,68780,ggfortify
2017-04-01,122,68902,ggfortify
2017-04-02,135,69037,ggfortify
2017-04-03,260,69297,ggfortify
2017-04-04,375,69672,ggfortify
2017-04-05,380,70052,ggfortify
2017-04-06,297,70349,ggfortify
2017-04-07,303,70652,ggfortify
2017-04-08,153,70805,ggfortify
2017-04-09,186,70991,ggfortify
2017-04-10,249,71240,ggfortify
2017-04-11,273,71513,ggfortify
2017-04-12,246,71759,ggfortify
2017-04-13,209,71968,ggfortify
2017-04-14,164,72132,ggfortify
2017-04-15,109,72241,ggfortify
2017-04-16,103,72344,ggfortify
2017-04-17,162,72506,ggfortify
2017-04-18,246,72752,ggfortify
2017-04-19,259,73011,ggfortify
2017-04-20,196,73207,ggfortify
2017-04-21,268,73475,ggfortify
2017-04-22,94,73569,ggfortify
2017-04-23,131,73700,ggfortify
2017-04-24,342,74042,ggfortify
2017-04-25,399,74441,ggfortify
2017-04-26,312,74753,ggfortify
2017-04-27,297,75050,ggfortify
2017-04-28,207,75257,ggfortify
2017-04-29,139,75396,ggfortify
2017-04-30,142,75538,ggfortify
2017-05-01,186,75724,ggfortify
2017-05-02,258,75982,ggfortify
2017-05-03,305,76287,ggfortify
2017-05-04,318,76605,ggfortify
2017-05-05,310,76915,ggfortify
2017-05-06,125,77040,ggfortify
2017-05-07,177,77217,ggfortify
2017-05-08,311,77528,ggfortify
2017-05-09,343,77871,ggfortify
2017-05-10,252,78123,ggfortify
2017-05-11,296,78419,ggfortify
2017-05-12,258,78677,ggfortify
2017-05-13,111,78788,ggfortify
2017-05-14,134,78922,ggfortify
2017-05-15,279,79201,ggfortify
2017-05-16,335,79536,ggfortify
2017-05-17,280,79816,ggfortify
2017-05-18,281,80097,ggfortify
2017-05-19,249,80346,ggfortify
2017-05-20,124,80470,ggfortify
2017-05-21,125,80595,ggfortify
2017-05-22,237,80832,ggfortify
2017-05-23,373,81205,ggfortify
2017-05-24,286,81491,ggfortify
2017-05-25,245,81736,ggfortify
2017-05-26,182,81918,ggfortify
2017-05-27,88,82006,ggfortify
2017-05-28,92,82098,ggfortify
2017-05-29,2007,84105,ggfortify
2017-05-30,253,84358,ggfortify
2017-05-31,257,84615,ggfortify
2017-06-01,404,85019,ggfortify
2017-06-02,231,85250,ggfortify
2017-06-03,156,85406,ggfortify
2017-06-04,152,85558,ggfortify
2017-06-05,309,85867,ggfortify
2017-06-06,297,86164,ggfortify
2017-06-07,294,86458,ggfortify
2017-06-08,275,86733,ggfortify
2017-06-09,283,87016,ggfortify
2017-06-10,140,87156,ggfortify
2017-06-11,136,87292,ggfortify
2017-06-12,315,87607,ggfortify
2017-06-13,346,87953,ggfortify
2017-06-14,303,88256,ggfortify
2017-06-15,245,88501,ggfortify
2017-06-16,180,88681,ggfortify
2017-06-17,89,88770,ggfortify
2017-06-18,90,88860,ggfortify
2017-06-19,174,89034,ggfortify
2017-06-20,253,89287,ggfortify
2017-06-21,205,89492,ggfortify
2017-06-22,226,89718,ggfortify
2017-06-23,176,89894,ggfortify
2017-06-24,75,89969,ggfortify
2017-06-25,73,90042,ggfortify
2017-06-26,281,90323,ggfortify
2017-06-27,251,90574,ggfortify
2017-06-28,281,90855,ggfortify
2017-06-29,271,91126,ggfortify
2017-06-30,184,91310,ggfortify
2017-07-01,77,91387,ggfortify
2017-07-02,103,91490,ggfortify
2017-07-03,180,91670,ggfortify
2017-07-04,264,91934,ggfortify
2017-07-05,241,92175,ggfortify
2017-07-06,241,92416,ggfortify
2017-07-07,215,92631,ggfortify
2017-07-08,80,92711,ggfortify
2017-07-09,84,92795,ggfortify
2017-07-10,249,93044,ggfortify
2017-07-11,246,93290,ggfortify
2017-07-12,210,93500,ggfortify
2017-07-13,218,93718,ggfortify
2017-07-14,233,93951,ggfortify
2017-07-15,60,94011,ggfortify
2017-07-16,81,94092,ggfortify
2017-07-17,235,94327,ggfortify
2017-07-18,257,94584,ggfortify
2017-07-19,284,94868,ggfortify
2017-07-20,213,95081,ggfortify
2017-07-21,235,95316,ggfortify
2017-07-22,92,95408,ggfortify
2017-07-23,86,95494,ggfortify
2017-07-24,226,95720,ggfortify
2017-07-25,267,95987,ggfortify
2017-07-26,222,96209,ggfortify
2017-07-27,199,96408,ggfortify
2017-07-28,177,96585,ggfortify
2017-07-29,68,96653,ggfortify
2017-07-30,86,96739,ggfortify
2017-07-31,216,96955,ggfortify
2017-08-01,207,97162,ggfortify
2017-08-02,185,97347,ggfortify
2017-08-03,222,97569,ggfortify
2017-08-04,192,97761,ggfortify
2017-08-05,78,97839,ggfortify
2017-08-06,76,97915,ggfortify
2017-08-07,216,98131,ggfortify
2017-08-08,206,98337,ggfortify
2017-08-09,237,98574,ggfortify
2017-08-10,181,98755,ggfortify
2017-08-11,194,98949,ggfortify
2017-08-12,75,99024,ggfortify
2017-08-13,67,99091,ggfortify
2017-08-14,209,99300,ggfortify
2017-08-15,173,99473,ggfortify
2017-08-16,281,99754,ggfortify
2017-08-17,259,100013,ggfortify
2017-08-18,231,100244,ggfortify
2017-08-19,80,100324,ggfortify
2017-08-20,92,100416,ggfortify
2017-08-21,171,100587,ggfortify
2017-08-22,221,100808,ggfortify
2017-08-23,216,101024,ggfortify
2017-08-24,186,101210,ggfortify
2017-08-25,175,101385,ggfortify
2017-08-26,64,101449,ggfortify
2017-08-27,73,101522,ggfortify
2017-08-28,149,101671,ggfortify
2017-08-29,206,101877,ggfortify
2017-08-30,207,102084,ggfortify
2017-08-31,194,102278,ggfortify
2017-09-01,133,102411,ggfortify
2017-09-02,70,102481,ggfortify
2017-09-03,69,102550,ggfortify
2017-09-04,154,102704,ggfortify
2017-09-05,233,102937,ggfortify
2017-09-06,233,103170,ggfortify
2017-09-07,221,103391,ggfortify
2017-09-08,208,103599,ggfortify
2017-09-09,71,103670,ggfortify
2017-09-10,135,103805,ggfortify
2017-09-11,227,104032,ggfortify
2017-09-12,207,104239,ggfortify
2017-09-13,221,104460,ggfortify
2017-09-14,236,104696,ggfortify
2017-09-15,247,104943,ggfortify
2017-09-16,98,105041,ggfortify
2017-09-17,89,105130,ggfortify
2017-09-18,259,105389,ggfortify
2017-09-19,277,105666,ggfortify
2017-09-20,368,106034,ggfortify
2017-09-21,299,106333,ggfortify
2017-09-22,280,106613,ggfortify
2017-09-23,103,106716,ggfortify
2017-09-24,101,106817,ggfortify
2017-09-25,277,107094,ggfortify
2017-09-26,256,107350,ggfortify
2017-09-27,291,107641,ggfortify
2017-09-28,258,107899,ggfortify
2017-09-29,302,108201,ggfortify
2017-09-30,134,108335,ggfortify
2017-10-01,137,108472,ggfortify
2017-10-02,291,108763,ggfortify
2017-10-03,362,109125,ggfortify
2017-10-04,341,109466,ggfortify
2017-10-05,442,109908,ggfortify
2017-10-06,323,110231,ggfortify
2017-10-07,166,110397,ggfortify
2017-10-08,169,110566,ggfortify
2017-10-09,362,110928,ggfortify
2017-10-10,386,111314,ggfortify
2017-10-11,323,111637,ggfortify
2017-10-12,285,111922,ggfortify
2017-10-13,547,112469,ggfortify
2017-10-14,145,112614,ggfortify
2017-10-15,161,112775,ggfortify
2017-10-16,503,113278,ggfortify
2017-10-17,317,113595,ggfortify
2017-10-18,330,113925,ggfortify
2017-10-19,316,114241,ggfortify
2017-10-20,260,114501,ggfortify
2017-10-21,133,114634,ggfortify
2017-10-22,122,114756,ggfortify
2017-10-23,341,115097,ggfortify
2017-10-24,322,115419,ggfortify
2017-10-25,471,115890,ggfortify
2017-10-26,353,116243,ggfortify
2017-10-27,349,116592,ggfortify
2017-10-28,129,116721,ggfortify
2017-10-29,162,116883,ggfortify
2017-10-30,346,117229,ggfortify
2017-10-31,309,117538,ggfortify
2017-11-01,338,117876,ggfortify
2017-11-02,348,118224,ggfortify
2017-11-03,271,118495,ggfortify
2017-11-04,106,118601,ggfortify
2017-11-05,180,118781,ggfortify
2017-11-06,368,119149,ggfortify
2017-11-07,346,119495,ggfortify
2017-11-08,340,119835,ggfortify
2017-11-09,336,120171,ggfortify
2017-11-10,328,120499,ggfortify
2017-11-11,123,120622,ggfortify
2017-11-12,158,120780,ggfortify
2017-11-13,385,121165,ggfortify
2017-11-14,416,121581,ggfortify
2017-11-15,372,121953,ggfortify
2017-11-16,357,122310,ggfortify
2017-11-17,366,122676,ggfortify
2017-11-18,178,122854,ggfortify
2017-11-19,168,123022,ggfortify
2017-11-20,414,123436,ggfortify
2017-11-21,389,123825,ggfortify
2017-11-22,363,124188,ggfortify
2017-11-23,325,124513,ggfortify
2017-11-24,282,124795,ggfortify
2017-11-25,278,125073,ggfortify
2017-11-26,222,125295,ggfortify
2017-11-27,415,125710,ggfortify
2017-11-28,463,126173,ggfortify
2017-11-29,538,126711,ggfortify
2017-11-30,433,127144,ggfortify
2017-12-01,425,127569,ggfortify
2017-12-02,180,127749,ggfortify
2017-12-03,188,127937,ggfortify
2017-12-04,408,128345,ggfortify
2017-12-05,443,128788,ggfortify
2017-12-06,402,129190,ggfortify
2017-12-07,362,129552,ggfortify
2017-12-08,275,129827,ggfortify
2017-12-09,180,130007,ggfortify
2017-12-10,175,130182,ggfortify
2017-12-11,328,130510,ggfortify
2017-12-12,367,130877,ggfortify
2017-12-13,297,131174,ggfortify
2017-12-14,294,131468,ggfortify
2017-12-15,233,131701,ggfortify
2017-12-16,122,131823,ggfortify
2017-12-17,130,131953,ggfortify
2017-12-18,254,132207,ggfortify
2017-12-19,244,132451,ggfortify
2017-12-20,197,132648,ggfortify
2017-12-21,194,132842,ggfortify
2017-12-22,133,132975,ggfortify
2017-12-23,55,133030,ggfortify
2017-12-24,57,133087,ggfortify
2017-12-25,105,133192,ggfortify
2017-12-26,125,133317,ggfortify
2017-12-27,105,133422,ggfortify
2017-12-28,117,133539,ggfortify
2017-12-29,127,133666,ggfortify
2017-12-30,82,133748,ggfortify
2017-12-31,49,133797,ggfortify
2018-01-01,59,133856,ggfortify
2018-01-02,155,134011,ggfortify
2018-01-03,160,134171,ggfortify
2018-01-04,223,134394,ggfortify
2018-01-05,178,134572,ggfortify
2018-01-06,153,134725,ggfortify
2018-01-07,111,134836,ggfortify
2018-01-08,253,135089,ggfortify
2018-01-09,254,135343,ggfortify
2018-01-10,228,135571,ggfortify
2018-01-11,338,135909,ggfortify
2018-01-12,246,136155,ggfortify
2018-01-13,126,136281,ggfortify
2018-01-14,97,136378,ggfortify
2018-01-15,260,136638,ggfortify
2018-01-16,284,136922,ggfortify
2018-01-17,365,137287,ggfortify
2018-01-18,372,137659,ggfortify
2018-01-19,263,137922,ggfortify
2018-01-20,124,138046,ggfortify
2018-01-21,160,138206,ggfortify
2018-01-22,293,138499,ggfortify
2018-01-23,410,138909,ggfortify
2018-01-24,359,139268,ggfortify
2018-01-25,387,139655,ggfortify
2018-01-26,329,139984,ggfortify
2018-01-27,79,140063,ggfortify
2018-01-28,2,140065,ggfortify
2018-01-29,4,140069,ggfortify
2018-01-30,12,140081,ggfortify
2018-01-31,34,140115,ggfortify
2018-02-01,2,140117,ggfortify
2018-02-02,1,140118,ggfortify
2018-02-03,2,140120,ggfortify
2018-02-04,1,140121,ggfortify
2018-02-05,1,140122,ggfortify
2018-02-06,2,140124,ggfortify
2018-02-07,0,140124,ggfortify
2018-02-08,3,140127,ggfortify
2018-02-09,0,140127,ggfortify
2018-02-10,1,140128,ggfortify
2018-02-11,111,140239,ggfortify
2018-02-12,654,140893,ggfortify
2018-02-13,637,141530,ggfortify
2018-02-14,538,142068,ggfortify
2018-02-15,630,142698,ggfortify
2018-02-16,391,143089,ggfortify
2018-02-17,218,143307,ggfortify
2018-02-18,241,143548,ggfortify
2018-02-19,507,144055,ggfortify
2018-02-20,550,144605,ggfortify
2018-02-21,499,145104,ggfortify
2018-02-22,468,145572,ggfortify
2018-02-23,492,146064,ggfortify
2018-02-24,183,146247,ggfortify
2018-02-25,251,146498,ggfortify
2018-02-26,536,147034,ggfortify
2018-02-27,517,147551,ggfortify
2018-02-28,487,148038,ggfortify
2018-03-01,406,148444,ggfortify
2018-03-02,772,149216,ggfortify
2018-03-03,391,149607,ggfortify
2018-03-04,311,149918,ggfortify
2018-03-05,787,150705,ggfortify
2018-03-06,727,151432,ggfortify
2018-03-07,627,152059,ggfortify
2018-03-08,565,152624,ggfortify
2018-03-09,541,153165,ggfortify
2018-03-10,221,153386,ggfortify
2018-03-11,235,153621,ggfortify
2018-03-12,579,154200,ggfortify
2018-03-13,607,154807,ggfortify
2018-03-14,532,155339,ggfortify
2018-03-15,543,155882,ggfortify
2018-03-16,438,156320,ggfortify
2018-03-17,228,156548,ggfortify
2018-03-18,203,156751,ggfortify
2018-03-19,489,157240,ggfortify
2018-03-20,512,157752,ggfortify
2018-03-21,465,158217,ggfortify
2018-03-22,508,158725,ggfortify
2018-03-23,542,159267,ggfortify
2018-03-24,218,159485,ggfortify
2018-03-25,218,159703,ggfortify
2018-03-26,480,160183,ggfortify
2018-03-27,494,160677,ggfortify
2018-03-28,411,161088,ggfortify
2018-03-29,384,161472,ggfortify
2018-03-30,269,161741,ggfortify
2018-03-31,213,161954,ggfortify
2018-04-01,154,162108,ggfortify
2018-04-02,336,162444,ggfortify
2018-04-03,493,162937,ggfortify
2018-04-04,494,163431,ggfortify
2018-04-05,431,163862,ggfortify
2018-04-06,356,164218,ggfortify
2018-04-07,205,164423,ggfortify
2018-04-08,219,164642,ggfortify
2018-04-09,512,165154,ggfortify
2018-04-10,535,165689,ggfortify
2018-04-11,511,166200,ggfortify
2018-04-12,425,166625,ggfortify
2018-04-13,335,166960,ggfortify
2018-04-14,151,167111,ggfortify
2018-04-15,187,167298,ggfortify
2018-04-16,464,167762,ggfortify
2018-04-17,385,168147,ggfortify
2018-04-18,732,168879,ggfortify
2018-04-19,768,169647,ggfortify
2018-04-20,611,170258,ggfortify
2018-04-21,289,170547,ggfortify
2018-04-22,335,170882,ggfortify
2018-04-23,850,171732,ggfortify
2018-04-24,861,172593,ggfortify
2018-04-25,687,173280,ggfortify
2018-04-26,629,173909,ggfortify
2018-04-27,661,174570,ggfortify
2018-04-28,287,174857,ggfortify
2018-04-29,340,175197,ggfortify
2018-04-30,568,175765,ggfortify
2018-05-01,505,176270,ggfortify
2018-05-02,644,176914,ggfortify
2018-05-03,612,177526,ggfortify
2018-05-04,513,178039,ggfortify
2018-05-05,210,178249,ggfortify
2018-05-06,261,178510,ggfortify
2018-05-07,521,179031,ggfortify
2018-05-08,498,179529,ggfortify
2018-05-09,550,180079,ggfortify
2018-05-10,449,180528,ggfortify
2018-05-11,468,180996,ggfortify
2018-05-12,178,181174,ggfortify
2018-05-13,177,181351,ggfortify
2018-05-14,442,181793,ggfortify
2018-05-15,404,182197,ggfortify
2018-05-16,426,182623,ggfortify
2018-05-17,465,183088,ggfortify
2018-05-18,348,183436,ggfortify
2018-05-19,156,183592,ggfortify
2018-05-20,174,183766,ggfortify
2018-05-21,412,184178,ggfortify
2018-05-22,462,184640,ggfortify
2018-05-23,419,185059,ggfortify
2018-05-24,411,185470,ggfortify
2018-05-25,418,185888,ggfortify
2018-05-26,963,186851,ggfortify
2018-05-27,1163,188014,ggfortify
2018-05-28,653,188667,ggfortify
2018-05-29,649,189316,ggfortify
2018-05-30,592,189908,ggfortify
2018-05-31,565,190473,ggfortify
2018-06-01,432,190905,ggfortify
2018-06-02,196,191101,ggfortify
2018-06-03,157,191258,ggfortify
2018-06-04,537,191795,ggfortify
2018-06-05,512,192307,ggfortify
2018-06-06,521,192828,ggfortify
2018-06-07,475,193303,ggfortify
2018-06-08,423,193726,ggfortify
2018-06-09,197,193923,ggfortify
2018-06-10,221,194144,ggfortify
2018-06-11,577,194721,ggfortify
2018-06-12,501,195222,ggfortify
2018-06-13,422,195644,ggfortify
2018-06-14,405,196049,ggfortify
2018-06-15,387,196436,ggfortify
2018-06-16,131,196567,ggfortify
2018-06-17,134,196701,ggfortify
2018-06-18,361,197062,ggfortify
2018-06-19,414,197476,ggfortify
2018-06-20,412,197888,ggfortify
2018-06-21,371,198259,ggfortify
2018-06-22,408,198667,ggfortify
2018-06-23,138,198805,ggfortify
2018-06-24,173,198978,ggfortify
2018-06-25,414,199392,ggfortify
2018-06-26,432,199824,ggfortify
2018-06-27,412,200236,ggfortify
2018-06-28,438,200674,ggfortify
2018-06-29,316,200990,ggfortify
2018-06-30,123,201113,ggfortify
2018-07-01,143,201256,ggfortify
2018-07-02,401,201657,ggfortify
2018-07-03,371,202028,ggfortify
2018-07-04,327,202355,ggfortify
2018-07-05,396,202751,ggfortify
2018-07-06,324,203075,ggfortify
2018-07-07,99,203174,ggfortify
2018-07-08,134,203308,ggfortify
2018-07-09,411,203719,ggfortify
2018-07-10,364,204083,ggfortify
2018-07-11,339,204422,ggfortify
2018-07-12,351,204773,ggfortify
2018-07-13,283,205056,ggfortify
2018-07-14,139,205195,ggfortify
2018-07-15,142,205337,ggfortify
2018-07-16,380,205717,ggfortify
2018-07-17,342,206059,ggfortify
2018-07-18,375,206434,ggfortify
2018-07-19,359,206793,ggfortify
2018-07-20,316,207109,ggfortify
2018-07-21,150,207259,ggfortify
2018-07-22,233,207492,ggfortify
2018-07-23,439,207931,ggfortify
2018-07-24,354,208285,ggfortify
2018-07-25,352,208637,ggfortify
2018-07-26,303,208940,ggfortify
2018-07-27,356,209296,ggfortify
2018-07-28,181,209477,ggfortify
2018-07-29,116,209593,ggfortify
2018-07-30,372,209965,ggfortify
2018-07-31,334,210299,ggfortify
2018-08-01,325,210624,ggfortify
2018-08-02,403,211027,ggfortify
2018-08-03,320,211347,ggfortify
2018-08-04,153,211500,ggfortify
2018-08-05,156,211656,ggfortify
2018-08-06,319,211975,ggfortify
2018-08-07,353,212328,ggfortify
2018-08-08,351,212679,ggfortify
2018-08-09,375,213054,ggfortify
2018-08-10,280,213334,ggfortify
2018-08-11,173,213507,ggfortify
2018-08-12,135,213642,ggfortify
2018-08-13,379,214021,ggfortify
2018-08-14,325,214346,ggfortify
2018-08-15,317,214663,ggfortify
2018-08-16,341,215004,ggfortify
2018-08-17,271,215275,ggfortify
2018-08-18,188,215463,ggfortify
2018-08-19,147,215610,ggfortify
2018-08-20,356,215966,ggfortify
2018-08-21,329,216295,ggfortify
2018-08-22,388,216683,ggfortify
2018-08-23,411,217094,ggfortify
2018-08-24,349,217443,ggfortify
2018-08-25,105,217548,ggfortify
2018-08-26,141,217689,ggfortify
2018-08-27,352,218041,ggfortify
2018-08-28,396,218437,ggfortify
2018-08-29,403,218840,ggfortify
2018-08-30,302,219142,ggfortify
2018-08-31,298,219440,ggfortify
2018-09-01,118,219558,ggfortify
2018-09-02,172,219730,ggfortify
2018-09-03,278,220008,ggfortify
2018-09-04,418,220426,ggfortify
2018-09-05,487,220913,ggfortify
2018-09-06,451,221364,ggfortify
2018-09-07,370,221734,ggfortify
2018-09-08,188,221922,ggfortify
2018-09-09,193,222115,ggfortify
2018-09-10,391,222506,ggfortify
2018-09-11,401,222907,ggfortify
2018-09-12,443,223350,ggfortify
2018-09-13,443,223793,ggfortify
2018-09-14,414,224207,ggfortify
2018-09-15,183,224390,ggfortify
2018-09-16,229,224619,ggfortify
2018-09-17,412,225031,ggfortify
2018-09-18,462,225493,ggfortify
2018-09-19,451,225944,ggfortify
2018-09-20,467,226411,ggfortify
2018-09-21,341,226752,ggfortify
2018-09-22,190,226942,ggfortify
2018-09-23,200,227142,ggfortify
2018-09-24,402,227544,ggfortify
2018-09-25,525,228069,ggfortify
2018-09-26,458,228527,ggfortify
2018-09-27,465,228992,ggfortify
2018-09-28,488,229480,ggfortify
2018-09-29,209,229689,ggfortify
2018-09-30,176,229865,ggfortify
2018-10-01,431,230296,ggfortify
2018-10-02,522,230818,ggfortify
2018-10-03,617,231435,ggfortify
2018-10-04,552,231987,ggfortify
2018-10-05,445,232432,ggfortify
2018-10-06,183,232615,ggfortify
2018-10-07,269,232884,ggfortify
2018-10-08,499,233383,ggfortify
2018-10-09,700,234083,ggfortify
2018-10-10,504,234587,ggfortify
2018-10-11,616,235203,ggfortify
2018-10-12,393,235596,ggfortify
2018-10-13,207,235803,ggfortify
2018-10-14,221,236024,ggfortify
2018-10-15,424,236448,ggfortify
2018-10-16,653,237101,ggfortify
2018-10-17,650,237751,ggfortify
2018-10-18,512,238263,ggfortify
2018-10-19,438,238701,ggfortify
2018-10-20,260,238961,ggfortify
2018-10-21,321,239282,ggfortify
2018-10-22,536,239818,ggfortify
2018-10-23,501,240319,ggfortify
2018-10-24,593,240912,ggfortify
2018-10-25,535,241447,ggfortify
2018-10-26,467,241914,ggfortify
2018-10-27,213,242127,ggfortify
2018-10-28,294,242421,ggfortify
2018-10-29,529,242950,ggfortify
2018-10-30,585,243535,ggfortify
2018-10-31,556,244091,ggfortify
2018-11-01,422,244513,ggfortify
2018-11-02,356,244869,ggfortify
2018-11-03,264,245133,ggfortify
2018-11-04,289,245422,ggfortify
2018-11-05,607,246029,ggfortify
2018-11-06,505,246534,ggfortify
2018-11-07,504,247038,ggfortify
2018-11-08,557,247595,ggfortify
2018-11-09,481,248076,ggfortify
2018-11-10,263,248339,ggfortify
2018-11-11,296,248635,ggfortify
2018-11-12,562,249197,ggfortify
2018-11-13,589,249786,ggfortify
2018-11-14,695,250481,ggfortify
2018-11-15,674,251155,ggfortify
2018-11-16,546,251701,ggfortify
2018-11-17,292,251993,ggfortify
2018-11-18,266,252259,ggfortify
2018-11-19,568,252827,ggfortify
2018-11-20,657,253484,ggfortify
2018-11-21,492,253976,ggfortify
2018-11-22,518,254494,ggfortify
2018-11-23,439,254933,ggfortify
2018-11-24,212,255145,ggfortify
2018-11-25,256,255401,ggfortify
2018-11-26,622,256023,ggfortify
2018-11-27,797,256820,ggfortify
2018-11-28,877,257697,ggfortify
2018-11-29,800,258497,ggfortify
2018-11-30,624,259121,ggfortify
2018-12-01,308,259429,ggfortify
2018-12-02,283,259712,ggfortify
2018-12-03,659,260371,ggfortify
2018-12-04,656,261027,ggfortify
2018-12-05,683,261710,ggfortify
2018-12-06,695,262405,ggfortify
2018-12-07,434,262839,ggfortify
2018-12-08,283,263122,ggfortify
2018-12-09,335,263457,ggfortify
2018-12-10,569,264026,ggfortify
2018-12-11,535,264561,ggfortify
2018-12-12,617,265178,ggfortify
2018-12-13,528,265706,ggfortify
2018-12-14,382,266088,ggfortify
2018-12-15,227,266315,ggfortify
2018-12-16,209,266524,ggfortify
2018-12-17,456,266980,ggfortify
2018-12-18,447,267427,ggfortify
2018-12-19,396,267823,ggfortify
2018-12-20,387,268210,ggfortify
2018-12-21,289,268499,ggfortify
2018-12-22,138,268637,ggfortify
2018-12-23,160,268797,ggfortify
2018-12-24,141,268938,ggfortify
2018-12-25,116,269054,ggfortify
2018-12-26,182,269236,ggfortify
2018-12-27,167,269403,ggfortify
2018-12-28,239,269642,ggfortify
2018-12-29,157,269799,ggfortify
2018-12-30,134,269933,ggfortify
2018-12-31,145,270078,ggfortify
2019-01-01,98,270176,ggfortify
2019-01-02,259,270435,ggfortify
2019-01-03,321,270756,ggfortify
2019-01-04,265,271021,ggfortify
2019-01-05,233,271254,ggfortify
2019-01-06,217,271471,ggfortify
2019-01-07,346,271817,ggfortify
2019-01-08,417,272234,ggfortify
2019-01-09,421,272655,ggfortify
2019-01-10,402,273057,ggfortify
2019-01-11,432,273489,ggfortify
2019-01-12,167,273656,ggfortify
2019-01-13,193,273849,ggfortify
2019-01-14,451,274300,ggfortify
2019-01-15,487,274787,ggfortify
2019-01-16,486,275273,ggfortify
2019-01-17,405,275678,ggfortify
2019-01-18,392,276070,ggfortify
2019-01-19,224,276294,ggfortify
2019-01-20,229,276523,ggfortify
2019-01-21,469,276992,ggfortify
2019-01-22,542,277534,ggfortify
2019-01-23,517,278051,ggfortify
2019-01-24,519,278570,ggfortify
2019-01-25,480,279050,ggfortify
2019-01-26,166,279216,ggfortify
2019-01-27,173,279389,ggfortify
2019-01-28,611,280000,ggfortify
2019-01-29,679,280679,ggfortify
2019-01-30,453,281132,ggfortify
2019-01-31,550,281682,ggfortify
2019-02-01,449,282131,ggfortify
2019-02-02,204,282335,ggfortify
2019-02-03,192,282527,ggfortify
2019-02-04,457,282984,ggfortify
2019-02-05,576,283560,ggfortify
2019-02-06,578,284138,ggfortify
2019-02-07,585,284723,ggfortify
2019-02-08,535,285258,ggfortify
2019-02-09,201,285459,ggfortify
2019-02-10,261,285720,ggfortify
2019-02-11,427,286147,ggfortify
2019-02-12,539,286686,ggfortify
2019-02-13,553,287239,ggfortify
2019-02-14,525,287764,ggfortify
2019-02-15,466,288230,ggfortify
2019-02-16,250,288480,ggfortify
2019-02-17,243,288723,ggfortify
2019-02-18,599,289322,ggfortify
2019-02-19,589,289911,ggfortify
2019-02-20,555,290466,ggfortify
2019-02-21,571,291037,ggfortify
2019-02-22,503,291540,ggfortify
2019-02-23,206,291746,ggfortify
2019-02-24,239,291985,ggfortify
2019-02-25,643,292628,ggfortify
2019-02-26,620,293248,ggfortify
2019-02-27,541,293789,ggfortify
2019-02-28,479,294268,ggfortify
2019-03-01,460,294728,ggfortify
2019-03-02,237,294965,ggfortify
2019-03-03,291,295256,ggfortify
2019-03-04,535,295791,ggfortify
2019-03-05,560,296351,ggfortify
2019-03-06,686,297037,ggfortify
2019-03-07,643,297680,ggfortify
2019-03-08,534,298214,ggfortify
2019-03-09,229,298443,ggfortify
2019-03-10,274,298717,ggfortify
2019-03-11,625,299342,ggfortify
2019-03-12,658,300000,ggfortify
2019-03-13,688,300688,ggfortify
2019-03-14,589,301277,ggfortify
2019-03-15,523,301800,ggfortify
2019-03-16,277,302077,ggfortify
2019-03-17,243,302320,ggfortify
2019-03-18,597,302917,ggfortify
2019-03-19,624,303541,ggfortify
2019-03-20,2227,305768,ggfortify
2019-03-21,1337,307105,ggfortify
2019-03-22,915,308020,ggfortify
2019-03-23,446,308466,ggfortify
2019-03-24,421,308887,ggfortify
2019-03-25,961,309848,ggfortify
2019-03-26,927,310775,ggfortify
2019-03-27,1161,311936,ggfortify
2019-03-28,847,312783,ggfortify
2019-03-29,792,313575,ggfortify
2019-03-30,333,313908,ggfortify
2019-03-31,405,314313,ggfortify
2019-04-01,978,315291,ggfortify
2019-04-02,884,316175,ggfortify
2019-04-03,936,317111,ggfortify
2019-04-04,865,317976,ggfortify
2019-04-05,638,318614,ggfortify
2019-04-06,402,319016,ggfortify
2019-04-07,399,319415,ggfortify
2019-04-08,808,320223,ggfortify
2019-04-09,1016,321239,ggfortify
2019-04-10,877,322116,ggfortify
2019-04-11,887,323003,ggfortify
2019-04-12,717,323720,ggfortify
2019-04-13,318,324038,ggfortify
2019-04-14,381,324419,ggfortify
2019-04-15,804,325223,ggfortify
2019-04-16,851,326074,ggfortify
2019-04-17,844,326918,ggfortify
2019-04-18,667,327585,ggfortify
2019-04-19,514,328099,ggfortify
2019-04-20,274,328373,ggfortify
2019-04-21,304,328677,ggfortify
2019-04-22,572,329249,ggfortify
2019-04-23,721,329970,ggfortify
2019-04-24,696,330666,ggfortify
2019-04-25,815,331481,ggfortify
2019-04-26,705,332186,ggfortify
2019-04-27,445,332631,ggfortify
2019-04-28,467,333098,ggfortify
2019-04-29,950,334048,ggfortify
2019-04-30,901,334949,ggfortify
2019-05-01,810,335759,ggfortify
2019-05-02,886,336645,ggfortify
2019-05-03,721,337366,ggfortify
2019-05-04,368,337734,ggfortify
2019-05-05,385,338119,ggfortify
2019-05-06,921,339040,ggfortify
2019-05-07,860,339900,ggfortify
2019-05-08,874,340774,ggfortify
2019-05-09,742,341516,ggfortify
2019-05-10,586,342102,ggfortify
2019-05-11,330,342432,ggfortify
2019-05-12,418,342850,ggfortify
2019-05-13,798,343648,ggfortify
2019-05-14,926,344574,ggfortify
2019-05-15,870,345444,ggfortify
2019-05-16,780,346224,ggfortify
2019-05-17,704,346928,ggfortify
2019-05-18,340,347268,ggfortify
2019-05-19,345,347613,ggfortify
2019-05-20,745,348358,ggfortify
2019-05-21,711,349069,ggfortify
2019-05-22,691,349760,ggfortify
2019-05-23,735,350495,ggfortify
2019-05-24,678,351173,ggfortify
2019-05-25,268,351441,ggfortify
2019-05-26,1334,352775,ggfortify
2019-05-27,1064,353839,ggfortify
2019-05-28,1113,354952,ggfortify
2019-05-29,948,355900,ggfortify
2019-05-30,810,356710,ggfortify
2019-05-31,674,357384,ggfortify
2019-06-01,365,357749,ggfortify
2019-06-02,384,358133,ggfortify
2019-06-03,784,358917,ggfortify
2019-06-04,855,359772,ggfortify
2019-06-05,889,360661,ggfortify
2019-06-06,905,361566,ggfortify
2019-06-07,642,362208,ggfortify
2019-06-08,362,362570,ggfortify
2019-06-09,367,362937,ggfortify
2019-06-10,761,363698,ggfortify
2019-06-11,887,364585,ggfortify
2019-06-12,882,365467,ggfortify
2019-06-13,698,366165,ggfortify
2019-06-14,653,366818,ggfortify
2019-06-15,278,367096,ggfortify
2019-06-16,352,367448,ggfortify
2019-06-17,716,368164,ggfortify
2019-06-18,835,368999,ggfortify
2019-06-19,854,369853,ggfortify
2019-06-20,758,370611,ggfortify
2019-06-21,611,371222,ggfortify
2019-06-22,275,371497,ggfortify
2019-06-23,323,371820,ggfortify
2019-06-24,706,372526,ggfortify
2019-06-25,726,373252,ggfortify
2019-06-26,705,373957,ggfortify
2019-06-27,770,374727,ggfortify
2019-06-28,626,375353,ggfortify
2019-06-29,260,375613,ggfortify
2019-06-30,293,375906,ggfortify
2019-07-01,587,376493,ggfortify
2019-07-02,706,377199,ggfortify
2019-07-03,646,377845,ggfortify
2019-07-04,521,378366,ggfortify
2019-07-05,564,378930,ggfortify
2019-07-06,291,379221,ggfortify
2019-07-07,339,379560,ggfortify
2019-07-08,825,380385,ggfortify
2019-07-09,785,381170,ggfortify
2019-07-10,819,381989,ggfortify
2019-07-11,722,382711,ggfortify
2019-07-12,637,383348,ggfortify
2019-07-13,274,383622,ggfortify
2019-07-14,301,383923,ggfortify
2019-07-15,696,384619,ggfortify
2019-07-16,716,385335,ggfortify
2019-07-17,685,386020,ggfortify
2019-07-18,614,386634,ggfortify
2019-07-19,552,387186,ggfortify
2019-07-20,257,387443,ggfortify
2019-07-21,250,387693,ggfortify
2019-07-22,670,388363,ggfortify
2019-07-23,673,389036,ggfortify
2019-07-24,649,389685,ggfortify
2019-07-25,602,390287,ggfortify
2019-07-26,557,390844,ggfortify
2019-07-27,289,391133,ggfortify
2019-07-28,267,391400,ggfortify
2019-07-29,723,392123,ggfortify
2019-07-30,718,392841,ggfortify
2019-07-31,690,393531,ggfortify
2019-08-01,659,394190,ggfortify
2019-08-02,599,394789,ggfortify
2019-08-03,231,395020,ggfortify
2019-08-04,229,395249,ggfortify
2019-08-05,551,395800,ggfortify
2019-08-06,617,396417,ggfortify
2019-08-07,625,397042,ggfortify
2019-08-08,557,397599,ggfortify
2019-08-09,433,398032,ggfortify
2019-08-10,286,398318,ggfortify
2019-08-11,244,398562,ggfortify
2019-08-12,544,399106,ggfortify
2019-08-13,598,399704,ggfortify
2019-08-14,592,400296,ggfortify
2019-08-15,456,400752,ggfortify
2019-08-16,396,401148,ggfortify
2019-08-17,254,401402,ggfortify
2019-08-18,251,401653,ggfortify
2019-08-19,548,402201,ggfortify
2019-08-20,552,402753,ggfortify
2019-08-21,525,403278,ggfortify
2019-08-22,822,404100,ggfortify
2019-08-23,614,404714,ggfortify
2019-08-24,201,404915,ggfortify
2019-08-25,261,405176,ggfortify
2019-08-26,572,405748,ggfortify
2019-08-27,604,406352,ggfortify
2019-08-28,610,406962,ggfortify
2019-08-29,615,407577,ggfortify
2019-08-30,442,408019,ggfortify
2019-08-31,243,408262,ggfortify
2019-09-01,219,408481,ggfortify
2019-09-02,479,408960,ggfortify
2019-09-03,706,409666,ggfortify
2019-09-04,1849,411515,ggfortify
2019-09-05,1514,413029,ggfortify
2019-09-06,1593,414622,ggfortify
2019-09-07,1055,415677,ggfortify
2019-09-08,1058,416735,ggfortify
2019-09-09,1640,418375,ggfortify
2019-09-10,1629,420004,ggfortify
2019-09-11,1506,421510,ggfortify
2019-09-12,1682,423192,ggfortify
2019-09-13,1556,424748,ggfortify
2019-09-14,1089,425837,ggfortify
2019-09-15,1124,426961,ggfortify
2019-09-16,1525,428486,ggfortify
2019-09-17,1601,430087,ggfortify
2019-09-18,1618,431705,ggfortify
2019-09-19,1436,433141,ggfortify
2019-09-20,1403,434544,ggfortify
2019-09-21,938,435482,ggfortify
2019-09-22,889,436371,ggfortify
2019-09-23,1741,438112,ggfortify
2019-09-24,1468,439580,ggfortify
2019-09-25,1494,441074,ggfortify
2019-09-26,1618,442692,ggfortify
2019-09-27,1796,444488,ggfortify
2019-09-28,1166,445654,ggfortify
2019-09-29,1326,446980,ggfortify
2019-09-30,2019,448999,ggfortify
2019-10-01,1652,450651,ggfortify
2019-10-02,1856,452507,ggfortify
2019-10-03,1890,454397,ggfortify
2019-10-04,1690,456087,ggfortify
2019-10-05,1306,457393,ggfortify
2019-10-06,1299,458692,ggfortify
2019-10-07,1765,460457,ggfortify
2019-10-08,1930,462387,ggfortify
2019-10-09,1801,464188,ggfortify
2019-10-10,1827,466015,ggfortify
2019-10-11,1813,467828,ggfortify
2019-10-12,1325,469153,ggfortify
2019-10-13,1354,470507,ggfortify
2019-10-14,2101,472608,ggfortify
2019-10-15,1901,474509,ggfortify
2019-10-16,1919,476428,ggfortify
2019-10-17,1662,478090,ggfortify
2019-10-18,1648,479738,ggfortify
2019-10-19,1109,480847,ggfortify
2019-10-20,1071,481918,ggfortify
2019-10-21,1837,483755,ggfortify
2019-10-22,2129,485884,ggfortify
2019-10-23,1912,487796,ggfortify
2019-10-24,2038,489834,ggfortify
2019-10-25,1807,491641,ggfortify
2019-10-26,1366,493007,ggfortify
2019-10-27,1495,494502,ggfortify
2019-10-28,1799,496301,ggfortify
2019-10-29,2119,498420,ggfortify
2019-10-30,1994,500414,ggfortify
2019-10-31,1343,501757,ggfortify
2019-11-01,592,502349,ggfortify
2019-11-02,415,502764,ggfortify
2019-11-03,377,503141,ggfortify
2019-11-04,953,504094,ggfortify
2019-11-05,1110,505204,ggfortify
2019-11-06,1047,506251,ggfortify
2019-11-07,937,507188,ggfortify
2019-11-08,765,507953,ggfortify
2019-11-09,435,508388,ggfortify
2019-11-10,447,508835,ggfortify
2019-11-11,1521,510356,ggfortify
2019-11-12,1679,512035,ggfortify
2019-11-13,1566,513601,ggfortify
2019-11-14,1631,515232,ggfortify
2019-11-15,1275,516507,ggfortify
2019-11-16,588,517095,ggfortify
2019-11-17,653,517748,ggfortify
2019-11-18,1154,518902,ggfortify
2019-11-19,1232,520134,ggfortify
2019-11-20,1468,521602,ggfortify
2019-11-21,1156,522758,ggfortify
2019-11-22,1084,523842,ggfortify
2019-11-23,797,524639,ggfortify
2019-11-24,596,525235,ggfortify
2019-11-25,1083,526318,ggfortify
2019-11-26,1346,527664,ggfortify
2019-11-27,1264,528928,ggfortify
2019-11-28,1058,529986,ggfortify
2019-11-29,679,530665,ggfortify
2019-11-30,522,531187,ggfortify
2019-12-01,591,531778,ggfortify
2019-12-02,1023,532801,ggfortify
2019-12-03,1074,533875,ggfortify
2019-12-04,1383,535258,ggfortify
2019-12-05,1239,536497,ggfortify
2019-12-06,1018,537515,ggfortify
2019-12-07,537,538052,ggfortify
2019-12-08,535,538587,ggfortify
2019-12-09,974,539561,ggfortify
2019-12-10,1219,540780,ggfortify
2019-12-11,1064,541844,ggfortify
2019-12-12,1185,543029,ggfortify
2019-12-13,1161,544190,ggfortify
2019-12-14,462,544652,ggfortify
2019-12-15,469,545121,ggfortify
2019-12-16,787,545908,ggfortify
2019-12-17,1541,547449,ggfortify
2019-12-18,1971,549420,ggfortify
2019-12-19,1831,551251,ggfortify
2019-12-20,1722,552973,ggfortify
2019-12-21,999,553972,ggfortify
2019-12-22,782,554754,ggfortify
2019-12-23,1639,556393,ggfortify
2019-12-24,1510,557903,ggfortify
2019-12-25,1408,559311,ggfortify
2019-12-26,1469,560780,ggfortify
2019-12-27,1506,562286,ggfortify
2019-12-28,1461,563747,ggfortify
2019-12-29,1390,565137,ggfortify
2019-12-30,1527,566664,ggfortify
2019-12-31,1379,568043,ggfortify
2020-01-01,1384,569427,ggfortify
2020-01-02,757,570184,ggfortify
2020-01-03,1628,571812,ggfortify
2020-01-04,1555,573367,ggfortify
2020-01-05,1581,574948,ggfortify
2020-01-06,1834,576782,ggfortify
2020-01-07,1907,578689,ggfortify
2020-01-08,2015,580704,ggfortify
2020-01-09,1931,582635,ggfortify
2020-01-10,1481,584116,ggfortify
2020-01-11,1457,585573,ggfortify
2020-01-12,1471,587044,ggfortify
2020-01-13,1956,589000,ggfortify
2020-01-14,1947,590947,ggfortify
2020-01-15,1903,592850,ggfortify
2020-01-16,1975,594825,ggfortify
2020-01-17,1823,596648,ggfortify
2020-01-18,1462,598110,ggfortify
2020-01-19,1496,599606,ggfortify
2020-01-20,1972,601578,ggfortify
2020-01-21,1794,603372,ggfortify
2020-01-22,1793,605165,ggfortify
2020-01-23,2191,607356,ggfortify
2020-01-24,1850,609206,ggfortify
2020-01-25,1547,610753,ggfortify
2020-01-26,1619,612372,ggfortify
2020-01-27,2160,614532,ggfortify
2020-01-28,1991,616523,ggfortify
2020-01-29,2035,618558,ggfortify
2020-01-30,2096,620654,ggfortify
2020-01-31,1936,622590,ggfortify
2020-02-01,1407,623997,ggfortify
2020-02-02,1528,625525,ggfortify
2020-02-03,2038,627563,ggfortify
2020-02-04,2184,629747,ggfortify
2020-02-05,2192,631939,ggfortify
2020-02-06,2194,634133,ggfortify
2020-02-07,1981,636114,ggfortify
2020-02-08,1477,637591,ggfortify
2020-02-09,1527,639118,ggfortify
2020-02-10,2253,641371,ggfortify
2020-02-11,2051,643422,ggfortify
2020-02-12,1657,645079,ggfortify
2020-02-13,1609,646688,ggfortify
2020-02-14,1848,648536,ggfortify
2020-02-15,1594,650130,ggfortify
2020-02-16,1583,651713,ggfortify
2020-02-17,2028,653741,ggfortify
2020-02-18,1961,655702,ggfortify
2020-02-19,2024,657726,ggfortify
2020-02-20,1505,659231,ggfortify
2020-02-21,1841,661072,ggfortify
2020-02-22,1610,662682,ggfortify
2020-02-23,1728,664410,ggfortify
2020-02-24,2046,666456,ggfortify
2020-02-25,1891,668347,ggfortify
2020-02-26,2081,670428,ggfortify
2020-02-27,2119,672547,ggfortify
2020-02-28,2027,674574,ggfortify
2020-02-29,314,674888,ggfortify
2020-03-01,1091,675979,ggfortify
2020-03-02,2019,677998,ggfortify
2020-03-03,2132,680130,ggfortify
2020-03-04,2190,682320,ggfortify
2020-03-05,2195,684515,ggfortify
2020-03-06,2053,686568,ggfortify
2020-03-07,1591,688159,ggfortify
2020-03-08,1578,689737,ggfortify
2020-03-09,1916,691653,ggfortify
2020-03-10,1999,693652,ggfortify
2020-03-11,2353,696005,ggfortify
2020-03-12,2888,698893,ggfortify
2020-03-13,2358,701251,ggfortify
2020-03-14,1840,703091,ggfortify
2020-03-15,1845,704936,ggfortify
2020-03-16,2309,707245,ggfortify
2020-03-17,2206,709451,ggfortify
2020-03-18,2068,711519,ggfortify
2020-03-19,2228,713747,ggfortify
2020-03-20,2124,715871,ggfortify
2020-03-21,1852,717723,ggfortify
2020-03-22,1718,719441,ggfortify
2020-03-23,2147,721588,ggfortify
2020-03-24,2235,723823,ggfortify
2020-03-25,2292,726115,ggfortify
2020-03-26,2315,728430,ggfortify
2020-03-27,2076,730506,ggfortify
2020-03-28,1812,732318,ggfortify
2020-03-29,1711,734029,ggfortify
2020-03-30,2197,736226,ggfortify
2020-03-31,2182,738408,ggfortify
2020-04-01,2156,740564,ggfortify
2020-04-02,2143,742707,ggfortify
2020-04-03,2065,744772,ggfortify
2020-04-04,1753,746525,ggfortify
2020-04-05,1736,748261,ggfortify
2020-04-06,2169,750430,ggfortify
2020-04-07,2138,752568,ggfortify
2020-04-08,2238,754806,ggfortify
2020-04-09,2237,757043,ggfortify
2020-04-10,2015,759058,ggfortify
2020-04-11,1798,760856,ggfortify
2020-04-12,1799,762655,ggfortify
2020-04-13,2023,764678,ggfortify
2020-04-14,2177,766855,ggfortify
2020-04-15,2513,769368,ggfortify
2020-04-16,2158,771526,ggfortify
2020-04-17,2019,773545,ggfortify
2020-04-18,1805,775350,ggfortify
2020-04-19,1795,777145,ggfortify
2020-04-20,1967,779112,ggfortify
2020-04-21,2176,781288,ggfortify
2020-04-22,2230,783518,ggfortify
2020-04-23,2238,785756,ggfortify
2020-04-24,2225,787981,ggfortify
2020-04-25,1983,789964,ggfortify
2020-04-26,2151,792115,ggfortify
2020-04-27,3112,795227,ggfortify
2020-04-28,3038,798265,ggfortify
2020-04-29,2866,801131,ggfortify
2020-04-30,2550,803681,ggfortify
2020-05-01,1914,805595,ggfortify
2020-05-02,1969,807564,ggfortify
2020-05-03,1817,809381,ggfortify
2020-05-04,2358,811739,ggfortify
2020-05-05,2392,814131,ggfortify
2020-05-06,2209,816340,ggfortify
2020-05-07,2271,818611,ggfortify
2020-05-08,2184,820795,ggfortify
2020-05-09,1956,822751,ggfortify
2020-05-10,1865,824616,ggfortify
2020-05-11,2364,826980,ggfortify
2020-05-12,2350,829330,ggfortify
2020-05-13,2323,831653,ggfortify
2020-05-14,2309,833962,ggfortify
2020-05-15,2130,836092,ggfortify
2020-05-16,2186,838278,ggfortify
2020-05-17,1762,840040,ggfortify
2020-05-18,2350,842390,ggfortify
2020-05-19,2224,844614,ggfortify
2020-05-20,2183,846797,ggfortify
2020-05-21,1919,848716,ggfortify
2020-05-22,1811,850527,ggfortify
2020-05-23,1596,852123,ggfortify
2020-05-24,1467,853590,ggfortify
2020-05-25,1743,855333,ggfortify
2020-05-26,2162,857495,ggfortify
2020-05-27,2225,859720,ggfortify
2020-05-28,2045,861765,ggfortify
2020-05-29,1819,863584,ggfortify
2020-05-30,1489,865073,ggfortify
2020-05-31,1409,866482,ggfortify
2020-06-01,1671,868153,ggfortify
2020-06-02,1920,870073,ggfortify
2020-06-03,2195,872268,ggfortify
2020-06-04,2247,874515,ggfortify
2020-06-05,1982,876497,ggfortify
2020-06-06,1784,878281,ggfortify
2020-06-07,1794,880075,ggfortify
2020-06-08,2309,882384,ggfortify
2020-06-09,2263,884647,ggfortify
2020-06-10,2114,886761,ggfortify
2020-06-11,2155,888916,ggfortify
2020-06-12,2032,890948,ggfortify
2020-06-13,1483,892431,ggfortify
2020-06-14,576,893007,ggfortify
2020-06-15,1050,894057,ggfortify
2020-06-16,1932,895989,ggfortify
2020-06-17,1028,897017,ggfortify
2020-06-18,831,897848,ggfortify
2020-06-19,1215,899063,ggfortify
2020-06-20,594,899657,ggfortify
2020-06-21,1647,901304,ggfortify
2020-06-22,2095,903399,ggfortify
2020-06-23,2096,905495,ggfortify
2020-06-24,2177,907672,ggfortify
2020-06-25,2003,909675,ggfortify
2020-06-26,1889,911564,ggfortify
2020-06-27,1592,913156,ggfortify
2020-06-28,1608,914764,ggfortify
2020-06-29,1941,916705,ggfortify
2020-06-30,1974,918679,ggfortify
2020-07-01,1965,920644,ggfortify
2020-07-02,1982,922626,ggfortify
2020-07-03,1904,924530,ggfortify
2020-07-04,1541,926071,ggfortify
2020-07-05,1668,927739,ggfortify
2020-07-06,2044,929783,ggfortify
2020-07-07,1977,931760,ggfortify
2020-07-08,1952,933712,ggfortify
2020-07-09,1920,935632,ggfortify
2020-07-10,1902,937534,ggfortify
2020-07-11,1430,938964,ggfortify
2020-07-12,1283,940247,ggfortify
2020-07-13,1686,941933,ggfortify
2020-07-14,1703,943636,ggfortify
2020-07-15,1579,945215,ggfortify
2020-07-16,1660,946875,ggfortify
2020-07-17,1154,948029,ggfortify
2020-07-18,356,948385,ggfortify
2020-07-19,392,948777,ggfortify
2020-07-20,749,949526,ggfortify
2020-07-21,771,950297,ggfortify
2020-07-22,784,951081,ggfortify
2020-07-23,1084,952165,ggfortify
2020-07-24,1066,953231,ggfortify
2020-07-25,791,954022,ggfortify
2020-07-26,696,954718,ggfortify
2020-07-27,1102,955820,ggfortify
2020-07-28,1515,957335,ggfortify
2020-07-29,1528,958863,ggfortify
2020-07-30,1180,960043,ggfortify
2020-07-31,1021,961064,ggfortify
2020-08-01,1282,962346,ggfortify
2020-08-02,760,963106,ggfortify
2020-08-03,1194,964300,ggfortify
2020-08-04,1505,965805,ggfortify
2020-08-05,1115,966920,ggfortify
2020-08-06,1071,967991,ggfortify
2020-08-07,637,968628,ggfortify
2020-08-08,457,969085,ggfortify
2020-08-09,412,969497,ggfortify
2020-08-10,739,970236,ggfortify
2020-08-11,991,971227,ggfortify
2020-08-12,1251,972478,ggfortify
2020-08-13,1491,973969,ggfortify
2020-08-14,1466,975435,ggfortify
2020-08-15,1170,976605,ggfortify
2020-08-16,1216,977821,ggfortify
2020-08-17,2148,979969,ggfortify
2020-08-18,3330,983299,ggfortify
2020-08-19,3144,986443,ggfortify
2020-08-20,1080,987523,ggfortify
2020-08-21,1019,988542,ggfortify
2020-08-22,750,989292,ggfortify
2020-08-23,728,990020,ggfortify
2020-08-24,1190,991210,ggfortify
2020-08-25,1470,992680,ggfortify
2020-08-26,1069,993749,ggfortify
2020-08-27,652,994401,ggfortify
2020-08-28,1172,995573,ggfortify
2020-08-29,1122,996695,ggfortify
2020-08-30,705,997400,ggfortify
2020-08-31,1054,998454,ggfortify
2020-09-01,1044,999498,ggfortify
2020-09-02,977,1000475,ggfortify
2020-09-03,1109,1001584,ggfortify
2020-09-04,1062,1002646,ggfortify
2020-09-05,715,1003361,ggfortify
2020-09-06,553,1003914,ggfortify
2020-09-07,660,1004574,ggfortify
2020-09-08,1580,1006154,ggfortify
2020-09-09,1978,1008132,ggfortify
2020-09-10,1975,1010107,ggfortify
2020-09-11,1786,1011893,ggfortify
2020-09-12,1506,1013399,ggfortify
2020-09-13,1593,1014992,ggfortify
2020-09-14,2228,1017220,ggfortify
2020-09-15,1923,1019143,ggfortify
2020-09-16,1800,1020943,ggfortify
2020-09-17,1799,1022742,ggfortify
2020-09-18,1684,1024426,ggfortify
2020-09-19,1294,1025720,ggfortify
2020-09-20,1147,1026867,ggfortify
2020-09-21,1873,1028740,ggfortify
2020-09-22,1636,1030376,ggfortify
2020-09-23,1831,1032207,ggfortify
2020-09-24,1620,1033827,ggfortify
2020-09-25,1380,1035207,ggfortify
2020-09-26,1081,1036288,ggfortify
2020-09-27,1171,1037459,ggfortify
2020-09-28,1563,1039022,ggfortify
2020-09-29,1539,1040561,ggfortify
2020-09-30,1057,1041618,ggfortify
2020-10-01,1076,1042694,ggfortify
2020-10-02,1108,1043802,ggfortify
2020-10-03,926,1044728,ggfortify
2020-10-04,919,1045647,ggfortify
2020-10-05,1580,1047227,ggfortify
2020-10-06,1586,1048813,ggfortify
2020-10-07,1457,1050270,ggfortify
2020-10-08,1361,1051631,ggfortify
2020-10-09,1293,1052924,ggfortify
2020-10-10,578,1053502,ggfortify
2020-10-11,710,1054212,ggfortify
2020-10-12,1282,1055494,ggfortify
2020-10-13,1557,1057051,ggfortify
2020-10-14,1422,1058473,ggfortify
2020-10-15,1282,1059755,ggfortify
2020-10-16,1104,1060859,ggfortify
2020-10-17,811,1061670,ggfortify
2020-10-18,742,1062412,ggfortify
2020-10-19,1243,1063655,ggfortify
2020-10-20,1345,1065000,ggfortify
2020-10-21,1532,1066532,ggfortify
2020-10-22,1267,1067799,ggfortify
2020-10-23,1182,1068981,ggfortify
2020-10-24,628,1069609,ggfortify
2020-10-25,714,1070323,ggfortify
2020-10-26,1208,1071531,ggfortify
2020-10-27,1453,1072984,ggfortify
2020-10-28,1270,1074254,ggfortify
2020-10-29,1263,1075517,ggfortify
2020-10-30,1115,1076632,ggfortify
2020-10-31,553,1077185,ggfortify
2020-11-01,657,1077842,ggfortify
2020-11-02,1261,1079103,ggfortify
2020-11-03,1233,1080336,ggfortify
2020-11-04,1289,1081625,ggfortify
2020-11-05,1516,1083141,ggfortify
2020-11-06,1125,1084266,ggfortify
2020-11-07,659,1084925,ggfortify
2020-11-08,632,1085557,ggfortify
2020-11-09,1194,1086751,ggfortify
2020-11-10,1446,1088197,ggfortify
2020-11-11,1431,1089628,ggfortify
2020-11-12,1691,1091319,ggfortify
2020-11-13,2251,1093570,ggfortify
2020-11-14,1308,1094878,ggfortify
2020-11-15,636,1095514,ggfortify
2020-11-16,1220,1096734,ggfortify
2020-11-17,1312,1098046,ggfortify
2020-11-18,1295,1099341,ggfortify
2020-11-19,1253,1100594,ggfortify
2020-11-20,1235,1101829,ggfortify
2020-11-21,646,1102475,ggfortify
2020-11-22,719,1103194,ggfortify
2020-11-23,1172,1104366,ggfortify
2020-11-24,1373,1105739,ggfortify
2020-11-25,1005,1106744,ggfortify
2020-11-26,1148,1107892,ggfortify
2020-11-27,923,1108815,ggfortify
2020-11-28,628,1109443,ggfortify
2020-11-29,767,1110210,ggfortify
2020-11-30,1150,1111360,ggfortify
2020-12-01,1527,1112887,ggfortify
2020-12-02,1352,1114239,ggfortify
2020-12-03,1278,1115517,ggfortify
2020-12-04,1095,1116612,ggfortify
2020-12-05,732,1117344,ggfortify
2020-12-06,825,1118169,ggfortify
2020-12-07,1228,1119397,ggfortify
2020-12-08,1258,1120655,ggfortify
2020-12-09,1563,1122218,ggfortify
2020-12-10,1268,1123486,ggfortify
2020-12-11,1408,1124894,ggfortify
2020-12-12,775,1125669,ggfortify
2020-12-13,788,1126457,ggfortify
2020-12-14,1234,1127691,ggfortify
2020-12-15,1261,1128952,ggfortify
2020-12-16,1382,1130334,ggfortify
2020-12-17,1125,1131459,ggfortify
2020-12-18,999,1132458,ggfortify
2020-12-19,530,1132988,ggfortify
2020-12-20,564,1133552,ggfortify
2020-12-21,936,1134488,ggfortify
2020-12-22,1038,1135526,ggfortify
2020-12-23,842,1136368,ggfortify
2020-12-24,604,1136972,ggfortify
2020-12-25,567,1137539,ggfortify
2020-12-26,580,1138119,ggfortify
2020-12-27,498,1138617,ggfortify
2020-12-28,875,1139492,ggfortify
2020-12-29,767,1140259,ggfortify
2020-12-30,701,1140960,ggfortify
2020-12-31,490,1141450,ggfortify
2021-01-01,349,1141799,ggfortify
2021-01-02,391,1142190,ggfortify
2021-01-03,399,1142589,ggfortify
2021-01-04,780,1143369,ggfortify
2021-01-05,939,1144308,ggfortify
2021-01-06,979,1145287,ggfortify
2021-01-07,883,1146170,ggfortify
2021-01-08,773,1146943,ggfortify
2021-01-09,516,1147459,ggfortify
2021-01-10,617,1148076,ggfortify
2021-01-11,1039,1149115,ggfortify
2021-01-12,1060,1150175,ggfortify
2021-01-13,1135,1151310,ggfortify
2021-01-14,1018,1152328,ggfortify
2021-01-15,1040,1153368,ggfortify
2021-01-16,588,1153956,ggfortify
2021-01-17,620,1154576,ggfortify
2021-01-18,1023,1155599,ggfortify
2021-01-19,1235,1156834,ggfortify
2021-01-20,1381,1158215,ggfortify
2021-01-21,1213,1159428,ggfortify
2021-01-22,934,1160362,ggfortify
2021-01-23,624,1160986,ggfortify
2021-01-24,732,1161718,ggfortify
2021-01-25,1298,1163016,ggfortify
2021-01-26,1174,1164190,ggfortify
2021-01-27,1219,1165409,ggfortify
2021-01-28,1092,1166501,ggfortify
2021-01-29,1045,1167546,ggfortify
2021-01-30,703,1168249,ggfortify
2021-01-31,709,1168958,ggfortify
2021-02-01,1170,1170128,ggfortify
2021-02-02,1119,1171247,ggfortify
2021-02-03,1170,1172417,ggfortify
2021-02-04,1185,1173602,ggfortify
2021-02-05,1168,1174770,ggfortify
2021-02-06,740,1175510,ggfortify
2021-02-07,734,1176244,ggfortify
2021-02-08,1058,1177302,ggfortify
2021-02-09,1230,1178532,ggfortify
2021-02-10,1107,1179639,ggfortify
2021-02-11,1163,1180802,ggfortify
2021-02-12,1047,1181849,ggfortify
2021-02-13,567,1182416,ggfortify
2021-02-14,547,1182963,ggfortify
2021-02-15,1028,1183991,ggfortify
2021-02-16,1210,1185201,ggfortify
2021-02-17,1110,1186311,ggfortify
2021-02-18,1127,1187438,ggfortify
2021-02-19,1008,1188446,ggfortify
2021-02-20,594,1189040,ggfortify
2021-02-21,617,1189657,ggfortify
2021-02-22,1137,1190794,ggfortify
2021-02-23,1136,1191930,ggfortify
2021-02-24,1200,1193130,ggfortify
2021-02-25,1152,1194282,ggfortify
2021-02-26,1015,1195297,ggfortify
2021-02-27,599,1195896,ggfortify
2021-02-28,570,1196466,ggfortify
2021-03-01,1035,1197501,ggfortify
2021-03-02,1222,1198723,ggfortify
2021-03-03,1242,1199965,ggfortify
2021-03-04,1285,1201250,ggfortify
2021-03-05,1114,1202364,ggfortify
2021-03-06,555,1202919,ggfortify
2021-03-07,607,1203526,ggfortify
2021-03-08,1282,1204808,ggfortify
2021-03-09,1193,1206001,ggfortify
2021-03-10,1262,1207263,ggfortify
2021-03-11,1193,1208456,ggfortify
2021-03-12,1005,1209461,ggfortify
2021-03-13,541,1210002,ggfortify
2021-03-14,734,1210736,ggfortify
2021-03-15,1125,1211861,ggfortify
2021-03-16,1470,1213331,ggfortify
2021-03-17,1319,1214650,ggfortify
2021-03-18,1246,1215896,ggfortify
2021-03-19,1006,1216902,ggfortify
2021-03-20,741,1217643,ggfortify
2021-03-21,666,1218309,ggfortify
2021-03-22,1253,1219562,ggfortify
2021-03-23,1128,1220690,ggfortify
2021-03-24,1210,1221900,ggfortify
2021-03-25,1190,1223090,ggfortify
2021-03-26,1040,1224130,ggfortify
2021-03-27,656,1224786,ggfortify
2021-03-28,580,1225366,ggfortify
2021-03-29,1139,1226505,ggfortify
2021-03-30,1277,1227782,ggfortify
2021-03-31,1183,1228965,ggfortify
2021-04-01,991,1229956,ggfortify
2021-04-02,770,1230726,ggfortify
2021-04-03,536,1231262,ggfortify
2021-04-04,523,1231785,ggfortify
2021-04-05,1022,1232807,ggfortify
2021-04-06,1223,1234030,ggfortify
2021-04-07,1176,1235206,ggfortify
2021-04-08,1262,1236468,ggfortify
2021-04-09,897,1237365,ggfortify
2021-04-10,545,1237910,ggfortify
2021-04-11,579,1238489,ggfortify
2021-04-12,1176,1239665,ggfortify
2021-04-13,1054,1240719,ggfortify
2021-04-14,1098,1241817,ggfortify
2021-04-15,1089,1242906,ggfortify
2021-04-16,934,1243840,ggfortify
2021-04-17,548,1244388,ggfortify
2021-04-18,624,1245012,ggfortify
2021-04-19,1129,1246141,ggfortify
2021-04-20,1163,1247304,ggfortify
2021-04-21,1185,1248489,ggfortify
2021-04-22,1159,1249648,ggfortify
2021-04-23,957,1250605,ggfortify
2021-04-24,598,1251203,ggfortify
2021-04-25,535,1251738,ggfortify
2021-04-26,1087,1252825,ggfortify
2021-04-27,1142,1253967,ggfortify
2021-04-28,1173,1255140,ggfortify
2021-04-29,1011,1256151,ggfortify
2021-04-30,898,1257049,ggfortify
2021-05-01,516,1257565,ggfortify
2021-05-02,537,1258102,ggfortify
2021-05-03,953,1259055,ggfortify
2021-05-04,1124,1260179,ggfortify
2021-05-05,1064,1261243,ggfortify
2021-05-06,1162,1262405,ggfortify
2021-05-07,837,1263242,ggfortify
2021-05-08,543,1263785,ggfortify
2021-05-09,502,1264287,ggfortify
2021-05-10,994,1265281,ggfortify
2021-05-11,1171,1266452,ggfortify
2021-05-12,1045,1267497,ggfortify
2021-05-13,875,1268372,ggfortify
2021-05-14,801,1269173,ggfortify
2021-05-15,457,1269630,ggfortify
2021-05-16,518,1270148,ggfortify
2021-05-17,1054,1271202,ggfortify
2021-05-18,1239,1272441,ggfortify
2021-05-19,1318,1273759,ggfortify
2021-05-20,1407,1275166,ggfortify
2021-05-21,1276,1276442,ggfortify
2021-05-22,645,1277087,ggfortify
2021-05-23,724,1277811,ggfortify
2021-05-24,1193,1279004,ggfortify
2021-05-25,1218,1280222,ggfortify
2021-05-26,1248,1281470,ggfortify
2021-05-27,1129,1282599,ggfortify
2021-05-28,1005,1283604,ggfortify
2021-05-29,466,1284070,ggfortify
2021-05-30,549,1284619,ggfortify
2021-05-31,865,1285484,ggfortify
2021-06-01,1139,1286623,ggfortify
2021-06-02,1114,1287737,ggfortify
2021-06-03,1171,1288908,ggfortify
2021-06-04,1014,1289922,ggfortify
2021-06-05,507,1290429,ggfortify
2021-06-06,563,1290992,ggfortify
2021-06-07,1284,1292276,ggfortify
2021-06-08,1247,1293523,ggfortify
2021-06-09,1229,1294752,ggfortify
2021-06-10,1035,1295787,ggfortify
2021-06-11,898,1296685,ggfortify
2021-06-12,464,1297149,ggfortify
2021-06-13,549,1297698,ggfortify
2021-06-14,1000,1298698,ggfortify
2021-06-15,981,1299679,ggfortify
2021-06-16,1145,1300824,ggfortify
2021-06-17,1121,1301945,ggfortify
2021-06-18,901,1302846,ggfortify
2021-06-19,554,1303400,ggfortify
2021-06-20,481,1303881,ggfortify
2021-06-21,1038,1304919,ggfortify
2021-06-22,978,1305897,ggfortify
2021-06-23,897,1306794,ggfortify
2021-06-24,916,1307710,ggfortify
2021-06-25,881,1308591,ggfortify
2021-06-26,508,1309099,ggfortify
2021-06-27,510,1309609,ggfortify
2021-06-28,1121,1310730,ggfortify
2021-06-29,1128,1311858,ggfortify
2021-06-30,1074,1312932,ggfortify
2021-07-01,945,1313877,ggfortify
2021-07-02,934,1314811,ggfortify
2021-07-03,415,1315226,ggfortify
2021-07-04,430,1315656,ggfortify
2021-07-05,823,1316479,ggfortify
2021-07-06,949,1317428,ggfortify
2021-07-07,1120,1318548,ggfortify
2021-07-08,1636,1320184,ggfortify
2021-07-09,1300,1321484,ggfortify
2021-07-10,585,1322069,ggfortify
2021-07-11,702,1322771,ggfortify
2021-07-12,1286,1324057,ggfortify
2021-07-13,1347,1325404,ggfortify
2021-07-14,1246,1326650,ggfortify
2021-07-15,1094,1327744,ggfortify
2021-07-16,954,1328698,ggfortify
2021-07-17,518,1329216,ggfortify
2021-07-18,525,1329741,ggfortify
2021-07-19,1003,1330744,ggfortify
2021-07-20,1195,1331939,ggfortify
2021-07-21,1107,1333046,ggfortify
2021-07-22,1068,1334114,ggfortify
2021-07-23,900,1335014,ggfortify
2021-07-24,504,1335518,ggfortify
2021-07-25,473,1335991,ggfortify
2021-07-26,1122,1337113,ggfortify
2021-07-27,1080,1338193,ggfortify
2021-07-28,1192,1339385,ggfortify
2021-07-29,1128,1340513,ggfortify
2021-07-30,928,1341441,ggfortify
2021-07-31,441,1341882,ggfortify
2021-08-01,410,1342292,ggfortify
2021-08-02,979,1343271,ggfortify
2021-08-03,996,1344267,ggfortify
2021-08-04,1187,1345454,ggfortify
2021-08-05,993,1346447,ggfortify
2021-08-06,880,1347327,ggfortify
2021-08-07,494,1347821,ggfortify
2021-08-08,451,1348272,ggfortify
2021-08-09,1024,1349296,ggfortify
2021-08-10,998,1350294,ggfortify
2021-08-11,1121,1351415,ggfortify
2021-08-12,1118,1352533,ggfortify
2021-08-13,998,1353531,ggfortify
2021-08-14,484,1354015,ggfortify
2021-08-15,571,1354586,ggfortify
2021-08-16,958,1355544,ggfortify
2021-08-17,1048,1356592,ggfortify
2021-08-18,955,1357547,ggfortify
2021-08-19,1006,1358553,ggfortify
2021-08-20,840,1359393,ggfortify
2021-08-21,530,1359923,ggfortify
2021-08-22,486,1360409,ggfortify
2021-08-23,1098,1361507,ggfortify
2021-08-24,1019,1362526,ggfortify
2021-08-25,1109,1363635,ggfortify
2021-08-26,1188,1364823,ggfortify
2021-08-27,990,1365813,ggfortify
2021-08-28,459,1366272,ggfortify
2021-08-29,537,1366809,ggfortify
2021-08-30,1026,1367835,ggfortify
2021-08-31,1067,1368902,ggfortify
2021-09-01,1281,1370183,ggfortify
2021-09-02,997,1371180,ggfortify
2021-09-03,848,1372028,ggfortify
2021-09-04,419,1372447,ggfortify
2021-09-05,443,1372890,ggfortify
2021-09-06,1044,1373934,ggfortify
2021-09-07,1095,1375029,ggfortify
2021-09-08,1163,1376192,ggfortify
2021-09-09,1103,1377295,ggfortify
2021-09-10,1036,1378331,ggfortify
2021-09-11,676,1379007,ggfortify
2021-09-12,606,1379613,ggfortify
2021-09-13,1309,1380922,ggfortify
2021-09-14,1339,1382261,ggfortify
2021-09-15,1249,1383510,ggfortify
2021-09-16,1146,1384656,ggfortify
2021-09-17,1222,1385878,ggfortify
2021-09-18,852,1386730,ggfortify
2021-09-19,540,1387270,ggfortify
2021-09-20,1320,1388590,ggfortify
2021-09-21,1677,1390267,ggfortify
2021-09-22,1714,1391981,ggfortify
2021-09-23,1376,1393357,ggfortify
2021-09-24,1318,1394675,ggfortify
2021-09-25,567,1395242,ggfortify
2021-09-26,621,1395863,ggfortify
2021-09-27,1498,1397361,ggfortify
2021-09-28,1625,1398986,ggfortify
2021-09-29,1350,1400336,ggfortify
2021-09-30,1390,1401726,ggfortify
2021-10-01,1142,1402868,ggfortify
2021-10-02,748,1403616,ggfortify
2021-10-03,763,1404379,ggfortify
2021-10-04,1615,1405994,ggfortify
2021-10-05,1587,1407581,ggfortify
2021-10-06,1474,1409055,ggfortify
2021-10-07,1453,1410508,ggfortify
2021-10-08,1221,1411729,ggfortify
2021-10-09,637,1412366,ggfortify
2021-10-10,705,1413071,ggfortify
2021-10-11,1515,1414586,ggfortify
2021-10-12,1702,1416288,ggfortify
2021-10-13,1529,1417817,ggfortify
2021-10-14,1439,1419256,ggfortify
2021-10-15,1267,1420523,ggfortify
2021-10-16,739,1421262,ggfortify
2021-10-17,783,1422045,ggfortify
2021-10-18,1619,1423664,ggfortify
2021-10-19,1687,1425351,ggfortify
2021-10-20,1635,1426986,ggfortify
2021-10-21,1594,1428580,ggfortify
2021-10-22,1435,1430015,ggfortify
2021-10-23,756,1430771,ggfortify
2021-10-24,758,1431529,ggfortify
2021-10-25,1721,1433250,ggfortify
2021-10-26,3025,1436275,ggfortify
2021-10-27,2628,1438903,ggfortify
2021-10-28,2382,1441285,ggfortify
2021-10-29,1959,1443244,ggfortify
2021-10-30,1106,1444350,ggfortify
2021-10-31,946,1445296,ggfortify
2021-11-01,1671,1446967,ggfortify
2021-11-02,1859,1448826,ggfortify
2021-11-03,1786,1450612,ggfortify
2021-11-04,1627,1452239,ggfortify
2021-11-05,1348,1453587,ggfortify
2021-11-06,709,1454296,ggfortify
2021-11-07,756,1455052,ggfortify
2021-11-08,1646,1456698,ggfortify
2021-11-09,1715,1458413,ggfortify
2021-11-10,1922,1460335,ggfortify
2021-11-11,1906,1462241,ggfortify
2021-11-12,1473,1463714,ggfortify
2021-11-13,771,1464485,ggfortify
2021-11-14,785,1465270,ggfortify
2021-11-15,1626,1466896,ggfortify
2021-11-16,1645,1468541,ggfortify
2021-11-17,1629,1470170,ggfortify
2021-11-18,1904,1472074,ggfortify
2021-11-19,1655,1473729,ggfortify
2021-11-20,846,1474575,ggfortify
2021-11-21,891,1475466,ggfortify
2021-11-22,1738,1477204,ggfortify
2021-11-23,1713,1478917,ggfortify
2021-11-24,1673,1480590,ggfortify
2021-11-25,1404,1481994,ggfortify
2021-11-26,1276,1483270,ggfortify
2021-11-27,809,1484079,ggfortify
2021-11-28,796,1484875,ggfortify
2021-11-29,1932,1486807,ggfortify
2021-11-30,2288,1489095,ggfortify
2021-12-01,1760,1490855,ggfortify
2021-12-02,1924,1492779,ggfortify
2021-12-03,1280,1494059,ggfortify
2021-12-04,785,1494844,ggfortify
2021-12-05,725,1495569,ggfortify
2021-12-06,1530,1497099,ggfortify
2021-12-07,1508,1498607,ggfortify
2021-12-08,1523,1500130,ggfortify
2021-12-09,1583,1501713,ggfortify
2021-12-10,1476,1503189,ggfortify
2021-12-11,1025,1504214,ggfortify
2021-12-12,708,1504922,ggfortify
2021-12-13,1869,1506791,ggfortify
2021-12-14,1342,1508133,ggfortify
2021-12-15,1646,1509779,ggfortify
2021-12-16,1491,1511270,ggfortify
2021-12-17,1212,1512482,ggfortify
2021-12-18,622,1513104,ggfortify
2021-12-19,539,1513643,ggfortify
2021-12-20,1139,1514782,ggfortify
2021-12-21,1033,1515815,ggfortify
2021-12-22,1141,1516956,ggfortify
2021-12-23,957,1517913,ggfortify
2021-12-24,580,1518493,ggfortify
2021-12-25,373,1518866,ggfortify
2021-12-26,373,1519239,ggfortify
2021-12-27,704,1519943,ggfortify
2021-12-28,969,1520912,ggfortify
2021-12-29,881,1521793,ggfortify
2021-12-30,763,1522556,ggfortify
2021-12-31,485,1523041,ggfortify
2022-01-01,422,1523463,ggfortify
2022-01-02,475,1523938,ggfortify
2022-01-03,1246,1525184,ggfortify
2022-01-04,1707,1526891,ggfortify
2022-01-05,1694,1528585,ggfortify
2022-01-06,1448,1530033,ggfortify
2022-01-07,1212,1531245,ggfortify
2022-01-08,805,1532050,ggfortify
2022-01-09,888,1532938,ggfortify
2022-01-10,1639,1534577,ggfortify
2022-01-11,1666,1536243,ggfortify
2022-01-12,1415,1537658,ggfortify
2022-01-13,1455,1539113,ggfortify
2022-01-14,1308,1540421,ggfortify
2022-01-15,751,1541172,ggfortify
2022-01-16,701,1541873,ggfortify
2022-01-17,1569,1543442,ggfortify
2022-01-18,1460,1544902,ggfortify
2022-01-19,1630,1546532,ggfortify
2022-01-20,1503,1548035,ggfortify
2022-01-21,1400,1549435,ggfortify
2022-01-22,709,1550144,ggfortify
2022-01-23,690,1550834,ggfortify
2022-01-24,1535,1552369,ggfortify
2022-01-25,1701,1554070,ggfortify
2022-01-26,1576,1555646,ggfortify
2022-01-27,1447,1557093,ggfortify
2022-01-28,1218,1558311,ggfortify
2022-01-29,677,1558988,ggfortify
2022-01-30,646,1559634,ggfortify
2022-01-31,1415,1561049,ggfortify
2022-02-01,1359,1562408,ggfortify
2022-02-02,1380,1563788,ggfortify
2022-02-03,1465,1565253,ggfortify
2022-02-04,1236,1566489,ggfortify
2022-02-05,622,1567111,ggfortify
2022-02-06,628,1567739,ggfortify
2022-02-07,1561,1569300,ggfortify
2022-02-08,1709,1571009,ggfortify
2022-02-09,1532,1572541,ggfortify
2022-02-10,1317,1573858,ggfortify
2022-02-11,1099,1574957,ggfortify
2022-02-12,682,1575639,ggfortify
2022-02-13,592,1576231,ggfortify
2022-02-14,1306,1577537,ggfortify
2022-02-15,1428,1578965,ggfortify
2022-02-16,1581,1580546,ggfortify
2022-02-17,1556,1582102,ggfortify
2022-02-18,1189,1583291,ggfortify
2022-02-19,720,1584011,ggfortify
2022-02-20,711,1584722,ggfortify
2022-02-21,1426,1586148,ggfortify
2022-02-22,1578,1587726,ggfortify
2022-02-23,1705,1589431,ggfortify
2022-02-24,1502,1590933,ggfortify
2022-02-25,1345,1592278,ggfortify
2022-02-26,649,1592927,ggfortify
2022-02-27,732,1593659,ggfortify
2022-02-28,1391,1595050,ggfortify
2022-03-01,1456,1596506,ggfortify
2022-03-02,1415,1597921,ggfortify
2022-03-03,1368,1599289,ggfortify
2022-03-04,1336,1600625,ggfortify
2022-03-05,729,1601354,ggfortify
2022-03-06,843,1602197,ggfortify
2022-03-07,1591,1603788,ggfortify
2022-03-08,1557,1605345,ggfortify
2022-03-09,1716,1607061,ggfortify
2022-03-10,1417,1608478,ggfortify
2022-03-11,1389,1609867,ggfortify
2022-03-12,749,1610616,ggfortify
2022-03-13,791,1611407,ggfortify
2022-03-14,1366,1612773,ggfortify
2022-03-15,1505,1614278,ggfortify
2022-03-16,1532,1615810,ggfortify
2022-03-17,1541,1617351,ggfortify
2022-03-18,1465,1618816,ggfortify
2022-03-19,768,1619584,ggfortify
2022-03-20,813,1620397,ggfortify
2022-03-21,1438,1621835,ggfortify
2022-03-22,1473,1623308,ggfortify
2022-03-23,1818,1625126,ggfortify
2022-03-24,1436,1626562,ggfortify
2022-03-25,1169,1627731,ggfortify
2022-03-26,732,1628463,ggfortify
2022-03-27,734,1629197,ggfortify
2022-03-28,1432,1630629,ggfortify
2022-03-29,1593,1632222,ggfortify
2022-03-30,1500,1633722,ggfortify
2022-03-31,1488,1635210,ggfortify
2022-04-01,1373,1636583,ggfortify
2022-04-02,672,1637255,ggfortify
2022-04-03,768,1638023,ggfortify
2022-04-04,1413,1639436,ggfortify
2022-04-05,1588,1641024,ggfortify
2022-04-06,1510,1642534,ggfortify
2022-04-07,1202,1643736,ggfortify
2022-04-08,1131,1644867,ggfortify
2022-04-09,710,1645577,ggfortify
2022-04-10,650,1646227,ggfortify
2022-04-11,1487,1647714,ggfortify
2022-04-12,1346,1649060,ggfortify
2022-04-13,1319,1650379,ggfortify
2022-04-14,1050,1651429,ggfortify
2022-04-15,899,1652328,ggfortify
2022-04-16,653,1652981,ggfortify
2022-04-17,643,1653624,ggfortify
2022-04-18,1190,1654814,ggfortify
2022-04-19,1603,1656417,ggfortify
2022-04-20,1517,1657934,ggfortify
2022-04-21,1268,1659202,ggfortify
2022-04-22,1412,1660614,ggfortify
2022-04-23,795,1661409,ggfortify
2022-04-24,745,1662154,ggfortify
2022-04-25,1533,1663687,ggfortify
2022-04-26,1626,1665313,ggfortify
2022-04-27,1726,1667039,ggfortify
2022-04-28,1552,1668591,ggfortify
2022-04-29,1338,1669929,ggfortify
2022-04-30,800,1670729,ggfortify
2022-05-01,860,1671589,ggfortify
2022-05-02,1388,1672977,ggfortify
2022-05-03,1388,1674365,ggfortify
2022-05-04,1563,1675928,ggfortify
2022-05-05,1535,1677463,ggfortify
2022-05-06,1317,1678780,ggfortify
2022-05-07,824,1679604,ggfortify
2022-05-08,840,1680444,ggfortify
2022-05-09,1428,1681872,ggfortify
2022-05-10,1405,1683277,ggfortify
2022-05-11,1387,1684664,ggfortify
2022-05-12,1287,1685951,ggfortify
2022-05-13,1066,1687017,ggfortify
2022-05-14,703,1687720,ggfortify
2022-05-15,688,1688408,ggfortify
2022-05-16,1298,1689706,ggfortify
2022-05-17,1456,1691162,ggfortify
2022-05-18,1262,1692424,ggfortify
2022-05-19,1213,1693637,ggfortify
2022-05-20,1174,1694811,ggfortify
2022-05-21,677,1695488,ggfortify
2022-05-22,638,1696126,ggfortify
2022-05-23,1371,1697497,ggfortify
2022-05-24,1522,1699019,ggfortify
2022-05-25,1678,1700697,ggfortify
2022-05-26,1252,1701949,ggfortify
2022-05-27,1166,1703115,ggfortify
2022-05-28,748,1703863,ggfortify
2022-05-29,732,1704595,ggfortify
2022-05-30,1142,1705737,ggfortify
2022-05-31,1570,1707307,ggfortify
2022-06-01,1777,1709084,ggfortify
2022-06-02,1576,1710660,ggfortify
2022-06-03,1170,1711830,ggfortify
2022-06-04,673,1712503,ggfortify
2022-06-05,693,1713196,ggfortify
2022-06-06,1299,1714495,ggfortify
2022-06-07,1866,1716361,ggfortify
2022-06-08,1850,1718211,ggfortify
2022-06-09,1710,1719921,ggfortify
2022-06-10,1219,1721140,ggfortify
2022-06-11,714,1721854,ggfortify
2022-06-12,738,1722592,ggfortify
2022-06-13,1574,1724166,ggfortify
2022-06-14,1481,1725647,ggfortify
2022-06-15,1446,1727093,ggfortify
2022-06-16,1505,1728598,ggfortify
2022-06-17,1120,1729718,ggfortify
2022-06-18,515,1730233,ggfortify
2022-06-19,535,1730768,ggfortify
2022-06-20,1259,1732027,ggfortify
2022-06-21,1214,1733241,ggfortify
2022-06-22,1460,1734701,ggfortify
2022-06-23,1104,1735805,ggfortify
2022-06-24,945,1736750,ggfortify
2022-06-25,535,1737285,ggfortify
2022-06-26,588,1737873,ggfortify
2022-06-27,1111,1738984,ggfortify
2022-06-28,1296,1740280,ggfortify
2022-06-29,1326,1741606,ggfortify
2022-06-30,1322,1742928,ggfortify
2022-07-01,1154,1744082,ggfortify
2022-07-02,555,1744637,ggfortify
2022-07-03,465,1745102,ggfortify
2022-07-04,1076,1746178,ggfortify
2022-07-05,1493,1747671,ggfortify
2022-07-06,1176,1748847,ggfortify
2022-07-07,1197,1750044,ggfortify
2022-07-08,822,1750866,ggfortify
2022-07-09,495,1751361,ggfortify
2022-07-10,496,1751857,ggfortify
2022-07-11,931,1752788,ggfortify
2022-07-12,1053,1753841,ggfortify
2022-07-13,1102,1754943,ggfortify
2022-07-14,1108,1756051,ggfortify
2022-07-15,1140,1757191,ggfortify
2022-07-16,596,1757787,ggfortify
2022-07-17,477,1758264,ggfortify
2022-07-18,1091,1759355,ggfortify
2022-07-19,1243,1760598,ggfortify
2022-07-20,1094,1761692,ggfortify
2022-07-21,1209,1762901,ggfortify
2022-07-22,895,1763796,ggfortify
2022-07-23,440,1764236,ggfortify
2022-07-24,435,1764671,ggfortify
2022-07-25,992,1765663,ggfortify
2022-07-26,993,1766656,ggfortify
2022-07-27,1175,1767831,ggfortify
2022-07-28,1041,1768872,ggfortify
2022-07-29,833,1769705,ggfortify
2022-07-30,506,1770211,ggfortify
2022-07-31,481,1770692,ggfortify
2022-08-01,1008,1771700,ggfortify
2022-08-02,991,1772691,ggfortify
2022-08-03,1004,1773695,ggfortify
2022-08-04,916,1774611,ggfortify
2022-08-05,747,1775358,ggfortify
2022-08-06,549,1775907,ggfortify
2022-08-07,402,1776309,ggfortify
2022-08-08,1315,1777624,ggfortify
2022-08-09,1114,1778738,ggfortify
2022-08-10,1061,1779799,ggfortify
2022-08-11,1101,1780900,ggfortify
2022-08-12,854,1781754,ggfortify
2022-08-13,444,1782198,ggfortify
2022-08-14,416,1782614,ggfortify
2022-08-15,825,1783439,ggfortify
2022-08-16,992,1784431,ggfortify
2022-08-17,958,1785389,ggfortify
2022-08-18,946,1786335,ggfortify
2022-08-19,911,1787246,ggfortify
2022-08-20,490,1787736,ggfortify
2022-08-21,552,1788288,ggfortify
2022-08-22,1301,1789589,ggfortify
2022-08-23,1195,1790784,ggfortify
2022-08-24,1087,1791871,ggfortify
2022-08-25,1072,1792943,ggfortify
2022-08-26,950,1793893,ggfortify
2022-08-27,617,1794510,ggfortify
2022-08-28,511,1795021,ggfortify
2022-08-29,1116,1796137,ggfortify
2022-08-30,1091,1797228,ggfortify
2022-08-31,1030,1798258,ggfortify
2022-09-01,1025,1799283,ggfortify
2022-09-02,962,1800245,ggfortify
2022-09-03,425,1800670,ggfortify
2022-09-04,430,1801100,ggfortify
2022-09-05,945,1802045,ggfortify
2022-09-06,1254,1803299,ggfortify
2022-09-07,1071,1804370,ggfortify
2022-09-08,1000,1805370,ggfortify
2022-09-09,787,1806157,ggfortify
2022-09-10,672,1806829,ggfortify
2022-09-11,600,1807429,ggfortify
2022-09-12,1090,1808519,ggfortify
2022-09-13,1069,1809588,ggfortify
2022-09-14,1243,1810831,ggfortify
2022-09-15,1207,1812038,ggfortify
2022-09-16,1011,1813049,ggfortify
2022-09-17,556,1813605,ggfortify
2022-09-18,541,1814146,ggfortify
2022-09-19,1110,1815256,ggfortify
2022-09-20,1289,1816545,ggfortify
2022-09-21,1310,1817855,ggfortify
2022-09-22,1259,1819114,ggfortify
2022-09-23,1106,1820220,ggfortify
2022-09-24,516,1820736,ggfortify
2022-09-25,509,1821245,ggfortify
2022-09-26,1199,1822444,ggfortify
2022-09-27,1283,1823727,ggfortify
2022-09-28,1239,1824966,ggfortify
2022-09-29,1252,1826218,ggfortify
2022-09-30,997,1827215,ggfortify
2022-10-01,642,1827857,ggfortify
2022-10-02,679,1828536,ggfortify
2022-10-03,1255,1829791,ggfortify
2022-10-04,1433,1831224,ggfortify
2022-10-05,1482,1832706,ggfortify
2022-10-06,1474,1834180,ggfortify
2022-10-07,1195,1835375,ggfortify
2022-10-08,720,1836095,ggfortify
2022-10-09,808,1836903,ggfortify
2022-10-10,1498,1838401,ggfortify
2022-10-11,1344,1839745,ggfortify
2022-10-12,1480,1841225,ggfortify
2022-10-13,1296,1842521,ggfortify
2022-10-14,1134,1843655,ggfortify
2022-10-15,655,1844310,ggfortify
2022-10-16,704,1845014,ggfortify
2022-10-17,1613,1846627,ggfortify
2022-10-18,1828,1848455,ggfortify
2022-10-19,1432,1849887,ggfortify
2022-10-20,1482,1851369,ggfortify
2022-10-21,1284,1852653,ggfortify
2022-10-22,898,1853551,ggfortify
2022-10-23,743,1854294,ggfortify
2022-10-24,1167,1855461,ggfortify
2022-10-25,1339,1856800,ggfortify
2022-10-26,1577,1858377,ggfortify
2022-10-27,1300,1859677,ggfortify
2022-10-28,1149,1860826,ggfortify
2022-10-29,727,1861553,ggfortify
2022-10-30,735,1862288,ggfortify
2022-10-31,1366,1863654,ggfortify
2022-11-01,1457,1865111,ggfortify
2022-11-02,1589,1866700,ggfortify
2022-11-03,1286,1867986,ggfortify
2022-11-04,1360,1869346,ggfortify
2022-11-05,694,1870040,ggfortify
2022-11-06,730,1870770,ggfortify
2022-11-07,1561,1872331,ggfortify
2022-11-08,1629,1873960,ggfortify
2022-11-09,1584,1875544,ggfortify
2022-11-10,1472,1877016,ggfortify
2022-11-11,1422,1878438,ggfortify
2022-11-12,1470,1879908,ggfortify
2022-11-13,1246,1881154,ggfortify
2022-11-14,2323,1883477,ggfortify
2022-11-15,2346,1885823,ggfortify
2022-11-16,2177,1888000,ggfortify
2022-11-17,2057,1890057,ggfortify
2022-11-18,2168,1892225,ggfortify
2022-11-19,971,1893196,ggfortify
2022-11-20,1956,1895152,ggfortify
2022-11-21,2121,1897273,ggfortify
2022-11-22,1910,1899183,ggfortify
2022-11-23,1984,1901167,ggfortify
2022-11-24,1637,1902804,ggfortify
2022-11-25,1579,1904383,ggfortify
2022-11-26,894,1905277,ggfortify
2022-11-27,1018,1906295,ggfortify
2022-11-28,2262,1908557,ggfortify
2022-11-29,2024,1910581,ggfortify
2022-11-30,1991,1912572,ggfortify
2022-12-01,2708,1915280,ggfortify
2022-12-02,2179,1917459,ggfortify
2022-12-03,1011,1918470,ggfortify
2022-12-04,965,1919435,ggfortify
2022-12-05,2575,1922010,ggfortify
2022-12-06,1919,1923929,ggfortify
2022-12-07,2194,1926123,ggfortify
2022-12-08,2076,1928199,ggfortify
2022-12-09,2026,1930225,ggfortify
2022-12-10,1159,1931384,ggfortify
2022-12-11,1282,1932666,ggfortify
2022-12-12,2750,1935416,ggfortify
2022-12-13,1859,1937275,ggfortify
2022-12-14,2231,1939506,ggfortify
2022-12-15,1816,1941322,ggfortify
2022-12-16,1594,1942916,ggfortify
2022-12-17,771,1943687,ggfortify
2022-12-18,654,1944341,ggfortify
2022-12-19,1694,1946035,ggfortify
2022-12-20,1732,1947767,ggfortify
2022-12-21,1295,1949062,ggfortify
2022-12-22,1162,1950224,ggfortify
2022-12-23,777,1951001,ggfortify
2022-12-24,445,1951446,ggfortify
2022-12-25,409,1951855,ggfortify
2022-12-26,952,1952807,ggfortify
2022-12-27,1081,1953888,ggfortify
2022-12-28,726,1954614,ggfortify
2022-12-29,713,1955327,ggfortify
2022-12-30,607,1955934,ggfortify
2022-12-31,364,1956298,ggfortify
2023-01-01,661,1956959,ggfortify
2023-01-02,1624,1958583,ggfortify
2023-01-03,1460,1960043,ggfortify
2023-01-04,1509,1961552,ggfortify
2023-01-05,1608,1963160,ggfortify
2023-01-06,1310,1964470,ggfortify
2023-01-07,683,1965153,ggfortify
2023-01-08,1417,1966570,ggfortify
2023-01-09,1895,1968465,ggfortify
2023-01-10,1906,1970371,ggfortify
2023-01-11,1595,1971966,ggfortify
2023-01-12,1631,1973597,ggfortify
2023-01-13,1118,1974715,ggfortify
2023-01-14,489,1975204,ggfortify
2023-01-15,571,1975775,ggfortify
2023-01-16,1604,1977379,ggfortify
2023-01-17,1932,1979311,ggfortify
2023-01-18,1854,1981165,ggfortify
2023-01-19,1934,1983099,ggfortify
2023-01-20,1353,1984452,ggfortify
2023-01-21,546,1984998,ggfortify
2023-01-22,629,1985627,ggfortify
2023-01-23,1579,1987206,ggfortify
2023-01-24,1863,1989069,ggfortify
2023-01-25,1777,1990846,ggfortify
2023-01-26,1527,1992373,ggfortify
2023-01-27,1264,1993637,ggfortify
2023-01-28,637,1994274,ggfortify
2023-01-29,627,1994901,ggfortify
2023-01-30,1331,1996232,ggfortify
2023-01-31,1505,1997737,ggfortify
2023-02-01,1709,1999446,ggfortify
2023-02-02,2533,2001979,ggfortify
2023-02-03,1455,2003434,ggfortify
2023-02-04,568,2004002,ggfortify
2023-02-05,627,2004629,ggfortify
2023-02-06,1940,2006569,ggfortify
2023-02-07,2038,2008607,ggfortify
2023-02-08,1564,2010171,ggfortify
2023-02-09,1462,2011633,ggfortify
2023-02-10,1664,2013297,ggfortify
2023-02-11,675,2013972,ggfortify
2023-02-12,509,2014481,ggfortify
2023-02-13,1893,2016374,ggfortify
2023-02-14,1306,2017680,ggfortify
2023-02-15,1550,2019230,ggfortify
2023-02-16,1509,2020739,ggfortify
2023-02-17,1911,2022650,ggfortify
2023-02-18,655,2023305,ggfortify
2023-02-19,603,2023908,ggfortify
2023-02-20,1362,2025270,ggfortify
2023-02-21,1833,2027103,ggfortify
2023-02-22,1526,2028629,ggfortify
2023-02-23,2015,2030644,ggfortify
2023-02-24,1140,2031784,ggfortify
2023-02-25,748,2032532,ggfortify
2023-02-26,746,2033278,ggfortify
2023-02-27,1813,2035091,ggfortify
2023-02-28,1622,2036713,ggfortify
2023-03-01,1710,2038423,ggfortify
2023-03-02,1647,2040070,ggfortify
2023-03-03,1634,2041704,ggfortify
2023-03-04,834,2042538,ggfortify
2023-03-05,734,2043272,ggfortify
2023-03-06,1901,2045173,ggfortify
2023-03-07,1873,2047046,ggfortify
2023-03-08,1879,2048925,ggfortify
2023-03-09,1532,2050457,ggfortify
2023-03-10,1386,2051843,ggfortify
2023-03-11,726,2052569,ggfortify
2023-03-12,1105,2053674,ggfortify
2023-03-13,1697,2055371,ggfortify
2023-03-14,1631,2057002,ggfortify
2023-03-15,1811,2058813,ggfortify
2023-03-16,1779,2060592,ggfortify
2023-03-17,1415,2062007,ggfortify
2023-03-18,756,2062763,ggfortify
2023-03-19,884,2063647,ggfortify
2023-03-20,3814,2067461,ggfortify
2023-03-21,3251,2070712,ggfortify
2023-03-22,2520,2073232,ggfortify
2023-03-23,2048,2075280,ggfortify
2023-03-24,1836,2077116,ggfortify
2023-03-25,835,2077951,ggfortify
2023-03-26,994,2078945,ggfortify
2023-03-27,2098,2081043,ggfortify
2023-03-28,2163,2083206,ggfortify
2023-03-29,2531,2085737,ggfortify
2023-03-30,2603,2088340,ggfortify
2023-03-31,1823,2090163,ggfortify
2023-04-01,826,2090989,ggfortify
2023-04-02,883,2091872,ggfortify
2023-04-03,2056,2093928,ggfortify
2023-04-04,2459,2096387,ggfortify
2023-04-05,1934,2098321,ggfortify
2023-04-06,2025,2100346,ggfortify
2023-04-07,1061,2101407,ggfortify
2023-04-08,611,2102018,ggfortify
2023-04-09,671,2102689,ggfortify
2023-04-10,1525,2104214,ggfortify
2023-04-11,1660,2105874,ggfortify
2023-04-12,1993,2107867,ggfortify
2023-04-13,2228,2110095,ggfortify
2023-04-14,1798,2111893,ggfortify
2023-04-15,814,2112707,ggfortify
2023-04-16,935,2113642,ggfortify
2023-04-17,2204,2115846,ggfortify
2023-04-18,2240,2118086,ggfortify
2023-04-19,2308,2120394,ggfortify
2023-04-20,1859,2122253,ggfortify
2023-04-21,1637,2123890,ggfortify
2023-04-22,761,2124651,ggfortify
2023-04-23,1073,2125724,ggfortify
2023-04-24,2730,2128454,ggfortify
2023-04-25,1965,2130419,ggfortify
2023-04-26,2082,2132501,ggfortify
2023-04-27,1991,2134492,ggfortify
2023-04-28,2020,2136512,ggfortify
2023-04-29,797,2137309,ggfortify
2023-04-30,714,2138023,ggfortify
2023-05-01,1217,2139240,ggfortify
2023-05-02,2467,2141707,ggfortify
2023-05-03,1746,2143453,ggfortify
2023-05-04,1717,2145170,ggfortify
2023-05-05,1598,2146768,ggfortify
2023-05-06,720,2147488,ggfortify
2023-05-07,860,2148348,ggfortify
2023-05-08,1734,2150082,ggfortify
2023-05-09,1967,2152049,ggfortify
2023-05-10,1769,2153818,ggfortify
2023-05-11,1684,2155502,ggfortify
2023-05-12,1291,2156793,ggfortify
2023-05-13,736,2157529,ggfortify
2023-05-14,845,2158374,ggfortify
2023-05-15,1581,2159955,ggfortify
2023-05-16,1828,2161783,ggfortify
2023-05-17,1574,2163357,ggfortify
2023-05-18,2040,2165397,ggfortify
2023-05-19,1244,2166641,ggfortify
2023-05-20,719,2167360,ggfortify
2023-05-21,741,2168101,ggfortify
2023-05-22,1502,2169603,ggfortify
2023-05-23,1691,2171294,ggfortify
2023-05-24,1744,2173038,ggfortify
2023-05-25,1498,2174536,ggfortify
2023-05-26,1296,2175832,ggfortify
2023-05-27,735,2176567,ggfortify
2023-05-28,633,2177200,ggfortify
2023-05-29,1415,2178615,ggfortify
2023-05-30,1730,2180345,ggfortify
2023-05-31,1615,2181960,ggfortify
2023-06-01,1528,2183488,ggfortify
2023-06-02,1091,2184579,ggfortify
2023-06-03,671,2185250,ggfortify
2023-06-04,575,2185825,ggfortify
2023-06-05,1288,2187113,ggfortify
2023-06-06,1352,2188465,ggfortify
2023-06-07,1226,2189691,ggfortify
2023-06-08,1281,2190972,ggfortify
2023-06-09,1122,2192094,ggfortify
2023-06-10,622,2192716,ggfortify
2023-06-11,580,2193296,ggfortify
2023-06-12,1184,2194480,ggfortify
2023-06-13,1376,2195856,ggfortify
2023-06-14,1261,2197117,ggfortify
2023-06-15,1396,2198513,ggfortify
2023-06-16,1257,2199770,ggfortify
2023-06-17,584,2200354,ggfortify
2023-06-18,561,2200915,ggfortify
2023-06-19,1227,2202142,ggfortify
2023-06-20,1234,2203376,ggfortify
2023-06-21,1094,2204470,ggfortify
2023-06-22,1076,2205546,ggfortify
2023-06-23,987,2206533,ggfortify
2023-06-24,556,2207089,ggfortify
2023-06-25,597,2207686,ggfortify
2023-06-26,1126,2208812,ggfortify
2023-06-27,1062,2209874,ggfortify
2023-06-28,1007,2210881,ggfortify
2023-06-29,961,2211842,ggfortify
2023-06-30,1276,2213118,ggfortify
2023-07-01,558,2213676,ggfortify
2023-07-02,451,2214127,ggfortify
2023-07-03,1063,2215190,ggfortify
2023-07-04,843,2216033,ggfortify
2023-07-05,996,2217029,ggfortify
2023-07-06,952,2217981,ggfortify
2023-07-07,866,2218847,ggfortify
2023-07-08,523,2219370,ggfortify
2023-07-09,755,2220125,ggfortify
2023-07-10,988,2221113,ggfortify
2023-07-11,978,2222091,ggfortify
2023-07-12,967,2223058,ggfortify
2023-07-13,1037,2224095,ggfortify
2023-07-14,852,2224947,ggfortify
2023-07-15,388,2225335,ggfortify
2023-07-16,453,2225788,ggfortify
2023-07-17,921,2226709,ggfortify
2023-07-18,950,2227659,ggfortify
2023-07-19,1012,2228671,ggfortify
2023-07-20,848,2229519,ggfortify
2023-07-21,732,2230251,ggfortify
2023-07-22,401,2230652,ggfortify
2023-07-23,397,2231049,ggfortify
2023-07-24,840,2231889,ggfortify
2023-07-25,988,2232877,ggfortify
2023-07-26,974,2233851,ggfortify
2023-07-27,897,2234748,ggfortify
2023-07-28,777,2235525,ggfortify
2023-07-29,368,2235893,ggfortify
2023-07-30,424,2236317,ggfortify
2023-07-31,1124,2237441,ggfortify
2023-08-01,2115,2239556,ggfortify
2023-08-02,1042,2240598,ggfortify
2023-08-03,891,2241489,ggfortify
2023-08-04,952,2242441,ggfortify
2023-08-05,432,2242873,ggfortify
2023-08-06,428,2243301,ggfortify
2023-08-07,960,2244261,ggfortify
2023-08-08,952,2245213,ggfortify
2023-08-09,1143,2246356,ggfortify
2023-08-10,836,2247192,ggfortify
2023-08-11,699,2247891,ggfortify
2023-08-12,410,2248301,ggfortify
2023-08-13,447,2248748,ggfortify
2023-08-14,809,2249557,ggfortify
2023-08-15,767,2250324,ggfortify
2023-08-16,952,2251276,ggfortify
2023-08-17,930,2252206,ggfortify
2023-08-18,750,2252956,ggfortify
2023-08-19,459,2253415,ggfortify
2023-08-20,463,2253878,ggfortify
2023-08-21,918,2254796,ggfortify
2023-08-22,980,2255776,ggfortify
2023-08-23,1029,2256805,ggfortify
2023-08-24,999,2257804,ggfortify
2023-08-25,903,2258707,ggfortify
2023-08-26,459,2259166,ggfortify
2023-08-27,457,2259623,ggfortify
2023-08-28,975,2260598,ggfortify
2023-08-29,990,2261588,ggfortify
2023-08-30,1286,2262874,ggfortify
2023-08-31,1101,2263975,ggfortify
2023-09-01,841,2264816,ggfortify
2023-09-02,525,2265341,ggfortify
2023-09-03,520,2265861,ggfortify
2023-09-04,911,2266772,ggfortify
2023-09-05,979,2267751,ggfortify
2023-09-06,1167,2268918,ggfortify
2023-09-07,1001,2269919,ggfortify
2023-09-08,962,2270881,ggfortify
2023-09-09,624,2271505,ggfortify
2023-09-10,487,2271992,ggfortify
2023-09-11,1041,2273033,ggfortify
2023-09-12,1134,2274167,ggfortify
2023-09-13,1286,2275453,ggfortify
2023-09-14,1041,2276494,ggfortify
2023-09-15,861,2277355,ggfortify
2023-09-16,563,2277918,ggfortify
2023-09-17,443,2278361,ggfortify
2023-09-18,1092,2279453,ggfortify
2023-09-19,1119,2280572,ggfortify
2023-09-20,1268,2281840,ggfortify
2023-09-21,1332,2283172,ggfortify
2023-09-22,1035,2284207,ggfortify
2023-09-23,544,2284751,ggfortify
2023-09-24,467,2285218,ggfortify
2023-09-25,1093,2286311,ggfortify
2023-09-26,1187,2287498,ggfortify
2023-09-27,1314,2288812,ggfortify
2023-09-28,1140,2289952,ggfortify
2023-09-29,1123,2291075,ggfortify
2023-09-30,574,2291649,ggfortify
2023-10-01,579,2292228,ggfortify
2023-10-02,1003,2293231,ggfortify
2023-10-03,1273,2294504,ggfortify
2023-10-04,1802,2296306,ggfortify
2023-10-05,1623,2297929,ggfortify
2023-10-06,1069,2298998,ggfortify
2023-10-07,634,2299632,ggfortify
2023-10-08,591,2300223,ggfortify
2023-10-09,1237,2301460,ggfortify
2023-10-10,1536,2302996,ggfortify
2023-10-11,1401,2304397,ggfortify
2023-10-12,1261,2305658,ggfortify
2023-10-13,1082,2306740,ggfortify
2023-10-14,596,2307336,ggfortify
2023-10-15,611,2307947,ggfortify
2023-10-16,1415,2309362,ggfortify
2023-10-17,1497,2310859,ggfortify
2023-10-18,1482,2312341,ggfortify
2023-10-19,1245,2313586,ggfortify
2023-10-20,1188,2314774,ggfortify
2023-10-21,645,2315419,ggfortify
2023-10-22,693,2316112,ggfortify
2023-10-23,1124,2317236,ggfortify
2023-10-24,1231,2318467,ggfortify
2023-10-25,1220,2319687,ggfortify
2023-10-26,1192,2320879,ggfortify
2023-10-27,1018,2321897,ggfortify
2023-10-28,579,2322476,ggfortify
2023-10-29,637,2323113,ggfortify
2023-10-30,1332,2324445,ggfortify
2023-10-31,1333,2325778,ggfortify
2023-11-01,1078,2326856,ggfortify
2023-11-02,1436,2328292,ggfortify
2023-11-03,1100,2329392,ggfortify
2023-11-04,982,2330374,ggfortify
2023-11-05,652,2331026,ggfortify
2023-11-06,1497,2332523,ggfortify
2023-11-07,1498,2334021,ggfortify
2023-11-08,1442,2335463,ggfortify
2023-11-09,1356,2336819,ggfortify
2023-11-10,1102,2337921,ggfortify
2023-11-11,615,2338536,ggfortify
2023-11-12,658,2339194,ggfortify
2023-11-13,1534,2340728,ggfortify
2023-11-14,1710,2342438,ggfortify
2023-11-15,1528,2343966,ggfortify
2023-11-16,1450,2345416,ggfortify
2023-11-17,1313,2346729,ggfortify
2023-11-18,719,2347448,ggfortify
2023-11-19,589,2348037,ggfortify
2023-11-20,1407,2349444,ggfortify
2023-11-21,1479,2350923,ggfortify
2023-11-22,1510,2352433,ggfortify
2023-11-23,1110,2353543,ggfortify
2023-11-24,1066,2354609,ggfortify
2023-11-25,612,2355221,ggfortify
2023-11-26,667,2355888,ggfortify
2023-11-27,1495,2357383,ggfortify
2023-11-28,1478,2358861,ggfortify
2023-11-29,1412,2360273,ggfortify
2023-11-30,1669,2361942,ggfortify
2023-12-01,1167,2363109,ggfortify
2023-12-02,627,2363736,ggfortify
2023-12-03,730,2364466,ggfortify
2023-12-04,1731,2366197,ggfortify
2023-12-05,1531,2367728,ggfortify
2023-12-06,1484,2369212,ggfortify
2023-12-07,1325,2370537,ggfortify
2023-12-08,1238,2371775,ggfortify
2023-12-09,712,2372487,ggfortify
2023-12-10,773,2373260,ggfortify
2023-12-11,1445,2374705,ggfortify
2023-12-12,1202,2375907,ggfortify
2023-12-13,1246,2377153,ggfortify
2023-12-14,1139,2378292,ggfortify
2023-12-15,882,2379174,ggfortify
2023-12-16,517,2379691,ggfortify
2023-12-17,645,2380336,ggfortify
2023-12-18,1000,2381336,ggfortify
2023-12-19,995,2382331,ggfortify
2023-12-20,1072,2383403,ggfortify
2023-12-21,1020,2384423,ggfortify
2023-12-22,691,2385114,ggfortify
2023-12-23,450,2385564,ggfortify
2023-12-24,448,2386012,ggfortify
2023-12-25,433,2386445,ggfortify
2023-12-26,580,2387025,ggfortify
2023-12-27,631,2387656,ggfortify
2023-12-28,490,2388146,ggfortify
2023-12-29,369,2388515,ggfortify
2023-12-30,301,2388816,ggfortify
2023-12-31,249,2389065,ggfortify
2024-01-01,271,2389336,ggfortify
2024-01-02,590,2389926,ggfortify
2024-01-03,1128,2391054,ggfortify
2024-01-04,843,2391897,ggfortify
2024-01-05,719,2392616,ggfortify
2024-01-06,432,2393048,ggfortify
2024-01-07,524,2393572,ggfortify
2024-01-08,994,2394566,ggfortify
2024-01-09,1059,2395625,ggfortify
2024-01-10,1237,2396862,ggfortify
2024-01-11,1142,2398004,ggfortify
2024-01-12,1112,2399116,ggfortify
2024-01-13,659,2399775,ggfortify
2024-01-14,662,2400437,ggfortify
2024-01-15,962,2401399,ggfortify
2024-01-16,1020,2402419,ggfortify
2024-01-17,1071,2403490,ggfortify
2024-01-18,1035,2404525,ggfortify
2024-01-19,2033,2406558,ggfortify
2024-01-20,1207,2407765,ggfortify
2024-01-21,1698,2409463,ggfortify
2024-01-22,1025,2410488,ggfortify
2024-01-23,1369,2411857,ggfortify
2024-01-24,1311,2413168,ggfortify
2024-01-25,1263,2414431,ggfortify
2024-01-26,858,2415289,ggfortify
2024-01-27,667,2415956,ggfortify
2024-01-28,524,2416480,ggfortify
2024-01-29,1118,2417598,ggfortify
2024-01-30,1210,2418808,ggfortify
2024-01-31,1069,2419877,ggfortify
2024-02-01,1018,2420895,ggfortify
2024-02-02,1055,2421950,ggfortify
2024-02-03,466,2422416,ggfortify
2024-02-04,682,2423098,ggfortify
2024-02-05,1208,2424306,ggfortify
2024-02-06,1326,2425632,ggfortify
2024-02-07,1223,2426855,ggfortify
2024-02-08,1122,2427977,ggfortify
2024-02-09,1030,2429007,ggfortify
2024-02-10,674,2429681,ggfortify
2024-02-11,557,2430238,ggfortify
2024-02-12,1251,2431489,ggfortify
2024-02-13,1495,2432984,ggfortify
2024-02-14,1220,2434204,ggfortify
2024-02-15,1271,2435475,ggfortify
2024-02-16,1033,2436508,ggfortify
2024-02-17,480,2436988,ggfortify
2024-02-18,535,2437523,ggfortify
2024-02-19,1125,2438648,ggfortify
2024-02-20,1285,2439933,ggfortify
2024-02-21,1384,2441317,ggfortify
2024-02-22,1472,2442789,ggfortify
2024-02-23,941,2443730,ggfortify
2024-02-24,598,2444328,ggfortify
2024-02-25,502,2444830,ggfortify
2024-02-26,1144,2445974,ggfortify
2024-02-27,1178,2447152,ggfortify
2024-02-28,1195,2448347,ggfortify
2024-02-29,1158,2449505,ggfortify
2024-03-01,954,2450459,ggfortify
2024-03-02,664,2451123,ggfortify
2024-03-03,729,2451852,ggfortify
2024-03-04,1127,2452979,ggfortify
2024-03-05,1399,2454378,ggfortify
2024-03-06,1535,2455913,ggfortify
2024-03-07,1361,2457274,ggfortify
2024-03-08,1135,2458409,ggfortify
2024-03-09,518,2458927,ggfortify
2024-03-10,574,2459501,ggfortify
2024-03-11,1187,2460688,ggfortify
2024-03-12,1176,2461864,ggfortify
2024-03-13,1419,2463283,ggfortify
2024-03-14,1183,2464466,ggfortify
2024-03-15,1046,2465512,ggfortify
2024-03-16,528,2466040,ggfortify
2024-03-17,559,2466599,ggfortify
2024-03-18,1097,2467696,ggfortify
2024-03-19,1427,2469123,ggfortify
2024-03-20,1209,2470332,ggfortify
2024-03-21,1251,2471583,ggfortify
2024-03-22,1051,2472634,ggfortify
2024-03-23,580,2473214,ggfortify
2024-03-24,611,2473825,ggfortify
2024-03-25,1123,2474948,ggfortify
2024-03-26,1174,2476122,ggfortify
2024-03-27,1156,2477278,ggfortify
2024-03-28,1055,2478333,ggfortify
2024-03-29,669,2479002,ggfortify
2024-03-30,479,2479481,ggfortify
2024-03-31,509,2479990,ggfortify
2024-04-01,926,2480916,ggfortify
2024-04-02,1246,2482162,ggfortify
2024-04-03,1253,2483415,ggfortify
2024-04-04,1262,2484677,ggfortify
2024-04-05,1033,2485710,ggfortify
2024-04-06,620,2486330,ggfortify
2024-04-07,701,2487031,ggfortify
2024-04-08,1203,2488234,ggfortify
2024-04-09,1291,2489525,ggfortify
2024-04-10,1392,2490917,ggfortify
2024-04-11,1588,2492505,ggfortify
2024-04-12,1668,2494173,ggfortify
2024-04-13,1041,2495214,ggfortify
2024-04-14,1064,2496278,ggfortify
2024-04-15,1678,2497956,ggfortify
2024-04-16,1571,2499527,ggfortify
2024-04-17,2791,2502318,ggfortify
2024-04-18,2705,2505023,ggfortify
2024-04-19,1901,2506924,ggfortify
2024-04-20,1160,2508084,ggfortify
2024-04-21,1217,2509301,ggfortify
2024-04-22,2183,2511484,ggfortify
2024-04-23,2207,2513691,ggfortify
2024-04-24,2160,2515851,ggfortify
2024-04-25,2185,2518036,ggfortify
2024-04-26,1975,2520011,ggfortify
2024-04-27,1133,2521144,ggfortify
2024-04-28,1210,2522354,ggfortify
2024-04-29,2140,2524494,ggfortify
2024-04-30,2140,2526634,ggfortify
2024-05-01,2182,2528816,ggfortify
2024-05-02,2291,2531107,ggfortify
2024-05-03,1930,2533037,ggfortify
2024-05-04,1327,2534364,ggfortify
2024-05-05,1513,2535877,ggfortify
2024-05-06,2073,2537950,ggfortify
2024-05-07,2301,2540251,ggfortify
2024-05-08,2314,2542565,ggfortify
2024-05-09,2133,2544698,ggfortify
2024-05-10,1484,2546182,ggfortify
2024-05-11,703,2546885,ggfortify
2024-05-12,1048,2547933,ggfortify
2024-05-13,2179,2550112,ggfortify
2024-05-14,2006,2552118,ggfortify
2024-05-15,1811,2553929,ggfortify
2024-05-16,1788,2555717,ggfortify
2024-05-17,1739,2557456,ggfortify
2024-05-18,1194,2558650,ggfortify
2024-05-19,1052,2559702,ggfortify
2024-05-20,1705,2561407,ggfortify
2024-05-21,1951,2563358,ggfortify
2024-05-22,1957,2565315,ggfortify
2024-05-23,1910,2567225,ggfortify
2024-05-24,1556,2568781,ggfortify
2024-05-25,1075,2569856,ggfortify
2024-05-26,989,2570845,ggfortify
2024-05-27,1646,2572491,ggfortify
2024-05-28,1574,2574065,ggfortify
2024-05-29,1643,2575708,ggfortify
2024-05-30,1442,2577150,ggfortify
2024-05-31,1240,2578390,ggfortify
2024-06-01,810,2579200,ggfortify
2024-06-02,869,2580069,ggfortify
2024-06-03,1386,2581455,ggfortify
2024-06-04,1467,2582922,ggfortify
2024-06-05,1251,2584173,ggfortify
2024-06-06,1257,2585430,ggfortify
2024-06-07,1079,2586509,ggfortify
2024-06-08,736,2587245,ggfortify
2024-06-09,769,2588014,ggfortify
2024-06-10,1294,2589308,ggfortify
2024-06-11,1590,2590898,ggfortify
2024-06-12,1465,2592363,ggfortify
2024-06-13,1363,2593726,ggfortify
2024-06-14,1054,2594780,ggfortify
2024-06-15,584,2595364,ggfortify
2024-06-16,636,2596000,ggfortify
2024-06-17,1286,2597286,ggfortify
2024-06-18,1367,2598653,ggfortify
2024-06-19,1351,2600004,ggfortify
2024-06-20,1326,2601330,ggfortify
2024-06-21,1144,2602474,ggfortify
2024-06-22,546,2603020,ggfortify
2024-06-23,698,2603718,ggfortify
2024-06-24,1439,2605157,ggfortify
2024-06-25,1285,2606442,ggfortify
2024-06-26,1090,2607532,ggfortify
2024-06-27,1033,2608565,ggfortify
2024-06-28,1055,2609620,ggfortify
2024-06-29,484,2610104,ggfortify
2024-06-30,618,2610722,ggfortify
2024-07-01,1170,2611892,ggfortify
2024-07-02,1382,2613274,ggfortify
2024-07-03,1410,2614684,ggfortify
2024-07-04,1017,2615701,ggfortify
2024-07-05,995,2616696,ggfortify
2024-07-06,541,2617237,ggfortify
2024-07-07,554,2617791,ggfortify
2024-07-08,989,2618780,ggfortify
2024-07-09,1129,2619909,ggfortify
2024-07-10,1144,2621053,ggfortify
2024-07-11,1375,2622428,ggfortify
2024-07-12,1326,2623754,ggfortify
2024-07-13,496,2624250,ggfortify
2024-07-14,562,2624812,ggfortify
2024-07-15,1307,2626119,ggfortify
2024-07-16,1276,2627395,ggfortify
2024-07-17,1206,2628601,ggfortify
2024-07-18,1103,2629704,ggfortify
2024-07-19,862,2630566,ggfortify
2024-07-20,503,2631069,ggfortify
2024-07-21,533,2631602,ggfortify
2024-07-22,1088,2632690,ggfortify
2024-07-23,1170,2633860,ggfortify
2024-07-24,1308,2635168,ggfortify
2024-07-25,1049,2636217,ggfortify
2024-07-26,785,2637002,ggfortify
2024-07-27,602,2637604,ggfortify
2024-07-28,749,2638353,ggfortify
2024-07-29,982,2639335,ggfortify
2024-07-30,1080,2640415,ggfortify
2024-07-31,967,2641382,ggfortify
2024-08-01,1102,2642484,ggfortify
2024-08-02,812,2643296,ggfortify
2024-08-03,593,2643889,ggfortify
2024-08-04,589,2644478,ggfortify
2024-08-05,864,2645342,ggfortify
2024-08-06,1098,2646440,ggfortify
2024-08-07,1213,2647653,ggfortify
2024-08-08,959,2648612,ggfortify
2024-08-09,928,2649540,ggfortify
2024-08-10,791,2650331,ggfortify
2024-08-11,664,2650995,ggfortify
2024-08-12,952,2651947,ggfortify
2024-08-13,1008,2652955,ggfortify
2024-08-14,1049,2654004,ggfortify
2024-08-15,835,2654839,ggfortify
2024-08-16,853,2655692,ggfortify
2024-08-17,450,2656142,ggfortify
2024-08-18,515,2656657,ggfortify
2024-08-19,981,2657638,ggfortify
2024-08-20,1118,2658756,ggfortify
2024-08-21,1083,2659839,ggfortify
2024-08-22,1130,2660969,ggfortify
2024-08-23,940,2661909,ggfortify
2024-08-24,603,2662512,ggfortify
2024-08-25,590,2663102,ggfortify
2024-08-26,1074,2664176,ggfortify
2024-08-27,1026,2665202,ggfortify
2024-08-28,1235,2666437,ggfortify
2024-08-29,1106,2667543,ggfortify
2024-08-30,900,2668443,ggfortify
2024-08-31,614,2669057,ggfortify
2024-09-01,643,2669700,ggfortify
2024-09-02,946,2670646,ggfortify
2024-09-03,1137,2671783,ggfortify
2024-09-04,1186,2672969,ggfortify
2024-09-05,1124,2674093,ggfortify
2024-09-06,1069,2675162,ggfortify
2024-09-07,834,2675996,ggfortify
2024-09-08,1025,2677021,ggfortify
2024-09-09,987,2678008,ggfortify
2024-09-10,1168,2679176,ggfortify
2024-09-11,1453,2680629,ggfortify
2024-09-12,1398,2682027,ggfortify
2024-09-13,1114,2683141,ggfortify
2024-09-14,749,2683890,ggfortify
2024-09-15,677,2684567,ggfortify
2024-09-16,1092,2685659,ggfortify
2024-09-17,1129,2686788,ggfortify
2024-09-18,1320,2688108,ggfortify
2024-09-19,1274,2689382,ggfortify
2024-09-20,1060,2690442,ggfortify
2024-09-21,653,2691095,ggfortify
2024-09-22,664,2691759,ggfortify
2024-09-23,1364,2693123,ggfortify
2024-09-24,1525,2694648,ggfortify
2024-09-25,1512,2696160,ggfortify
2024-09-26,1362,2697522,ggfortify
2024-09-27,1303,2698825,ggfortify
2024-09-28,767,2699592,ggfortify
2024-09-29,784,2700376,ggfortify
2024-09-30,1510,2701886,ggfortify
2024-10-01,1710,2703596,ggfortify
2024-10-02,1373,2704969,ggfortify
2024-10-03,1617,2706586,ggfortify
2024-10-04,1137,2707723,ggfortify
2024-10-05,714,2708437,ggfortify
2024-10-06,768,2709205,ggfortify
2024-10-07,1363,2710568,ggfortify
2024-10-08,1594,2712162,ggfortify
2024-10-09,1803,2713965,ggfortify
2024-10-10,1742,2715707,ggfortify
2024-10-11,1361,2717068,ggfortify
2024-10-12,863,2717931,ggfortify
2024-10-13,866,2718797,ggfortify
2024-10-14,1679,2720476,ggfortify
2024-10-15,1959,2722435,ggfortify
2024-10-16,1741,2724176,ggfortify
2024-10-17,1672,2725848,ggfortify
2024-10-18,1259,2727107,ggfortify
2024-10-19,951,2728058,ggfortify
2024-10-20,894,2728952,ggfortify
2024-10-21,1535,2730487,ggfortify
2024-10-22,1592,2732079,ggfortify
2024-10-23,1564,2733643,ggfortify
2024-10-24,1641,2735284,ggfortify
2024-10-25,1266,2736550,ggfortify
2024-10-26,628,2737178,ggfortify
2024-10-27,786,2737964,ggfortify
2024-10-28,1586,2739550,ggfortify
2024-10-29,1365,2740915,ggfortify
2024-10-30,1448,2742363,ggfortify
2024-10-31,1277,2743640,ggfortify
2024-11-01,1023,2744663,ggfortify
2024-11-02,797,2745460,ggfortify
2024-11-03,774,2746234,ggfortify
2024-11-04,1491,2747725,ggfortify
2024-11-05,1501,2749226,ggfortify
2024-11-06,1700,2750926,ggfortify
2024-11-07,1563,2752489,ggfortify
2024-11-08,1252,2753741,ggfortify
2024-11-09,684,2754425,ggfortify
2024-11-10,757,2755182,ggfortify
2024-11-11,1381,2756563,ggfortify
2024-11-12,1537,2758100,ggfortify
2024-11-13,1644,2759744,ggfortify
2024-11-14,1626,2761370,ggfortify
2024-11-15,1319,2762689,ggfortify
2024-11-16,807,2763496,ggfortify
2024-11-17,805,2764301,ggfortify
2024-11-18,1397,2765698,ggfortify
2024-11-19,1759,2767457,ggfortify
2024-11-20,1600,2769057,ggfortify
2024-11-21,1459,2770516,ggfortify
2024-11-22,1419,2771935,ggfortify
2024-11-23,936,2772871,ggfortify
2024-11-24,873,2773744,ggfortify
2024-11-25,1496,2775240,ggfortify
2024-11-26,1453,2776693,ggfortify
2024-11-27,1431,2778124,ggfortify
2024-11-28,1380,2779504,ggfortify
2024-11-29,1339,2780843,ggfortify
2024-11-30,792,2781635,ggfortify
2024-12-01,854,2782489,ggfortify
2024-12-02,1637,2784126,ggfortify
2024-12-03,1793,2785919,ggfortify
2024-12-04,1598,2787517,ggfortify
2024-12-05,1366,2788883,ggfortify
2024-12-06,1251,2790134,ggfortify
2024-12-07,714,2790848,ggfortify
2024-12-08,735,2791583,ggfortify
2024-12-09,1294,2792877,ggfortify
2024-12-10,1223,2794100,ggfortify
2024-12-11,1218,2795318,ggfortify
2024-12-12,1323,2796641,ggfortify
2024-12-13,900,2797541,ggfortify
2024-12-14,613,2798154,ggfortify
2024-12-15,605,2798759,ggfortify
2024-12-16,1099,2799858,ggfortify
2024-12-17,950,2800808,ggfortify
2024-12-18,1026,2801834,ggfortify
2024-12-19,1011,2802845,ggfortify
2024-12-20,664,2803509,ggfortify
2024-12-21,419,2803928,ggfortify
2024-12-22,449,2804377,ggfortify
2024-12-23,540,2804917,ggfortify
2024-12-24,463,2805380,ggfortify
2024-12-25,449,2805829,ggfortify
2024-12-26,456,2806285,ggfortify
2024-12-27,473,2806758,ggfortify
2024-12-28,336,2807094,ggfortify
2024-12-29,394,2807488,ggfortify
2024-12-30,454,2807942,ggfortify
2024-12-31,491,2808433,ggfortify
2025-01-01,377,2808810,ggfortify
2025-01-02,570,2809380,ggfortify
2025-01-03,565,2809945,ggfortify
2025-01-04,604,2810549,ggfortify
2025-01-05,588,2811137,ggfortify
2025-01-06,874,2812011,ggfortify
2025-01-07,1063,2813074,ggfortify
2025-01-08,1022,2814096,ggfortify
2025-01-09,1021,2815117,ggfortify
2025-01-10,897,2816014,ggfortify
2025-01-11,471,2816485,ggfortify
2025-01-12,599,2817084,ggfortify
2025-01-13,883,2817967,ggfortify
2025-01-14,1079,2819046,ggfortify
2025-01-15,995,2820041,ggfortify
2025-01-16,1164,2821205,ggfortify
2025-01-17,795,2822000,ggfortify
2025-01-18,385,2822385,ggfortify
2025-01-19,545,2822930,ggfortify
2025-01-20,874,2823804,ggfortify
2025-01-21,1119,2824923,ggfortify
2025-01-22,1129,2826052,ggfortify
2025-01-23,1054,2827106,ggfortify
2025-01-24,868,2827974,ggfortify
2025-01-25,533,2828507,ggfortify
2025-01-26,502,2829009,ggfortify
2025-01-27,907,2829916,ggfortify
2025-01-28,1021,2830937,ggfortify
2025-01-29,1077,2832014,ggfortify
2025-01-30,1244,2833258,ggfortify
2025-01-31,1003,2834261,ggfortify
2025-02-01,556,2834817,ggfortify
2025-02-02,596,2835413,ggfortify
2025-02-03,886,2836299,ggfortify
2025-02-04,1163,2837462,ggfortify
2025-02-05,1408,2838870,ggfortify
2025-02-06,1358,2840228,ggfortify
2025-02-07,1156,2841384,ggfortify
2025-02-08,691,2842075,ggfortify
2025-02-09,590,2842665,ggfortify
2025-02-10,1265,2843930,ggfortify
2025-02-11,1506,2845436,ggfortify
2025-02-12,1437,2846873,ggfortify
2025-02-13,1461,2848334,ggfortify
2025-02-14,1207,2849541,ggfortify
2025-02-15,596,2850137,ggfortify
2025-02-16,676,2850813,ggfortify
2025-02-17,1310,2852123,ggfortify
2025-02-18,1501,2853624,ggfortify
2025-02-19,1347,2854971,ggfortify
2025-02-20,1477,2856448,ggfortify
2025-02-21,1171,2857619,ggfortify
2025-02-22,687,2858306,ggfortify
2025-02-23,696,2859002,ggfortify
2025-02-24,1308,2860310,ggfortify
2025-02-25,1342,2861652,ggfortify
2025-02-26,1202,2862854,ggfortify
2025-02-27,1289,2864143,ggfortify
2025-02-28,1100,2865243,ggfortify
2025-03-01,565,2865808,ggfortify
2025-03-02,656,2866464,ggfortify
2025-03-03,1305,2867769,ggfortify
2025-03-04,1369,2869138,ggfortify
2025-03-05,1494,2870632,ggfortify
2025-03-06,1586,2872218,ggfortify
2025-03-07,1185,2873403,ggfortify
2025-03-08,702,2874105,ggfortify
2025-03-09,753,2874858,ggfortify
2025-03-10,1265,2876123,ggfortify
2025-03-11,1464,2877587,ggfortify
2025-03-12,1763,2879350,ggfortify
2025-03-13,1201,2880551,ggfortify
2025-03-14,1235,2881786,ggfortify
2025-03-15,660,2882446,ggfortify
2025-03-16,616,2883062,ggfortify
2025-03-17,1309,2884371,ggfortify
2025-03-18,1535,2885906,ggfortify
2025-03-19,1444,2887350,ggfortify
2025-03-20,1296,2888646,ggfortify
2025-03-21,1013,2889659,ggfortify
2025-03-22,693,2890352,ggfortify
2025-03-23,654,2891006,ggfortify
2025-03-24,1425,2892431,ggfortify
2025-03-25,1433,2893864,ggfortify
2025-03-26,1486,2895350,ggfortify
2025-03-27,1389,2896739,ggfortify
2025-03-28,996,2897735,ggfortify
2025-03-29,668,2898403,ggfortify
2025-03-30,668,2899071,ggfortify
2016-05-29,10,10,waterfalls
2016-05-30,16,26,waterfalls
2016-05-31,8,34,waterfalls
2016-06-01,8,42,waterfalls
2016-06-02,4,46,waterfalls
2016-06-03,13,59,waterfalls
2016-06-04,3,62,waterfalls
2016-06-05,1,63,waterfalls
2016-06-06,1,64,waterfalls
2016-06-07,5,69,waterfalls
2016-06-08,8,77,waterfalls
2016-06-09,6,83,waterfalls
2016-06-10,4,87,waterfalls
2016-06-11,0,87,waterfalls
2016-06-12,0,87,waterfalls
2016-06-13,6,93,waterfalls
2016-06-14,3,96,waterfalls
2016-06-15,4,100,waterfalls
2016-06-16,2,102,waterfalls
2016-06-17,7,109,waterfalls
2016-06-18,1,110,waterfalls
2016-06-19,3,113,waterfalls
2016-06-20,3,116,waterfalls
2016-06-21,5,121,waterfalls
2016-06-22,6,127,waterfalls
2016-06-23,6,133,waterfalls
2016-06-24,5,138,waterfalls
2016-06-25,6,144,waterfalls
2016-06-26,3,147,waterfalls
2016-06-27,5,152,waterfalls
2016-06-28,7,159,waterfalls
2016-06-29,7,166,waterfalls
2016-06-30,3,169,waterfalls
2016-07-01,1,170,waterfalls
2016-07-02,2,172,waterfalls
2016-07-03,3,175,waterfalls
2016-07-04,5,180,waterfalls
2016-07-05,5,185,waterfalls
2016-07-06,1,186,waterfalls
2016-07-07,2,188,waterfalls
2016-07-08,15,203,waterfalls
2016-07-09,5,208,waterfalls
2016-07-10,8,216,waterfalls
2016-07-11,8,224,waterfalls
2016-07-12,1,225,waterfalls
2016-07-13,5,230,waterfalls
2016-07-14,1,231,waterfalls
2016-07-15,5,236,waterfalls
2016-07-16,2,238,waterfalls
2016-07-17,5,243,waterfalls
2016-07-18,9,252,waterfalls
2016-07-19,9,261,waterfalls
2016-07-20,6,267,waterfalls
2016-07-21,4,271,waterfalls
2016-07-22,2,273,waterfalls
2016-07-23,1,274,waterfalls
2016-07-24,1,275,waterfalls
2016-07-25,5,280,waterfalls
2016-07-26,17,297,waterfalls
2016-07-27,3,300,waterfalls
2016-07-28,6,306,waterfalls
2016-07-29,6,312,waterfalls
2016-07-30,6,318,waterfalls
2016-07-31,7,325,waterfalls
2016-08-01,4,329,waterfalls
2016-08-02,8,337,waterfalls
2016-08-03,1,338,waterfalls
2016-08-04,4,342,waterfalls
2016-08-05,2,344,waterfalls
2016-08-06,3,347,waterfalls
2016-08-07,2,349,waterfalls
2016-08-08,6,355,waterfalls
2016-08-09,2,357,waterfalls
2016-08-10,5,362,waterfalls
2016-08-11,4,366,waterfalls
2016-08-12,3,369,waterfalls
2016-08-13,5,374,waterfalls
2016-08-14,1,375,waterfalls
2016-08-15,1,376,waterfalls
2016-08-16,4,380,waterfalls
2016-08-17,6,386,waterfalls
2016-08-18,3,389,waterfalls
2016-08-19,3,392,waterfalls
2016-08-20,0,392,waterfalls
2016-08-21,2,394,waterfalls
2016-08-22,4,398,waterfalls
2016-08-23,1,399,waterfalls
2016-08-24,5,404,waterfalls
2016-08-25,6,410,waterfalls
2016-08-26,4,414,waterfalls
2016-08-27,3,417,waterfalls
2016-08-28,0,417,waterfalls
2016-08-29,1,418,waterfalls
2016-08-30,2,420,waterfalls
2016-08-31,6,426,waterfalls
2016-09-01,8,434,waterfalls
2016-09-02,1,435,waterfalls
2016-09-03,0,435,waterfalls
2016-09-04,2,437,waterfalls
2016-09-05,8,445,waterfalls
2016-09-06,6,451,waterfalls
2016-09-07,9,460,waterfalls
2016-09-08,2,462,waterfalls
2016-09-09,6,468,waterfalls
2016-09-10,2,470,waterfalls
2016-09-11,1,471,waterfalls
2016-09-12,4,475,waterfalls
2016-09-13,4,479,waterfalls
2016-09-14,4,483,waterfalls
2016-09-15,1,484,waterfalls
2016-09-16,1,485,waterfalls
2016-09-17,3,488,waterfalls
2016-09-18,0,488,waterfalls
2016-09-19,0,488,waterfalls
2016-09-20,7,495,waterfalls
2016-09-21,3,498,waterfalls
2016-09-22,6,504,waterfalls
2016-09-23,6,510,waterfalls
2016-09-24,4,514,waterfalls
2016-09-25,5,519,waterfalls
2016-09-26,2,521,waterfalls
2016-09-27,8,529,waterfalls
2016-09-28,6,535,waterfalls
2016-09-29,3,538,waterfalls
2016-09-30,2,540,waterfalls
2016-10-01,0,540,waterfalls
2016-10-02,10,550,waterfalls
2016-10-03,4,554,waterfalls
2016-10-04,8,562,waterfalls
2016-10-05,6,568,waterfalls
2016-10-06,5,573,waterfalls
2016-10-07,2,575,waterfalls
2016-10-08,0,575,waterfalls
2016-10-09,2,577,waterfalls
2016-10-10,4,581,waterfalls
2016-10-11,1,582,waterfalls
2016-10-12,8,590,waterfalls
2016-10-13,5,595,waterfalls
2016-10-14,3,598,waterfalls
2016-10-15,1,599,waterfalls
2016-10-16,2,601,waterfalls
2016-10-17,3,604,waterfalls
2016-10-18,1,605,waterfalls
2016-10-19,3,608,waterfalls
2016-10-20,2,610,waterfalls
2016-10-21,16,626,waterfalls
2016-10-22,3,629,waterfalls
2016-10-23,1,630,waterfalls
2016-10-24,7,637,waterfalls
2016-10-25,7,644,waterfalls
2016-10-26,4,648,waterfalls
2016-10-27,2,650,waterfalls
2016-10-28,2,652,waterfalls
2016-10-29,0,652,waterfalls
2016-10-30,7,659,waterfalls
2016-10-31,3,662,waterfalls
2016-11-01,5,667,waterfalls
2016-11-02,9,676,waterfalls
2016-11-03,6,682,waterfalls
2016-11-04,8,690,waterfalls
2016-11-05,3,693,waterfalls
2016-11-06,0,693,waterfalls
2016-11-07,3,696,waterfalls
2016-11-08,5,701,waterfalls
2016-11-09,7,708,waterfalls
2016-11-10,7,715,waterfalls
2016-11-11,1,716,waterfalls
2016-11-12,3,719,waterfalls
2016-11-13,4,723,waterfalls
2016-11-14,11,734,waterfalls
2016-11-15,9,743,waterfalls
2016-11-16,6,749,waterfalls
2016-11-17,5,754,waterfalls
2016-11-18,2,756,waterfalls
2016-11-19,4,760,waterfalls
2016-11-20,6,766,waterfalls
2016-11-21,7,773,waterfalls
2016-11-22,2,775,waterfalls
2016-11-23,0,775,waterfalls
2016-11-24,1,776,waterfalls
2016-11-25,2,778,waterfalls
2016-11-26,1,779,waterfalls
2016-11-27,4,783,waterfalls
2016-11-28,2,785,waterfalls
2016-11-29,11,796,waterfalls
2016-11-30,10,806,waterfalls
2016-12-01,8,814,waterfalls
2016-12-02,7,821,waterfalls
2016-12-03,4,825,waterfalls
2016-12-04,4,829,waterfalls
2016-12-05,10,839,waterfalls
2016-12-06,9,848,waterfalls
2016-12-07,3,851,waterfalls
2016-12-08,3,854,waterfalls
2016-12-09,1,855,waterfalls
2016-12-10,5,860,waterfalls
2016-12-11,1,861,waterfalls
2016-12-12,4,865,waterfalls
2016-12-13,4,869,waterfalls
2016-12-14,3,872,waterfalls
2016-12-15,3,875,waterfalls
2016-12-16,3,878,waterfalls
2016-12-17,3,881,waterfalls
2016-12-18,1,882,waterfalls
2016-12-19,5,887,waterfalls
2016-12-20,3,890,waterfalls
2016-12-21,10,900,waterfalls
2016-12-22,4,904,waterfalls
2016-12-23,3,907,waterfalls
2016-12-24,3,910,waterfalls
2016-12-25,1,911,waterfalls
2016-12-26,0,911,waterfalls
2016-12-27,0,911,waterfalls
2016-12-28,10,921,waterfalls
2016-12-29,4,925,waterfalls
2016-12-30,3,928,waterfalls
2016-12-31,1,929,waterfalls
2017-01-01,0,929,waterfalls
2017-01-02,0,929,waterfalls
2017-01-03,11,940,waterfalls
2017-01-04,9,949,waterfalls
2017-01-05,5,954,waterfalls
2017-01-06,1,955,waterfalls
2017-01-07,1,956,waterfalls
2017-01-08,0,956,waterfalls
2017-01-09,4,960,waterfalls
2017-01-10,4,964,waterfalls
2017-01-11,6,970,waterfalls
2017-01-12,10,980,waterfalls
2017-01-13,4,984,waterfalls
2017-01-14,1,985,waterfalls
2017-01-15,0,985,waterfalls
2017-01-16,4,989,waterfalls
2017-01-17,5,994,waterfalls
2017-01-18,3,997,waterfalls
2017-01-19,1,998,waterfalls
2017-01-20,3,1001,waterfalls
2017-01-21,8,1009,waterfalls
2017-01-22,3,1012,waterfalls
2017-01-23,3,1015,waterfalls
2017-01-24,6,1021,waterfalls
2017-01-25,9,1030,waterfalls
2017-01-26,10,1040,waterfalls
2017-01-27,7,1047,waterfalls
2017-01-28,3,1050,waterfalls
2017-01-29,2,1052,waterfalls
2017-01-30,5,1057,waterfalls
2017-01-31,7,1064,waterfalls
2017-02-01,5,1069,waterfalls
2017-02-02,12,1081,waterfalls
2017-02-03,23,1104,waterfalls
2017-02-04,11,1115,waterfalls
2017-02-05,8,1123,waterfalls
2017-02-06,24,1147,waterfalls
2017-02-07,10,1157,waterfalls
2017-02-08,7,1164,waterfalls
2017-02-09,7,1171,waterfalls
2017-02-10,4,1175,waterfalls
2017-02-11,2,1177,waterfalls
2017-02-12,8,1185,waterfalls
2017-02-13,10,1195,waterfalls
2017-02-14,8,1203,waterfalls
2017-02-15,10,1213,waterfalls
2017-02-16,12,1225,waterfalls
2017-02-17,9,1234,waterfalls
2017-02-18,4,1238,waterfalls
2017-02-19,12,1250,waterfalls
2017-02-20,6,1256,waterfalls
2017-02-21,13,1269,waterfalls
2017-02-22,13,1282,waterfalls
2017-02-23,9,1291,waterfalls
2017-02-24,7,1298,waterfalls
2017-02-25,3,1301,waterfalls
2017-02-26,7,1308,waterfalls
2017-02-27,10,1318,waterfalls
2017-02-28,6,1324,waterfalls
2017-03-01,1,1325,waterfalls
2017-03-02,7,1332,waterfalls
2017-03-03,8,1340,waterfalls
2017-03-04,3,1343,waterfalls
2017-03-05,7,1350,waterfalls
2017-03-06,10,1360,waterfalls
2017-03-07,4,1364,waterfalls
2017-03-08,8,1372,waterfalls
2017-03-09,10,1382,waterfalls
2017-03-10,6,1388,waterfalls
2017-03-11,3,1391,waterfalls
2017-03-12,6,1397,waterfalls
2017-03-13,13,1410,waterfalls
2017-03-14,10,1420,waterfalls
2017-03-15,4,1424,waterfalls
2017-03-16,5,1429,waterfalls
2017-03-17,5,1434,waterfalls
2017-03-18,2,1436,waterfalls
2017-03-19,3,1439,waterfalls
2017-03-20,7,1446,waterfalls
2017-03-21,10,1456,waterfalls
2017-03-22,3,1459,waterfalls
2017-03-23,8,1467,waterfalls
2017-03-24,8,1475,waterfalls
2017-03-25,1,1476,waterfalls
2017-03-26,7,1483,waterfalls
2017-03-27,8,1491,waterfalls
2017-03-28,14,1505,waterfalls
2017-03-29,3,1508,waterfalls
2017-03-30,3,1511,waterfalls
2017-03-31,2,1513,waterfalls
2017-04-01,5,1518,waterfalls
2017-04-02,4,1522,waterfalls
2017-04-03,10,1532,waterfalls
2017-04-04,44,1576,waterfalls
2017-04-05,24,1600,waterfalls
2017-04-06,19,1619,waterfalls
2017-04-07,14,1633,waterfalls
2017-04-08,13,1646,waterfalls
2017-04-09,6,1652,waterfalls
2017-04-10,4,1656,waterfalls
2017-04-11,10,1666,waterfalls
2017-04-12,13,1679,waterfalls
2017-04-13,20,1699,waterfalls
2017-04-14,4,1703,waterfalls
2017-04-15,7,1710,waterfalls
2017-04-16,0,1710,waterfalls
2017-04-17,9,1719,waterfalls
2017-04-18,4,1723,waterfalls
2017-04-19,2,1725,waterfalls
2017-04-20,12,1737,waterfalls
2017-04-21,8,1745,waterfalls
2017-04-22,4,1749,waterfalls
2017-04-23,3,1752,waterfalls
2017-04-24,5,1757,waterfalls
2017-04-25,8,1765,waterfalls
2017-04-26,17,1782,waterfalls
2017-04-27,13,1795,waterfalls
2017-04-28,6,1801,waterfalls
2017-04-29,11,1812,waterfalls
2017-04-30,3,1815,waterfalls
2017-05-01,6,1821,waterfalls
2017-05-02,3,1824,waterfalls
2017-05-03,5,1829,waterfalls
2017-05-04,12,1841,waterfalls
2017-05-05,6,1847,waterfalls
2017-05-06,5,1852,waterfalls
2017-05-07,11,1863,waterfalls
2017-05-08,5,1868,waterfalls
2017-05-09,4,1872,waterfalls
2017-05-10,5,1877,waterfalls
2017-05-11,9,1886,waterfalls
2017-05-12,5,1891,waterfalls
2017-05-13,1,1892,waterfalls
2017-05-14,2,1894,waterfalls
2017-05-15,4,1898,waterfalls
2017-05-16,5,1903,waterfalls
2017-05-17,6,1909,waterfalls
2017-05-18,1,1910,waterfalls
2017-05-19,3,1913,waterfalls
2017-05-20,2,1915,waterfalls
2017-05-21,4,1919,waterfalls
2017-05-22,8,1927,waterfalls
2017-05-23,4,1931,waterfalls
2017-05-24,2,1933,waterfalls
2017-05-25,5,1938,waterfalls
2017-05-26,15,1953,waterfalls
2017-05-27,0,1953,waterfalls
2017-05-28,1,1954,waterfalls
2017-05-29,3,1957,waterfalls
2017-05-30,6,1963,waterfalls
2017-05-31,8,1971,waterfalls
2017-06-01,12,1983,waterfalls
2017-06-02,2,1985,waterfalls
2017-06-03,3,1988,waterfalls
2017-06-04,0,1988,waterfalls
2017-06-05,19,2007,waterfalls
2017-06-06,10,2017,waterfalls
2017-06-07,3,2020,waterfalls
2017-06-08,8,2028,waterfalls
2017-06-09,7,2035,waterfalls
2017-06-10,6,2041,waterfalls
2017-06-11,6,2047,waterfalls
2017-06-12,5,2052,waterfalls
2017-06-13,6,2058,waterfalls
2017-06-14,14,2072,waterfalls
2017-06-15,5,2077,waterfalls
2017-06-16,5,2082,waterfalls
2017-06-17,0,2082,waterfalls
2017-06-18,0,2082,waterfalls
2017-06-19,7,2089,waterfalls
2017-06-20,4,2093,waterfalls
2017-06-21,8,2101,waterfalls
2017-06-22,5,2106,waterfalls
2017-06-23,2,2108,waterfalls
2017-06-24,2,2110,waterfalls
2017-06-25,0,2110,waterfalls
2017-06-26,9,2119,waterfalls
2017-06-27,9,2128,waterfalls
2017-06-28,4,2132,waterfalls
2017-06-29,4,2136,waterfalls
2017-06-30,2,2138,waterfalls
2017-07-01,3,2141,waterfalls
2017-07-02,1,2142,waterfalls
2017-07-03,6,2148,waterfalls
2017-07-04,5,2153,waterfalls
2017-07-05,4,2157,waterfalls
2017-07-06,8,2165,waterfalls
2017-07-07,6,2171,waterfalls
2017-07-08,5,2176,waterfalls
2017-07-09,2,2178,waterfalls
2017-07-10,7,2185,waterfalls
2017-07-11,7,2192,waterfalls
2017-07-12,8,2200,waterfalls
2017-07-13,4,2204,waterfalls
2017-07-14,3,2207,waterfalls
2017-07-15,0,2207,waterfalls
2017-07-16,2,2209,waterfalls
2017-07-17,5,2214,waterfalls
2017-07-18,3,2217,waterfalls
2017-07-19,18,2235,waterfalls
2017-07-20,27,2262,waterfalls
2017-07-21,6,2268,waterfalls
2017-07-22,2,2270,waterfalls
2017-07-23,4,2274,waterfalls
2017-07-24,5,2279,waterfalls
2017-07-25,2,2281,waterfalls
2017-07-26,2,2283,waterfalls
2017-07-27,2,2285,waterfalls
2017-07-28,8,2293,waterfalls
2017-07-29,2,2295,waterfalls
2017-07-30,0,2295,waterfalls
2017-07-31,4,2299,waterfalls
2017-08-01,4,2303,waterfalls
2017-08-02,8,2311,waterfalls
2017-08-03,4,2315,waterfalls
2017-08-04,9,2324,waterfalls
2017-08-05,5,2329,waterfalls
2017-08-06,1,2330,waterfalls
2017-08-07,9,2339,waterfalls
2017-08-08,2,2341,waterfalls
2017-08-09,5,2346,waterfalls
2017-08-10,8,2354,waterfalls
2017-08-11,6,2360,waterfalls
2017-08-12,3,2363,waterfalls
2017-08-13,3,2366,waterfalls
2017-08-14,3,2369,waterfalls
2017-08-15,4,2373,waterfalls
2017-08-16,5,2378,waterfalls
2017-08-17,5,2383,waterfalls
2017-08-18,4,2387,waterfalls
2017-08-19,3,2390,waterfalls
2017-08-20,2,2392,waterfalls
2017-08-21,4,2396,waterfalls
2017-08-22,9,2405,waterfalls
2017-08-23,8,2413,waterfalls
2017-08-24,6,2419,waterfalls
2017-08-25,8,2427,waterfalls
2017-08-26,6,2433,waterfalls
2017-08-27,6,2439,waterfalls
2017-08-28,9,2448,waterfalls
2017-08-29,9,2457,waterfalls
2017-08-30,7,2464,waterfalls
2017-08-31,4,2468,waterfalls
2017-09-01,1,2469,waterfalls
2017-09-02,3,2472,waterfalls
2017-09-03,3,2475,waterfalls
2017-09-04,0,2475,waterfalls
2017-09-05,9,2484,waterfalls
2017-09-06,6,2490,waterfalls
2017-09-07,5,2495,waterfalls
2017-09-08,9,2504,waterfalls
2017-09-09,1,2505,waterfalls
2017-09-10,6,2511,waterfalls
2017-09-11,10,2521,waterfalls
2017-09-12,3,2524,waterfalls
2017-09-13,8,2532,waterfalls
2017-09-14,4,2536,waterfalls
2017-09-15,4,2540,waterfalls
2017-09-16,4,2544,waterfalls
2017-09-17,3,2547,waterfalls
2017-09-18,2,2549,waterfalls
2017-09-19,18,2567,waterfalls
2017-09-20,22,2589,waterfalls
2017-09-21,8,2597,waterfalls
2017-09-22,13,2610,waterfalls
2017-09-23,3,2613,waterfalls
2017-09-24,4,2617,waterfalls
2017-09-25,6,2623,waterfalls
2017-09-26,5,2628,waterfalls
2017-09-27,6,2634,waterfalls
2017-09-28,3,2637,waterfalls
2017-09-29,6,2643,waterfalls
2017-09-30,3,2646,waterfalls
2017-10-01,6,2652,waterfalls
2017-10-02,8,2660,waterfalls
2017-10-03,14,2674,waterfalls
2017-10-04,25,2699,waterfalls
2017-10-05,15,2714,waterfalls
2017-10-06,11,2725,waterfalls
2017-10-07,7,2732,waterfalls
2017-10-08,11,2743,waterfalls
2017-10-09,10,2753,waterfalls
2017-10-10,18,2771,waterfalls
2017-10-11,17,2788,waterfalls
2017-10-12,24,2812,waterfalls
2017-10-13,21,2833,waterfalls
2017-10-14,7,2840,waterfalls
2017-10-15,2,2842,waterfalls
2017-10-16,20,2862,waterfalls
2017-10-17,24,2886,waterfalls
2017-10-18,12,2898,waterfalls
2017-10-19,25,2923,waterfalls
2017-10-20,19,2942,waterfalls
2017-10-21,4,2946,waterfalls
2017-10-22,8,2954,waterfalls
2017-10-23,11,2965,waterfalls
2017-10-24,8,2973,waterfalls
2017-10-25,15,2988,waterfalls
2017-10-26,21,3009,waterfalls
2017-10-27,9,3018,waterfalls
2017-10-28,4,3022,waterfalls
2017-10-29,9,3031,waterfalls
2017-10-30,14,3045,waterfalls
2017-10-31,6,3051,waterfalls
2017-11-01,13,3064,waterfalls
2017-11-02,8,3072,waterfalls
2017-11-03,19,3091,waterfalls
2017-11-04,3,3094,waterfalls
2017-11-05,8,3102,waterfalls
2017-11-06,12,3114,waterfalls
2017-11-07,7,3121,waterfalls
2017-11-08,20,3141,waterfalls
2017-11-09,19,3160,waterfalls
2017-11-10,9,3169,waterfalls
2017-11-11,7,3176,waterfalls
2017-11-12,7,3183,waterfalls
2017-11-13,19,3202,waterfalls
2017-11-14,16,3218,waterfalls
2017-11-15,8,3226,waterfalls
2017-11-16,10,3236,waterfalls
2017-11-17,4,3240,waterfalls
2017-11-18,6,3246,waterfalls
2017-11-19,0,3246,waterfalls
2017-11-20,11,3257,waterfalls
2017-11-21,16,3273,waterfalls
2017-11-22,11,3284,waterfalls
2017-11-23,6,3290,waterfalls
2017-11-24,3,3293,waterfalls
2017-11-25,3,3296,waterfalls
2017-11-26,4,3300,waterfalls
2017-11-27,17,3317,waterfalls
2017-11-28,34,3351,waterfalls
2017-11-29,26,3377,waterfalls
2017-11-30,10,3387,waterfalls
2017-12-01,9,3396,waterfalls
2017-12-02,12,3408,waterfalls
2017-12-03,17,3425,waterfalls
2017-12-04,33,3458,waterfalls
2017-12-05,24,3482,waterfalls
2017-12-06,16,3498,waterfalls
2017-12-07,16,3514,waterfalls
2017-12-08,11,3525,waterfalls
2017-12-09,1,3526,waterfalls
2017-12-10,3,3529,waterfalls
2017-12-11,16,3545,waterfalls
2017-12-12,12,3557,waterfalls
2017-12-13,17,3574,waterfalls
2017-12-14,9,3583,waterfalls
2017-12-15,12,3595,waterfalls
2017-12-16,3,3598,waterfalls
2017-12-17,3,3601,waterfalls
2017-12-18,14,3615,waterfalls
2017-12-19,10,3625,waterfalls
2017-12-20,11,3636,waterfalls
2017-12-21,14,3650,waterfalls
2017-12-22,4,3654,waterfalls
2017-12-23,3,3657,waterfalls
2017-12-24,7,3664,waterfalls
2017-12-25,3,3667,waterfalls
2017-12-26,9,3676,waterfalls
2017-12-27,11,3687,waterfalls
2017-12-28,10,3697,waterfalls
2017-12-29,4,3701,waterfalls
2017-12-30,0,3701,waterfalls
2017-12-31,2,3703,waterfalls
2018-01-01,3,3706,waterfalls
2018-01-02,9,3715,waterfalls
2018-01-03,15,3730,waterfalls
2018-01-04,25,3755,waterfalls
2018-01-05,2,3757,waterfalls
2018-01-06,1,3758,waterfalls
2018-01-07,5,3763,waterfalls
2018-01-08,13,3776,waterfalls
2018-01-09,19,3795,waterfalls
2018-01-10,16,3811,waterfalls
2018-01-11,10,3821,waterfalls
2018-01-12,20,3841,waterfalls
2018-01-13,7,3848,waterfalls
2018-01-14,5,3853,waterfalls
2018-01-15,8,3861,waterfalls
2018-01-16,8,3869,waterfalls
2018-01-17,24,3893,waterfalls
2018-01-18,11,3904,waterfalls
2018-01-19,18,3922,waterfalls
2018-01-20,4,3926,waterfalls
2018-01-21,8,3934,waterfalls
2018-01-22,16,3950,waterfalls
2018-01-23,11,3961,waterfalls
2018-01-24,15,3976,waterfalls
2018-01-25,23,3999,waterfalls
2018-01-26,247,4246,waterfalls
2018-01-27,18,4264,waterfalls
2018-01-28,28,4292,waterfalls
2018-01-29,51,4343,waterfalls
2018-01-30,19,4362,waterfalls
2018-01-31,33,4395,waterfalls
2018-02-01,16,4411,waterfalls
2018-02-02,11,4422,waterfalls
2018-02-03,11,4433,waterfalls
2018-02-04,7,4440,waterfalls
2018-02-05,19,4459,waterfalls
2018-02-06,22,4481,waterfalls
2018-02-07,32,4513,waterfalls
2018-02-08,17,4530,waterfalls
2018-02-09,19,4549,waterfalls
2018-02-10,7,4556,waterfalls
2018-02-11,5,4561,waterfalls
2018-02-12,11,4572,waterfalls
2018-02-13,14,4586,waterfalls
2018-02-14,16,4602,waterfalls
2018-02-15,20,4622,waterfalls
2018-02-16,15,4637,waterfalls
2018-02-17,3,4640,waterfalls
2018-02-18,6,4646,waterfalls
2018-02-19,23,4669,waterfalls
2018-02-20,16,4685,waterfalls
2018-02-21,23,4708,waterfalls
2018-02-22,33,4741,waterfalls
2018-02-23,24,4765,waterfalls
2018-02-24,7,4772,waterfalls
2018-02-25,12,4784,waterfalls
2018-02-26,19,4803,waterfalls
2018-02-27,43,4846,waterfalls
2018-02-28,13,4859,waterfalls
2018-03-01,20,4879,waterfalls
2018-03-02,30,4909,waterfalls
2018-03-03,8,4917,waterfalls
2018-03-04,11,4928,waterfalls
2018-03-05,19,4947,waterfalls
2018-03-06,20,4967,waterfalls
2018-03-07,24,4991,waterfalls
2018-03-08,12,5003,waterfalls
2018-03-09,25,5028,waterfalls
2018-03-10,8,5036,waterfalls
2018-03-11,9,5045,waterfalls
2018-03-12,22,5067,waterfalls
2018-03-13,26,5093,waterfalls
2018-03-14,19,5112,waterfalls
2018-03-15,22,5134,waterfalls
2018-03-16,21,5155,waterfalls
2018-03-17,5,5160,waterfalls
2018-03-18,6,5166,waterfalls
2018-03-19,18,5184,waterfalls
2018-03-20,18,5202,waterfalls
2018-03-21,16,5218,waterfalls
2018-03-22,10,5228,waterfalls
2018-03-23,9,5237,waterfalls
2018-03-24,4,5241,waterfalls
2018-03-25,6,5247,waterfalls
2018-03-26,13,5260,waterfalls
2018-03-27,6,5266,waterfalls
2018-03-28,12,5278,waterfalls
2018-03-29,12,5290,waterfalls
2018-03-30,10,5300,waterfalls
2018-03-31,4,5304,waterfalls
2018-04-01,1,5305,waterfalls
2018-04-02,12,5317,waterfalls
2018-04-03,15,5332,waterfalls
2018-04-04,30,5362,waterfalls
2018-04-05,23,5385,waterfalls
2018-04-06,26,5411,waterfalls
2018-04-07,8,5419,waterfalls
2018-04-08,11,5430,waterfalls
2018-04-09,13,5443,waterfalls
2018-04-10,25,5468,waterfalls
2018-04-11,35,5503,waterfalls
2018-04-12,14,5517,waterfalls
2018-04-13,14,5531,waterfalls
2018-04-14,3,5534,waterfalls
2018-04-15,6,5540,waterfalls
2018-04-16,12,5552,waterfalls
2018-04-17,10,5562,waterfalls
2018-04-18,6,5568,waterfalls
2018-04-19,24,5592,waterfalls
2018-04-20,11,5603,waterfalls
2018-04-21,5,5608,waterfalls
2018-04-22,7,5615,waterfalls
2018-04-23,10,5625,waterfalls
2018-04-24,20,5645,waterfalls
2018-04-25,36,5681,waterfalls
2018-04-26,37,5718,waterfalls
2018-04-27,17,5735,waterfalls
2018-04-28,6,5741,waterfalls
2018-04-29,4,5745,waterfalls
2018-04-30,21,5766,waterfalls
2018-05-01,14,5780,waterfalls
2018-05-02,24,5804,waterfalls
2018-05-03,18,5822,waterfalls
2018-05-04,11,5833,waterfalls
2018-05-05,9,5842,waterfalls
2018-05-06,7,5849,waterfalls
2018-05-07,24,5873,waterfalls
2018-05-08,26,5899,waterfalls
2018-05-09,17,5916,waterfalls
2018-05-10,23,5939,waterfalls
2018-05-11,9,5948,waterfalls
2018-05-12,7,5955,waterfalls
2018-05-13,7,5962,waterfalls
2018-05-14,11,5973,waterfalls
2018-05-15,27,6000,waterfalls
2018-05-16,13,6013,waterfalls
2018-05-17,11,6024,waterfalls
2018-05-18,17,6041,waterfalls
2018-05-19,4,6045,waterfalls
2018-05-20,7,6052,waterfalls
2018-05-21,11,6063,waterfalls
2018-05-22,26,6089,waterfalls
2018-05-23,17,6106,waterfalls
2018-05-24,13,6119,waterfalls
2018-05-25,20,6139,waterfalls
2018-05-26,2,6141,waterfalls
2018-05-27,4,6145,waterfalls
2018-05-28,15,6160,waterfalls
2018-05-29,18,6178,waterfalls
2018-05-30,23,6201,waterfalls
2018-05-31,22,6223,waterfalls
2018-06-01,11,6234,waterfalls
2018-06-02,7,6241,waterfalls
2018-06-03,6,6247,waterfalls
2018-06-04,13,6260,waterfalls
2018-06-05,12,6272,waterfalls
2018-06-06,21,6293,waterfalls
2018-06-07,9,6302,waterfalls
2018-06-08,20,6322,waterfalls
2018-06-09,8,6330,waterfalls
2018-06-10,4,6334,waterfalls
2018-06-11,19,6353,waterfalls
2018-06-12,23,6376,waterfalls
2018-06-13,12,6388,waterfalls
2018-06-14,10,6398,waterfalls
2018-06-15,9,6407,waterfalls
2018-06-16,3,6410,waterfalls
2018-06-17,3,6413,waterfalls
2018-06-18,11,6424,waterfalls
2018-06-19,19,6443,waterfalls
2018-06-20,10,6453,waterfalls
2018-06-21,12,6465,waterfalls
2018-06-22,14,6479,waterfalls
2018-06-23,4,6483,waterfalls
2018-06-24,3,6486,waterfalls
2018-06-25,12,6498,waterfalls
2018-06-26,18,6516,waterfalls
2018-06-27,22,6538,waterfalls
2018-06-28,15,6553,waterfalls
2018-06-29,12,6565,waterfalls
2018-06-30,3,6568,waterfalls
2018-07-01,6,6574,waterfalls
2018-07-02,14,6588,waterfalls
2018-07-03,6,6594,waterfalls
2018-07-04,14,6608,waterfalls
2018-07-05,15,6623,waterfalls
2018-07-06,14,6637,waterfalls
2018-07-07,7,6644,waterfalls
2018-07-08,4,6648,waterfalls
2018-07-09,20,6668,waterfalls
2018-07-10,19,6687,waterfalls
2018-07-11,12,6699,waterfalls
2018-07-12,20,6719,waterfalls
2018-07-13,13,6732,waterfalls
2018-07-14,9,6741,waterfalls
2018-07-15,10,6751,waterfalls
2018-07-16,15,6766,waterfalls
2018-07-17,21,6787,waterfalls
2018-07-18,29,6816,waterfalls
2018-07-19,19,6835,waterfalls
2018-07-20,8,6843,waterfalls
2018-07-21,5,6848,waterfalls
2018-07-22,4,6852,waterfalls
2018-07-23,16,6868,waterfalls
2018-07-24,17,6885,waterfalls
2018-07-25,20,6905,waterfalls
2018-07-26,21,6926,waterfalls
2018-07-27,25,6951,waterfalls
2018-07-28,6,6957,waterfalls
2018-07-29,1,6958,waterfalls
2018-07-30,13,6971,waterfalls
2018-07-31,12,6983,waterfalls
2018-08-01,17,7000,waterfalls
2018-08-02,26,7026,waterfalls
2018-08-03,11,7037,waterfalls
2018-08-04,4,7041,waterfalls
2018-08-05,1,7042,waterfalls
2018-08-06,23,7065,waterfalls
2018-08-07,25,7090,waterfalls
2018-08-08,16,7106,waterfalls
2018-08-09,20,7126,waterfalls
2018-08-10,19,7145,waterfalls
2018-08-11,4,7149,waterfalls
2018-08-12,3,7152,waterfalls
2018-08-13,17,7169,waterfalls
2018-08-14,25,7194,waterfalls
2018-08-15,13,7207,waterfalls
2018-08-16,11,7218,waterfalls
2018-08-17,26,7244,waterfalls
2018-08-18,6,7250,waterfalls
2018-08-19,3,7253,waterfalls
2018-08-20,15,7268,waterfalls
2018-08-21,20,7288,waterfalls
2018-08-22,23,7311,waterfalls
2018-08-23,14,7325,waterfalls
2018-08-24,8,7333,waterfalls
2018-08-25,1,7334,waterfalls
2018-08-26,1,7335,waterfalls
2018-08-27,12,7347,waterfalls
2018-08-28,25,7372,waterfalls
2018-08-29,12,7384,waterfalls
2018-08-30,11,7395,waterfalls
2018-08-31,10,7405,waterfalls
2018-09-01,4,7409,waterfalls
2018-09-02,5,7414,waterfalls
2018-09-03,14,7428,waterfalls
2018-09-04,12,7440,waterfalls
2018-09-05,30,7470,waterfalls
2018-09-06,26,7496,waterfalls
2018-09-07,21,7517,waterfalls
2018-09-08,13,7530,waterfalls
2018-09-09,17,7547,waterfalls
2018-09-10,17,7564,waterfalls
2018-09-11,15,7579,waterfalls
2018-09-12,27,7606,waterfalls
2018-09-13,25,7631,waterfalls
2018-09-14,32,7663,waterfalls
2018-09-15,12,7675,waterfalls
2018-09-16,20,7695,waterfalls
2018-09-17,27,7722,waterfalls
2018-09-18,36,7758,waterfalls
2018-09-19,41,7799,waterfalls
2018-09-20,27,7826,waterfalls
2018-09-21,12,7838,waterfalls
2018-09-22,7,7845,waterfalls
2018-09-23,15,7860,waterfalls
2018-09-24,15,7875,waterfalls
2018-09-25,33,7908,waterfalls
2018-09-26,20,7928,waterfalls
2018-09-27,31,7959,waterfalls
2018-09-28,24,7983,waterfalls
2018-09-29,7,7990,waterfalls
2018-09-30,11,8001,waterfalls
2018-10-01,36,8037,waterfalls
2018-10-02,28,8065,waterfalls
2018-10-03,24,8089,waterfalls
2018-10-04,12,8101,waterfalls
2018-10-05,16,8117,waterfalls
2018-10-06,9,8126,waterfalls
2018-10-07,11,8137,waterfalls
2018-10-08,14,8151,waterfalls
2018-10-09,40,8191,waterfalls
2018-10-10,28,8219,waterfalls
2018-10-11,12,8231,waterfalls
2018-10-12,28,8259,waterfalls
2018-10-13,13,8272,waterfalls
2018-10-14,15,8287,waterfalls
2018-10-15,20,8307,waterfalls
2018-10-16,30,8337,waterfalls
2018-10-17,18,8355,waterfalls
2018-10-18,27,8382,waterfalls
2018-10-19,19,8401,waterfalls
2018-10-20,9,8410,waterfalls
2018-10-21,15,8425,waterfalls
2018-10-22,26,8451,waterfalls
2018-10-23,22,8473,waterfalls
2018-10-24,24,8497,waterfalls
2018-10-25,11,8508,waterfalls
2018-10-26,14,8522,waterfalls
2018-10-27,9,8531,waterfalls
2018-10-28,6,8537,waterfalls
2018-10-29,36,8573,waterfalls
2018-10-30,13,8586,waterfalls
2018-10-31,26,8612,waterfalls
2018-11-01,12,8624,waterfalls
2018-11-02,11,8635,waterfalls
2018-11-03,8,8643,waterfalls
2018-11-04,11,8654,waterfalls
2018-11-05,24,8678,waterfalls
2018-11-06,15,8693,waterfalls
2018-11-07,25,8718,waterfalls
2018-11-08,20,8738,waterfalls
2018-11-09,31,8769,waterfalls
2018-11-10,14,8783,waterfalls
2018-11-11,8,8791,waterfalls
2018-11-12,21,8812,waterfalls
2018-11-13,24,8836,waterfalls
2018-11-14,19,8855,waterfalls
2018-11-15,15,8870,waterfalls
2018-11-16,16,8886,waterfalls
2018-11-17,9,8895,waterfalls
2018-11-18,11,8906,waterfalls
2018-11-19,19,8925,waterfalls
2018-11-20,35,8960,waterfalls
2018-11-21,22,8982,waterfalls
2018-11-22,26,9008,waterfalls
2018-11-23,14,9022,waterfalls
2018-11-24,13,9035,waterfalls
2018-11-25,7,9042,waterfalls
2018-11-26,23,9065,waterfalls
2018-11-27,39,9104,waterfalls
2018-11-28,26,9130,waterfalls
2018-11-29,26,9156,waterfalls
2018-11-30,10,9166,waterfalls
2018-12-01,11,9177,waterfalls
2018-12-02,9,9186,waterfalls
2018-12-03,20,9206,waterfalls
2018-12-04,17,9223,waterfalls
2018-12-05,30,9253,waterfalls
2018-12-06,28,9281,waterfalls
2018-12-07,31,9312,waterfalls
2018-12-08,14,9326,waterfalls
2018-12-09,11,9337,waterfalls
2018-12-10,43,9380,waterfalls
2018-12-11,24,9404,waterfalls
2018-12-12,31,9435,waterfalls
2018-12-13,18,9453,waterfalls
2018-12-14,11,9464,waterfalls
2018-12-15,26,9490,waterfalls
2018-12-16,5,9495,waterfalls
2018-12-17,21,9516,waterfalls
2018-12-18,38,9554,waterfalls
2018-12-19,35,9589,waterfalls
2018-12-20,20,9609,waterfalls
2018-12-21,16,9625,waterfalls
2018-12-22,4,9629,waterfalls
2018-12-23,7,9636,waterfalls
2018-12-24,16,9652,waterfalls
2018-12-25,8,9660,waterfalls
2018-12-26,22,9682,waterfalls
2018-12-27,14,9696,waterfalls
2018-12-28,14,9710,waterfalls
2018-12-29,9,9719,waterfalls
2018-12-30,5,9724,waterfalls
2018-12-31,12,9736,waterfalls
2019-01-01,5,9741,waterfalls
2019-01-02,18,9759,waterfalls
2019-01-03,30,9789,waterfalls
2019-01-04,30,9819,waterfalls
2019-01-05,14,9833,waterfalls
2019-01-06,16,9849,waterfalls
2019-01-07,50,9899,waterfalls
2019-01-08,53,9952,waterfalls
2019-01-09,39,9991,waterfalls
2019-01-10,26,10017,waterfalls
2019-01-11,29,10046,waterfalls
2019-01-12,5,10051,waterfalls
2019-01-13,2,10053,waterfalls
2019-01-14,27,10080,waterfalls
2019-01-15,29,10109,waterfalls
2019-01-16,37,10146,waterfalls
2019-01-17,19,10165,waterfalls
2019-01-18,22,10187,waterfalls
2019-01-19,18,10205,waterfalls
2019-01-20,15,10220,waterfalls
2019-01-21,16,10236,waterfalls
2019-01-22,35,10271,waterfalls
2019-01-23,40,10311,waterfalls
2019-01-24,18,10329,waterfalls
2019-01-25,23,10352,waterfalls
2019-01-26,7,10359,waterfalls
2019-01-27,6,10365,waterfalls
2019-01-28,27,10392,waterfalls
2019-01-29,27,10419,waterfalls
2019-01-30,24,10443,waterfalls
2019-01-31,13,10456,waterfalls
2019-02-01,17,10473,waterfalls
2019-02-02,11,10484,waterfalls
2019-02-03,5,10489,waterfalls
2019-02-04,24,10513,waterfalls
2019-02-05,38,10551,waterfalls
2019-02-06,50,10601,waterfalls
2019-02-07,20,10621,waterfalls
2019-02-08,25,10646,waterfalls
2019-02-09,12,10658,waterfalls
2019-02-10,8,10666,waterfalls
2019-02-11,30,10696,waterfalls
2019-02-12,44,10740,waterfalls
2019-02-13,30,10770,waterfalls
2019-02-14,23,10793,waterfalls
2019-02-15,13,10806,waterfalls
2019-02-16,5,10811,waterfalls
2019-02-17,11,10822,waterfalls
2019-02-18,34,10856,waterfalls
2019-02-19,34,10890,waterfalls
2019-02-20,33,10923,waterfalls
2019-02-21,30,10953,waterfalls
2019-02-22,32,10985,waterfalls
2019-02-23,12,10997,waterfalls
2019-02-24,5,11002,waterfalls
2019-02-25,26,11028,waterfalls
2019-02-26,56,11084,waterfalls
2019-02-27,17,11101,waterfalls
2019-02-28,37,11138,waterfalls
2019-03-01,23,11161,waterfalls
2019-03-02,40,11201,waterfalls
2019-03-03,18,11219,waterfalls
2019-03-04,18,11237,waterfalls
2019-03-05,44,11281,waterfalls
2019-03-06,30,11311,waterfalls
2019-03-07,34,11345,waterfalls
2019-03-08,36,11381,waterfalls
2019-03-09,13,11394,waterfalls
2019-03-10,15,11409,waterfalls
2019-03-11,31,11440,waterfalls
2019-03-12,37,11477,waterfalls
2019-03-13,24,11501,waterfalls
2019-03-14,39,11540,waterfalls
2019-03-15,36,11576,waterfalls
2019-03-16,11,11587,waterfalls
2019-03-17,17,11604,waterfalls
2019-03-18,17,11621,waterfalls
2019-03-19,33,11654,waterfalls
2019-03-20,46,11700,waterfalls
2019-03-21,55,11755,waterfalls
2019-03-22,21,11776,waterfalls
2019-03-23,19,11795,waterfalls
2019-03-24,7,11802,waterfalls
2019-03-25,22,11824,waterfalls
2019-03-26,31,11855,waterfalls
2019-03-27,43,11898,waterfalls
2019-03-28,47,11945,waterfalls
2019-03-29,43,11988,waterfalls
2019-03-30,25,12013,waterfalls
2019-03-31,7,12020,waterfalls
2019-04-01,55,12075,waterfalls
2019-04-02,45,12120,waterfalls
2019-04-03,71,12191,waterfalls
2019-04-04,37,12228,waterfalls
2019-04-05,42,12270,waterfalls
2019-04-06,31,12301,waterfalls
2019-04-07,7,12308,waterfalls
2019-04-08,42,12350,waterfalls
2019-04-09,39,12389,waterfalls
2019-04-10,57,12446,waterfalls
2019-04-11,37,12483,waterfalls
2019-04-12,24,12507,waterfalls
2019-04-13,14,12521,waterfalls
2019-04-14,12,12533,waterfalls
2019-04-15,46,12579,waterfalls
2019-04-16,56,12635,waterfalls
2019-04-17,43,12678,waterfalls
2019-04-18,37,12715,waterfalls
2019-04-19,28,12743,waterfalls
2019-04-20,17,12760,waterfalls
2019-04-21,11,12771,waterfalls
2019-04-22,19,12790,waterfalls
2019-04-23,25,12815,waterfalls
2019-04-24,31,12846,waterfalls
2019-04-25,41,12887,waterfalls
2019-04-26,26,12913,waterfalls
2019-04-27,19,12932,waterfalls
2019-04-28,16,12948,waterfalls
2019-04-29,46,12994,waterfalls
2019-04-30,34,13028,waterfalls
2019-05-01,15,13043,waterfalls
2019-05-02,44,13087,waterfalls
2019-05-03,28,13115,waterfalls
2019-05-04,11,13126,waterfalls
2019-05-05,18,13144,waterfalls
2019-05-06,53,13197,waterfalls
2019-05-07,57,13254,waterfalls
2019-05-08,36,13290,waterfalls
2019-05-09,50,13340,waterfalls
2019-05-10,27,13367,waterfalls
2019-05-11,22,13389,waterfalls
2019-05-12,37,13426,waterfalls
2019-05-13,53,13479,waterfalls
2019-05-14,45,13524,waterfalls
2019-05-15,118,13642,waterfalls
2019-05-16,84,13726,waterfalls
2019-05-17,75,13801,waterfalls
2019-05-18,40,13841,waterfalls
2019-05-19,37,13878,waterfalls
2019-05-20,63,13941,waterfalls
2019-05-21,37,13978,waterfalls
2019-05-22,31,14009,waterfalls
2019-05-23,42,14051,waterfalls
2019-05-24,28,14079,waterfalls
2019-05-25,13,14092,waterfalls
2019-05-26,14,14106,waterfalls
2019-05-27,53,14159,waterfalls
2019-05-28,52,14211,waterfalls
2019-05-29,38,14249,waterfalls
2019-05-30,37,14286,waterfalls
2019-05-31,44,14330,waterfalls
2019-06-01,11,14341,waterfalls
2019-06-02,13,14354,waterfalls
2019-06-03,35,14389,waterfalls
2019-06-04,77,14466,waterfalls
2019-06-05,59,14525,waterfalls
2019-06-06,42,14567,waterfalls
2019-06-07,56,14623,waterfalls
2019-06-08,17,14640,waterfalls
2019-06-09,25,14665,waterfalls
2019-06-10,33,14698,waterfalls
2019-06-11,25,14723,waterfalls
2019-06-12,84,14807,waterfalls
2019-06-13,81,14888,waterfalls
2019-06-14,38,14926,waterfalls
2019-06-15,12,14938,waterfalls
2019-06-16,12,14950,waterfalls
2019-06-17,64,15014,waterfalls
2019-06-18,35,15049,waterfalls
2019-06-19,29,15078,waterfalls
2019-06-20,60,15138,waterfalls
2019-06-21,18,15156,waterfalls
2019-06-22,18,15174,waterfalls
2019-06-23,12,15186,waterfalls
2019-06-24,34,15220,waterfalls
2019-06-25,61,15281,waterfalls
2019-06-26,45,15326,waterfalls
2019-06-27,36,15362,waterfalls
2019-06-28,37,15399,waterfalls
2019-06-29,14,15413,waterfalls
2019-06-30,13,15426,waterfalls
2019-07-01,42,15468,waterfalls
2019-07-02,44,15512,waterfalls
2019-07-03,76,15588,waterfalls
2019-07-04,26,15614,waterfalls
2019-07-05,18,15632,waterfalls
2019-07-06,13,15645,waterfalls
2019-07-07,9,15654,waterfalls
2019-07-08,34,15688,waterfalls
2019-07-09,18,15706,waterfalls
2019-07-10,29,15735,waterfalls
2019-07-11,26,15761,waterfalls
2019-07-12,23,15784,waterfalls
2019-07-13,18,15802,waterfalls
2019-07-14,9,15811,waterfalls
2019-07-15,54,15865,waterfalls
2019-07-16,43,15908,waterfalls
2019-07-17,31,15939,waterfalls
2019-07-18,54,15993,waterfalls
2019-07-19,34,16027,waterfalls
2019-07-20,11,16038,waterfalls
2019-07-21,19,16057,waterfalls
2019-07-22,64,16121,waterfalls
2019-07-23,53,16174,waterfalls
2019-07-24,22,16196,waterfalls
2019-07-25,32,16228,waterfalls
2019-07-26,45,16273,waterfalls
2019-07-27,31,16304,waterfalls
2019-07-28,6,16310,waterfalls
2019-07-29,44,16354,waterfalls
2019-07-30,44,16398,waterfalls
2019-07-31,42,16440,waterfalls
2019-08-01,22,16462,waterfalls
2019-08-02,20,16482,waterfalls
2019-08-03,12,16494,waterfalls
2019-08-04,8,16502,waterfalls
2019-08-05,26,16528,waterfalls
2019-08-06,32,16560,waterfalls
2019-08-07,46,16606,waterfalls
2019-08-08,31,16637,waterfalls
2019-08-09,41,16678,waterfalls
2019-08-10,34,16712,waterfalls
2019-08-11,23,16735,waterfalls
2019-08-12,41,16776,waterfalls
2019-08-13,30,16806,waterfalls
2019-08-14,43,16849,waterfalls
2019-08-15,20,16869,waterfalls
2019-08-16,35,16904,waterfalls
2019-08-17,16,16920,waterfalls
2019-08-18,9,16929,waterfalls
2019-08-19,28,16957,waterfalls
2019-08-20,30,16987,waterfalls
2019-08-21,49,17036,waterfalls
2019-08-22,34,17070,waterfalls
2019-08-23,24,17094,waterfalls
2019-08-24,7,17101,waterfalls
2019-08-25,16,17117,waterfalls
2019-08-26,25,17142,waterfalls
2019-08-27,38,17180,waterfalls
2019-08-28,45,17225,waterfalls
2019-08-29,45,17270,waterfalls
2019-08-30,51,17321,waterfalls
2019-08-31,13,17334,waterfalls
2019-09-01,16,17350,waterfalls
2019-09-02,20,17370,waterfalls
2019-09-03,42,17412,waterfalls
2019-09-04,36,17448,waterfalls
2019-09-05,40,17488,waterfalls
2019-09-06,32,17520,waterfalls
2019-09-07,14,17534,waterfalls
2019-09-08,19,17553,waterfalls
2019-09-09,39,17592,waterfalls
2019-09-10,49,17641,waterfalls
2019-09-11,42,17683,waterfalls
2019-09-12,33,17716,waterfalls
2019-09-13,43,17759,waterfalls
2019-09-14,23,17782,waterfalls
2019-09-15,31,17813,waterfalls
2019-09-16,38,17851,waterfalls
2019-09-17,73,17924,waterfalls
2019-09-18,43,17967,waterfalls
2019-09-19,56,18023,waterfalls
2019-09-20,51,18074,waterfalls
2019-09-21,24,18098,waterfalls
2019-09-22,18,18116,waterfalls
2019-09-23,39,18155,waterfalls
2019-09-24,53,18208,waterfalls
2019-09-25,36,18244,waterfalls
2019-09-26,32,18276,waterfalls
2019-09-27,39,18315,waterfalls
2019-09-28,14,18329,waterfalls
2019-09-29,14,18343,waterfalls
2019-09-30,32,18375,waterfalls
2019-10-01,46,18421,waterfalls
2019-10-02,55,18476,waterfalls
2019-10-03,55,18531,waterfalls
2019-10-04,65,18596,waterfalls
2019-10-05,25,18621,waterfalls
2019-10-06,23,18644,waterfalls
2019-10-07,67,18711,waterfalls
2019-10-08,71,18782,waterfalls
2019-10-09,30,18812,waterfalls
2019-10-10,29,18841,waterfalls
2019-10-11,46,18887,waterfalls
2019-10-12,30,18917,waterfalls
2019-10-13,22,18939,waterfalls
2019-10-14,76,19015,waterfalls
2019-10-15,65,19080,waterfalls
2019-10-16,48,19128,waterfalls
2019-10-17,25,19153,waterfalls
2019-10-18,30,19183,waterfalls
2019-10-19,13,19196,waterfalls
2019-10-20,6,19202,waterfalls
2019-10-21,65,19267,waterfalls
2019-10-22,86,19353,waterfalls
2019-10-23,55,19408,waterfalls
2019-10-24,31,19439,waterfalls
2019-10-25,28,19467,waterfalls
2019-10-26,14,19481,waterfalls
2019-10-27,16,19497,waterfalls
2019-10-28,23,19520,waterfalls
2019-10-29,34,19554,waterfalls
2019-10-30,49,19603,waterfalls
2019-10-31,33,19636,waterfalls
2019-11-01,33,19669,waterfalls
2019-11-02,6,19675,waterfalls
2019-11-03,12,19687,waterfalls
2019-11-04,54,19741,waterfalls
2019-11-05,44,19785,waterfalls
2019-11-06,46,19831,waterfalls
2019-11-07,33,19864,waterfalls
2019-11-08,45,19909,waterfalls
2019-11-09,13,19922,waterfalls
2019-11-10,14,19936,waterfalls
2019-11-11,24,19960,waterfalls
2019-11-12,46,20006,waterfalls
2019-11-13,37,20043,waterfalls
2019-11-14,52,20095,waterfalls
2019-11-15,14,20109,waterfalls
2019-11-16,22,20131,waterfalls
2019-11-17,14,20145,waterfalls
2019-11-18,68,20213,waterfalls
2019-11-19,134,20347,waterfalls
2019-11-20,57,20404,waterfalls
2019-11-21,48,20452,waterfalls
2019-11-22,51,20503,waterfalls
2019-11-23,29,20532,waterfalls
2019-11-24,26,20558,waterfalls
2019-11-25,39,20597,waterfalls
2019-11-26,65,20662,waterfalls
2019-11-27,56,20718,waterfalls
2019-11-28,47,20765,waterfalls
2019-11-29,44,20809,waterfalls
2019-11-30,17,20826,waterfalls
2019-12-01,31,20857,waterfalls
2019-12-02,73,20930,waterfalls
2019-12-03,37,20967,waterfalls
2019-12-04,50,21017,waterfalls
2019-12-05,63,21080,waterfalls
2019-12-06,53,21133,waterfalls
2019-12-07,15,21148,waterfalls
2019-12-08,26,21174,waterfalls
2019-12-09,154,21328,waterfalls
2019-12-10,35,21363,waterfalls
2019-12-11,61,21424,waterfalls
2019-12-12,56,21480,waterfalls
2019-12-13,67,21547,waterfalls
2019-12-14,19,21566,waterfalls
2019-12-15,15,21581,waterfalls
2019-12-16,42,21623,waterfalls
2019-12-17,51,21674,waterfalls
2019-12-18,48,21722,waterfalls
2019-12-19,30,21752,waterfalls
2019-12-20,33,21785,waterfalls
2019-12-21,22,21807,waterfalls
2019-12-22,23,21830,waterfalls
2019-12-23,41,21871,waterfalls
2019-12-24,43,21914,waterfalls
2019-12-25,19,21933,waterfalls
2019-12-26,28,21961,waterfalls
2019-12-27,32,21993,waterfalls
2019-12-28,16,22009,waterfalls
2019-12-29,32,22041,waterfalls
2019-12-30,48,22089,waterfalls
2019-12-31,27,22116,waterfalls
2020-01-01,29,22145,waterfalls
2020-01-02,49,22194,waterfalls
2020-01-03,32,22226,waterfalls
2020-01-04,28,22254,waterfalls
2020-01-05,24,22278,waterfalls
2020-01-06,51,22329,waterfalls
2020-01-07,36,22365,waterfalls
2020-01-08,61,22426,waterfalls
2020-01-09,69,22495,waterfalls
2020-01-10,64,22559,waterfalls
2020-01-11,27,22586,waterfalls
2020-01-12,22,22608,waterfalls
2020-01-13,48,22656,waterfalls
2020-01-14,46,22702,waterfalls
2020-01-15,37,22739,waterfalls
2020-01-16,35,22774,waterfalls
2020-01-17,44,22818,waterfalls
2020-01-18,19,22837,waterfalls
2020-01-19,24,22861,waterfalls
2020-01-20,35,22896,waterfalls
2020-01-21,38,22934,waterfalls
2020-01-22,48,22982,waterfalls
2020-01-23,40,23022,waterfalls
2020-01-24,50,23072,waterfalls
2020-01-25,22,23094,waterfalls
2020-01-26,18,23112,waterfalls
2020-01-27,53,23165,waterfalls
2020-01-28,56,23221,waterfalls
2020-01-29,41,23262,waterfalls
2020-01-30,38,23300,waterfalls
2020-01-31,30,23330,waterfalls
2020-02-01,25,23355,waterfalls
2020-02-02,20,23375,waterfalls
2020-02-03,47,23422,waterfalls
2020-02-04,52,23474,waterfalls
2020-02-05,35,23509,waterfalls
2020-02-06,42,23551,waterfalls
2020-02-07,43,23594,waterfalls
2020-02-08,23,23617,waterfalls
2020-02-09,15,23632,waterfalls
2020-02-10,39,23671,waterfalls
2020-02-11,36,23707,waterfalls
2020-02-12,37,23744,waterfalls
2020-02-13,54,23798,waterfalls
2020-02-14,40,23838,waterfalls
2020-02-15,20,23858,waterfalls
2020-02-16,29,23887,waterfalls
2020-02-17,28,23915,waterfalls
2020-02-18,42,23957,waterfalls
2020-02-19,49,24006,waterfalls
2020-02-20,36,24042,waterfalls
2020-02-21,44,24086,waterfalls
2020-02-22,14,24100,waterfalls
2020-02-23,18,24118,waterfalls
2020-02-24,39,24157,waterfalls
2020-02-25,51,24208,waterfalls
2020-02-26,35,24243,waterfalls
2020-02-27,37,24280,waterfalls
2020-02-28,35,24315,waterfalls
2020-02-29,6,24321,waterfalls
2020-03-01,28,24349,waterfalls
2020-03-02,43,24392,waterfalls
2020-03-03,44,24436,waterfalls
2020-03-04,45,24481,waterfalls
2020-03-05,50,24531,waterfalls
2020-03-06,29,24560,waterfalls
2020-03-07,18,24578,waterfalls
2020-03-08,25,24603,waterfalls
2020-03-09,37,24640,waterfalls
2020-03-10,42,24682,waterfalls
2020-03-11,24,24706,waterfalls
2020-03-12,43,24749,waterfalls
2020-03-13,28,24777,waterfalls
2020-03-14,18,24795,waterfalls
2020-03-15,19,24814,waterfalls
2020-03-16,35,24849,waterfalls
2020-03-17,38,24887,waterfalls
2020-03-18,40,24927,waterfalls
2020-03-19,35,24962,waterfalls
2020-03-20,39,25001,waterfalls
2020-03-21,17,25018,waterfalls
2020-03-22,23,25041,waterfalls
2020-03-23,52,25093,waterfalls
2020-03-24,23,25116,waterfalls
2020-03-25,44,25160,waterfalls
2020-03-26,28,25188,waterfalls
2020-03-27,19,25207,waterfalls
2020-03-28,23,25230,waterfalls
2020-03-29,38,25268,waterfalls
2020-03-30,56,25324,waterfalls
2020-03-31,38,25362,waterfalls
2020-04-01,37,25399,waterfalls
2020-04-02,19,25418,waterfalls
2020-04-03,33,25451,waterfalls
2020-04-04,20,25471,waterfalls
2020-04-05,27,25498,waterfalls
2020-04-06,56,25554,waterfalls
2020-04-07,40,25594,waterfalls
2020-04-08,38,25632,waterfalls
2020-04-09,43,25675,waterfalls
2020-04-10,28,25703,waterfalls
2020-04-11,9,25712,waterfalls
2020-04-12,29,25741,waterfalls
2020-04-13,36,25777,waterfalls
2020-04-14,38,25815,waterfalls
2020-04-15,60,25875,waterfalls
2020-04-16,31,25906,waterfalls
2020-04-17,50,25956,waterfalls
2020-04-18,15,25971,waterfalls
2020-04-19,11,25982,waterfalls
2020-04-20,33,26015,waterfalls
2020-04-21,26,26041,waterfalls
2020-04-22,53,26094,waterfalls
2020-04-23,33,26127,waterfalls
2020-04-24,41,26168,waterfalls
2020-04-25,39,26207,waterfalls
2020-04-26,33,26240,waterfalls
2020-04-27,62,26302,waterfalls
2020-04-28,65,26367,waterfalls
2020-04-29,73,26440,waterfalls
2020-04-30,42,26482,waterfalls
2020-05-01,46,26528,waterfalls
2020-05-02,58,26586,waterfalls
2020-05-03,45,26631,waterfalls
2020-05-04,65,26696,waterfalls
2020-05-05,74,26770,waterfalls
2020-05-06,64,26834,waterfalls
2020-05-07,47,26881,waterfalls
2020-05-08,32,26913,waterfalls
2020-05-09,39,26952,waterfalls
2020-05-10,68,27020,waterfalls
2020-05-11,62,27082,waterfalls
2020-05-12,50,27132,waterfalls
2020-05-13,56,27188,waterfalls
2020-05-14,30,27218,waterfalls
2020-05-15,36,27254,waterfalls
2020-05-16,23,27277,waterfalls
2020-05-17,27,27304,waterfalls
2020-05-18,44,27348,waterfalls
2020-05-19,37,27385,waterfalls
2020-05-20,39,27424,waterfalls
2020-05-21,31,27455,waterfalls
2020-05-22,29,27484,waterfalls
2020-05-23,25,27509,waterfalls
2020-05-24,16,27525,waterfalls
2020-05-25,41,27566,waterfalls
2020-05-26,47,27613,waterfalls
2020-05-27,53,27666,waterfalls
2020-05-28,69,27735,waterfalls
2020-05-29,39,27774,waterfalls
2020-05-30,33,27807,waterfalls
2020-05-31,51,27858,waterfalls
2020-06-01,35,27893,waterfalls
2020-06-02,49,27942,waterfalls
2020-06-03,33,27975,waterfalls
2020-06-04,33,28008,waterfalls
2020-06-05,29,28037,waterfalls
2020-06-06,19,28056,waterfalls
2020-06-07,23,28079,waterfalls
2020-06-08,38,28117,waterfalls
2020-06-09,55,28172,waterfalls
2020-06-10,57,28229,waterfalls
2020-06-11,61,28290,waterfalls
2020-06-12,30,28320,waterfalls
2020-06-13,26,28346,waterfalls
2020-06-14,14,28360,waterfalls
2020-06-15,29,28389,waterfalls
2020-06-16,38,28427,waterfalls
2020-06-17,41,28468,waterfalls
2020-06-18,57,28525,waterfalls
2020-06-19,45,28570,waterfalls
2020-06-20,17,28587,waterfalls
2020-06-21,17,28604,waterfalls
2020-06-22,36,28640,waterfalls
2020-06-23,45,28685,waterfalls
2020-06-24,52,28737,waterfalls
2020-06-25,32,28769,waterfalls
2020-06-26,33,28802,waterfalls
2020-06-27,12,28814,waterfalls
2020-06-28,17,28831,waterfalls
2020-06-29,28,28859,waterfalls
2020-06-30,26,28885,waterfalls
2020-07-01,31,28916,waterfalls
2020-07-02,35,28951,waterfalls
2020-07-03,29,28980,waterfalls
2020-07-04,19,28999,waterfalls
2020-07-05,25,29024,waterfalls
2020-07-06,32,29056,waterfalls
2020-07-07,36,29092,waterfalls
2020-07-08,41,29133,waterfalls
2020-07-09,38,29171,waterfalls
2020-07-10,23,29194,waterfalls
2020-07-11,16,29210,waterfalls
2020-07-12,19,29229,waterfalls
2020-07-13,20,29249,waterfalls
2020-07-14,23,29272,waterfalls
2020-07-15,36,29308,waterfalls
2020-07-16,28,29336,waterfalls
2020-07-17,26,29362,waterfalls
2020-07-18,23,29385,waterfalls
2020-07-19,23,29408,waterfalls
2020-07-20,30,29438,waterfalls
2020-07-21,26,29464,waterfalls
2020-07-22,34,29498,waterfalls
2020-07-23,43,29541,waterfalls
2020-07-24,24,29565,waterfalls
2020-07-25,24,29589,waterfalls
2020-07-26,26,29615,waterfalls
2020-07-27,18,29633,waterfalls
2020-07-28,34,29667,waterfalls
2020-07-29,22,29689,waterfalls
2020-07-30,28,29717,waterfalls
2020-07-31,22,29739,waterfalls
2020-08-01,8,29747,waterfalls
2020-08-02,13,29760,waterfalls
2020-08-03,28,29788,waterfalls
2020-08-04,42,29830,waterfalls
2020-08-05,40,29870,waterfalls
2020-08-06,33,29903,waterfalls
2020-08-07,33,29936,waterfalls
2020-08-08,15,29951,waterfalls
2020-08-09,29,29980,waterfalls
2020-08-10,59,30039,waterfalls
2020-08-11,42,30081,waterfalls
2020-08-12,35,30116,waterfalls
2020-08-13,63,30179,waterfalls
2020-08-14,25,30204,waterfalls
2020-08-15,22,30226,waterfalls
2020-08-16,18,30244,waterfalls
2020-08-17,54,30298,waterfalls
2020-08-18,50,30348,waterfalls
2020-08-19,46,30394,waterfalls
2020-08-20,23,30417,waterfalls
2020-08-21,37,30454,waterfalls
2020-08-22,16,30470,waterfalls
2020-08-23,15,30485,waterfalls
2020-08-24,32,30517,waterfalls
2020-08-25,44,30561,waterfalls
2020-08-26,30,30591,waterfalls
2020-08-27,35,30626,waterfalls
2020-08-28,28,30654,waterfalls
2020-08-29,26,30680,waterfalls
2020-08-30,17,30697,waterfalls
2020-08-31,48,30745,waterfalls
2020-09-01,46,30791,waterfalls
2020-09-02,38,30829,waterfalls
2020-09-03,38,30867,waterfalls
2020-09-04,24,30891,waterfalls
2020-09-05,22,30913,waterfalls
2020-09-06,35,30948,waterfalls
2020-09-07,75,31023,waterfalls
2020-09-08,38,31061,waterfalls
2020-09-09,49,31110,waterfalls
2020-09-10,47,31157,waterfalls
2020-09-11,55,31212,waterfalls
2020-09-12,30,31242,waterfalls
2020-09-13,39,31281,waterfalls
2020-09-14,58,31339,waterfalls
2020-09-15,33,31372,waterfalls
2020-09-16,34,31406,waterfalls
2020-09-17,45,31451,waterfalls
2020-09-18,39,31490,waterfalls
2020-09-19,22,31512,waterfalls
2020-09-20,32,31544,waterfalls
2020-09-21,44,31588,waterfalls
2020-09-22,66,31654,waterfalls
2020-09-23,52,31706,waterfalls
2020-09-24,26,31732,waterfalls
2020-09-25,49,31781,waterfalls
2020-09-26,44,31825,waterfalls
2020-09-27,31,31856,waterfalls
2020-09-28,38,31894,waterfalls
2020-09-29,38,31932,waterfalls
2020-09-30,39,31971,waterfalls
2020-10-01,37,32008,waterfalls
2020-10-02,60,32068,waterfalls
2020-10-03,55,32123,waterfalls
2020-10-04,40,32163,waterfalls
2020-10-05,29,32192,waterfalls
2020-10-06,43,32235,waterfalls
2020-10-07,42,32277,waterfalls
2020-10-08,34,32311,waterfalls
2020-10-09,31,32342,waterfalls
2020-10-10,26,32368,waterfalls
2020-10-11,32,32400,waterfalls
2020-10-12,27,32427,waterfalls
2020-10-13,35,32462,waterfalls
2020-10-14,40,32502,waterfalls
2020-10-15,22,32524,waterfalls
2020-10-16,32,32556,waterfalls
2020-10-17,13,32569,waterfalls
2020-10-18,12,32581,waterfalls
2020-10-19,34,32615,waterfalls
2020-10-20,36,32651,waterfalls
2020-10-21,56,32707,waterfalls
2020-10-22,37,32744,waterfalls
2020-10-23,42,32786,waterfalls
2020-10-24,30,32816,waterfalls
2020-10-25,31,32847,waterfalls
2020-10-26,52,32899,waterfalls
2020-10-27,45,32944,waterfalls
2020-10-28,42,32986,waterfalls
2020-10-29,49,33035,waterfalls
2020-10-30,20,33055,waterfalls
2020-10-31,32,33087,waterfalls
2020-11-01,24,33111,waterfalls
2020-11-02,24,33135,waterfalls
2020-11-03,54,33189,waterfalls
2020-11-04,26,33215,waterfalls
2020-11-05,75,33290,waterfalls
2020-11-06,37,33327,waterfalls
2020-11-07,32,33359,waterfalls
2020-11-08,27,33386,waterfalls
2020-11-09,59,33445,waterfalls
2020-11-10,54,33499,waterfalls
2020-11-11,44,33543,waterfalls
2020-11-12,42,33585,waterfalls
2020-11-13,29,33614,waterfalls
2020-11-14,25,33639,waterfalls
2020-11-15,23,33662,waterfalls
2020-11-16,45,33707,waterfalls
2020-11-17,60,33767,waterfalls
2020-11-18,52,33819,waterfalls
2020-11-19,50,33869,waterfalls
2020-11-20,41,33910,waterfalls
2020-11-21,25,33935,waterfalls
2020-11-22,26,33961,waterfalls
2020-11-23,51,34012,waterfalls
2020-11-24,44,34056,waterfalls
2020-11-25,37,34093,waterfalls
2020-11-26,21,34114,waterfalls
2020-11-27,29,34143,waterfalls
2020-11-28,20,34163,waterfalls
2020-11-29,19,34182,waterfalls
2020-11-30,36,34218,waterfalls
2020-12-01,45,34263,waterfalls
2020-12-02,65,34328,waterfalls
2020-12-03,42,34370,waterfalls
2020-12-04,31,34401,waterfalls
2020-12-05,23,34424,waterfalls
2020-12-06,23,34447,waterfalls
2020-12-07,34,34481,waterfalls
2020-12-08,11,34492,waterfalls
2020-12-09,33,34525,waterfalls
2020-12-10,34,34559,waterfalls
2020-12-11,43,34602,waterfalls
2020-12-12,20,34622,waterfalls
2020-12-13,20,34642,waterfalls
2020-12-14,31,34673,waterfalls
2020-12-15,48,34721,waterfalls
2020-12-16,54,34775,waterfalls
2020-12-17,25,34800,waterfalls
2020-12-18,27,34827,waterfalls
2020-12-19,22,34849,waterfalls
2020-12-20,15,34864,waterfalls
2020-12-21,28,34892,waterfalls
2020-12-22,27,34919,waterfalls
2020-12-23,34,34953,waterfalls
2020-12-24,23,34976,waterfalls
2020-12-25,24,35000,waterfalls
2020-12-26,13,35013,waterfalls
2020-12-27,13,35026,waterfalls
2020-12-28,30,35056,waterfalls
2020-12-29,30,35086,waterfalls
2020-12-30,26,35112,waterfalls
2020-12-31,19,35131,waterfalls
2021-01-01,13,35144,waterfalls
2021-01-02,20,35164,waterfalls
2021-01-03,18,35182,waterfalls
2021-01-04,40,35222,waterfalls
2021-01-05,34,35256,waterfalls
2021-01-06,32,35288,waterfalls
2021-01-07,22,35310,waterfalls
2021-01-08,22,35332,waterfalls
2021-01-09,18,35350,waterfalls
2021-01-10,14,35364,waterfalls
2021-01-11,37,35401,waterfalls
2021-01-12,28,35429,waterfalls
2021-01-13,35,35464,waterfalls
2021-01-14,46,35510,waterfalls
2021-01-15,32,35542,waterfalls
2021-01-16,16,35558,waterfalls
2021-01-17,22,35580,waterfalls
2021-01-18,41,35621,waterfalls
2021-01-19,40,35661,waterfalls
2021-01-20,36,35697,waterfalls
2021-01-21,24,35721,waterfalls
2021-01-22,16,35737,waterfalls
2021-01-23,24,35761,waterfalls
2021-01-24,16,35777,waterfalls
2021-01-25,36,35813,waterfalls
2021-01-26,27,35840,waterfalls
2021-01-27,33,35873,waterfalls
2021-01-28,24,35897,waterfalls
2021-01-29,35,35932,waterfalls
2021-01-30,32,35964,waterfalls
2021-01-31,20,35984,waterfalls
2021-02-01,37,36021,waterfalls
2021-02-02,51,36072,waterfalls
2021-02-03,43,36115,waterfalls
2021-02-04,38,36153,waterfalls
2021-02-05,40,36193,waterfalls
2021-02-06,37,36230,waterfalls
2021-02-07,53,36283,waterfalls
2021-02-08,32,36315,waterfalls
2021-02-09,34,36349,waterfalls
2021-02-10,30,36379,waterfalls
2021-02-11,34,36413,waterfalls
2021-02-12,25,36438,waterfalls
2021-02-13,53,36491,waterfalls
2021-02-14,18,36509,waterfalls
2021-02-15,46,36555,waterfalls
2021-02-16,44,36599,waterfalls
2021-02-17,39,36638,waterfalls
2021-02-18,41,36679,waterfalls
2021-02-19,39,36718,waterfalls
2021-02-20,24,36742,waterfalls
2021-02-21,19,36761,waterfalls
2021-02-22,48,36809,waterfalls
2021-02-23,26,36835,waterfalls
2021-02-24,50,36885,waterfalls
2021-02-25,52,36937,waterfalls
2021-02-26,50,36987,waterfalls
2021-02-27,32,37019,waterfalls
2021-02-28,33,37052,waterfalls
2021-03-01,65,37117,waterfalls
2021-03-02,43,37160,waterfalls
2021-03-03,51,37211,waterfalls
2021-03-04,57,37268,waterfalls
2021-03-05,66,37334,waterfalls
2021-03-06,27,37361,waterfalls
2021-03-07,49,37410,waterfalls
2021-03-08,67,37477,waterfalls
2021-03-09,57,37534,waterfalls
2021-03-10,50,37584,waterfalls
2021-03-11,52,37636,waterfalls
2021-03-12,31,37667,waterfalls
2021-03-13,28,37695,waterfalls
2021-03-14,35,37730,waterfalls
2021-03-15,41,37771,waterfalls
2021-03-16,56,37827,waterfalls
2021-03-17,43,37870,waterfalls
2021-03-18,37,37907,waterfalls
2021-03-19,30,37937,waterfalls
2021-03-20,22,37959,waterfalls
2021-03-21,16,37975,waterfalls
2021-03-22,33,38008,waterfalls
2021-03-23,25,38033,waterfalls
2021-03-24,45,38078,waterfalls
2021-03-25,17,38095,waterfalls
2021-03-26,36,38131,waterfalls
2021-03-27,11,38142,waterfalls
2021-03-28,33,38175,waterfalls
2021-03-29,25,38200,waterfalls
2021-03-30,32,38232,waterfalls
2021-03-31,36,38268,waterfalls
2021-04-01,39,38307,waterfalls
2021-04-02,14,38321,waterfalls
2021-04-03,21,38342,waterfalls
2021-04-04,18,38360,waterfalls
2021-04-05,26,38386,waterfalls
2021-04-06,12,38398,waterfalls
2021-04-07,48,38446,waterfalls
2021-04-08,41,38487,waterfalls
2021-04-09,38,38525,waterfalls
2021-04-10,32,38557,waterfalls
2021-04-11,16,38573,waterfalls
2021-04-12,35,38608,waterfalls
2021-04-13,34,38642,waterfalls
2021-04-14,41,38683,waterfalls
2021-04-15,27,38710,waterfalls
2021-04-16,34,38744,waterfalls
2021-04-17,27,38771,waterfalls
2021-04-18,31,38802,waterfalls
2021-04-19,34,38836,waterfalls
2021-04-20,54,38890,waterfalls
2021-04-21,35,38925,waterfalls
2021-04-22,62,38987,waterfalls
2021-04-23,24,39011,waterfalls
2021-04-24,38,39049,waterfalls
2021-04-25,29,39078,waterfalls
2021-04-26,67,39145,waterfalls
2021-04-27,90,39235,waterfalls
2021-04-28,54,39289,waterfalls
2021-04-29,32,39321,waterfalls
2021-04-30,21,39342,waterfalls
2021-05-01,26,39368,waterfalls
2021-05-02,15,39383,waterfalls
2021-05-03,37,39420,waterfalls
2021-05-04,45,39465,waterfalls
2021-05-05,33,39498,waterfalls
2021-05-06,35,39533,waterfalls
2021-05-07,17,39550,waterfalls
2021-05-08,26,39576,waterfalls
2021-05-09,11,39587,waterfalls
2021-05-10,34,39621,waterfalls
2021-05-11,32,39653,waterfalls
2021-05-12,47,39700,waterfalls
2021-05-13,29,39729,waterfalls
2021-05-14,34,39763,waterfalls
2021-05-15,11,39774,waterfalls
2021-05-16,39,39813,waterfalls
2021-05-17,30,39843,waterfalls
2021-05-18,51,39894,waterfalls
2021-05-19,52,39946,waterfalls
2021-05-20,42,39988,waterfalls
2021-05-21,37,40025,waterfalls
2021-05-22,32,40057,waterfalls
2021-05-23,20,40077,waterfalls
2021-05-24,28,40105,waterfalls
2021-05-25,37,40142,waterfalls
2021-05-26,33,40175,waterfalls
2021-05-27,20,40195,waterfalls
2021-05-28,31,40226,waterfalls
2021-05-29,10,40236,waterfalls
2021-05-30,27,40263,waterfalls
2021-05-31,23,40286,waterfalls
2021-06-01,30,40316,waterfalls
2021-06-02,53,40369,waterfalls
2021-06-03,32,40401,waterfalls
2021-06-04,17,40418,waterfalls
2021-06-05,12,40430,waterfalls
2021-06-06,23,40453,waterfalls
2021-06-07,37,40490,waterfalls
2021-06-08,72,40562,waterfalls
2021-06-09,86,40648,waterfalls
2021-06-10,58,40706,waterfalls
2021-06-11,57,40763,waterfalls
2021-06-12,47,40810,waterfalls
2021-06-13,27,40837,waterfalls
2021-06-14,59,40896,waterfalls
2021-06-15,46,40942,waterfalls
2021-06-16,57,40999,waterfalls
2021-06-17,30,41029,waterfalls
2021-06-18,28,41057,waterfalls
2021-06-19,12,41069,waterfalls
2021-06-20,52,41121,waterfalls
2021-06-21,57,41178,waterfalls
2021-06-22,33,41211,waterfalls
2021-06-23,35,41246,waterfalls
2021-06-24,35,41281,waterfalls
2021-06-25,23,41304,waterfalls
2021-06-26,19,41323,waterfalls
2021-06-27,10,41333,waterfalls
2021-06-28,41,41374,waterfalls
2021-06-29,20,41394,waterfalls
2021-06-30,50,41444,waterfalls
2021-07-01,56,41500,waterfalls
2021-07-02,81,41581,waterfalls
2021-07-03,28,41609,waterfalls
2021-07-04,11,41620,waterfalls
2021-07-05,31,41651,waterfalls
2021-07-06,31,41682,waterfalls
2021-07-07,36,41718,waterfalls
2021-07-08,48,41766,waterfalls
2021-07-09,19,41785,waterfalls
2021-07-10,19,41804,waterfalls
2021-07-11,13,41817,waterfalls
2021-07-12,38,41855,waterfalls
2021-07-13,22,41877,waterfalls
2021-07-14,38,41915,waterfalls
2021-07-15,25,41940,waterfalls
2021-07-16,24,41964,waterfalls
2021-07-17,15,41979,waterfalls
2021-07-18,22,42001,waterfalls
2021-07-19,436,42437,waterfalls
2021-07-20,272,42709,waterfalls
2021-07-21,30,42739,waterfalls
2021-07-22,262,43001,waterfalls
2021-07-23,374,43375,waterfalls
2021-07-24,24,43399,waterfalls
2021-07-25,7,43406,waterfalls
2021-07-26,338,43744,waterfalls
2021-07-27,183,43927,waterfalls
2021-07-28,358,44285,waterfalls
2021-07-29,607,44892,waterfalls
2021-07-30,176,45068,waterfalls
2021-07-31,165,45233,waterfalls
2021-08-01,35,45268,waterfalls
2021-08-02,1095,46363,waterfalls
2021-08-03,1225,47588,waterfalls
2021-08-04,384,47972,waterfalls
2021-08-05,1211,49183,waterfalls
2021-08-06,857,50040,waterfalls
2021-08-07,25,50065,waterfalls
2021-08-08,18,50083,waterfalls
2021-08-09,1137,51220,waterfalls
2021-08-10,1037,52257,waterfalls
2021-08-11,539,52796,waterfalls
2021-08-12,703,53499,waterfalls
2021-08-13,971,54470,waterfalls
2021-08-14,18,54488,waterfalls
2021-08-15,20,54508,waterfalls
2021-08-16,878,55386,waterfalls
2021-08-17,74,55460,waterfalls
2021-08-18,599,56059,waterfalls
2021-08-19,176,56235,waterfalls
2021-08-20,1217,57452,waterfalls
2021-08-21,96,57548,waterfalls
2021-08-22,9,57557,waterfalls
2021-08-23,1330,58887,waterfalls
2021-08-24,792,59679,waterfalls
2021-08-25,1354,61033,waterfalls
2021-08-26,780,61813,waterfalls
2021-08-27,1129,62942,waterfalls
2021-08-28,118,63060,waterfalls
2021-08-29,7,63067,waterfalls
2021-08-30,1078,64145,waterfalls
2021-08-31,2525,66670,waterfalls
2021-09-01,1285,67955,waterfalls
2021-09-02,358,68313,waterfalls
2021-09-03,69,68382,waterfalls
2021-09-04,14,68396,waterfalls
2021-09-05,13,68409,waterfalls
2021-09-06,32,68441,waterfalls
2021-09-07,168,68609,waterfalls
2021-09-08,71,68680,waterfalls
2021-09-09,23,68703,waterfalls
2021-09-10,511,69214,waterfalls
2021-09-11,51,69265,waterfalls
2021-09-12,34,69299,waterfalls
2021-09-13,32,69331,waterfalls
2021-09-14,151,69482,waterfalls
2021-09-15,978,70460,waterfalls
2021-09-16,48,70508,waterfalls
2021-09-17,484,70992,waterfalls
2021-09-18,44,71036,waterfalls
2021-09-19,27,71063,waterfalls
2021-09-20,45,71108,waterfalls
2021-09-21,1199,72307,waterfalls
2021-09-22,154,72461,waterfalls
2021-09-23,610,73071,waterfalls
2021-09-24,330,73401,waterfalls
2021-09-25,11,73412,waterfalls
2021-09-26,650,74062,waterfalls
2021-09-27,1728,75790,waterfalls
2021-09-28,642,76432,waterfalls
2021-09-29,2881,79313,waterfalls
2021-09-30,1622,80935,waterfalls
2021-10-01,1631,82566,waterfalls
2021-10-02,99,82665,waterfalls
2021-10-03,168,82833,waterfalls
2021-10-04,1699,84532,waterfalls
2021-10-05,2514,87046,waterfalls
2021-10-06,1753,88799,waterfalls
2021-10-07,3667,92466,waterfalls
2021-10-08,3023,95489,waterfalls
2021-10-09,471,95960,waterfalls
2021-10-10,994,96954,waterfalls
2021-10-11,2882,99836,waterfalls
2021-10-12,1142,100978,waterfalls
2021-10-13,2418,103396,waterfalls
2021-10-14,3745,107141,waterfalls
2021-10-15,5139,112280,waterfalls
2021-10-16,916,113196,waterfalls
2021-10-17,699,113895,waterfalls
2021-10-18,5292,119187,waterfalls
2021-10-19,4793,123980,waterfalls
2021-10-20,4082,128062,waterfalls
2021-10-21,4812,132874,waterfalls
2021-10-22,4813,137687,waterfalls
2021-10-23,815,138502,waterfalls
2021-10-24,517,139019,waterfalls
2021-10-25,5867,144886,waterfalls
2021-10-26,5880,150766,waterfalls
2021-10-27,4286,155052,waterfalls
2021-10-28,5504,160556,waterfalls
2021-10-29,3166,163722,waterfalls
2021-10-30,1025,164747,waterfalls
2021-10-31,686,165433,waterfalls
2021-11-01,4414,169847,waterfalls
2021-11-02,1931,171778,waterfalls
2021-11-03,6790,178568,waterfalls
2021-11-04,6129,184697,waterfalls
2021-11-05,4334,189031,waterfalls
2021-11-06,1412,190443,waterfalls
2021-11-07,971,191414,waterfalls
2021-11-08,2520,193934,waterfalls
2021-11-09,3043,196977,waterfalls
2021-11-10,2137,199114,waterfalls
2021-11-11,3724,202838,waterfalls
2021-11-12,3024,205862,waterfalls
2021-11-13,552,206414,waterfalls
2021-11-14,559,206973,waterfalls
2021-11-15,775,207748,waterfalls
2021-11-16,3516,211264,waterfalls
2021-11-17,3111,214375,waterfalls
2021-11-18,4052,218427,waterfalls
2021-11-19,2783,221210,waterfalls
2021-11-20,642,221852,waterfalls
2021-11-21,596,222448,waterfalls
2021-11-22,2770,225218,waterfalls
2021-11-23,2621,227839,waterfalls
2021-11-24,4797,232636,waterfalls
2021-11-25,5182,237818,waterfalls
2021-11-26,4018,241836,waterfalls
2021-11-27,867,242703,waterfalls
2021-11-28,542,243245,waterfalls
2021-11-29,4368,247613,waterfalls
2021-11-30,3999,251612,waterfalls
2021-12-01,3048,254660,waterfalls
2021-12-02,3906,258566,waterfalls
2021-12-03,4785,263351,waterfalls
2021-12-04,737,264088,waterfalls
2021-12-05,801,264889,waterfalls
2021-12-06,5232,270121,waterfalls
2021-12-07,1351,271472,waterfalls
2021-12-08,8681,280153,waterfalls
2021-12-09,4912,285065,waterfalls
2021-12-10,6904,291969,waterfalls
2021-12-11,1757,293726,waterfalls
2021-12-12,559,294285,waterfalls
2021-12-13,3023,297308,waterfalls
2021-12-14,2613,299921,waterfalls
2021-12-15,3478,303399,waterfalls
2021-12-16,3025,306424,waterfalls
2021-12-17,4671,311095,waterfalls
2021-12-18,776,311871,waterfalls
2021-12-19,885,312756,waterfalls
2021-12-20,4782,317538,waterfalls
2021-12-21,3314,320852,waterfalls
2021-12-22,5807,326659,waterfalls
2021-12-23,3564,330223,waterfalls
2021-12-24,1543,331766,waterfalls
2021-12-25,507,332273,waterfalls
2021-12-26,559,332832,waterfalls
2021-12-27,1070,333902,waterfalls
2021-12-28,1886,335788,waterfalls
2021-12-29,1883,337671,waterfalls
2021-12-30,1779,339450,waterfalls
2021-12-31,780,340230,waterfalls
2022-01-01,495,340725,waterfalls
2022-01-02,475,341200,waterfalls
2022-01-03,2348,343548,waterfalls
2022-01-04,1726,345274,waterfalls
2022-01-05,1874,347148,waterfalls
2022-01-06,2578,349726,waterfalls
2022-01-07,2087,351813,waterfalls
2022-01-08,538,352351,waterfalls
2022-01-09,928,353279,waterfalls
2022-01-10,2502,355781,waterfalls
2022-01-11,2269,358050,waterfalls
2022-01-12,2216,360266,waterfalls
2022-01-13,2315,362581,waterfalls
2022-01-14,3133,365714,waterfalls
2022-01-15,663,366377,waterfalls
2022-01-16,537,366914,waterfalls
2022-01-17,3590,370504,waterfalls
2022-01-18,4390,374894,waterfalls
2022-01-19,4507,379401,waterfalls
2022-01-20,3556,382957,waterfalls
2022-01-21,3543,386500,waterfalls
2022-01-22,498,386998,waterfalls
2022-01-23,547,387545,waterfalls
2022-01-24,2917,390462,waterfalls
2022-01-25,1227,391689,waterfalls
2022-01-26,3610,395299,waterfalls
2022-01-27,3660,398959,waterfalls
2022-01-28,2712,401671,waterfalls
2022-01-29,713,402384,waterfalls
2022-01-30,566,402950,waterfalls
2022-01-31,3631,406581,waterfalls
2022-02-01,2729,409310,waterfalls
2022-02-02,3279,412589,waterfalls
2022-02-03,2658,415247,waterfalls
2022-02-04,2304,417551,waterfalls
2022-02-05,1687,419238,waterfalls
2022-02-06,822,420060,waterfalls
2022-02-07,3658,423718,waterfalls
2022-02-08,2671,426389,waterfalls
2022-02-09,3245,429634,waterfalls
2022-02-10,10922,440556,waterfalls
2022-02-11,3242,443798,waterfalls
2022-02-12,543,444341,waterfalls
2022-02-13,564,444905,waterfalls
2022-02-14,3141,448046,waterfalls
2022-02-15,2826,450872,waterfalls
2022-02-16,4048,454920,waterfalls
2022-02-17,3018,457938,waterfalls
2022-02-18,2521,460459,waterfalls
2022-02-19,1176,461635,waterfalls
2022-02-20,545,462180,waterfalls
2022-02-21,3889,466069,waterfalls
2022-02-22,3656,469725,waterfalls
2022-02-23,3235,472960,waterfalls
2022-02-24,3315,476275,waterfalls
2022-02-25,3362,479637,waterfalls
2022-02-26,629,480266,waterfalls
2022-02-27,798,481064,waterfalls
2022-02-28,781,481845,waterfalls
2022-03-01,684,482529,waterfalls
2022-03-02,1946,484475,waterfalls
2022-03-03,2856,487331,waterfalls
2022-03-04,2701,490032,waterfalls
2022-03-05,680,490712,waterfalls
2022-03-06,684,491396,waterfalls
2022-03-07,2483,493879,waterfalls
2022-03-08,3511,497390,waterfalls
2022-03-09,3010,500400,waterfalls
2022-03-10,2386,502786,waterfalls
2022-03-11,3178,505964,waterfalls
2022-03-12,1505,507469,waterfalls
2022-03-13,707,508176,waterfalls
2022-03-14,3729,511905,waterfalls
2022-03-15,2939,514844,waterfalls
2022-03-16,3681,518525,waterfalls
2022-03-17,5453,523978,waterfalls
2022-03-18,8312,532290,waterfalls
2022-03-19,2332,534622,waterfalls
2022-03-20,981,535603,waterfalls
2022-03-21,8326,543929,waterfalls
2022-03-22,3592,547521,waterfalls
2022-03-23,3508,551029,waterfalls
2022-03-24,4179,555208,waterfalls
2022-03-25,3825,559033,waterfalls
2022-03-26,641,559674,waterfalls
2022-03-27,1050,560724,waterfalls
2022-03-28,3656,564380,waterfalls
2022-03-29,4275,568655,waterfalls
2022-03-30,3940,572595,waterfalls
2022-03-31,4477,577072,waterfalls
2022-04-01,3666,580738,waterfalls
2022-04-02,587,581325,waterfalls
2022-04-03,599,581924,waterfalls
2022-04-04,3780,585704,waterfalls
2022-04-05,6399,592103,waterfalls
2022-04-06,7909,600012,waterfalls
2022-04-07,5561,605573,waterfalls
2022-04-08,3299,608872,waterfalls
2022-04-09,1097,609969,waterfalls
2022-04-10,840,610809,waterfalls
2022-04-11,3574,614383,waterfalls
2022-04-12,3325,617708,waterfalls
2022-04-13,7298,625006,waterfalls
2022-04-14,7957,632963,waterfalls
2022-04-15,3617,636580,waterfalls
2022-04-16,2137,638717,waterfalls
2022-04-17,2110,640827,waterfalls
2022-04-18,11286,652113,waterfalls
2022-04-19,9835,661948,waterfalls
2022-04-20,12525,674473,waterfalls
2022-04-21,5935,680408,waterfalls
2022-04-22,7817,688225,waterfalls
2022-04-23,1270,689495,waterfalls
2022-04-24,2995,692490,waterfalls
2022-04-25,10149,702639,waterfalls
2022-04-26,8031,710670,waterfalls
2022-04-27,5510,716180,waterfalls
2022-04-28,6555,722735,waterfalls
2022-04-29,10252,732987,waterfalls
2022-04-30,2094,735081,waterfalls
2022-05-01,2328,737409,waterfalls
2022-05-02,9910,747319,waterfalls
2022-05-03,11797,759116,waterfalls
2022-05-04,9729,768845,waterfalls
2022-05-05,10938,779783,waterfalls
2022-05-06,12451,792234,waterfalls
2022-05-07,1617,793851,waterfalls
2022-05-08,2619,796470,waterfalls
2022-05-09,8653,805123,waterfalls
2022-05-10,13545,818668,waterfalls
2022-05-11,7597,826265,waterfalls
2022-05-12,5209,831474,waterfalls
2022-05-13,7577,839051,waterfalls
2022-05-14,2232,841283,waterfalls
2022-05-15,2157,843440,waterfalls
2022-05-16,6819,850259,waterfalls
2022-05-17,11429,861688,waterfalls
2022-05-18,9895,871583,waterfalls
2022-05-19,12761,884344,waterfalls
2022-05-20,8205,892549,waterfalls
2022-05-21,3023,895572,waterfalls
2022-05-22,2750,898322,waterfalls
2022-05-23,6835,905157,waterfalls
2022-05-24,9115,914272,waterfalls
2022-05-25,6460,920732,waterfalls
2022-05-26,6222,926954,waterfalls
2022-05-27,4008,930962,waterfalls
2022-05-28,2103,933065,waterfalls
2022-05-29,2013,935078,waterfalls
2022-05-30,4796,939874,waterfalls
2022-05-31,4146,944020,waterfalls
2022-06-01,5737,949757,waterfalls
2022-06-02,5887,955644,waterfalls
2022-06-03,4778,960422,waterfalls
2022-06-04,1745,962167,waterfalls
2022-06-05,1354,963521,waterfalls
2022-06-06,8527,972048,waterfalls
2022-06-07,9130,981178,waterfalls
2022-06-08,6647,987825,waterfalls
2022-06-09,2760,990585,waterfalls
2022-06-10,7096,997681,waterfalls
2022-06-11,647,998328,waterfalls
2022-06-12,634,998962,waterfalls
2022-06-13,4933,1003895,waterfalls
2022-06-14,6222,1010117,waterfalls
2022-06-15,3644,1013761,waterfalls
2022-06-16,1522,1015283,waterfalls
2022-06-17,3432,1018715,waterfalls
2022-06-18,786,1019501,waterfalls
2022-06-19,697,1020198,waterfalls
2022-06-20,6344,1026542,waterfalls
2022-06-21,7233,1033775,waterfalls
2022-06-22,4943,1038718,waterfalls
2022-06-23,4416,1043134,waterfalls
2022-06-24,5748,1048882,waterfalls
2022-06-25,811,1049693,waterfalls
2022-06-26,537,1050230,waterfalls
2022-06-27,7877,1058107,waterfalls
2022-06-28,5201,1063308,waterfalls
2022-06-29,4206,1067514,waterfalls
2022-06-30,9494,1077008,waterfalls
2022-07-01,5942,1082950,waterfalls
2022-07-02,742,1083692,waterfalls
2022-07-03,1674,1085366,waterfalls
2022-07-04,5526,1090892,waterfalls
2022-07-05,3382,1094274,waterfalls
2022-07-06,4187,1098461,waterfalls
2022-07-07,5100,1103561,waterfalls
2022-07-08,4129,1107690,waterfalls
2022-07-09,317,1108007,waterfalls
2022-07-10,1043,1109050,waterfalls
2022-07-11,4878,1113928,waterfalls
2022-07-12,10697,1124625,waterfalls
2022-07-13,6889,1131514,waterfalls
2022-07-14,6950,1138464,waterfalls
2022-07-15,8272,1146736,waterfalls
2022-07-16,562,1147298,waterfalls
2022-07-17,793,1148091,waterfalls
2022-07-18,8753,1156844,waterfalls
2022-07-19,5900,1162744,waterfalls
2022-07-20,6912,1169656,waterfalls
2022-07-21,6656,1176312,waterfalls
2022-07-22,9951,1186263,waterfalls
2022-07-23,660,1186923,waterfalls
2022-07-24,2089,1189012,waterfalls
2022-07-25,9545,1198557,waterfalls
2022-07-26,8781,1207338,waterfalls
2022-07-27,6994,1214332,waterfalls
2022-07-28,6469,1220801,waterfalls
2022-07-29,4141,1224942,waterfalls
2022-07-30,1834,1226776,waterfalls
2022-07-31,1434,1228210,waterfalls
2022-08-01,6389,1234599,waterfalls
2022-08-02,5300,1239899,waterfalls
2022-08-03,3052,1242951,waterfalls
2022-08-04,4583,1247534,waterfalls
2022-08-05,5284,1252818,waterfalls
2022-08-06,1569,1254387,waterfalls
2022-08-07,1073,1255460,waterfalls
2022-08-08,5383,1260843,waterfalls
2022-08-09,6220,1267063,waterfalls
2022-08-10,6516,1273579,waterfalls
2022-08-11,6407,1279986,waterfalls
2022-08-12,8978,1288964,waterfalls
2022-08-13,2158,1291122,waterfalls
2022-08-14,1981,1293103,waterfalls
2022-08-15,6526,1299629,waterfalls
2022-08-16,5443,1305072,waterfalls
2022-08-17,7312,1312384,waterfalls
2022-08-18,7556,1319940,waterfalls
2022-08-19,10989,1330929,waterfalls
2022-08-20,13194,1344123,waterfalls
2022-08-21,14789,1358912,waterfalls
2022-08-22,9847,1368759,waterfalls
2022-08-23,14343,1383102,waterfalls
2022-08-24,4958,1388060,waterfalls
2022-08-25,5301,1393361,waterfalls
2022-08-26,4384,1397745,waterfalls
2022-08-27,1907,1399652,waterfalls
2022-08-28,863,1400515,waterfalls
2022-08-29,4964,1405479,waterfalls
2022-08-30,3963,1409442,waterfalls
2022-08-31,6097,1415539,waterfalls
2022-09-01,5168,1420707,waterfalls
2022-09-02,2800,1423507,waterfalls
2022-09-03,893,1424400,waterfalls
2022-09-04,518,1424918,waterfalls
2022-09-05,3453,1428371,waterfalls
2022-09-06,3959,1432330,waterfalls
2022-09-07,781,1433111,waterfalls
2022-09-08,2339,1435450,waterfalls
2022-09-09,3046,1438496,waterfalls
2022-09-10,276,1438772,waterfalls
2022-09-11,571,1439343,waterfalls
2022-09-12,2695,1442038,waterfalls
2022-09-13,5809,1447847,waterfalls
2022-09-14,3305,1451152,waterfalls
2022-09-15,2193,1453345,waterfalls
2022-09-16,3389,1456734,waterfalls
2022-09-17,269,1457003,waterfalls
2022-09-18,1108,1458111,waterfalls
2022-09-19,2811,1460922,waterfalls
2022-09-20,2829,1463751,waterfalls
2022-09-21,5270,1469021,waterfalls
2022-09-22,2057,1471078,waterfalls
2022-09-23,2525,1473603,waterfalls
2022-09-24,374,1473977,waterfalls
2022-09-25,477,1474454,waterfalls
2022-09-26,2744,1477198,waterfalls
2022-09-27,2187,1479385,waterfalls
2022-09-28,4801,1484186,waterfalls
2022-09-29,6447,1490633,waterfalls
2022-09-30,3764,1494397,waterfalls
2022-10-01,592,1494989,waterfalls
2022-10-02,641,1495630,waterfalls
2022-10-03,4277,1499907,waterfalls
2022-10-04,2470,1502377,waterfalls
2022-10-05,2834,1505211,waterfalls
2022-10-06,2811,1508022,waterfalls
2022-10-07,1976,1509998,waterfalls
2022-10-08,710,1510708,waterfalls
2022-10-09,753,1511461,waterfalls
2022-10-10,2761,1514222,waterfalls
2022-10-11,1440,1515662,waterfalls
2022-10-12,1496,1517158,waterfalls
2022-10-13,2064,1519222,waterfalls
2022-10-14,2319,1521541,waterfalls
2022-10-15,692,1522233,waterfalls
2022-10-16,735,1522968,waterfalls
2022-10-17,3832,1526800,waterfalls
2022-10-18,3454,1530254,waterfalls
2022-10-19,3628,1533882,waterfalls
2022-10-20,2778,1536660,waterfalls
2022-10-21,3436,1540096,waterfalls
2022-10-22,623,1540719,waterfalls
2022-10-23,883,1541602,waterfalls
2022-10-24,5424,1547026,waterfalls
2022-10-25,5452,1552478,waterfalls
2022-10-26,4199,1556677,waterfalls
2022-10-27,5214,1561891,waterfalls
2022-10-28,5933,1567824,waterfalls
2022-10-29,773,1568597,waterfalls
2022-10-30,636,1569233,waterfalls
2022-10-31,6558,1575791,waterfalls
2022-11-01,3768,1579559,waterfalls
2022-11-02,7673,1587232,waterfalls
2022-11-03,7351,1594583,waterfalls
2022-11-04,3516,1598099,waterfalls
2022-11-05,626,1598725,waterfalls
2022-11-06,1235,1599960,waterfalls
2022-11-07,5473,1605433,waterfalls
2022-11-08,4340,1609773,waterfalls
2022-11-09,5087,1614860,waterfalls
2022-11-10,6016,1620876,waterfalls
2022-11-11,4165,1625041,waterfalls
2022-11-12,670,1625711,waterfalls
2022-11-13,1205,1626916,waterfalls
2022-11-14,4090,1631006,waterfalls
2022-11-15,2075,1633081,waterfalls
2022-11-16,6249,1639330,waterfalls
2022-11-17,6675,1646005,waterfalls
2022-11-18,5508,1651513,waterfalls
2022-11-19,840,1652353,waterfalls
2022-11-20,1960,1654313,waterfalls
2022-11-21,5077,1659390,waterfalls
2022-11-22,4525,1663915,waterfalls
2022-11-23,7746,1671661,waterfalls
2022-11-24,4527,1676188,waterfalls
2022-11-25,5152,1681340,waterfalls
2022-11-26,1621,1682961,waterfalls
2022-11-27,1809,1684770,waterfalls
2022-11-28,3051,1687821,waterfalls
2022-11-29,4122,1691943,waterfalls
2022-11-30,3202,1695145,waterfalls
2022-12-01,3715,1698860,waterfalls
2022-12-02,2926,1701786,waterfalls
2022-12-03,878,1702664,waterfalls
2022-12-04,1571,1704235,waterfalls
2022-12-05,6784,1711019,waterfalls
2022-12-06,4075,1715094,waterfalls
2022-12-07,5139,1720233,waterfalls
2022-12-08,2316,1722549,waterfalls
2022-12-09,1221,1723770,waterfalls
2022-12-10,550,1724320,waterfalls
2022-12-11,506,1724826,waterfalls
2022-12-12,2204,1727030,waterfalls
2022-12-13,1041,1728071,waterfalls
2022-12-14,629,1728700,waterfalls
2022-12-15,953,1729653,waterfalls
2022-12-16,622,1730275,waterfalls
2022-12-17,350,1730625,waterfalls
2022-12-18,1551,1732176,waterfalls
2022-12-19,640,1732816,waterfalls
2022-12-20,1089,1733905,waterfalls
2022-12-21,2207,1736112,waterfalls
2022-12-22,549,1736661,waterfalls
2022-12-23,459,1737120,waterfalls
2022-12-24,101,1737221,waterfalls
2022-12-25,88,1737309,waterfalls
2022-12-26,144,1737453,waterfalls
2022-12-27,171,1737624,waterfalls
2022-12-28,205,1737829,waterfalls
2022-12-29,202,1738031,waterfalls
2022-12-30,180,1738211,waterfalls
2022-12-31,130,1738341,waterfalls
2023-01-01,114,1738455,waterfalls
2023-01-02,382,1738837,waterfalls
2023-01-03,381,1739218,waterfalls
2023-01-04,390,1739608,waterfalls
2023-01-05,296,1739904,waterfalls
2023-01-06,238,1740142,waterfalls
2023-01-07,120,1740262,waterfalls
2023-01-08,149,1740411,waterfalls
2023-01-09,283,1740694,waterfalls
2023-01-10,290,1740984,waterfalls
2023-01-11,260,1741244,waterfalls
2023-01-12,315,1741559,waterfalls
2023-01-13,364,1741923,waterfalls
2023-01-14,136,1742059,waterfalls
2023-01-15,119,1742178,waterfalls
2023-01-16,316,1742494,waterfalls
2023-01-17,245,1742739,waterfalls
2023-01-18,261,1743000,waterfalls
2023-01-19,269,1743269,waterfalls
2023-01-20,330,1743599,waterfalls
2023-01-21,108,1743707,waterfalls
2023-01-22,126,1743833,waterfalls
2023-01-23,255,1744088,waterfalls
2023-01-24,293,1744381,waterfalls
2023-01-25,229,1744610,waterfalls
2023-01-26,371,1744981,waterfalls
2023-01-27,268,1745249,waterfalls
2023-01-28,140,1745389,waterfalls
2023-01-29,138,1745527,waterfalls
2023-01-30,280,1745807,waterfalls
2023-01-31,382,1746189,waterfalls
2023-02-01,304,1746493,waterfalls
2023-02-02,252,1746745,waterfalls
2023-02-03,324,1747069,waterfalls
2023-02-04,140,1747209,waterfalls
2023-02-05,131,1747340,waterfalls
2023-02-06,366,1747706,waterfalls
2023-02-07,289,1747995,waterfalls
2023-02-08,315,1748310,waterfalls
2023-02-09,302,1748612,waterfalls
2023-02-10,239,1748851,waterfalls
2023-02-11,121,1748972,waterfalls
2023-02-12,177,1749149,waterfalls
2023-02-13,463,1749612,waterfalls
2023-02-14,314,1749926,waterfalls
2023-02-15,302,1750228,waterfalls
2023-02-16,368,1750596,waterfalls
2023-02-17,314,1750910,waterfalls
2023-02-18,196,1751106,waterfalls
2023-02-19,206,1751312,waterfalls
2023-02-20,344,1751656,waterfalls
2023-02-21,278,1751934,waterfalls
2023-02-22,286,1752220,waterfalls
2023-02-23,83,1752303,waterfalls
2023-02-24,832,1753135,waterfalls
2023-02-25,145,1753280,waterfalls
2023-02-26,192,1753472,waterfalls
2023-02-27,360,1753832,waterfalls
2023-02-28,350,1754182,waterfalls
2023-03-01,256,1754438,waterfalls
2023-03-02,374,1754812,waterfalls
2023-03-03,298,1755110,waterfalls
2023-03-04,243,1755353,waterfalls
2023-03-05,166,1755519,waterfalls
2023-03-06,307,1755826,waterfalls
2023-03-07,310,1756136,waterfalls
2023-03-08,301,1756437,waterfalls
2023-03-09,532,1756969,waterfalls
2023-03-10,323,1757292,waterfalls
2023-03-11,160,1757452,waterfalls
2023-03-12,186,1757638,waterfalls
2023-03-13,311,1757949,waterfalls
2023-03-14,234,1758183,waterfalls
2023-03-15,242,1758425,waterfalls
2023-03-16,235,1758660,waterfalls
2023-03-17,292,1758952,waterfalls
2023-03-18,134,1759086,waterfalls
2023-03-19,141,1759227,waterfalls
2023-03-20,355,1759582,waterfalls
2023-03-21,281,1759863,waterfalls
2023-03-22,258,1760121,waterfalls
2023-03-23,222,1760343,waterfalls
2023-03-24,285,1760628,waterfalls
2023-03-25,128,1760756,waterfalls
2023-03-26,128,1760884,waterfalls
2023-03-27,310,1761194,waterfalls
2023-03-28,262,1761456,waterfalls
2023-03-29,245,1761701,waterfalls
2023-03-30,11236,1772937,waterfalls
2023-03-31,18878,1791815,waterfalls
2023-04-01,20257,1812072,waterfalls
2023-04-02,18074,1830146,waterfalls
2023-04-03,38312,1868458,waterfalls
2023-04-04,51824,1920282,waterfalls
2023-04-05,22563,1942845,waterfalls
2023-04-06,1394,1944239,waterfalls
2023-04-07,210,1944449,waterfalls
2023-04-08,118,1944567,waterfalls
2023-04-09,132,1944699,waterfalls
2023-04-10,307,1945006,waterfalls
2023-04-11,526,1945532,waterfalls
2023-04-12,396,1945928,waterfalls
2023-04-13,633,1946561,waterfalls
2023-04-14,9818,1956379,waterfalls
2023-04-15,11923,1968302,waterfalls
2023-04-16,12151,1980453,waterfalls
2023-04-17,12313,1992766,waterfalls
2023-04-18,11999,2004765,waterfalls
2023-04-19,12050,2016815,waterfalls
2023-04-20,12013,2028828,waterfalls
2023-04-21,12153,2040981,waterfalls
2023-04-22,12109,2053090,waterfalls
2023-04-23,11984,2065074,waterfalls
2023-04-24,11983,2077057,waterfalls
2023-04-25,12020,2089077,waterfalls
2023-04-26,16535,2105612,waterfalls
2023-04-27,24749,2130361,waterfalls
2023-04-28,224,2130585,waterfalls
2023-04-29,112,2130697,waterfalls
2023-04-30,111,2130808,waterfalls
2023-05-01,248,2131056,waterfalls
2023-05-02,254,2131310,waterfalls
2023-05-03,260,2131570,waterfalls
2023-05-04,251,2131821,waterfalls
2023-05-05,5464,2137285,waterfalls
2023-05-06,8955,2146240,waterfalls
2023-05-07,8984,2155224,waterfalls
2023-05-08,9224,2164448,waterfalls
2023-05-09,9910,2174358,waterfalls
2023-05-10,1373,2175731,waterfalls
2023-05-11,277,2176008,waterfalls
2023-05-12,254,2176262,waterfalls
2023-05-13,164,2176426,waterfalls
2023-05-14,121,2176547,waterfalls
2023-05-15,283,2176830,waterfalls
2023-05-16,237,2177067,waterfalls
2023-05-17,240,2177307,waterfalls
2023-05-18,400,2177707,waterfalls
2023-05-19,592,2178299,waterfalls
2023-05-20,94,2178393,waterfalls
2023-05-21,121,2178514,waterfalls
2023-05-22,417,2178931,waterfalls
2023-05-23,345,2179276,waterfalls
2023-05-24,342,2179618,waterfalls
2023-05-25,370,2179988,waterfalls
2023-05-26,372,2180360,waterfalls
2023-05-27,125,2180485,waterfalls
2023-05-28,104,2180589,waterfalls
2023-05-29,386,2180975,waterfalls
2023-05-30,328,2181303,waterfalls
2023-05-31,312,2181615,waterfalls
2023-06-01,354,2181969,waterfalls
2023-06-02,305,2182274,waterfalls
2023-06-03,22,2182296,waterfalls
2023-06-04,29,2182325,waterfalls
2023-06-05,101,2182426,waterfalls
2023-06-06,359,2182785,waterfalls
2023-06-07,371,2183156,waterfalls
2023-06-08,2711,2185867,waterfalls
2023-06-09,3941,2189808,waterfalls
2023-06-10,3587,2193395,waterfalls
2023-06-11,3399,2196794,waterfalls
2023-06-12,9036,2205830,waterfalls
2023-06-13,9603,2215433,waterfalls
2023-06-14,9534,2224967,waterfalls
2023-06-15,9345,2234312,waterfalls
2023-06-16,6768,2241080,waterfalls
2023-06-17,6571,2247651,waterfalls
2023-06-18,6579,2254230,waterfalls
2023-06-19,6850,2261080,waterfalls
2023-06-20,6773,2267853,waterfalls
2023-06-21,6721,2274574,waterfalls
2023-06-22,7236,2281810,waterfalls
2023-06-23,445,2282255,waterfalls
2023-06-24,110,2282365,waterfalls
2023-06-25,102,2282467,waterfalls
2023-06-26,458,2282925,waterfalls
2023-06-27,1313,2284238,waterfalls
2023-06-28,235,2284473,waterfalls
2023-06-29,736,2285209,waterfalls
2023-06-30,11040,2296249,waterfalls
2023-07-01,16100,2312349,waterfalls
2023-07-02,15945,2328294,waterfalls
2023-07-03,22279,2350573,waterfalls
2023-07-04,18701,2369274,waterfalls
2023-07-05,18629,2387903,waterfalls
2023-07-06,23094,2410997,waterfalls
2023-07-07,11343,2422340,waterfalls
2023-07-08,137,2422477,waterfalls
2023-07-09,144,2422621,waterfalls
2023-07-10,387,2423008,waterfalls
2023-07-11,316,2423324,waterfalls
2023-07-12,811,2424135,waterfalls
2023-07-13,338,2424473,waterfalls
2023-07-14,285,2424758,waterfalls
2023-07-15,156,2424914,waterfalls
2023-07-16,240,2425154,waterfalls
2023-07-17,433,2425587,waterfalls
2023-07-18,321,2425908,waterfalls
2023-07-19,302,2426210,waterfalls
2023-07-20,360,2426570,waterfalls
2023-07-21,350,2426920,waterfalls
2023-07-22,151,2427071,waterfalls
2023-07-23,152,2427223,waterfalls
2023-07-24,299,2427522,waterfalls
2023-07-25,267,2427789,waterfalls
2023-07-26,282,2428071,waterfalls
2023-07-27,478,2428549,waterfalls
2023-07-28,442,2428991,waterfalls
2023-07-29,373,2429364,waterfalls
2023-07-30,393,2429757,waterfalls
2023-07-31,806,2430563,waterfalls
2023-08-01,868,2431431,waterfalls
2023-08-02,900,2432331,waterfalls
2023-08-03,970,2433301,waterfalls
2023-08-04,1128,2434429,waterfalls
2023-08-05,880,2435309,waterfalls
2023-08-06,890,2436199,waterfalls
2023-08-07,1061,2437260,waterfalls
2023-08-08,1732,2438992,waterfalls
2023-08-09,1992,2440984,waterfalls
2023-08-10,300,2441284,waterfalls
2023-08-11,191,2441475,waterfalls
2023-08-12,126,2441601,waterfalls
2023-08-13,135,2441736,waterfalls
2023-08-14,268,2442004,waterfalls
2023-08-15,220,2442224,waterfalls
2023-08-16,244,2442468,waterfalls
2023-08-17,244,2442712,waterfalls
2023-08-18,195,2442907,waterfalls
2023-08-19,132,2443039,waterfalls
2023-08-20,152,2443191,waterfalls
2023-08-21,269,2443460,waterfalls
2023-08-22,206,2443666,waterfalls
2023-08-23,241,2443907,waterfalls
2023-08-24,296,2444203,waterfalls
2023-08-25,210,2444413,waterfalls
2023-08-26,135,2444548,waterfalls
2023-08-27,146,2444694,waterfalls
2023-08-28,287,2444981,waterfalls
2023-08-29,231,2445212,waterfalls
2023-08-30,214,2445426,waterfalls
2023-08-31,262,2445688,waterfalls
2023-09-01,84,2445772,waterfalls
2023-09-02,126,2445898,waterfalls
2023-09-03,138,2446036,waterfalls
2023-09-04,98,2446134,waterfalls
2023-09-05,232,2446366,waterfalls
2023-09-06,246,2446612,waterfalls
2023-09-07,221,2446833,waterfalls
2023-09-08,256,2447089,waterfalls
2023-09-09,128,2447217,waterfalls
2023-09-10,149,2447366,waterfalls
2023-09-11,277,2447643,waterfalls
2023-09-12,276,2447919,waterfalls
2023-09-13,323,2448242,waterfalls
2023-09-14,335,2448577,waterfalls
2023-09-15,282,2448859,waterfalls
2023-09-16,127,2448986,waterfalls
2023-09-17,168,2449154,waterfalls
2023-09-18,439,2449593,waterfalls
2023-09-19,260,2449853,waterfalls
2023-09-20,274,2450127,waterfalls
2023-09-21,368,2450495,waterfalls
2023-09-22,213,2450708,waterfalls
2023-09-23,164,2450872,waterfalls
2023-09-24,130,2451002,waterfalls
2023-09-25,414,2451416,waterfalls
2023-09-26,847,2452263,waterfalls
2023-09-27,497,2452760,waterfalls
2023-09-28,559,2453319,waterfalls
2023-09-29,605,2453924,waterfalls
2023-09-30,202,2454126,waterfalls
2023-10-01,181,2454307,waterfalls
2023-10-02,340,2454647,waterfalls
2023-10-03,306,2454953,waterfalls
2023-10-04,268,2455221,waterfalls
2023-10-05,348,2455569,waterfalls
2023-10-06,340,2455909,waterfalls
2023-10-07,187,2456096,waterfalls
2023-10-08,219,2456315,waterfalls
2023-10-09,461,2456776,waterfalls
2023-10-10,358,2457134,waterfalls
2023-10-11,400,2457534,waterfalls
2023-10-12,399,2457933,waterfalls
2023-10-13,231,2458164,waterfalls
2023-10-14,223,2458387,waterfalls
2023-10-15,156,2458543,waterfalls
2023-10-16,425,2458968,waterfalls
2023-10-17,451,2459419,waterfalls
2023-10-18,321,2459740,waterfalls
2023-10-19,471,2460211,waterfalls
2023-10-20,383,2460594,waterfalls
2023-10-21,168,2460762,waterfalls
2023-10-22,243,2461005,waterfalls
2023-10-23,417,2461422,waterfalls
2023-10-24,284,2461706,waterfalls
2023-10-25,378,2462084,waterfalls
2023-10-26,445,2462529,waterfalls
2023-10-27,324,2462853,waterfalls
2023-10-28,21,2462874,waterfalls
2023-10-29,18,2462892,waterfalls
2023-10-30,764,2463656,waterfalls
2023-10-31,361,2464017,waterfalls
2023-11-01,357,2464374,waterfalls
2023-11-02,501,2464875,waterfalls
2023-11-03,336,2465211,waterfalls
2023-11-04,215,2465426,waterfalls
2023-11-05,192,2465618,waterfalls
2023-11-06,501,2466119,waterfalls
2023-11-07,336,2466455,waterfalls
2023-11-08,290,2466745,waterfalls
2023-11-09,526,2467271,waterfalls
2023-11-10,330,2467601,waterfalls
2023-11-11,210,2467811,waterfalls
2023-11-12,202,2468013,waterfalls
2023-11-13,565,2468578,waterfalls
2023-11-14,445,2469023,waterfalls
2023-11-15,430,2469453,waterfalls
2023-11-16,583,2470036,waterfalls
2023-11-17,363,2470399,waterfalls
2023-11-18,189,2470588,waterfalls
2023-11-19,180,2470768,waterfalls
2023-11-20,497,2471265,waterfalls
2023-11-21,329,2471594,waterfalls
2023-11-22,271,2471865,waterfalls
2023-11-23,391,2472256,waterfalls
2023-11-24,241,2472497,waterfalls
2023-11-25,175,2472672,waterfalls
2023-11-26,214,2472886,waterfalls
2023-11-27,555,2473441,waterfalls
2023-11-28,382,2473823,waterfalls
2023-11-29,379,2474202,waterfalls
2023-11-30,540,2474742,waterfalls
2023-12-01,274,2475016,waterfalls
2023-12-02,161,2475177,waterfalls
2023-12-03,193,2475370,waterfalls
2023-12-04,493,2475863,waterfalls
2023-12-05,332,2476195,waterfalls
2023-12-06,294,2476489,waterfalls
2023-12-07,453,2476942,waterfalls
2023-12-08,300,2477242,waterfalls
2023-12-09,185,2477427,waterfalls
2023-12-10,181,2477608,waterfalls
2023-12-11,446,2478054,waterfalls
2023-12-12,344,2478398,waterfalls
2023-12-13,296,2478694,waterfalls
2023-12-14,448,2479142,waterfalls
2023-12-15,290,2479432,waterfalls
2023-12-16,118,2479550,waterfalls
2023-12-17,177,2479727,waterfalls
2023-12-18,431,2480158,waterfalls
2023-12-19,761,2480919,waterfalls
2023-12-20,252,2481171,waterfalls
2023-12-21,400,2481571,waterfalls
2023-12-22,339,2481910,waterfalls
2023-12-23,167,2482077,waterfalls
2023-12-24,170,2482247,waterfalls
2023-12-25,296,2482543,waterfalls
2023-12-26,255,2482798,waterfalls
2023-12-27,296,2483094,waterfalls
2023-12-28,355,2483449,waterfalls
2023-12-29,242,2483691,waterfalls
2023-12-30,200,2483891,waterfalls
2023-12-31,160,2484051,waterfalls
2024-01-01,301,2484352,waterfalls
2024-01-02,259,2484611,waterfalls
2024-01-03,282,2484893,waterfalls
2024-01-04,428,2485321,waterfalls
2024-01-05,282,2485603,waterfalls
2024-01-06,176,2485779,waterfalls
2024-01-07,208,2485987,waterfalls
2024-01-08,501,2486488,waterfalls
2024-01-09,355,2486843,waterfalls
2024-01-10,319,2487162,waterfalls
2024-01-11,477,2487639,waterfalls
2024-01-12,283,2487922,waterfalls
2024-01-13,133,2488055,waterfalls
2024-01-14,194,2488249,waterfalls
2024-01-15,487,2488736,waterfalls
2024-01-16,313,2489049,waterfalls
2024-01-17,211,2489260,waterfalls
2024-01-18,469,2489729,waterfalls
2024-01-19,273,2490002,waterfalls
2024-01-20,183,2490185,waterfalls
2024-01-21,197,2490382,waterfalls
2024-01-22,474,2490856,waterfalls
2024-01-23,339,2491195,waterfalls
2024-01-24,365,2491560,waterfalls
2024-01-25,532,2492092,waterfalls
2024-01-26,227,2492319,waterfalls
2024-01-27,165,2492484,waterfalls
2024-01-28,161,2492645,waterfalls
2024-01-29,475,2493120,waterfalls
2024-01-30,275,2493395,waterfalls
2024-01-31,224,2493619,waterfalls
2024-02-01,353,2493972,waterfalls
2024-02-02,271,2494243,waterfalls
2024-02-03,92,2494335,waterfalls
2024-02-04,155,2494490,waterfalls
2024-02-05,378,2494868,waterfalls
2024-02-06,288,2495156,waterfalls
2024-02-07,221,2495377,waterfalls
2024-02-08,409,2495786,waterfalls
2024-02-09,248,2496034,waterfalls
2024-02-10,143,2496177,waterfalls
2024-02-11,159,2496336,waterfalls
2024-02-12,462,2496798,waterfalls
2024-02-13,233,2497031,waterfalls
2024-02-14,244,2497275,waterfalls
2024-02-15,413,2497688,waterfalls
2024-02-16,198,2497886,waterfalls
2024-02-17,141,2498027,waterfalls
2024-02-18,159,2498186,waterfalls
2024-02-19,340,2498526,waterfalls
2024-02-20,225,2498751,waterfalls
2024-02-21,219,2498970,waterfalls
2024-02-22,338,2499308,waterfalls
2024-02-23,185,2499493,waterfalls
2024-02-24,150,2499643,waterfalls
2024-02-25,166,2499809,waterfalls
2024-02-26,305,2500114,waterfalls
2024-02-27,326,2500440,waterfalls
2024-02-28,77,2500517,waterfalls
2024-02-29,222,2500739,waterfalls
2024-03-01,191,2500930,waterfalls
2024-03-02,136,2501066,waterfalls
2024-03-03,160,2501226,waterfalls
2024-03-04,312,2501538,waterfalls
2024-03-05,335,2501873,waterfalls
2024-03-06,69,2501942,waterfalls
2024-03-07,286,2502228,waterfalls
2024-03-08,230,2502458,waterfalls
2024-03-09,140,2502598,waterfalls
2024-03-10,131,2502729,waterfalls
2024-03-11,226,2502955,waterfalls
2024-03-12,204,2503159,waterfalls
2024-03-13,229,2503388,waterfalls
2024-03-14,381,2503769,waterfalls
2024-03-15,173,2503942,waterfalls
2024-03-16,148,2504090,waterfalls
2024-03-17,105,2504195,waterfalls
2024-03-18,329,2504524,waterfalls
2024-03-19,178,2504702,waterfalls
2024-03-20,307,2505009,waterfalls
2024-03-21,397,2505406,waterfalls
2024-03-22,224,2505630,waterfalls
2024-03-23,147,2505777,waterfalls
2024-03-24,174,2505951,waterfalls
2024-03-25,250,2506201,waterfalls
2024-03-26,335,2506536,waterfalls
2024-03-27,320,2506856,waterfalls
2024-03-28,331,2507187,waterfalls
2024-03-29,117,2507304,waterfalls
2024-03-30,101,2507405,waterfalls
2024-03-31,107,2507512,waterfalls
2024-04-01,260,2507772,waterfalls
2024-04-02,178,2507950,waterfalls
2024-04-03,201,2508151,waterfalls
2024-04-04,329,2508480,waterfalls
2024-04-05,145,2508625,waterfalls
2024-04-06,61,2508686,waterfalls
2024-04-07,87,2508773,waterfalls
2024-04-08,286,2509059,waterfalls
2024-04-09,150,2509209,waterfalls
2024-04-10,175,2509384,waterfalls
2024-04-11,253,2509637,waterfalls
2024-04-12,150,2509787,waterfalls
2024-04-13,151,2509938,waterfalls
2024-04-14,129,2510067,waterfalls
2024-04-15,324,2510391,waterfalls
2024-04-16,140,2510531,waterfalls
2024-04-17,224,2510755,waterfalls
2024-04-18,348,2511103,waterfalls
2024-04-19,185,2511288,waterfalls
2024-04-20,273,2511561,waterfalls
2024-04-21,129,2511690,waterfalls
2024-04-22,390,2512080,waterfalls
2024-04-23,199,2512279,waterfalls
2024-04-24,271,2512550,waterfalls
2024-04-25,335,2512885,waterfalls
2024-04-26,230,2513115,waterfalls
2024-04-27,139,2513254,waterfalls
2024-04-28,156,2513410,waterfalls
2024-04-29,319,2513729,waterfalls
2024-04-30,181,2513910,waterfalls
2024-05-01,141,2514051,waterfalls
2024-05-02,5707,2519758,waterfalls
2024-05-03,647,2520405,waterfalls
2024-05-04,127,2520532,waterfalls
2024-05-05,119,2520651,waterfalls
2024-05-06,389,2521040,waterfalls
2024-05-07,230,2521270,waterfalls
2024-05-08,214,2521484,waterfalls
2024-05-09,438,2521922,waterfalls
2024-05-10,226,2522148,waterfalls
2024-05-11,32,2522180,waterfalls
2024-05-12,57,2522237,waterfalls
2024-05-13,103,2522340,waterfalls
2024-05-14,408,2522748,waterfalls
2024-05-15,209,2522957,waterfalls
2024-05-16,471,2523428,waterfalls
2024-05-17,208,2523636,waterfalls
2024-05-18,92,2523728,waterfalls
2024-05-19,156,2523884,waterfalls
2024-05-20,480,2524364,waterfalls
2024-05-21,593,2524957,waterfalls
2024-05-22,180,2525137,waterfalls
2024-05-23,473,2525610,waterfalls
2024-05-24,234,2525844,waterfalls
2024-05-25,177,2526021,waterfalls
2024-05-26,142,2526163,waterfalls
2024-05-27,440,2526603,waterfalls
2024-05-28,530,2527133,waterfalls
2024-05-29,254,2527387,waterfalls
2024-05-30,458,2527845,waterfalls
2024-05-31,184,2528029,waterfalls
2024-06-01,172,2528201,waterfalls
2024-06-02,161,2528362,waterfalls
2024-06-03,426,2528788,waterfalls
2024-06-04,195,2528983,waterfalls
2024-06-05,211,2529194,waterfalls
2024-06-06,426,2529620,waterfalls
2024-06-07,182,2529802,waterfalls
2024-06-08,121,2529923,waterfalls
2024-06-09,145,2530068,waterfalls
2024-06-10,374,2530442,waterfalls
2024-06-11,205,2530647,waterfalls
2024-06-12,234,2530881,waterfalls
2024-06-13,478,2531359,waterfalls
2024-06-14,216,2531575,waterfalls
2024-06-15,166,2531741,waterfalls
2024-06-16,178,2531919,waterfalls
2024-06-17,402,2532321,waterfalls
2024-06-18,247,2532568,waterfalls
2024-06-19,315,2532883,waterfalls
2024-06-20,518,2533401,waterfalls
2024-06-21,240,2533641,waterfalls
2024-06-22,192,2533833,waterfalls
2024-06-23,248,2534081,waterfalls
2024-06-24,584,2534665,waterfalls
2024-06-25,245,2534910,waterfalls
2024-06-26,216,2535126,waterfalls
2024-06-27,590,2535716,waterfalls
2024-06-28,243,2535959,waterfalls
2024-06-29,136,2536095,waterfalls
2024-06-30,136,2536231,waterfalls
2024-07-01,561,2536792,waterfalls
2024-07-02,224,2537016,waterfalls
2024-07-03,230,2537246,waterfalls
2024-07-04,494,2537740,waterfalls
2024-07-05,126,2537866,waterfalls
2024-07-06,99,2537965,waterfalls
2024-07-07,92,2538057,waterfalls
2024-07-08,545,2538602,waterfalls
2024-07-09,185,2538787,waterfalls
2024-07-10,193,2538980,waterfalls
2024-07-11,543,2539523,waterfalls
2024-07-12,154,2539677,waterfalls
2024-07-13,117,2539794,waterfalls
2024-07-14,132,2539926,waterfalls
2024-07-15,538,2540464,waterfalls
2024-07-16,184,2540648,waterfalls
2024-07-17,210,2540858,waterfalls
2024-07-18,486,2541344,waterfalls
2024-07-19,199,2541543,waterfalls
2024-07-20,135,2541678,waterfalls
2024-07-21,135,2541813,waterfalls
2024-07-22,622,2542435,waterfalls
2024-07-23,177,2542612,waterfalls
2024-07-24,167,2542779,waterfalls
2024-07-25,683,2543462,waterfalls
2024-07-26,159,2543621,waterfalls
2024-07-27,133,2543754,waterfalls
2024-07-28,110,2543864,waterfalls
2024-07-29,615,2544479,waterfalls
2024-07-30,324,2544803,waterfalls
2024-07-31,165,2544968,waterfalls
2024-08-01,508,2545476,waterfalls
2024-08-02,142,2545618,waterfalls
2024-08-03,79,2545697,waterfalls
2024-08-04,88,2545785,waterfalls
2024-08-05,202,2545987,waterfalls
2024-08-06,172,2546159,waterfalls
2024-08-07,182,2546341,waterfalls
2024-08-08,187,2546528,waterfalls
2024-08-09,142,2546670,waterfalls
2024-08-10,104,2546774,waterfalls
2024-08-11,109,2546883,waterfalls
2024-08-12,230,2547113,waterfalls
2024-08-13,208,2547321,waterfalls
2024-08-14,166,2547487,waterfalls
2024-08-15,158,2547645,waterfalls
2024-08-16,175,2547820,waterfalls
2024-08-17,120,2547940,waterfalls
2024-08-18,148,2548088,waterfalls
2024-08-19,200,2548288,waterfalls
2024-08-20,188,2548476,waterfalls
2024-08-21,215,2548691,waterfalls
2024-08-22,228,2548919,waterfalls
2024-08-23,196,2549115,waterfalls
2024-08-24,116,2549231,waterfalls
2024-08-25,119,2549350,waterfalls
2024-08-26,200,2549550,waterfalls
2024-08-27,201,2549751,waterfalls
2024-08-28,205,2549956,waterfalls
2024-08-29,222,2550178,waterfalls
2024-08-30,204,2550382,waterfalls
2024-08-31,120,2550502,waterfalls
2024-09-01,175,2550677,waterfalls
2024-09-02,216,2550893,waterfalls
2024-09-03,208,2551101,waterfalls
2024-09-04,218,2551319,waterfalls
2024-09-05,190,2551509,waterfalls
2024-09-06,177,2551686,waterfalls
2024-09-07,141,2551827,waterfalls
2024-09-08,111,2551938,waterfalls
2024-09-09,237,2552175,waterfalls
2024-09-10,203,2552378,waterfalls
2024-09-11,256,2552634,waterfalls
2024-09-12,230,2552864,waterfalls
2024-09-13,175,2553039,waterfalls
2024-09-14,124,2553163,waterfalls
2024-09-15,148,2553311,waterfalls
2024-09-16,232,2553543,waterfalls
2024-09-17,220,2553763,waterfalls
2024-09-18,298,2554061,waterfalls
2024-09-19,244,2554305,waterfalls
2024-09-20,203,2554508,waterfalls
2024-09-21,124,2554632,waterfalls
2024-09-22,116,2554748,waterfalls
2024-09-23,423,2555171,waterfalls
2024-09-24,215,2555386,waterfalls
2024-09-25,179,2555565,waterfalls
2024-09-26,244,2555809,waterfalls
2024-09-27,222,2556031,waterfalls
2024-09-28,124,2556155,waterfalls
2024-09-29,168,2556323,waterfalls
2024-09-30,204,2556527,waterfalls
2024-10-01,205,2556732,waterfalls
2024-10-02,195,2556927,waterfalls
2024-10-03,217,2557144,waterfalls
2024-10-04,251,2557395,waterfalls
2024-10-05,134,2557529,waterfalls
2024-10-06,126,2557655,waterfalls
2024-10-07,231,2557886,waterfalls
2024-10-08,239,2558125,waterfalls
2024-10-09,165,2558290,waterfalls
2024-10-10,173,2558463,waterfalls
2024-10-11,202,2558665,waterfalls
2024-10-12,110,2558775,waterfalls
2024-10-13,99,2558874,waterfalls
2024-10-14,246,2559120,waterfalls
2024-10-15,249,2559369,waterfalls
2024-10-16,204,2559573,waterfalls
2024-10-17,210,2559783,waterfalls
2024-10-18,171,2559954,waterfalls
2024-10-19,100,2560054,waterfalls
2024-10-20,109,2560163,waterfalls
2024-10-21,232,2560395,waterfalls
2024-10-22,192,2560587,waterfalls
2024-10-23,199,2560786,waterfalls
2024-10-24,195,2560981,waterfalls
2024-10-25,185,2561166,waterfalls
2024-10-26,109,2561275,waterfalls
2024-10-27,145,2561420,waterfalls
2024-10-28,205,2561625,waterfalls
2024-10-29,228,2561853,waterfalls
2024-10-30,195,2562048,waterfalls
2024-10-31,214,2562262,waterfalls
2024-11-01,163,2562425,waterfalls
2024-11-02,125,2562550,waterfalls
2024-11-03,165,2562715,waterfalls
2024-11-04,234,2562949,waterfalls
2024-11-05,219,2563168,waterfalls
2024-11-06,196,2563364,waterfalls
2024-11-07,207,2563571,waterfalls
2024-11-08,177,2563748,waterfalls
2024-11-09,128,2563876,waterfalls
2024-11-10,123,2563999,waterfalls
2024-11-11,215,2564214,waterfalls
2024-11-12,228,2564442,waterfalls
2024-11-13,251,2564693,waterfalls
2024-11-14,196,2564889,waterfalls
2024-11-15,205,2565094,waterfalls
2024-11-16,84,2565178,waterfalls
2024-11-17,121,2565299,waterfalls
2024-11-18,186,2565485,waterfalls
2024-11-19,196,2565681,waterfalls
2024-11-20,193,2565874,waterfalls
2024-11-21,199,2566073,waterfalls
2024-11-22,177,2566250,waterfalls
2024-11-23,119,2566369,waterfalls
2024-11-24,109,2566478,waterfalls
2024-11-25,206,2566684,waterfalls
2024-11-26,197,2566881,waterfalls
2024-11-27,183,2567064,waterfalls
2024-11-28,191,2567255,waterfalls
2024-11-29,153,2567408,waterfalls
2024-11-30,122,2567530,waterfalls
2024-12-01,104,2567634,waterfalls
2024-12-02,217,2567851,waterfalls
2024-12-03,245,2568096,waterfalls
2024-12-04,200,2568296,waterfalls
2024-12-05,199,2568495,waterfalls
2024-12-06,141,2568636,waterfalls
2024-12-07,91,2568727,waterfalls
2024-12-08,82,2568809,waterfalls
2024-12-09,172,2568981,waterfalls
2024-12-10,167,2569148,waterfalls
2024-12-11,132,2569280,waterfalls
2024-12-12,183,2569463,waterfalls
2024-12-13,145,2569608,waterfalls
2024-12-14,94,2569702,waterfalls
2024-12-15,92,2569794,waterfalls
2024-12-16,175,2569969,waterfalls
2024-12-17,157,2570126,waterfalls
2024-12-18,158,2570284,waterfalls
2024-12-19,203,2570487,waterfalls
2024-12-20,180,2570667,waterfalls
2024-12-21,117,2570784,waterfalls
2024-12-22,109,2570893,waterfalls
2024-12-23,255,2571148,waterfalls
2024-12-24,202,2571350,waterfalls
2024-12-25,163,2571513,waterfalls
2024-12-26,226,2571739,waterfalls
2024-12-27,214,2571953,waterfalls
2024-12-28,106,2572059,waterfalls
2024-12-29,123,2572182,waterfalls
2024-12-30,200,2572382,waterfalls
2024-12-31,146,2572528,waterfalls
2025-01-01,168,2572696,waterfalls
2025-01-02,191,2572887,waterfalls
2025-01-03,175,2573062,waterfalls
2025-01-04,110,2573172,waterfalls
2025-01-05,131,2573303,waterfalls
2025-01-06,218,2573521,waterfalls
2025-01-07,191,2573712,waterfalls
2025-01-08,170,2573882,waterfalls
2025-01-09,169,2574051,waterfalls
2025-01-10,181,2574232,waterfalls
2025-01-11,126,2574358,waterfalls
2025-01-12,120,2574478,waterfalls
2025-01-13,247,2574725,waterfalls
2025-01-14,196,2574921,waterfalls
2025-01-15,159,2575080,waterfalls
2025-01-16,169,2575249,waterfalls
2025-01-17,194,2575443,waterfalls
2025-01-18,126,2575569,waterfalls
2025-01-19,126,2575695,waterfalls
2025-01-20,238,2575933,waterfalls
2025-01-21,192,2576125,waterfalls
2025-01-22,201,2576326,waterfalls
2025-01-23,179,2576505,waterfalls
2025-01-24,209,2576714,waterfalls
2025-01-25,167,2576881,waterfalls
2025-01-26,123,2577004,waterfalls
2025-01-27,208,2577212,waterfalls
2025-01-28,203,2577415,waterfalls
2025-01-29,162,2577577,waterfalls
2025-01-30,229,2577806,waterfalls
2025-01-31,182,2577988,waterfalls
2025-02-01,114,2578102,waterfalls
2025-02-02,107,2578209,waterfalls
2025-02-03,96,2578305,waterfalls
2025-02-04,198,2578503,waterfalls
2025-02-05,174,2578677,waterfalls
2025-02-06,201,2578878,waterfalls
2025-02-07,197,2579075,waterfalls
2025-02-08,117,2579192,waterfalls
2025-02-09,112,2579304,waterfalls
2025-02-10,174,2579478,waterfalls
2025-02-11,211,2579689,waterfalls
2025-02-12,211,2579900,waterfalls
2025-02-13,200,2580100,waterfalls
2025-02-14,191,2580291,waterfalls
2025-02-15,103,2580394,waterfalls
2025-02-16,97,2580491,waterfalls
2025-02-17,222,2580713,waterfalls
2025-02-18,169,2580882,waterfalls
2025-02-19,168,2581050,waterfalls
2025-02-20,200,2581250,waterfalls
2025-02-21,168,2581418,waterfalls
2025-02-22,82,2581500,waterfalls
2025-02-23,109,2581609,waterfalls
2025-02-24,199,2581808,waterfalls
2025-02-25,202,2582010,waterfalls
2025-02-26,168,2582178,waterfalls
2025-02-27,212,2582390,waterfalls
2025-02-28,185,2582575,waterfalls
2025-03-01,90,2582665,waterfalls
2025-03-02,117,2582782,waterfalls
2025-03-03,167,2582949,waterfalls
2025-03-04,193,2583142,waterfalls
2025-03-05,153,2583295,waterfalls
2025-03-06,206,2583501,waterfalls
2025-03-07,179,2583680,waterfalls
2025-03-08,88,2583768,waterfalls
2025-03-09,79,2583847,waterfalls
2025-03-10,174,2584021,waterfalls
2025-03-11,225,2584246,waterfalls
2025-03-12,173,2584419,waterfalls
2025-03-13,172,2584591,waterfalls
2025-03-14,162,2584753,waterfalls
2025-03-15,100,2584853,waterfalls
2025-03-16,83,2584936,waterfalls
2025-03-17,178,2585114,waterfalls
2025-03-18,169,2585283,waterfalls
2025-03-19,184,2585467,waterfalls
2025-03-20,187,2585654,waterfalls
2025-03-21,153,2585807,waterfalls
2025-03-22,92,2585899,waterfalls
2025-03-23,125,2586024,waterfalls
2025-03-24,197,2586221,waterfalls
2025-03-25,202,2586423,waterfalls
2025-03-26,149,2586572,waterfalls
2025-03-27,185,2586757,waterfalls
2025-03-28,193,2586950,waterfalls
2025-03-29,67,2587017,waterfalls
2025-03-30,81,2587098,waterfalls
